1.224524046240000189e+03
1.223683366494987922e+03
1.221169039977108014e+03
1.217004052874860918e+03
1.211226213759477332e+03
1.203887417555486763e+03
1.195052647504383231e+03
1.184798745787540838e+03
1.173212989868271279e+03
1.160391516423879466e+03
1.146437637812149887e+03
1.131460097292927685e+03
1.115571308738792823e+03
1.098885624440573338e+03
1.081517671039705647e+03
1.063580788854614639e+03
1.045185604206151538e+03
1.026438758100869791e+03
1.007441808113788397e+03
9.882903138198306578e+02
9.690731099189538327e+02
9.498717655043417381e+02
9.307602229063458026e+02
9.118046053244574978e+02
8.930631791006006779e+02
8.745864540062635797e+02
8.564174032880995355e+02
8.385917843820575399e+02
8.211385410795998041e+02
8.040802684089376271e+02
7.874337224684063585e+02
7.712103588053348631e+02
7.554168845633749925e+02
7.400558114241656540e+02
7.251259982568466285e+02
7.106231742860476288e+02
6.965404354341861790e+02
6.828687082394151275e+02
6.695971773612443485e+02
6.567136741379381419e+02
6.442050249392138994e+02
6.320573591585862232e+02
6.202563776125904269e+02
6.087875828647424896e+02
5.976364735800588051e+02
5.867887054535569860e+02
5.762302215575549553e+02
5.659473551330861483e+02
5.559269079261440538e+02
5.461562071556237470e+02
5.366231441122541810e+02
5.273161972413364538e+02
5.182244423706932821e+02
5.093375525216804931e+02
5.006457894970051257e+02
4.921399891846408536e+02
4.838115422610812288e+02
4.756523717269070630e+02
4.676549084690332165e+02
4.598120658216267884e+02
4.521172138948072075e+02
4.445641542589451660e+02
4.371470954137784020e+02
4.298606293357826189e+02
4.226997092837962100e+02
4.156596289505723121e+02
4.087360029752084074e+02
4.019247487763358890e+02
3.952220696264764683e+02
3.886244388619349479e+02
3.821285851078063160e+02
3.757314783920927539e+02
3.694303170245649994e+02
3.632225151231184554e+02
3.571056906813645924e+02
3.510776540847279534e+02
3.451363969971956180e+02
3.392800815561805621e+02
3.335070298279429721e+02
3.278157134901067025e+02
3.222047437205982305e+02
3.166728612835513559e+02
3.112189268122376120e+02
3.058419112968068703e+02
3.005408867906274963e+02
2.953150173533493899e+02
2.901635502516382417e+02
2.850858074399687894e+02
2.800811773441460559e+02
2.751491069694633893e+02
2.702890943538645843e+02
2.655006813842587121e+02
2.607834469914622559e+02
2.561370007362278329e+02
2.515609767956117082e+02
2.470550283556591182e+02
2.426188224131109052e+02
2.382520349856869188e+02
2.339543467275082378e+02
2.297254389434413326e+02
