2.485038493120000567e+03
2.483305516728385555e+03
2.478122653598070428e+03
2.469537781850858664e+03
2.457629641894447559e+03
2.442506287115000305e+03
2.424302983959843004e+03
2.403179626757239930e+03
2.379317746165975223e+03
2.352917200275262985e+03
2.324192643759024122e+03
2.293369873008750801e+03
2.260682143912482388e+03
2.226366554188664850e+03
2.190660574358396843e+03
2.153798801107196596e+03
2.116009994589384860e+03
2.077514447843581365e+03
2.038521722591636262e+03
1.999228771917730000e+03
1.959818457228552234e+03
1.920458454941698619e+03
1.881300537890047508e+03
1.842480207701582913e+03
1.804116647540871782e+03
1.766312959601090824e+03
1.729156648545976623e+03
1.692720310580128171e+03
1.657062487782093740e+03
1.622228648542670726e+03
1.588252257169829136e+03
1.555155898709744406e+03
1.522952428559814507e+03
1.491646120303923453e+03
1.461233789198226532e+03
1.431705872722566710e+03
1.403047453463593229e+03
1.375239213215244945e+03
1.348258310501817050e+03
1.322079176703463645e+03
1.296674228568980197e+03
1.272014497127823688e+03
1.248070174867714741e+03
1.224811084540740922e+03
1.202207074122261020e+03
1.180228343300559573e+03
1.158845707452087026e+03
1.138030805389846364e+03
1.117756257294406169e+03
1.097995779181029320e+03
1.078724260054532579e+03
1.059917807585924038e+03
1.041553767739949535e+03
1.023610723316115354e+03
1.006068475860749118e+03
9.889080148844775522e+02
9.721114777954879855e+02
9.556621034485972359e+02
9.395441817249748055e+02
9.237430011062535868e+02
9.082447957959761879e+02
8.930366935748338619e+02
8.781066652559479735e+02
8.634434763326124767e+02
8.490366411823335966e+02
8.348763800050921873e+02
8.209535785273958481e+02
8.072597503928875540e+02
7.937870020808586560e+02
7.805280001416069808e+02
7.674759405077625161e+02
7.546245196293687059e+02
7.419679071836679896e+02
7.295007201246712611e+02
7.172179978595002012e+02
7.051151783654775045e+02
6.931880750916310490e+02
6.814328545188420776e+02
6.698460142827620984e+02
6.584243617917488791e+02
6.471649932975722095e+02
6.360652733990125398e+02
6.251228149774269696e+02
6.143354595787476455e+02
6.037012582683169057e+02
5.932184529935731234e+02
5.828854584951964171e+02
5.727008448101584008e+02
5.626633204106409494e+02
5.527717160212411045e+02
5.430249691537765102e+02
5.334221093945570829e+02
5.239622444736419311e+02
5.146445471395750246e+02
5.054682428567006127e+02
4.964325983356358734e+02
4.875369109009623116e+02
4.787804986939410696e+02
4.701626917021159215e+02
4.616828236021632392e+02
