1.261514190896384207e+03
1.260620076285902996e+03
1.257946110145089278e+03
1.253517256865909076e+03
1.247374566971023569e+03
1.239574360806076811e+03
1.230187122587388785e+03
1.219296139644755613e+03
1.206995928881181499e+03
1.193390497808299187e+03
1.178591490835639206e+03
1.162716272734640143e+03
1.145886000417066271e+03
1.128223731517058468e+03
1.109852613987490258e+03
1.090894195321762027e+03
1.071466883441237314e+03
1.051684584114440668e+03
1.031655532360437974e+03
1.011481327973847556e+03
9.912561783895820327e+02
9.710663458245957145e+02
9.509897901740647512e+02
9.310959946200000559e+02
9.114459573899218867e+02
8.920923305854452110e+02
8.730796854419821784e+02
8.544448827007486216e+02
8.362175268656318394e+02
8.184204838566215585e+02
8.010704428276818589e+02
7.841785045603317030e+02
7.677507807521632230e+02
7.517889905813308360e+02
7.362910430476484862e+02
7.212515956885612241e+02
7.066625822805433472e+02
6.925137040157117099e+02
6.787928803561753739e+02
6.654866572938854006e+02
6.525805720709709021e+02
6.400594745426494683e+02
6.279078062964002811e+02
6.161098393866275273e+02
6.046498771166318420e+02
5.935124197147110863e+02
5.826822980254564754e+02
5.721447784882768701e+02
5.618856427203987778e+02
5.518912449782376370e+02
5.421485506555782194e+02
5.326451588048875010e+02
5.233693114536595203e+02
5.143098922438948648e+02
5.054564166612343570e+02
4.967990158509835510e+02
4.883284157498288209e+02
4.800359130015900178e+02
4.719133488784841575e+02
4.639530822003902131e+02
4.561479620365129790e+02
4.484913007884900367e+02
4.409768480922670619e+02
4.335987658379173126e+02
4.263516044913682776e+02
4.192302808083563832e+02
4.122300569572456652e+02
4.053465210115809327e+02
3.985755687332691650e+02
3.919133865408878705e+02
3.853564355425712051e+02
3.789014365071576549e+02
3.725453556487852325e+02
3.662853911071288735e+02
3.601189600163799014e+02
3.540436860695214705e+02
3.480573874992594483e+02
3.421580654122154783e+02
3.363438924279049616e+02
3.306132015880461381e+02
3.249644755144704504e+02
3.193963358050515353e+02
3.139075326665214902e+02
3.084969347907043016e+02
3.031635194866429970e+02
2.979063630853764266e+02
2.927246316369000851e+02
2.876175719202462915e+02
2.825845027878684732e+02
2.776248068647324772e+02
2.727379226209641274e+02
2.679233368346799011e+02
2.631805774589614089e+02
2.585092069039321245e+02
2.539088157417139655e+02
2.493790168387998278e+02
2.449194399171397833e+02
2.405297265421403097e+02
2.362095255328295593e+02
2.319584887867217446e+02
