1.763350907721984186e+03
1.759890432479930723e+03
1.749582683464335332e+03
1.732645856225691659e+03
1.709434321493906054e+03
1.680425240567515402e+03
1.646200880730242716e+03
1.607427589601173167e+03
1.564832535766438241e+03
1.519179393794130874e+03
1.471244143467781669e+03
1.421792071087216755e+03
1.371556916007963309e+03
1.321222913549979239e+03
1.271410263878118258e+03
1.222664324006714196e+03
1.175448594225088527e+03
1.130141365997712455e+03
1.087035727250622358e+03
1.046342490319648959e+03
1.008195520946639363e+03
9.726589029748698749e+02
9.397353690368686330e+02
9.093754564274622680e+02
8.814869019690046343e+02
8.559438619227498748e+02
8.325956250269086922e+02
8.112745715183320954e+02
7.918032127125386523e+02
7.740002199926220783e+02
7.576854159651596774e+02
7.426837525082378306e+02
7.288283400483317109e+02
7.159626201542665740e+02
7.039417905706093279e+02
6.926335996716450154e+02
6.819186277270478058e+02
6.716901670718950754e+02
6.618538038980035481e+02
6.523267923745246435e+02
6.430372983795291475e+02
6.339235762594698826e+02
6.249331284815566505e+02
6.160218853535145627e+02
6.071534305308797457e+02
5.982982880463342781e+02
5.894332781975027729e+02
5.805409428494580197e+02
5.716090355084606927e+02
5.626300678154184425e+02
5.536009017644306596e+02
5.445223758193595813e+02
5.353989530070372211e+02
5.262383798261879519e+02
5.170513462396115756e+02
5.078511389297065648e+02
4.986532822187229499e+02
4.894751634236660038e+02
4.803356417876064484e+02
4.712546423810816236e+02
4.622527383985133156e+02
4.533507270074384223e+02
4.445692052879695666e+02
4.359281537928291073e+02
4.274465358508849704e+02
4.191419209329294517e+02
4.110301402160483804e+02
4.031249819530484615e+02
3.954379334165785735e+02
3.879779750916911212e+02
3.807514314886818738e+02
3.737618814963592513e+02
3.670101296519031848e+02
3.604942381242810256e+02
3.542096176488503261e+02
3.481491741629236003e+02
3.423035065224369760e+02
3.366611494692741076e+02
3.312088550009757455e+02
3.259319044954814331e+02
3.208144433808012081e+02
3.158398298221221694e+02
3.109909888273376168e+02
3.062507633386429688e+02
3.016022542675714249e+02
2.970291420218785561e+02
2.925159828379303235e+02
2.880484741403735711e+02
2.836136841678982705e+02
2.792002421943811328e+02
2.747984868033182124e+02
2.704005708060016104e+02
2.660005224986192047e+02
2.615942640017566987e+02
2.571795883930306559e+02
2.527560982095356223e+02
2.483251086457889016e+02
2.438895193940251147e+02
2.394536595605867433e+02
2.350231104426704292e+02
