1.225523790256384245e+03
1.224681292547493513e+03
1.222161536501234878e+03
1.217987580764772019e+03
1.212197352595530674e+03
1.204842908802050260e+03
1.195989433636312242e+03
1.185714004462597586e+03
1.174104162451748834e+03
1.161256330380795362e+03
1.147274122700914859e+03
1.132266594311744484e+03
1.116346473982169755e+03
1.099628426209540066e+03
1.082227381708504709e+03
1.064256971923794936e+03
1.045828097264155531e+03
1.027047652472599111e+03
1.008017425996378734e+03
9.888331836957788710e+02
9.695839409989373507e+02
9.503514218915806850e+02
9.312096980967088484e+02
9.122249975673320250e+02
8.934556680502513473e+02
8.749522789968814322e+02
8.567578434722046268e+02
8.389081408847355306e+02
8.214321212427375940e+02
8.043523721318262005e+02
7.876856305946653265e+02
7.714433234612570232e+02
7.556321213190988146e+02
7.402544931257388043e+02
7.253092503631150976e+02
7.107920715380896581e+02
6.966959996853225903e+02
6.830119072792971338e+02
6.697289245768471346e+02
6.568348288662980394e+02
6.443163933804186172e+02
6.321596957319981129e+02
6.203503866538665079e+02
6.088739205753714714e+02
5.977157501544885463e+02
5.868614873212653720e+02
5.762970336884794733e+02
5.660086833646028026e+02
5.559832012782807169e+02
5.462078801084558108e+02
5.366705788255540028e+02
5.273597457016362569e+02
5.182644284550965494e+02
5.093742739711405534e+02
5.006795197944954907e+02
4.921709793357876492e+02
4.838400224765032931e+02
4.756785530068069647e+02
4.676789840915757281e+02
4.598342127373902031e+02
4.521375940301512060e+02
4.445829157315465068e+02
4.371643736638759492e+02
4.298765481768700738e+02
4.227143818766271579e+02
4.156731587044088769e+02
4.087484843802665750e+02
4.019362681713651000e+02
3.952327059053634457e+02
3.886342641231507287e+02
3.821376652504213212e+02
3.757398736619744568e+02
3.694380825142472418e+02
3.632297012286944664e+02
3.571123435196088280e+02
3.510838158734999297e+02
3.451421064020196354e+02
3.392853740057345817e+02
3.335119378010287505e+02
3.278202667765107208e+02
3.222089696580947020e+02
3.166767849731417073e+02
3.112225713135697447e+02
3.058452978055703966e+02
3.005440347995810271e+02
2.953179447985020829e+02
2.901662736449802082e+02
2.850883419900254694e+02
2.800835370655196357e+02
2.751513047824181513e+02
2.702911421749168426e+02
2.655025902086402425e+02
2.607852269682439896e+02
2.561386612368127089e+02
2.515625264762367692e+02
2.470564752144821909e+02
2.426201738423992538e+02
2.382532978195730777e+02
2.339555272857300849e+02
2.297265430714411707e+02
