1.295501231997184277e+03
1.294417665161131026e+03
1.291179149027377662e+03
1.285821945514918070e+03
1.278405531702551571e+03
1.269011199325835150e+03
1.257740169233850111e+03
1.244711291017232952e+03
1.230058411414204102e+03
1.213927504167116922e+03
1.196473658444116381e+03
1.177858022768141382e+03
1.158244796904227996e+03
1.137798355887353864e+03
1.116680579057887826e+03
1.095048443463479771e+03
1.073051926190086988e+03
1.050832244989872379e+03
1.028520451793873463e+03
1.006236380024772075e+03
9.840879345990931597e+02
9.621707034993964953e+02
9.405678620072828835e+02
9.193503351623357958e+02
8.985771806607139069e+02
8.782961530338968714e+02
8.585444102817069734e+02
8.393493258586962611e+02
8.207293716979305600e+02
8.026950414778742697e+02
7.852497872997674904e+02
7.683909470871034273e+02
7.521106441344526274e+02
7.363966441575630597e+02
7.212331588150362904e+02
7.066015879111866980e+02
6.924811953134403666e+02
6.788497160183386541e+02
6.656838937920870194e+02
6.529599504237093015e+02
6.406539888991422913e+02
6.287423337749089569e+02
6.172018127425642433e+02
6.060099838697490213e+02
5.951453133164980045e+02
5.845873084878563759e+02
5.743166116226611848e+02
5.643150587560060103e+02
5.545657088481717665e+02
5.450528476614156261e+02
5.357619707014499681e+02
5.266797492344746843e+02
5.177939830539183959e+02
5.090935433133430479e+02
5.005683083724148901e+02
4.922090952299790843e+02
4.840075887499420446e+02
4.759562705290441613e+02
4.680483489169127438e+02
4.602776913832926766e+02
4.526387601391897419e+02
4.451265516607797963e+02
4.377365405391614672e+02
4.304646278859405015e+02
4.233070943639242500e+02
4.162605577824609782e+02
4.093219350962053227e+02
4.024884085716202549e+02
3.957573958343171512e+02
3.891265234791375747e+02
3.825936039103265216e+02
3.761566150780333260e+02
3.698136827866017597e+02
3.635630652669165102e+02
3.574031397269904460e+02
3.513323906199478301e+02
3.453493993948419529e+02
3.394528355220339790e+02
3.336414486101459715e+02
3.279140614551939166e+02
3.222695638839916796e+02
3.167069072730755011e+02
3.112250996412321342e+02
3.058232012282655887e+02
3.005003204851535656e+02
2.952556104114071331e+02
2.900882651845614646e+02
2.849975170345096558e+02
2.799826333221437267e+02
2.750429137876312780e+02
2.701776879388960992e+02
2.653863125555517399e+02
2.606681692878242416e+02
2.560226623339304410e+02
2.514492161830066266e+02
2.469472734140430816e+02
2.425162925443371478e+02
2.381557459237708656e+02
2.338651176736990749e+02
2.296439016713899264e+02
