3.710562283376384585e+03
3.707986809275878841e+03
3.700284190099305306e+03
3.687525362615630911e+03
3.669826994489978460e+03
3.647349195917050565e+03
3.620292417596155246e+03
3.588893631219837516e+03
3.553421908617724512e+03
3.514173530656058574e+03
3.471466766459939208e+03
3.425636467320495285e+03
3.377028617894652598e+03
3.325994980398204916e+03
3.272887956066901097e+03
3.218055773030991531e+03
3.161838091853540391e+03
3.104562100316180477e+03
3.046539148588014996e+03
2.988061955613508871e+03
2.929402398227489357e+03
2.870809876833279304e+03
2.812510235986756470e+03
2.754705205268915051e+03
2.697572315591123242e+03
2.641265238597972257e+03
2.585914492018181136e+03
2.531628451464863701e+03
2.478494609024831334e+03
2.426581020674496813e+03
2.375937887764494462e+03
2.326599222171001202e+03
2.278584549878913094e+03
2.231900613429662371e+03
2.186543039561341629e+03
2.142497944260656368e+03
2.099743453148915705e+03
2.058251120494542192e+03
2.017987235078664298e+03
1.978914005569761684e+03
1.940990621949398701e+03
1.904174192859821915e+03
1.868420561521581021e+03
1.833685005116112507e+03
1.799922824276749452e+03
1.767089830621825058e+03
1.735142741140566613e+03
1.704039488754449167e+03
1.673739458572686999e+03
1.644203659289485131e+03
1.615394838880086809e+03
1.587277553287560295e+03
1.559818196195046312e+03
1.532984997287255965e+03
1.506747995655244722e+03
1.481078994220265258e+03
1.455951500271991335e+03
1.431340656455404314e+03
1.407223165816550591e+03
1.383577213843643676e+03
1.360382389826127337e+03
1.337619609306380426e+03
1.315271038919823923e+03
1.293320024509482664e+03
1.271751023058960754e+03
1.250549538709501121e+03
1.229702062907662366e+03
1.209196018564252654e+03
1.189019707986222102e+03
1.169162264264757823e+03
1.149613605758183894e+03
1.130364393291343276e+03
1.111405989697915174e+03
1.092730421353365728e+03
1.074330341379109086e+03
1.056198994238977548e+03
1.038330181493650571e+03
1.020718228524576716e+03
1.003357952083790906e+03
9.862446285682597136e+02
9.693739629556669115e+02
9.527420583721542471e+02
9.363453862909966574e+02
9.201807573843180990e+02
9.042452930678979328e+02
8.885363977920752632e+02
8.730517321401766822e+02
8.577891868001838702e+02
8.427468574761605851e+02
8.279230208036592558e+02
8.133161113286932959e+02
7.989246996031972685e+02
7.847474714418858639e+02
7.707832083763877336e+02
7.570307693329374388e+02
7.434890735501180643e+02
7.301570847433615654e+02
7.170337965135140621e+02
7.041182189878460349e+02
6.914093666736043815e+02
