s_values	dI_I
0.0	-0.40205665782058897
0.02404809619238477	-0.402001650992577
0.04809619238476954	-0.40183649282646533
0.07214428857715431	-0.40156077781061816
0.09619238476953908	-0.40117383229531933
0.12024048096192384	-0.4006746810983075
0.14428857715430862	-0.4000621048590858
0.1683366733466934	-0.39933455401581125
0.19238476953907815	-0.39849022784708826
0.21643286573146292	-0.3975269807775315
0.24048096192384769	-0.39644240058052543
0.26452905811623245	-0.3952337228620702
0.28857715430861725	-0.39389785272683453
0.312625250501002	-0.3924313538270452
0.3366733466933868	-0.3908304030310938
0.3607214428857715	-0.3890908193401727
0.3847695390781563	-0.3872079970895804
0.4088176352705411	-0.38517693243425455
0.43286573146292584	-0.38299215112715734
0.45691382765531063	-0.3806477064921442
0.48096192384769537	-0.3781371373097139
0.5050100200400801	-0.37545345937465974
0.5290581162324649	-0.3725891128387094
0.5531062124248497	-0.3695359247541184
0.5771543086172345	-0.3662850569182538
0.6012024048096193	-0.3628269961684643
0.625250501002004	-0.3591514720711397
0.6492985971943888	-0.3552474112333261
0.6733466933867736	-0.35110287489847797
0.6973947895791583	-0.34670501096490064
0.721442885771543	-0.34203996860715147
0.7454909819639278	-0.3370928346596371
0.7695390781563126	-0.3318475539844235
0.7935871743486974	-0.3262868017066254
0.8176352705410822	-0.3203919368030186
0.8416833667334669	-0.3141428937260621
0.8657314629258517	-0.3075180560925705
0.8897795591182365	-0.3004941175127381
0.9138276553106213	-0.2930459938621635
0.937875751503006	-0.2851467155303809
0.9619238476953907	-0.2767671931230513
0.9859719438877755	-0.267876079516035
1.0100200400801602	-0.2584396696196632
1.034068136272545	-0.24842176617750308
1.0581162324649298	-0.237783346045534
1.0821643286573146	-0.22648248128831613
1.1062124248496994	-0.21447417711584524
1.1302605210420842	-0.20171038281837333
1.154308617234469	-0.1881392575681882
1.1783567134268538	-0.1737054912794526
1.2024048096192386	-0.15835009254802532
1.2264529058116231	-0.1420106319503919
1.250501002004008	-0.12462008412137356
1.2745490981963927	-0.10610792019832675
1.2985971943887775	-0.08639995705303445
1.3226452905811623	-0.0654187289890199
1.346693386773547	-0.043083025249140344
1.370741482965932	-0.019309405813099353
1.3947895791583167	0.005987307076188577
1.4188376753507015	0.03289288296745615
1.442885771543086	0.061492124622723195
1.4669338677354709	0.09186696862392907
1.4909819639278556	0.12409389548287007
1.5150300601202404	0.15824085214913464
1.5390781563126252	0.19436336683148117
1.56312625250501	0.23249973099635485
1.5871743486973948	0.2726637403119294
1.6112224448897796	0.31484206409169674
1.6352705410821644	0.3589847681883125
1.659318637274549	0.4049960121727051
1.6833667334669338	0.4527260297746066
1.7074148296593186	0.5019620573739634
1.7314629258517034	0.552419731234812
1.7555110220440882	0.6037356200521962
1.779559118236473	0.6554621997359668
1.8036072144288577	0.7070650751310841
1.8276553106212425	0.7579264423641389
1.8517034068136273	0.8073531765783255
1.875751503006012	0.8545917549690967
1.8997995991983967	0.8988522427637429
1.9238476953907815	0.9393353654005104
1.9478957915831663	0.9752679075193634
1.971943887775551	1.0059408141310135
1.9959919839679359	1.0307471552074132
2.0200400801603204	1.0492163876466059
2.0440881763527052	1.0610417198489148
2.06813627254509	1.0660973030614977
2.092184368737475	1.0644435360029918
2.1162324649298596	1.0563192054714017
2.1402805611222444	1.0421224224221393
2.164328657314629	1.0223833501462651
2.188376753507014	0.9977305636591408
2.212424849699399	0.9688550361669924
2.2364729458917836	0.9364755626026282
2.2605210420841684	0.9013081017343514
2.284569138276553	0.8640399160125672
2.308617234468938	0.8253101065392879
2.3326653306613228	0.7856955831651449
2.3567134268537075	0.7457058546130128
2.3807615230460923	0.7057780465290613
2.404809619238477	0.6662784337825747
2.4288577154308615	0.6275057829990945
2.4529058116232463	0.589698694181678
2.476953907815631	0.5530402424974916
2.501002004008016	0.5176650749828132
2.5250501002004007	0.4836662754949602
2.5490981963927855	0.4511056232279655
2.5731462925851702	0.4200145987240864
2.597194388777555	0.3904013111421006
2.62124248496994	0.36225581407083024
2.6452905811623246	0.33555469965064455
2.6693386773547094	0.31026307308921103
2.693386773547094	0.28633802983659484
2.717434869739479	0.26373101630186835
2.741482965931864	0.2423897255885446
2.7655310621242486	0.22225960750260426
2.7895791583166334	0.20328444477846083
2.813627254509018	0.18540905105339442
2.837675350701403	0.16857870215805051
2.8617234468937873	0.15273957124642737
2.885771543086172	0.13783836601494567
2.909819639278557	0.12382578475324003
2.9338677354709417	0.11065373323368244
2.9579158316633265	0.09827612027556344
2.9819639278557113	0.08664917543426938
3.006012024048096	0.0757312640567384
3.030060120240481	0.06548308343283342
3.0541082164328657	0.05586754701681049
3.0781563126252505	0.04684972612870259
3.1022044088176353	0.038396746308516694
3.12625250501002	0.03047773727668969
3.150300601202405	0.02306346465346128
3.1743486973947896	0.016126554596127073
3.1983967935871744	0.009642126000012219
3.2224448897795592	0.0035863203623697133
3.246492985971944	-0.0020631871260226088
3.270541082164329	-0.007327315221377138
3.2945891783567136	-0.012225667428500144
3.318637274549098	-0.016776586651495222
3.3426853707414828	-0.020997240704695115
3.3667334669338675	-0.02490375586542093
3.3907815631262523	-0.028511268437662923
3.414829659318637	-0.03183399112677565
3.438877755511022	-0.034885451198029244
3.4629258517034067	-0.037678139046847726
3.4869739478957915	-0.04022393965191973
3.5110220440881763	-0.04253415547937232
3.535070140280561	-0.0446196289392475
3.559118236472946	-0.04649052106908868
3.5831663326653307	-0.04815665664271105
3.6072144288577155	-0.049627496161647695
3.6312625250501003	-0.05091217040514504
3.655310621242485	-0.052019627262240214
3.67935871743487	-0.052958594161288855
3.7034068136272547	-0.05373769041899896
3.7274549098196395	-0.05436547509350734
3.751503006012024	-0.05485038547257336
3.7755511022044086	-0.05520095308046158
3.7995991983967934	-0.05542579081318629
3.823647294589178	-0.055533641200074056
3.847695390781563	-0.05553342211672343
3.8717434869739478	-0.05543426948606241
3.8957915831663326	-0.05524557641910271
3.9198396793587174	-0.05497702816053718
3.943887775551102	-0.05463863211879247
3.967935871743487	-0.05424074217860996
3.9919839679358717	-0.05379407642055492
4.0160320641282565	-0.0533097273103345
4.040080160320641	-0.05279916337672731
4.064128256513026	-0.05227422137638723
4.0881763527054105	-0.05174708795238403
4.112224448897796	-0.051230269838733085
4.13627254509018	-0.05073655175089609
4.160320641282565	-0.05027894123886646
4.18436873747495	-0.04987059997023113
4.208416833667335	-0.04952476115849298
4.232464929859719	-0.04925463315863936
4.2565130260521045	-0.04907328961592021
4.280561122244489	-0.048993546969348906
4.304609218436874	-0.04902783057000582
4.328657314629258	-0.04918803116179839
4.352705410821644	-0.04948535397126904
4.376753507014028	-0.04993016314078467
4.400801603206412	-0.050531824691042185
4.424849699398798	-0.05129855158620128
4.448897795591182	-0.052237254769823036
4.472945891783567	-0.05335340421518482
4.4969939879759515	-0.054650904066384384
4.521042084168337	-0.05613198581812608
4.545090180360721	-0.057797123184095384
4.569138276553106	-0.059644971834749975
4.593186372745491	-0.0616723365561376
4.617234468937876	-0.06387416761380403
4.64128256513026	-0.06624890611038657
4.6653306613226455	-0.06878412502143989
4.68937875751503	-0.07146838725322918
4.713426853707415	-0.07428971348439115
4.7374749498997994	-0.0772346825073008
4.761523046092185	-0.08028859053891779
4.785571142284569	-0.0834356272634055
4.809619238476954	-0.08665906401250087
4.833667334669339	-0.08994144927414138
4.857715430861723	-0.09326480670313454
4.881763527054108	-0.0966108309787731
4.905811623246493	-0.09996107719363517
4.929859719438878	-0.10329713993648058
4.953907815631262	-0.10660081881579042
4.977955911823647	-0.10985426782306998
5.002004008016032	-0.11304012661934718
5.026052104208417	-0.11614163251043577
5.050100200400801	-0.11914271252707263
5.074148296593187	-0.1220280556203189
5.098196392785571	-0.12478316550324572
5.122244488977956	-0.12739439510559397
5.1462925851703405	-0.12984896395316778
5.170340681362726	-0.13213496003831662
5.19438877755511	-0.1342413279166951
5.218436873747495	-0.1361578448555614
5.24248496993988	-0.13787508688081448
5.266533066132265	-0.1393843865343553
5.290581162324649	-0.14067778407251977
5.314629258517034	-0.14174797372073644
5.338677354709419	-0.14258824646085289
5.362725450901803	-0.14319243067406925
5.386773547094188	-0.14355483180338
5.410821643286573	-0.14367017204053475
5.434869739478958	-0.1435335308898518
5.458917835671342	-0.14314028731838407
5.482965931863728	-0.14248606407195535
5.507014028056112	-0.1415666746210838
5.531062124248497	-0.14037807310124437
5.5551102204408815	-0.13891669426209335
5.579158316633267	-0.13717829013966837
5.603206412825651	-0.1351581550930704
5.627254509018036	-0.13285238538240543
5.651302605210421	-0.13025702097197767
5.675350701402806	-0.1273680173372575
5.69939879759519	-0.12418122135539686
5.723446893787575	-0.12069235137594136
5.74749498997996	-0.11689698159041044
5.771543086172344	-0.11279053085049875
5.7955911823647295	-0.10836825612532937
5.819639278557114	-0.10362525083663982
5.843687374749499	-0.09855644836774373
5.867735470941883	-0.09315663110646065
5.891783567134269	-0.0874204454540972
5.915831663326653	-0.08134242331096318
5.939879759519038	-0.07491701063476904
5.963927855711423	-0.06813860375885004
5.987975951903808	-0.061001594254413496
6.012024048096192	-0.05350042322113551
6.036072144288577	-0.04562964599426527
6.060120240480962	-0.03738400836023215
6.084168336673347	-0.028758535474661524
6.108216432865731	-0.019748634772838357
6.132264529058117	-0.010350214248298484
6.156312625250501	-0.0005598175437130035
6.180360721442885	0.009625222656668545
6.2044088176352705	0.020206611434007548
6.228456913827655	0.031184897176626494
6.25250501002004	0.04255925448715874
6.2765531062124245	0.05432724325664461
6.30060120240481	0.06648454297359788
6.324649298597194	0.07902466172066294
6.348697394789579	0.09193861983705788
6.372745490981964	0.10521460891906664
6.396793587174349	0.11883762771913009
6.420841683366733	0.13278909761344046
6.4448897795591185	0.1470464616606831
6.468937875751503	0.16158277288836875
6.492985971943888	0.1763576418254321
6.517034068136272	0.19134233816520624
6.541082164328658	0.20649467901924903
6.565130260521042	0.22176619162290234
6.589178356713427	0.2371021339713199
6.613226452905812	0.25244125635276926
6.637274549098196	0.2677156548691021
6.661322645290581	0.2828507410787248
6.6853707414829655	0.2977653531320566
6.709418837675351	0.3123720339877089
6.733466933867735	0.32657750117024137
6.75751503006012	0.34028332973258996
6.781563126252505	0.3533868653329741
6.80561122244489	0.3657823774267509
6.829659318637274	0.3773624534428048
6.8537074148296595	0.38801962358409725
6.877755511022044	0.397648192917367
6.901803607214429	0.40614624331253274
6.925851703406813	0.41341775343604253
6.949899799599199	0.41937477149889935
6.973947895791583	0.423939564065446
6.997995991983968	0.42704665623373034
7.022044088176353	0.428644675076625
7.046092184368737	0.4286979102801596
7.070140280561122	0.42718751389289
7.0941883767535066	0.4241122749184164
7.118236472945892	0.41948892344952754
7.142284569138276	0.4133519418875374
7.166332665330661	0.4057528857827827
7.190380761523046	0.3967592419624121
7.214428857715431	0.3864528748282337
7.238476953907815	0.37492813115680845
7.2625250501002006	0.3622896879788087
7.286573146292585	0.3486502362805458
7.31062124248497	0.33412809511820274
7.3346693386773545	0.3188448466339384
7.35871743486974	0.30292307329595697
7.382765531062124	0.2864842656916046
7.406813627254509	0.2696460030092167
7.430861723446894	0.2525223419513675
7.454909819639279	0.23522220434041774
7.478957915831663	0.2178467330496554
7.503006012024048	0.2004893686506767
7.527054108216433	0.18323534859933266
7.551102204408817	0.1661614443330607
7.575150300601202	0.14933590694240978
7.599198396793587	0.13281858955566248
7.623246492985972	0.11666121403441625
7.647294589178356	0.1009077506092645
7.671342685370742	0.08559488127271853
7.695390781563126	0.07075252070559349
7.719438877755511	0.056404371905226985
7.7434869739478955	0.04256849723536942
7.767535070140281	0.029257889115619957
7.791583166332665	0.01648102786084829
7.81563126252505	0.004242417169702801
7.839679358717435	-0.0074569096103253565
7.86372745490982	-0.018618917065975137
7.887775551102204	-0.02924813190340804
7.9118236472945895	-0.03935124497338921
7.935871743486974	-0.04893675118097738
7.959919839679358	-0.058014626414269084
7.9839679358717435	-0.06659603996052892
8.008016032064129	-0.07469310041525551
8.032064128256513	-0.08231863279360498
8.056112224448897	-0.08948598439064537
8.080160320641282	-0.09620885687739854
8.104208416833668	-0.10250116213909961
8.128256513026052	-0.10837689943873871
8.152304609218437	-0.11385005160647023
8.176352705410821	-0.1189344980989063
8.200400801603207	-0.12364394293192099
8.224448897795591	-0.12799185565718565
8.248496993987976	-0.13199142371999525
8.27254509018036	-0.135655514699845
8.296593186372746	-0.1389966470921259
8.32064128256513	-0.14202697641380432
8.344689378757515	-0.14475832764167348
8.3687374749499	-0.14720198850038174
8.392785571142284	-0.1493689236446165
8.41683366733467	-0.15126969340015664
8.440881763527054	-0.1529144551087453
8.464929859719438	-0.15431296715199305
8.488977955911823	-0.1554745951931494
8.513026052104209	-0.15640832024042256
8.537074148296593	-0.15712274819300207
8.561122244488978	-0.15762612058089656
8.585170340681362	-0.15792632625315234
8.609218436873748	-0.15803091380711273
8.633266533066132	-0.15794710458380473
8.657314629258517	-0.1576818060827759
8.681362725450901	-0.1572416256737556
8.705410821643287	-0.15663288450311527
8.729458917835672	-0.15586163151058555
8.753507014028056	-0.1549336574863835
8.77755511022044	-0.15385450911146598
8.801603206412825	-0.15262950293379027
8.82565130260521	-0.15126373924233807
8.849699398797595	-0.1497621158073608
8.87374749498998	-0.1481293414614058
8.897795591182364	-0.14636994949985624
8.92184368737475	-0.14448831088355468
8.945891783567134	-0.14248864722859195
8.969939879759519	-0.14037504357019218
8.993987975951903	-0.13815146088898142
9.01803607214429	-0.1358217483883724
9.042084168336673	-0.13338965551188847
9.066132264529058	-0.13085884368892173
9.090180360721442	-0.12823289779637526
9.114228456913828	-0.12551533732247575
9.138276553106213	-0.12270962721740909
9.162324649298597	-0.11981918841338482
9.186372745490981	-0.11684740799437314
9.210420841683367	-0.11379764899345642
9.234468937875752	-0.11067325979251377
9.258517034068136	-0.10747764441132508
9.28256513026052	-0.1042140810611282
9.306613226452905	-0.10088587976085728
9.330661322645291	-0.09749640649842624
9.354709418837675	-0.09404905214540163
9.37875751503006	-0.09054723880444318
9.402805611222444	-0.08699442549908953
9.42685370741483	-0.08339411315551512
9.450901803607215	-0.07974984882337412
9.474949899799599	-0.07606522908056215
9.498997995991983	-0.07234390256556841
9.52304609218437	-0.06858957157997267
9.547094188376754	-0.0648059927041015
9.571142284569138	-0.06099697636965618
9.595190380761522	-0.05716638533569289
9.619238476953909	-0.05331813201767373
9.643286573146293	-0.04945617462446596
9.667334669338677	-0.04558451206462594
9.691382765531062	-0.04170717759144288
9.715430861723446	-0.03782823116622009
9.739478957915832	-0.033951750530764706
9.763527054108216	-0.030081820993540467
9.7875751503006	-0.0262225239488741
9.811623246492985	-0.022377924165516497
9.835671342685371	-0.018552055898654298
9.859719438877756	-0.014748907899186705
9.88376753507014	-0.010972407414134926
9.907815631262524	-0.007226403293227501
9.93186372745491	-0.003514648337709984
9.955911823647295	0.0001592189512943368
9.97995991983968	0.003791693047442474
10.004008016032063	0.00737942030022024
10.02805611222445	0.010919217848233357
10.052104208416834	0.0144080923157761
10.076152304609218	0.017843258051202848
10.100200400801603	0.021222154656780637
10.124248496993987	0.02454246355465665
10.148296593186373	0.027802123332332236
10.172344689378757	0.030999738319439727
10.196392785571142	0.034134792961764276
10.220440881763526	0.03720475833574781
10.244488977955912	0.04020870786545951
10.268537074148297	0.04314602061616284
10.292585170340681	0.04601638450376484
10.316633266533065	0.048819796856456585
10.340681362725451	0.051556562222567257
10.364729458917836	0.054227287352917
10.38877755511022	0.05683287332220297
10.412825651302605	0.05937450479058205
10.43687374749499	0.0618536364433295
10.460921843687375	0.06427197668247109
10.48496993987976	0.06663146867828765
10.509018036072144	0.06893426892043628
10.53306613226453	0.07118272343716203
10.557114228456914	0.0733793418764302
10.581162324649299	0.07552676966365111
10.605210420841683	0.07762775846791681
10.629258517034067	0.0796851352212274
10.653306613226453	0.08170176994318903
10.677354709418838	0.08368054262798304
10.701402805611222	0.08562430945007829
10.725450901803606	0.08753586854215128
10.749498997995993	0.08941792559161604
10.773547094188377	0.09127305949352953
10.797595190380761	0.09310368828632466
10.821643286573146	0.09491203558480685
10.845691382765532	0.09670009771170553
10.869739478957916	0.09846961171638839
10.8937875751503	0.10022202445671405
10.917835671342685	0.10195846290901202
10.94188376753507	0.10367970586132662
10.965931863727455	0.10538615713749874
10.98997995991984	0.10707782049414781
11.014028056112224	0.10875427632990099
11.038076152304608	0.11041466034583808
11.062124248496994	0.11205764429848493
11.086172344689379	0.11368141899180016
11.110220440881763	0.11528280925363311
11.134268537074147	0.11685941485737539
11.158316633266534	0.1184081118316637
11.182364729458918	0.11992505661110824
11.206412825651302	0.12140588118037382
11.230460921843687	0.12284569308762813
11.254509018036073	0.12423907899025462
11.278557114228457	0.12558011196362634
11.302605210420841	0.12686236281038465
11.326653306613226	0.12807891561058665
11.350701402805612	0.12922238775116582
11.374749498997996	0.130284954665613
11.39879759519038	0.13125837949996264
11.422845691382765	0.1321340478988936
11.44689378757515	0.13290300807439653
11.470941883767535	0.1335560162789569
11.49498997995992	0.13408358775383208
11.519038076152304	0.13447605316204736
11.543086172344688	0.13472362044323774
11.567134268537075	0.13481644194510992
11.591182364729459	0.1347446865938781
11.615230460921843	0.1344986167649222
11.639278557114228	0.13406866940626758
11.663326653306614	0.13344554085392557
11.687374749498998	0.13262027466103646
11.711422845691382	0.13158435164620863
11.735470941883767	0.13032978125280154
11.759519038076153	0.12884919320445026
11.783567134268537	0.12713592834631063
11.807615230460922	0.12518412748079397
11.831663326653306	0.12298881694440025
11.855711422845692	0.12054598963315982
11.879759519038076	0.11785268017077002
11.90380761523046	0.11490703292906572
11.927855711422845	0.1117083616569423
11.95190380761523	0.10825719955247609
11.975951903807616	0.10455533872336494
12.0	0.1006058581224902
