nan
nan
nan
nan
nan
nan
nan
nan
nan
nan
nan
nan
nan
nan
nan
nan
nan
nan
nan
nan
nan
nan
nan
nan
nan
nan
7.005584252362581310e+02
6.860662366047613432e+02
7.035031797425923514e+02
6.867922147710331728e+02
6.704200005388887575e+02
6.522319528314034187e+02
6.310165214521178996e+02
6.085681924452119347e+02
5.830375640482111521e+02
5.614586250562847454e+02
5.397899750887286245e+02
5.193674650246439342e+02
5.034465119728433251e+02
4.844411478720314790e+02
4.725269635103210817e+02
4.556480402192080419e+02
4.393324680986871158e+02
4.246275736763338386e+02
4.047463271973358019e+02
3.912107727286779664e+02
3.717342342881494801e+02
3.601696104063998973e+02
3.495540055988879544e+02
3.327145909239779371e+02
3.213672917583105573e+02
3.095974612368064527e+02
2.978483360810423051e+02
2.888631711412913887e+02
2.760738029112155800e+02
2.669673002997220692e+02
2.577991803694008013e+02
2.516997318594964099e+02
2.418265958968863458e+02
2.348683047290801369e+02
2.354176764785385387e+02
2.341477698379453329e+02
2.382508116394544402e+02
2.350229478972626964e+02
2.348024737937751922e+02
2.279318065219384835e+02
2.232419714313748500e+02
2.150575754246565054e+02
2.110981049993732483e+02
2.047071822628647340e+02
1.989721503259891051e+02
1.954547651140536573e+02
1.897586205919858742e+02
1.857311966498576794e+02
1.810811910324573546e+02
1.747481728787428210e+02
1.708226661456797331e+02
1.660391008762693161e+02
1.609671164439490951e+02
1.567524906654488461e+02
1.524344148043751090e+02
1.491296068473398861e+02
1.452291867975036439e+02
1.425701455263686910e+02
1.380341641674823165e+02
1.348010613844064380e+02
1.317733373428871175e+02
1.285445786309598191e+02
1.253444656757119446e+02
1.226211137326592819e+02
1.196174824890243968e+02
1.169077000583249770e+02
1.141242194494429754e+02
1.118958097528683737e+02
1.097426555809505544e+02
1.077653232061961006e+02
1.058892258376104110e+02
1.043331089538709193e+02
1.027539214418370648e+02
1.013122979850182901e+02
9.991800694049554465e+01
9.848660845674372410e+01
9.745883369428982235e+01
9.625767796971028645e+01
9.512529098528985116e+01
9.397964000843421672e+01
9.314707112323763738e+01
9.227300499273978573e+01
9.127548602966169256e+01
9.064538670282246358e+01
8.985930513771377548e+01
8.932770487894380551e+01
8.866572402815488374e+01
8.807169172301733795e+01
8.752583671150175348e+01
8.695679222960137622e+01
8.652386263891804674e+01
8.602994467899561926e+01
8.558322284680305359e+01
8.519876845838113866e+01
8.473967535741394386e+01
8.418031054183620654e+01
8.366718827240323719e+01
8.316666525152390932e+01
8.264606395428101848e+01
8.202699950313215993e+01
8.138423363017551537e+01
8.070679769951530602e+01
8.019112770611097574e+01
7.945541341409669656e+01
7.888000998320349311e+01
7.825566616446636203e+01
7.752784919007376629e+01
7.672988095265107233e+01
7.597644870799427963e+01
7.515699588183315427e+01
7.429246221181934118e+01
7.339867062854206381e+01
7.249463384437198954e+01
7.148805407711829218e+01
7.060259291114472546e+01
6.961408131900776652e+01
6.865735672023500058e+01
6.751557567221486522e+01
6.637022990315752224e+01
6.534085077234148287e+01
6.424676610418572409e+01
6.319325395489860142e+01
6.212133514358625774e+01
6.090490157680608974e+01
5.981146832952197911e+01
5.871828816938892714e+01
5.760666002231953797e+01
5.648341552892325268e+01
5.534405368071107745e+01
5.421095745025241541e+01
5.305318724247402429e+01
5.197089425487331482e+01
5.081765998987639676e+01
4.967360144180210568e+01
4.861157562157674050e+01
4.752427417005311128e+01
4.650197163651225196e+01
4.541182917872549751e+01
4.434026070585815660e+01
4.334285200268170257e+01
4.243334891706422951e+01
4.154113714434780746e+01
4.070691009194592880e+01
3.988566760595131910e+01
3.902457785765579246e+01
3.813957019506944590e+01
3.736179143853612317e+01
3.652273617704843645e+01
3.577190314467748777e+01
3.505013976424562117e+01
3.436044661554657864e+01
3.370467824832895332e+01
3.309146998972724418e+01
3.254934594862043440e+01
3.197088039402974502e+01
3.144902084659108255e+01
3.092564330129227912e+01
3.041317785413116326e+01
2.991478196288147728e+01
2.948017595940357793e+01
2.911531750371828409e+01
2.877674693645055015e+01
2.849727589553591045e+01
2.817671804733999252e+01
2.792053572796504923e+01
2.761504149319771884e+01
2.738218812572056393e+01
2.717239545081577390e+01
2.703280529094346818e+01
2.685286340375891712e+01
2.668316181478901328e+01
2.654508945220132077e+01
2.644555407780890732e+01
2.633191571394321429e+01
2.622496512427970217e+01
2.615780955158494336e+01
2.609892176268946784e+01
2.596638718678579494e+01
2.590751764642979182e+01
2.583399673097712324e+01
2.581506351252891207e+01
2.581492586995453564e+01
2.579588943456000649e+01
2.578440840775335019e+01
2.576110278562579481e+01
2.575819219448939634e+01
2.577413482675568446e+01
2.577942589713798682e+01
2.578931409647342932e+01
2.580968732445190028e+01
2.579161051806550731e+01
2.582563753480943447e+01
2.579652535343534581e+01
2.583070522556259618e+01
2.584401164075311286e+01
2.584494314224266631e+01
2.586365430881242489e+01
2.583453354465856933e+01
2.581159947617599926e+01
2.578273437360445897e+01
2.571045940093341997e+01
2.568747451534514781e+01
2.557892248808002833e+01
2.547881421904068588e+01
2.541483038185801391e+01
2.531330992092870602e+01
2.525925655242047796e+01
2.514622968339814335e+01
2.501774363069171159e+01
2.487637574126877027e+01
2.469841774347476004e+01
2.454094301156793634e+01
2.435156869453620132e+01
2.420469118908361494e+01
2.402119531935295171e+01
2.381270734078248452e+01
2.361582981259136815e+01
2.332658188333575211e+01
2.312083151168242523e+01
2.288443260106387456e+01
2.263455654218515534e+01
2.244506621325051654e+01
2.220240192572504156e+01
2.194946589028074513e+01
2.168203039766739337e+01
2.142449034709958866e+01
2.115694113912833174e+01
2.087682747510151771e+01
2.060789121903522769e+01
2.030460029531307597e+01
2.004853082009325860e+01
1.976612296744409392e+01
1.950551858630750601e+01
1.923996029600233371e+01
1.896052254138684745e+01
1.870674820858503651e+01
1.842999260713447640e+01
1.820097306943700843e+01
1.793662835186355764e+01
1.765548279311333602e+01
1.742659575428594465e+01
1.718887164589871830e+01
1.693195676511091108e+01
1.672078597834781277e+01
1.649159570797813501e+01
1.624287044083148146e+01
1.597091538615578976e+01
1.574521946532870231e+01
1.550978098002166838e+01
1.527255579085110071e+01
1.505826508409182019e+01
1.486125241598884550e+01
1.464658765901291737e+01
1.444377676658677068e+01
1.429832950664856206e+01
1.410505165913016157e+01
1.391431869881606609e+01
1.375935979320313152e+01
1.353924271504500076e+01
1.339054148686756207e+01
1.320067250430082773e+01
1.302769441868036004e+01
1.287435497061589729e+01
1.269869991774433515e+01
1.254533613687960703e+01
1.240343991298088433e+01
1.227674204023802851e+01
1.215207345626438418e+01
1.200158501480419737e+01
1.187407227402774090e+01
1.171453973186470421e+01
1.157048721838859429e+01
1.144316742776871543e+01
1.128308226891478228e+01
1.114480294443976049e+01
1.099209658036811454e+01
1.085876639870179794e+01
1.074949566647932109e+01
1.062312600886293801e+01
1.051958903123308353e+01
1.039545383379649834e+01
1.028145086298325772e+01
1.015631455089973478e+01
1.007455687038049774e+01
1.000893269915629524e+01
9.920929351026332554e+00
9.821541511114757483e+00
9.745866284418394088e+00
9.646971543871723398e+00
9.549896823237475019e+00
9.445128451030178951e+00
9.358234401359736054e+00
9.265775606221557936e+00
9.180977385913593025e+00
9.099692816219263847e+00
9.040167219443153712e+00
8.990139930123424605e+00
8.918121834028321260e+00
8.857694778777853273e+00
8.785603751449555077e+00
8.715001672614643979e+00
8.608870215306891893e+00
8.561294519524622615e+00
8.503543945580581465e+00
8.439471303316400608e+00
8.401841016286903496e+00
8.344446345475040161e+00
8.306083263416454088e+00
8.277881019638682503e+00
8.223907467079804690e+00
8.177696868868922664e+00
8.133451392319651418e+00
8.080061697419163025e+00
8.014534966743136479e+00
7.961969495167096511e+00
7.902262778178439362e+00
7.841993031966242533e+00
7.814344413225387420e+00
7.783212005954692536e+00
7.716113811138470169e+00
7.680210328170421263e+00
7.641462192762618066e+00
7.595430234447089646e+00
7.541920995264765004e+00
7.502100388610354109e+00
7.452205354259703540e+00
7.414631426723516938e+00
7.364092528927987935e+00
7.298477854213133220e+00
7.257470440375390019e+00
7.204732879013072022e+00
7.128921223510157112e+00
7.099772407927757989e+00
7.054935522911482515e+00
7.020978246622881613e+00
7.005161801400491051e+00
6.987724538882885916e+00
6.961912644514423043e+00
6.911004466285110226e+00
6.861398424121268214e+00
6.808587303947066793e+00
6.773742638159402141e+00
6.755079813258490162e+00
6.725591113186543346e+00
6.693768300146071049e+00
6.651028200927792788e+00
6.610377556786171560e+00
6.592152611646430849e+00
6.549003225456837107e+00
6.513890545675123711e+00
6.494072783750809208e+00
6.450092494344326077e+00
6.416462243472747851e+00
6.382945856410510821e+00
6.368828789989504635e+00
6.352136643783193648e+00
6.340744299033250542e+00
6.310930869029967027e+00
6.295855362050926551e+00
6.251522505081155145e+00
6.210730903207339004e+00
6.164193167921788508e+00
6.122063987717744737e+00
6.095001141027949210e+00
6.075867797618198729e+00
6.081046145240974532e+00
6.082744260849872298e+00
6.070211953086093182e+00
6.075217606022696337e+00
6.023021012763603466e+00
5.992352448889984196e+00
5.953541451298948850e+00
5.921815992944044815e+00
5.908909969170349719e+00
5.887492672375823410e+00
5.881761912383860924e+00
5.839668146101009150e+00
5.820626183702144907e+00
5.802335461129871419e+00
5.778810067983612520e+00
5.762870355324032801e+00
5.754841560348758378e+00
5.727320404263206655e+00
5.705689776834549143e+00
5.665324048197092566e+00
5.634347683010474839e+00
5.591725701533827753e+00
5.569808961111783141e+00
5.552809501970759065e+00
5.538121123831722059e+00
5.506642419335708638e+00
5.476397491579263033e+00
5.458128480980273700e+00
5.427395718211133868e+00
5.409743345892955801e+00
5.390663850829324311e+00
5.372378464188639846e+00
5.345104671574925526e+00
5.305169766075946036e+00
5.295348122508849009e+00
5.257983611461452433e+00
5.237878337132066520e+00
5.215021401804908585e+00
5.167686570812787927e+00
5.123275823213417901e+00
5.106002359969639137e+00
5.085267226942818297e+00
5.051454732144490478e+00
5.034734515477727435e+00
5.017218591638346048e+00
4.996719764030795652e+00
4.971516658536579314e+00
4.949542810540063620e+00
4.941135306508766867e+00
4.920617231621892351e+00
4.897750498086870685e+00
4.877694955808357768e+00
4.847600607224357816e+00
4.819503428402057033e+00
4.801416478545125877e+00
4.787247369260363428e+00
4.782669273664473586e+00
4.759385748633427227e+00
4.741175317935545586e+00
4.725006493224530146e+00
4.709002219083622265e+00
4.676082630121285888e+00
4.652596836394875091e+00
4.646303363983679269e+00
4.623694182620512017e+00
4.617395647241340662e+00
4.604419790015728431e+00
4.590276548295435965e+00
4.563262302472620213e+00
4.551568808209347061e+00
4.551967235153612457e+00
4.521302170707349966e+00
4.494866615802128429e+00
