0.000000000000000000e+00
2.280000000000000082e-02
4.560000000000000164e-02
6.840000000000000246e-02
9.120000000000000329e-02
1.140000000000000041e-01
1.368000000000000049e-01
1.596000000000000196e-01
1.824000000000000066e-01
2.051999999999999935e-01
2.280000000000000082e-01
2.508000000000000229e-01
2.736000000000000099e-01
2.963999999999999968e-01
3.192000000000000393e-01
3.420000000000000262e-01
3.648000000000000131e-01
3.876000000000000001e-01
4.103999999999999870e-01
4.332000000000000295e-01
4.560000000000000164e-01
4.788000000000000034e-01
5.016000000000000458e-01
5.243999999999999773e-01
5.472000000000000197e-01
5.700000000000000622e-01
5.927999999999999936e-01
6.156000000000000361e-01
6.384000000000000785e-01
6.612000000000000099e-01
6.840000000000000524e-01
7.067999999999999838e-01
7.296000000000000263e-01
7.524000000000000687e-01
7.752000000000000002e-01
7.980000000000000426e-01
8.207999999999999741e-01
8.436000000000000165e-01
8.664000000000000590e-01
8.891999999999999904e-01
9.120000000000000329e-01
9.348000000000000753e-01
9.576000000000000068e-01
9.804000000000000492e-01
1.003200000000000092e+00
1.026000000000000023e+00
1.048799999999999955e+00
1.071600000000000108e+00
1.094400000000000039e+00
1.117199999999999971e+00
1.140000000000000124e+00
1.162800000000000056e+00
1.185599999999999987e+00
1.208400000000000141e+00
1.231200000000000072e+00
1.254000000000000004e+00
1.276800000000000157e+00
1.299600000000000088e+00
1.322400000000000020e+00
1.345199999999999951e+00
1.368000000000000105e+00
1.390800000000000036e+00
1.413599999999999968e+00
1.436400000000000121e+00
1.459200000000000053e+00
1.481999999999999984e+00
1.504800000000000137e+00
1.527600000000000069e+00
1.550400000000000000e+00
1.573200000000000154e+00
1.596000000000000085e+00
1.618800000000000017e+00
1.641599999999999948e+00
1.664400000000000102e+00
1.687200000000000033e+00
1.709999999999999964e+00
1.732800000000000118e+00
1.755600000000000049e+00
1.778399999999999981e+00
1.801200000000000134e+00
1.824000000000000066e+00
1.846799999999999997e+00
1.869600000000000151e+00
1.892400000000000082e+00
1.915200000000000014e+00
1.938000000000000167e+00
1.960800000000000098e+00
1.983600000000000030e+00
2.006400000000000183e+00
2.029199999999999893e+00
2.052000000000000046e+00
2.074800000000000200e+00
2.097599999999999909e+00
2.120400000000000063e+00
2.143200000000000216e+00
2.165999999999999925e+00
2.188800000000000079e+00
2.211600000000000232e+00
2.234399999999999942e+00
2.257200000000000095e+00
2.280000000000000249e+00
2.302799999999999958e+00
2.325600000000000112e+00
2.348400000000000265e+00
2.371199999999999974e+00
2.394000000000000128e+00
2.416800000000000281e+00
2.439599999999999991e+00
2.462400000000000144e+00
2.485200000000000298e+00
2.508000000000000007e+00
2.530800000000000161e+00
2.553600000000000314e+00
2.576400000000000023e+00
2.599200000000000177e+00
2.621999999999999886e+00
2.644800000000000040e+00
2.667600000000000193e+00
2.690399999999999903e+00
2.713200000000000056e+00
2.736000000000000210e+00
2.758799999999999919e+00
2.781600000000000072e+00
2.804400000000000226e+00
2.827199999999999935e+00
2.850000000000000089e+00
2.872800000000000242e+00
2.895599999999999952e+00
2.918400000000000105e+00
2.941200000000000259e+00
2.963999999999999968e+00
2.986800000000000122e+00
3.009600000000000275e+00
3.032399999999999984e+00
3.055200000000000138e+00
3.078000000000000291e+00
3.100800000000000001e+00
3.123600000000000154e+00
3.146400000000000308e+00
3.169200000000000017e+00
3.192000000000000171e+00
3.214800000000000324e+00
3.237600000000000033e+00
3.260400000000000187e+00
3.283199999999999896e+00
3.306000000000000050e+00
3.328800000000000203e+00
3.351599999999999913e+00
3.374400000000000066e+00
3.397200000000000220e+00
3.419999999999999929e+00
3.442800000000000082e+00
3.465600000000000236e+00
3.488399999999999945e+00
3.511200000000000099e+00
3.534000000000000252e+00
3.556799999999999962e+00
3.579600000000000115e+00
3.602400000000000269e+00
3.625199999999999978e+00
3.648000000000000131e+00
3.670800000000000285e+00
3.693599999999999994e+00
3.716400000000000148e+00
3.739200000000000301e+00
3.762000000000000011e+00
3.784800000000000164e+00
3.807600000000000318e+00
3.830400000000000027e+00
3.853200000000000180e+00
3.876000000000000334e+00
3.898800000000000043e+00
3.921600000000000197e+00
3.944400000000000350e+00
3.967200000000000060e+00
3.990000000000000213e+00
4.012800000000000367e+00
4.035600000000000520e+00
4.058399999999999785e+00
4.081199999999999939e+00
4.104000000000000092e+00
4.126800000000000246e+00
4.149600000000000399e+00
4.172400000000000553e+00
4.195199999999999818e+00
4.217999999999999972e+00
4.240800000000000125e+00
4.263600000000000279e+00
4.286400000000000432e+00
4.309200000000000585e+00
4.331999999999999851e+00
4.354800000000000004e+00
4.377600000000000158e+00
4.400400000000000311e+00
4.423200000000000465e+00
4.445999999999999730e+00
4.468799999999999883e+00
4.491600000000000037e+00
4.514400000000000190e+00
4.537200000000000344e+00
4.560000000000000497e+00
4.582799999999999763e+00
4.605599999999999916e+00
4.628400000000000070e+00
4.651200000000000223e+00
4.674000000000000377e+00
4.696800000000000530e+00
4.719599999999999795e+00
4.742399999999999949e+00
4.765200000000000102e+00
4.788000000000000256e+00
4.810800000000000409e+00
4.833600000000000563e+00
4.856399999999999828e+00
4.879199999999999982e+00
4.902000000000000135e+00
4.924800000000000288e+00
4.947600000000000442e+00
4.970400000000000595e+00
4.993199999999999861e+00
5.016000000000000014e+00
5.038800000000000168e+00
5.061600000000000321e+00
5.084400000000000475e+00
5.107200000000000628e+00
5.129999999999999893e+00
5.152800000000000047e+00
5.175600000000000200e+00
5.198400000000000354e+00
5.221200000000000507e+00
5.243999999999999773e+00
5.266799999999999926e+00
5.289600000000000080e+00
5.312400000000000233e+00
5.335200000000000387e+00
5.358000000000000540e+00
5.380799999999999805e+00
5.403599999999999959e+00
5.426400000000000112e+00
5.449200000000000266e+00
5.472000000000000419e+00
5.494800000000000573e+00
5.517599999999999838e+00
5.540399999999999991e+00
5.563200000000000145e+00
5.586000000000000298e+00
5.608800000000000452e+00
5.631600000000000605e+00
5.654399999999999871e+00
5.677200000000000024e+00
5.700000000000000178e+00
5.722800000000000331e+00
5.745600000000000485e+00
5.768400000000000638e+00
5.791199999999999903e+00
5.814000000000000057e+00
5.836800000000000210e+00
5.859600000000000364e+00
5.882400000000000517e+00
5.905199999999999783e+00
5.927999999999999936e+00
5.950800000000000090e+00
5.973600000000000243e+00
5.996400000000000396e+00
6.019200000000000550e+00
6.041999999999999815e+00
6.064799999999999969e+00
6.087600000000000122e+00
6.110400000000000276e+00
6.133200000000000429e+00
6.156000000000000583e+00
6.178799999999999848e+00
6.201600000000000001e+00
6.224400000000000155e+00
6.247200000000000308e+00
6.270000000000000462e+00
6.292800000000000615e+00
6.315599999999999881e+00
6.338400000000000034e+00
6.361200000000000188e+00
6.384000000000000341e+00
6.406800000000000495e+00
6.429600000000000648e+00
6.452399999999999913e+00
6.475200000000000067e+00
6.498000000000000220e+00
6.520800000000000374e+00
6.543600000000000527e+00
6.566399999999999793e+00
6.589199999999999946e+00
6.612000000000000099e+00
6.634800000000000253e+00
6.657600000000000406e+00
6.680400000000000560e+00
6.703199999999999825e+00
6.725999999999999979e+00
6.748800000000000132e+00
6.771600000000000286e+00
6.794400000000000439e+00
6.817200000000000593e+00
6.839999999999999858e+00
6.862800000000000011e+00
6.885600000000000165e+00
6.908400000000000318e+00
6.931200000000000472e+00
6.954000000000000625e+00
6.976799999999999891e+00
6.999600000000000044e+00
7.022400000000000198e+00
7.045200000000000351e+00
7.068000000000000504e+00
7.090800000000000658e+00
7.113599999999999923e+00
7.136400000000000077e+00
7.159200000000000230e+00
7.182000000000000384e+00
7.204800000000000537e+00
7.227600000000000691e+00
7.250399999999999956e+00
7.273200000000000109e+00
7.296000000000000263e+00
7.318800000000000416e+00
7.341600000000000570e+00
7.364399999999999835e+00
7.387199999999999989e+00
7.410000000000000142e+00
7.432800000000000296e+00
7.455600000000000449e+00
7.478400000000000603e+00
7.501199999999999868e+00
7.524000000000000021e+00
7.546800000000000175e+00
7.569600000000000328e+00
7.592400000000000482e+00
7.615200000000000635e+00
7.637999999999999901e+00
7.660800000000000054e+00
7.683600000000000207e+00
7.706400000000000361e+00
7.729200000000000514e+00
7.752000000000000668e+00
7.774799999999999933e+00
7.797600000000000087e+00
7.820400000000000240e+00
7.843200000000000394e+00
7.866000000000000547e+00
7.888800000000000701e+00
7.911599999999999966e+00
7.934400000000000119e+00
7.957200000000000273e+00
7.980000000000000426e+00
8.002800000000000580e+00
8.025600000000000733e+00
8.048400000000000887e+00
8.071200000000001040e+00
8.093999999999999417e+00
8.116799999999999571e+00
8.139599999999999724e+00
8.162399999999999878e+00
8.185200000000000031e+00
8.208000000000000185e+00
8.230800000000000338e+00
8.253600000000000492e+00
8.276400000000000645e+00
8.299200000000000799e+00
8.322000000000000952e+00
8.344800000000001106e+00
8.367599999999999483e+00
8.390399999999999636e+00
8.413199999999999790e+00
8.435999999999999943e+00
8.458800000000000097e+00
8.481600000000000250e+00
8.504400000000000404e+00
8.527200000000000557e+00
8.550000000000000711e+00
8.572800000000000864e+00
8.595600000000001017e+00
8.618400000000001171e+00
8.641199999999999548e+00
8.663999999999999702e+00
8.686799999999999855e+00
8.709600000000000009e+00
8.732400000000000162e+00
8.755200000000000315e+00
8.778000000000000469e+00
8.800800000000000622e+00
8.823600000000000776e+00
8.846400000000000929e+00
8.869200000000001083e+00
8.891999999999999460e+00
8.914799999999999613e+00
8.937599999999999767e+00
8.960399999999999920e+00
8.983200000000000074e+00
9.006000000000000227e+00
9.028800000000000381e+00
9.051600000000000534e+00
9.074400000000000688e+00
9.097200000000000841e+00
9.120000000000000995e+00
9.142800000000001148e+00
9.165599999999999525e+00
9.188399999999999679e+00
9.211199999999999832e+00
9.233999999999999986e+00
9.256800000000000139e+00
9.279600000000000293e+00
9.302400000000000446e+00
9.325200000000000600e+00
9.348000000000000753e+00
9.370800000000000907e+00
9.393600000000001060e+00
9.416400000000001214e+00
9.439199999999999591e+00
9.461999999999999744e+00
9.484799999999999898e+00
9.507600000000000051e+00
9.530400000000000205e+00
9.553200000000000358e+00
9.576000000000000512e+00
9.598800000000000665e+00
9.621600000000000819e+00
9.644400000000000972e+00
9.667200000000001125e+00
9.689999999999999503e+00
9.712799999999999656e+00
9.735599999999999810e+00
9.758399999999999963e+00
9.781200000000000117e+00
9.804000000000000270e+00
9.826800000000000423e+00
9.849600000000000577e+00
9.872400000000000730e+00
9.895200000000000884e+00
9.918000000000001037e+00
9.940800000000001191e+00
9.963599999999999568e+00
9.986399999999999721e+00
1.000919999999999987e+01
1.003200000000000003e+01
1.005480000000000018e+01
1.007760000000000034e+01
1.010040000000000049e+01
1.012320000000000064e+01
1.014600000000000080e+01
1.016880000000000095e+01
1.019160000000000110e+01
1.021440000000000126e+01
1.023719999999999963e+01
1.025999999999999979e+01
1.028279999999999994e+01
1.030560000000000009e+01
1.032840000000000025e+01
1.035120000000000040e+01
1.037400000000000055e+01
1.039680000000000071e+01
1.041960000000000086e+01
1.044240000000000101e+01
1.046520000000000117e+01
1.048799999999999955e+01
1.051079999999999970e+01
1.053359999999999985e+01
1.055640000000000001e+01
