-4.066666666666662877e+00
-3.999999999999962252e+00
-6.666666666670077734e-02
0.000000000000000000e+00
6.666666666670077734e-02
1.333333333333068249e-01
2.000000000000075884e-01
2.666666666667083518e-01
3.333333333333143855e-01
4.000000000000151767e-01
4.666666666667159680e-01
5.333333333333220017e-01
6.000000000000227374e-01
6.666666666666287711e-01
7.333333333333296178e-01
8.000000000000303535e-01
8.666666666666363872e-01
9.333333333333371229e-01
1.000000000000037970e+00
1.066666666666644003e+00
1.133333333333344850e+00
1.200000000000045475e+00
1.266666666666651508e+00
1.333333333333352355e+00
1.399999999999958389e+00
1.599999999999965894e+00
1.799999999999973621e+00
1.999999999999981126e+00
2.199999999999988631e+00
2.399999999999996358e+00
2.933333333333318471e+00
3.933333333333356219e+00
4.933333333333299819e+00
5.933333333333337123e+00
1.040000000000001634e+01
2.040000000000001634e+01
5.040000000000001990e+01
