1.080000000000000000e+02
1.080100000000000051e+02
1.085999999999999943e+02
1.086099999999999994e+02
1.086200000000000045e+02
1.086299999999999955e+02
1.086400000000000006e+02
1.086500000000000057e+02
1.086599999999999966e+02
1.086700000000000017e+02
1.086800000000000068e+02
1.086899999999999977e+02
1.087000000000000028e+02
1.087099999999999937e+02
1.087199999999999989e+02
1.087300000000000040e+02
1.087399999999999949e+02
1.087500000000000000e+02
1.087600000000000051e+02
1.087699999999999960e+02
1.087800000000000011e+02
1.087900000000000063e+02
1.087999999999999972e+02
1.088100000000000023e+02
1.088199999999999932e+02
1.088499999999999943e+02
1.088799999999999955e+02
1.089099999999999966e+02
1.089399999999999977e+02
1.089699999999999989e+02
1.090499999999999972e+02
1.092000000000000028e+02
1.093499999999999943e+02
1.095000000000000000e+02
1.101700000000000017e+02
1.116700000000000017e+02
1.161700000000000017e+02
