 #
 # Subroutine ELSEPA. Elastic scattering of electrons and positrons
 #                    by neutral atoms and positive ions
 #
 # Projectile: electron
 # Kinetic energy = 3.70000E+06 eV = 1.35973E+05 a.u.
 #
 # WARNING: High-energy factorization with free-atom DF screening.
 #          Absorption, polarization and exchange corrections are
 #          switched off.
 #          Phase shifts are calculated for the bare nucleus.
 #          Scattering amplitudes are not evaluated.
 #
 # Element: Ar,  Z =  18,  atomic weight = 3.99480E+01 g/mol
 #
 # Nuclear model: Fermi distribution
 #                Average radius = 3.65776E-13 cm
 #                Skin thickness = 5.46000E-14 cm
 #
 # Number of electrons = 18
 #
 # Total elastic cross section = 1.16382E-18 cm**2 = 4.15608E-02 a0**2
 # 1st transport cross section = 2.80767E-23 cm**2 = 1.00264E-06 a0**2
 # 2nd transport cross section = 7.98785E-23 cm**2 = 2.85251E-06 a0**2
 #
 #
 # Differential cross section:                       MU=(1-COS(THETA))/2
 #
 #  THETA        MU          DCS          DCS        Sherman      error
 #  (deg)                 (cm**2/sr)   (a0**2/sr)    function
 #----------------------------------------------------------------------
  0.000E+00  0.00000E+00  1.41632E-13  5.05777E+03  0.00000E+00  1.0E-05
  1.000E-04  7.61557E-13  1.41632E-13  5.05776E+03  0.00000E+00  1.0E-05
  1.250E-04  1.18994E-12  1.41631E-13  5.05775E+03  0.00000E+00  1.0E-05
  1.500E-04  1.71346E-12  1.41631E-13  5.05774E+03  0.00000E+00  1.0E-05
  1.750E-04  2.33225E-12  1.41631E-13  5.05773E+03  0.00000E+00  1.0E-05
  2.000E-04  3.04617E-12  1.41631E-13  5.05772E+03  0.00000E+00  1.0E-05
  2.250E-04  3.85530E-12  1.41630E-13  5.05771E+03  0.00000E+00  1.0E-05
  2.500E-04  4.75964E-12  1.41630E-13  5.05770E+03  0.00000E+00  1.0E-05
  2.750E-04  5.75917E-12  1.41629E-13  5.05768E+03  0.00000E+00  1.0E-05
  3.000E-04  6.85391E-12  1.41629E-13  5.05766E+03  0.00000E+00  1.0E-05
  3.250E-04  8.04379E-12  1.41629E-13  5.05765E+03  0.00000E+00  1.0E-05
  3.500E-04  9.32893E-12  1.41628E-13  5.05763E+03  0.00000E+00  1.0E-05
  3.750E-04  1.07092E-11  1.41627E-13  5.05761E+03  0.00000E+00  1.0E-05
  4.000E-04  1.21847E-11  1.41627E-13  5.05759E+03  0.00000E+00  1.0E-05
  4.250E-04  1.37554E-11  1.41626E-13  5.05756E+03  0.00000E+00  1.0E-05
  4.500E-04  1.54213E-11  1.41625E-13  5.05754E+03  0.00000E+00  1.0E-05
  4.750E-04  1.71823E-11  1.41625E-13  5.05751E+03  0.00000E+00  1.0E-05
  5.000E-04  1.90386E-11  1.41624E-13  5.05749E+03  0.00000E+00  1.0E-05
  5.250E-04  2.09900E-11  1.41623E-13  5.05746E+03  0.00000E+00  1.0E-05
  5.500E-04  2.30367E-11  1.41622E-13  5.05743E+03  0.00000E+00  1.0E-05
  5.750E-04  2.51785E-11  1.41622E-13  5.05740E+03  0.00000E+00  1.0E-05
  6.000E-04  2.74156E-11  1.41621E-13  5.05736E+03  0.00000E+00  1.0E-05
  6.250E-04  2.97478E-11  1.41620E-13  5.05733E+03  0.00000E+00  1.0E-05
  6.500E-04  3.21752E-11  1.41619E-13  5.05730E+03  0.00000E+00  1.0E-05
  6.750E-04  3.46979E-11  1.41618E-13  5.05726E+03  0.00000E+00  1.0E-05
  7.000E-04  3.73157E-11  1.41617E-13  5.05722E+03  0.00000E+00  1.0E-05
  7.250E-04  4.00286E-11  1.41616E-13  5.05718E+03  0.00000E+00  1.0E-05
  7.500E-04  4.28368E-11  1.41614E-13  5.05714E+03  0.00000E+00  1.0E-05
  7.750E-04  4.57402E-11  1.41613E-13  5.05710E+03  0.00000E+00  1.0E-05
  8.000E-04  4.87388E-11  1.41612E-13  5.05706E+03  0.00000E+00  1.0E-05
  8.250E-04  5.18325E-11  1.41611E-13  5.05701E+03  0.00000E+00  1.0E-05
  8.500E-04  5.50215E-11  1.41609E-13  5.05697E+03  0.00000E+00  1.0E-05
  8.750E-04  5.83057E-11  1.41608E-13  5.05692E+03  0.00000E+00  1.0E-05
  9.000E-04  6.16850E-11  1.41607E-13  5.05687E+03  0.00000E+00  1.0E-05
  9.250E-04  6.51595E-11  1.41605E-13  5.05682E+03  0.00000E+00  1.0E-05
  9.500E-04  6.87293E-11  1.41604E-13  5.05677E+03  0.00000E+00  1.0E-05
  9.750E-04  7.23943E-11  1.41602E-13  5.05672E+03  0.00000E+00  1.0E-05
  1.000E-03  7.61544E-11  1.41601E-13  5.05666E+03  0.00000E+00  1.0E-05
  1.250E-03  1.18991E-10  1.41584E-13  5.05605E+03  0.00000E+00  1.0E-05
  1.500E-03  1.71347E-10  1.41563E-13  5.05530E+03  0.00000E+00  1.0E-05
  1.750E-03  2.33223E-10  1.41538E-13  5.05442E+03  0.00000E+00  1.0E-05
  2.000E-03  3.04617E-10  1.41510E-13  5.05340E+03  0.00000E+00  1.0E-05
  2.250E-03  3.85531E-10  1.41477E-13  5.05225E+03  0.00000E+00  1.0E-05
  2.500E-03  4.75965E-10  1.41441E-13  5.05096E+03  0.00000E+00  1.0E-05
  2.750E-03  5.75917E-10  1.41402E-13  5.04954E+03  0.00000E+00  1.0E-05
  3.000E-03  6.85389E-10  1.41358E-13  5.04799E+03  0.00000E+00  1.0E-05
  3.250E-03  8.04380E-10  1.41311E-13  5.04630E+03  0.00000E+00  1.0E-05
  3.500E-03  9.32891E-10  1.41260E-13  5.04448E+03  0.00000E+00  1.0E-05
  3.750E-03  1.07092E-09  1.41205E-13  5.04252E+03  0.00000E+00  1.0E-05
  4.000E-03  1.21847E-09  1.41146E-13  5.04043E+03  0.00000E+00  1.0E-05
  4.250E-03  1.37554E-09  1.41084E-13  5.03821E+03  0.00000E+00  1.0E-05
  4.500E-03  1.54213E-09  1.41018E-13  5.03586E+03  0.00000E+00  1.0E-05
  4.750E-03  1.71823E-09  1.40949E-13  5.03337E+03  0.00000E+00  1.0E-05
  5.000E-03  1.90386E-09  1.40875E-13  5.03075E+03  0.00000E+00  1.0E-05
  5.250E-03  2.09900E-09  1.40798E-13  5.02800E+03  0.00000E+00  1.0E-05
  5.500E-03  2.30367E-09  1.40718E-13  5.02512E+03  0.00000E+00  1.0E-05
  5.750E-03  2.51785E-09  1.40633E-13  5.02211E+03  0.00000E+00  1.0E-05
  6.000E-03  2.74156E-09  1.40545E-13  5.01897E+03  0.00000E+00  1.0E-05
  6.250E-03  2.97478E-09  1.40454E-13  5.01569E+03  0.00000E+00  1.0E-05
  6.500E-03  3.21752E-09  1.40358E-13  5.01228E+03  0.00000E+00  1.0E-05
  6.750E-03  3.46978E-09  1.40259E-13  5.00876E+03  0.00000E+00  1.0E-05
  7.000E-03  3.73156E-09  1.40157E-13  5.00509E+03  0.00000E+00  1.0E-05
  7.250E-03  4.00286E-09  1.40050E-13  5.00129E+03  0.00000E+00  1.0E-05
  7.500E-03  4.28368E-09  1.39941E-13  4.99737E+03  0.00000E+00  1.0E-05
  7.750E-03  4.57402E-09  1.39827E-13  4.99333E+03  0.00000E+00  1.0E-05
  8.000E-03  4.87388E-09  1.39710E-13  4.98914E+03  0.00000E+00  1.0E-05
  8.250E-03  5.18326E-09  1.39590E-13  4.98484E+03  0.00000E+00  1.0E-05
  8.500E-03  5.50215E-09  1.39466E-13  4.98042E+03  0.00000E+00  1.0E-05
  8.750E-03  5.83057E-09  1.39338E-13  4.97585E+03  0.00000E+00  1.0E-05
  9.000E-03  6.16850E-09  1.39207E-13  4.97116E+03  0.00000E+00  1.0E-05
  9.250E-03  6.51596E-09  1.39072E-13  4.96636E+03  0.00000E+00  1.0E-05
  9.500E-03  6.87293E-09  1.38934E-13  4.96143E+03  0.00000E+00  1.0E-05
  9.750E-03  7.23942E-09  1.38792E-13  4.95636E+03  0.00000E+00  1.0E-05
  1.000E-02  7.61544E-09  1.38647E-13  4.95118E+03  0.00000E+00  1.0E-05
  1.250E-02  1.18991E-08  1.37009E-13  4.89268E+03  0.00000E+00  1.0E-05
  1.500E-02  1.71347E-08  1.35043E-13  4.82248E+03  0.00000E+00  1.0E-05
  1.750E-02  2.33223E-08  1.32771E-13  4.74133E+03  0.00000E+00  1.0E-05
  2.000E-02  3.04617E-08  1.30214E-13  4.65004E+03  0.00000E+00  1.0E-05
  2.250E-02  3.85531E-08  1.27399E-13  4.54951E+03  0.00000E+00  1.0E-05
  2.500E-02  4.75965E-08  1.24352E-13  4.44070E+03  0.00000E+00  1.0E-05
  2.750E-02  5.75917E-08  1.21101E-13  4.32461E+03  0.00000E+00  1.0E-05
  3.000E-02  6.85389E-08  1.17675E-13  4.20225E+03  0.00000E+00  1.0E-05
  3.250E-02  8.04380E-08  1.14102E-13  4.07465E+03  0.00000E+00  1.0E-05
  3.500E-02  9.32891E-08  1.10271E-13  3.93786E+03  0.00000E+00  1.0E-05
  3.750E-02  1.07092E-07  1.06299E-13  3.79602E+03  0.00000E+00  1.0E-05
  4.000E-02  1.21847E-07  1.02502E-13  3.66040E+03  0.00000E+00  1.0E-05
  4.250E-02  1.37554E-07  9.88908E-14  3.53145E+03  0.00000E+00  1.0E-05
  4.500E-02  1.54213E-07  9.47084E-14  3.38210E+03  0.00000E+00  1.0E-05
  4.750E-02  1.71823E-07  9.07736E-14  3.24158E+03  0.00000E+00  1.0E-05
  5.000E-02  1.90386E-07  8.70894E-14  3.11002E+03  0.00000E+00  1.0E-05
  5.250E-02  2.09900E-07  8.32193E-14  2.97181E+03  0.00000E+00  1.0E-05
  5.500E-02  2.30367E-07  7.93346E-14  2.83309E+03  0.00000E+00  1.0E-05
  5.750E-02  2.51785E-07  7.57330E-14  2.70447E+03  0.00000E+00  1.0E-05
  6.000E-02  2.74156E-07  7.22786E-14  2.58111E+03  0.00000E+00  1.0E-05
  6.250E-02  2.97478E-07  6.85941E-14  2.44954E+03  0.00000E+00  1.0E-05
  6.500E-02  3.21752E-07  6.51985E-14  2.32828E+03  0.00000E+00  1.0E-05
  6.750E-02  3.46978E-07  6.20689E-14  2.21652E+03  0.00000E+00  1.0E-05
  7.000E-02  3.73156E-07  5.87995E-14  2.09977E+03  0.00000E+00  1.0E-05
  7.250E-02  4.00286E-07  5.56942E-14  1.98888E+03  0.00000E+00  1.0E-05
  7.500E-02  4.28368E-07  5.28402E-14  1.88696E+03  0.00000E+00  1.0E-05
  7.750E-02  4.57402E-07  5.00694E-14  1.78801E+03  0.00000E+00  1.0E-05
  8.000E-02  4.87388E-07  4.73002E-14  1.68912E+03  0.00000E+00  1.0E-05
  8.250E-02  5.18325E-07  4.47581E-14  1.59834E+03  0.00000E+00  1.0E-05
  8.500E-02  5.50215E-07  4.24220E-14  1.51492E+03  0.00000E+00  1.0E-05
  8.750E-02  5.83057E-07  4.00082E-14  1.42872E+03  0.00000E+00  1.0E-05
  9.000E-02  6.16850E-07  3.77873E-14  1.34941E+03  0.00000E+00  1.0E-05
  9.250E-02  6.51596E-07  3.57461E-14  1.27652E+03  0.00000E+00  1.0E-05
  9.500E-02  6.87293E-07  3.37541E-14  1.20538E+03  0.00000E+00  1.0E-05
  9.750E-02  7.23942E-07  3.18437E-14  1.13716E+03  0.00000E+00  1.0E-05
  1.000E-01  7.61543E-07  3.00864E-14  1.07440E+03  0.00000E+00  1.0E-05
  1.250E-01  1.18991E-06  1.70350E-14  6.08333E+02  0.00000E+00  1.0E-05
  1.500E-01  1.71347E-06  9.93455E-15  3.54769E+02  0.00000E+00  1.0E-05
  1.750E-01  2.33223E-06  6.07364E-15  2.16894E+02  0.00000E+00  1.0E-05
  2.000E-01  3.04617E-06  3.91412E-15  1.39776E+02  0.00000E+00  1.0E-05
  2.250E-01  3.85531E-06  2.65361E-15  9.47623E+01  0.00000E+00  1.0E-05
  2.500E-01  4.75964E-06  1.88064E-15  6.71588E+01  0.00000E+00  1.0E-05
  2.750E-01  5.75916E-06  1.38297E-15  4.93866E+01  0.00000E+00  1.0E-05
  3.000E-01  6.85388E-06  1.04769E-15  3.74137E+01  0.00000E+00  1.0E-05
  3.250E-01  8.04378E-06  8.12523E-16  2.90157E+01  0.00000E+00  1.0E-05
  3.500E-01  9.32888E-06  6.41086E-16  2.28936E+01  0.00000E+00  1.0E-05
  3.750E-01  1.07092E-05  5.14562E-16  1.83754E+01  0.00000E+00  1.0E-05
  4.000E-01  1.21846E-05  4.17043E-16  1.48929E+01  0.00000E+00  1.0E-05
  4.250E-01  1.37553E-05  3.41602E-16  1.21988E+01  0.00000E+00  1.0E-05
  4.500E-01  1.54212E-05  2.82414E-16  1.00852E+01  0.00000E+00  1.0E-05
  4.750E-01  1.71822E-05  2.35252E-16  8.40099E+00  0.00000E+00  1.0E-05
  5.000E-01  1.90385E-05  1.96969E-16  7.03390E+00  0.00000E+00  1.0E-05
  5.250E-01  2.09899E-05  1.66049E-16  5.92973E+00  0.00000E+00  1.0E-05
  5.500E-01  2.30365E-05  1.40832E-16  5.02921E+00  0.00000E+00  1.0E-05
  5.750E-01  2.51783E-05  1.20036E-16  4.28658E+00  0.00000E+00  1.0E-05
  6.000E-01  2.74153E-05  1.02776E-16  3.67021E+00  0.00000E+00  1.0E-05
  6.250E-01  2.97475E-05  8.84535E-17  3.15873E+00  0.00000E+00  1.0E-05
  6.500E-01  3.21749E-05  7.64912E-17  2.73155E+00  0.00000E+00  1.0E-05
  6.750E-01  3.46974E-05  6.64154E-17  2.37174E+00  0.00000E+00  1.0E-05
  7.000E-01  3.73152E-05  5.79088E-17  2.06796E+00  0.00000E+00  1.0E-05
  7.250E-01  4.00281E-05  5.07054E-17  1.81072E+00  0.00000E+00  1.0E-05
  7.500E-01  4.28362E-05  4.45742E-17  1.59177E+00  0.00000E+00  1.0E-05
  7.750E-01  4.57395E-05  3.93210E-17  1.40418E+00  0.00000E+00  1.0E-05
  8.000E-01  4.87380E-05  3.48129E-17  1.24319E+00  0.00000E+00  1.0E-05
  8.250E-01  5.18317E-05  3.09294E-17  1.10451E+00  0.00000E+00  1.0E-05
  8.500E-01  5.50205E-05  2.75698E-17  9.84536E-01  0.00000E+00  1.0E-05
  8.750E-01  5.83045E-05  2.46494E-17  8.80244E-01  0.00000E+00  1.0E-05
  9.000E-01  6.16838E-05  2.21060E-17  7.89419E-01  0.00000E+00  1.0E-05
  9.250E-01  6.51582E-05  1.98828E-17  7.10029E-01  0.00000E+00  1.0E-05
  9.500E-01  6.87277E-05  1.79325E-17  6.40380E-01  0.00000E+00  1.0E-05
  9.750E-01  7.23925E-05  1.62155E-17  5.79065E-01  0.00000E+00  1.0E-05
  1.000E+00  7.61524E-05  1.47002E-17  5.24952E-01  0.00000E+00  1.5E-05
  1.100E+00  9.21439E-05  1.01600E-17  3.62819E-01  0.00000E+00  1.1E-05
  1.200E+00  1.09658E-04  7.25302E-18  2.59010E-01  0.00000E+00  6.1E-06
  1.300E+00  1.28695E-04  5.32103E-18  1.90017E-01  0.00000E+00  1.2E-06
  1.400E+00  1.49255E-04  3.99508E-18  1.42667E-01  0.00000E+00  2.5E-06
  1.500E+00  1.71338E-04  3.05971E-18  1.09264E-01  0.00000E+00  4.4E-06
  1.600E+00  1.94942E-04  2.38390E-18  8.51306E-02  0.00000E+00  4.7E-06
  1.700E+00  2.20070E-04  1.88542E-18  6.73295E-02  0.00000E+00  3.7E-06
  1.800E+00  2.46720E-04  1.51098E-18  5.39580E-02  0.00000E+00  2.1E-06
  1.900E+00  2.74892E-04  1.22518E-18  4.37521E-02  0.00000E+00  3.3E-07
  2.000E+00  3.04586E-04  1.00393E-18  3.58509E-02  0.00000E+00  1.2E-06
  2.100E+00  3.35803E-04  8.30433E-19  2.96553E-02  0.00000E+00  2.0E-06
  2.200E+00  3.68542E-04  6.92832E-19  2.47415E-02  0.00000E+00  2.1E-06
  2.300E+00  4.02802E-04  5.82557E-19  2.08035E-02  0.00000E+00  1.7E-06
  2.400E+00  4.38585E-04  4.93345E-19  1.76177E-02  0.00000E+00  9.5E-07
  2.500E+00  4.75889E-04  4.20548E-19  1.50180E-02  0.00000E+00  1.0E-07
  2.600E+00  5.14715E-04  3.60671E-19  1.28798E-02  0.00000E+00  6.7E-07
  2.700E+00  5.55063E-04  3.11062E-19  1.11082E-02  0.00000E+00  1.1E-06
  2.800E+00  5.96931E-04  2.69679E-19  9.63040E-03  0.00000E+00  1.2E-06
  2.900E+00  6.40321E-04  2.34941E-19  8.38988E-03  0.00000E+00  9.3E-07
  3.000E+00  6.85233E-04  2.05609E-19  7.34243E-03  0.00000E+00  5.0E-07
  3.100E+00  7.31665E-04  1.80706E-19  6.45314E-03  0.00000E+00  1.0E-07
  3.200E+00  7.79618E-04  1.59455E-19  5.69425E-03  0.00000E+00  4.4E-07
  3.300E+00  8.29092E-04  1.41232E-19  5.04350E-03  0.00000E+00  6.8E-07
  3.400E+00  8.80086E-04  1.25536E-19  4.48296E-03  0.00000E+00  7.1E-07
  3.500E+00  9.32601E-04  1.11956E-19  3.99802E-03  0.00000E+00  5.7E-07
  3.600E+00  9.86636E-04  1.00161E-19  3.57683E-03  0.00000E+00  2.9E-07
  3.700E+00  1.04219E-03  8.98781E-20  3.20961E-03  0.00000E+00  1.0E-07
  3.800E+00  1.09927E-03  8.08798E-20  2.88827E-03  0.00000E+00  3.1E-07
  3.900E+00  1.15786E-03  7.29789E-20  2.60612E-03  0.00000E+00  4.6E-07
  4.000E+00  1.21797E-03  6.60183E-20  2.35755E-03  0.00000E+00  4.7E-07
  4.100E+00  1.27961E-03  5.98672E-20  2.13790E-03  0.00000E+00  3.7E-07
  4.200E+00  1.34276E-03  5.44157E-20  1.94322E-03  0.00000E+00  1.8E-07
  4.300E+00  1.40743E-03  4.95704E-20  1.77019E-03  0.00000E+00  1.0E-07
  4.400E+00  1.47362E-03  4.52524E-20  1.61599E-03  0.00000E+00  2.3E-07
  4.500E+00  1.54133E-03  4.13943E-20  1.47822E-03  0.00000E+00  3.3E-07
  4.600E+00  1.61056E-03  3.79384E-20  1.35481E-03  0.00000E+00  3.3E-07
  4.700E+00  1.68131E-03  3.48357E-20  1.24401E-03  0.00000E+00  2.5E-07
  4.800E+00  1.75357E-03  3.20438E-20  1.14431E-03  0.00000E+00  1.2E-07
  4.900E+00  1.82735E-03  2.95261E-20  1.05440E-03  0.00000E+00  1.0E-07
  5.000E+00  1.90265E-03  2.72509E-20  9.73147E-04  0.00000E+00  1.8E-07
  5.100E+00  1.97947E-03  2.51907E-20  8.99575E-04  0.00000E+00  2.4E-07
  5.200E+00  2.05780E-03  2.33215E-20  8.32826E-04  0.00000E+00  2.4E-07
  5.300E+00  2.13765E-03  2.16226E-20  7.72158E-04  0.00000E+00  1.8E-07
  5.400E+00  2.21902E-03  2.00757E-20  7.16917E-04  0.00000E+00  1.0E-07
  5.500E+00  2.30190E-03  1.86648E-20  6.66531E-04  0.00000E+00  1.0E-07
  5.600E+00  2.38630E-03  1.73757E-20  6.20497E-04  0.00000E+00  1.4E-07
  5.700E+00  2.47222E-03  1.61960E-20  5.78371E-04  0.00000E+00  1.9E-07
  5.800E+00  2.55965E-03  1.51149E-20  5.39763E-04  0.00000E+00  1.8E-07
  5.900E+00  2.64859E-03  1.41226E-20  5.04326E-04  0.00000E+00  1.3E-07
  6.000E+00  2.73905E-03  1.32104E-20  4.71751E-04  0.00000E+00  1.0E-07
  6.100E+00  2.83103E-03  1.23708E-20  4.41768E-04  0.00000E+00  1.0E-07
  6.200E+00  2.92452E-03  1.15968E-20  4.14130E-04  0.00000E+00  1.1E-07
  6.300E+00  3.01952E-03  1.08826E-20  3.88623E-04  0.00000E+00  1.5E-07
  6.400E+00  3.11604E-03  1.02225E-20  3.65052E-04  0.00000E+00  1.4E-07
  6.500E+00  3.21407E-03  9.61177E-21  3.43242E-04  0.00000E+00  1.0E-07
  6.600E+00  3.31362E-03  9.04603E-21  3.23040E-04  0.00000E+00  1.0E-07
  6.700E+00  3.41468E-03  8.52136E-21  3.04303E-04  0.00000E+00  1.0E-07
  6.800E+00  3.51725E-03  8.03422E-21  2.86907E-04  0.00000E+00  1.0E-07
  6.900E+00  3.62133E-03  7.58145E-21  2.70738E-04  0.00000E+00  1.2E-07
  7.000E+00  3.72692E-03  7.16017E-21  2.55694E-04  0.00000E+00  1.1E-07
  7.100E+00  3.83403E-03  6.76778E-21  2.41682E-04  0.00000E+00  1.0E-07
  7.200E+00  3.94265E-03  6.40195E-21  2.28618E-04  0.00000E+00  1.0E-07
  7.300E+00  4.05278E-03  6.06054E-21  2.16426E-04  0.00000E+00  1.0E-07
  7.400E+00  4.16442E-03  5.74162E-21  2.05037E-04  0.00000E+00  1.0E-07
  7.500E+00  4.27757E-03  5.44343E-21  1.94389E-04  0.00000E+00  1.0E-07
  7.600E+00  4.39223E-03  5.16439E-21  1.84424E-04  0.00000E+00  1.0E-07
  7.700E+00  4.50840E-03  4.90302E-21  1.75090E-04  0.00000E+00  1.0E-07
  7.800E+00  4.62608E-03  4.65801E-21  1.66341E-04  0.00000E+00  1.0E-07
  7.900E+00  4.74527E-03  4.42814E-21  1.58132E-04  0.00000E+00  1.0E-07
  8.000E+00  4.86597E-03  4.21230E-21  1.50424E-04  0.00000E+00  1.0E-07
  8.100E+00  4.98817E-03  4.00947E-21  1.43181E-04  0.00000E+00  1.0E-07
  8.200E+00  5.11188E-03  3.81872E-21  1.36369E-04  0.00000E+00  1.0E-07
  8.300E+00  5.23711E-03  3.63920E-21  1.29958E-04  0.00000E+00  1.0E-07
  8.400E+00  5.36383E-03  3.47013E-21  1.23921E-04  0.00000E+00  1.0E-07
  8.500E+00  5.49207E-03  3.31078E-21  1.18230E-04  0.00000E+00  1.0E-07
  8.600E+00  5.62181E-03  3.16049E-21  1.12863E-04  0.00000E+00  1.0E-07
  8.700E+00  5.75306E-03  3.01865E-21  1.07798E-04  0.00000E+00  1.0E-07
  8.800E+00  5.88581E-03  2.88469E-21  1.03014E-04  0.00000E+00  1.0E-07
  8.900E+00  6.02007E-03  2.75810E-21  9.84934E-05  0.00000E+00  1.0E-07
  9.000E+00  6.15583E-03  2.63838E-21  9.42184E-05  0.00000E+00  1.0E-07
  9.100E+00  6.29310E-03  2.52511E-21  9.01733E-05  0.00000E+00  1.0E-07
  9.200E+00  6.43187E-03  2.41786E-21  8.63433E-05  0.00000E+00  1.0E-07
  9.300E+00  6.57214E-03  2.31625E-21  8.27149E-05  0.00000E+00  1.0E-07
  9.400E+00  6.71392E-03  2.21994E-21  7.92756E-05  0.00000E+00  1.0E-07
  9.500E+00  6.85720E-03  2.12859E-21  7.60135E-05  0.00000E+00  1.0E-07
  9.600E+00  7.00198E-03  2.04191E-21  7.29178E-05  0.00000E+00  1.0E-07
  9.700E+00  7.14827E-03  1.95960E-21  6.99784E-05  0.00000E+00  1.0E-07
  9.800E+00  7.29605E-03  1.88140E-21  6.71860E-05  0.00000E+00  1.0E-07
  9.900E+00  7.44534E-03  1.80708E-21  6.45318E-05  0.00000E+00  1.0E-07
  1.000E+01  7.59612E-03  1.73639E-21  6.20077E-05  0.00000E+00  1.0E-07
  1.025E+01  7.97965E-03  1.57426E-21  5.62178E-05  0.00000E+00  1.0E-07
  1.050E+01  8.37255E-03  1.43065E-21  5.10895E-05  0.00000E+00  1.0E-07
  1.075E+01  8.77480E-03  1.30309E-21  4.65340E-05  0.00000E+00  1.0E-07
  1.100E+01  9.18641E-03  1.18946E-21  4.24763E-05  0.00000E+00  1.0E-07
  1.125E+01  9.60736E-03  1.08797E-21  3.88522E-05  0.00000E+00  1.0E-07
  1.150E+01  1.00376E-02  9.97108E-22  3.56074E-05  0.00000E+00  1.0E-07
  1.175E+01  1.04773E-02  9.15549E-22  3.26949E-05  0.00000E+00  1.0E-07
  1.200E+01  1.09262E-02  8.42167E-22  3.00743E-05  0.00000E+00  1.0E-07
  1.225E+01  1.13844E-02  7.76008E-22  2.77118E-05  0.00000E+00  1.0E-07
  1.250E+01  1.18520E-02  7.16235E-22  2.55772E-05  0.00000E+00  1.0E-07
  1.275E+01  1.23288E-02  6.62121E-22  2.36448E-05  0.00000E+00  1.0E-07
  1.300E+01  1.28150E-02  6.13035E-22  2.18919E-05  0.00000E+00  1.0E-07
  1.325E+01  1.33104E-02  5.68425E-22  2.02988E-05  0.00000E+00  1.0E-07
  1.350E+01  1.38150E-02  5.27809E-22  1.88484E-05  0.00000E+00  1.0E-07
  1.375E+01  1.43290E-02  4.90765E-22  1.75255E-05  0.00000E+00  1.0E-07
  1.400E+01  1.48521E-02  4.56923E-22  1.63170E-05  0.00000E+00  1.0E-07
  1.425E+01  1.53845E-02  4.25954E-22  1.52111E-05  0.00000E+00  1.0E-07
  1.450E+01  1.59262E-02  3.97572E-22  1.41976E-05  0.00000E+00  1.0E-07
  1.475E+01  1.64770E-02  3.71521E-22  1.32672E-05  0.00000E+00  1.0E-07
  1.500E+01  1.70371E-02  3.47573E-22  1.24121E-05  0.00000E+00  1.0E-07
  1.525E+01  1.76063E-02  3.25529E-22  1.16249E-05  0.00000E+00  1.0E-07
  1.550E+01  1.81848E-02  3.05209E-22  1.08992E-05  0.00000E+00  1.0E-07
  1.575E+01  1.87724E-02  2.86454E-22  1.02295E-05  0.00000E+00  1.0E-07
  1.600E+01  1.93692E-02  2.69121E-22  9.61050E-06  0.00000E+00  1.0E-07
  1.625E+01  1.99751E-02  2.53083E-22  9.03775E-06  0.00000E+00  1.0E-07
  1.650E+01  2.05901E-02  2.38224E-22  8.50714E-06  0.00000E+00  1.0E-07
  1.675E+01  2.12143E-02  2.24443E-22  8.01500E-06  0.00000E+00  1.0E-07
  1.700E+01  2.18476E-02  2.11646E-22  7.55801E-06  0.00000E+00  1.0E-07
  1.725E+01  2.24900E-02  1.99750E-22  7.13320E-06  0.00000E+00  1.0E-07
  1.750E+01  2.31415E-02  1.88680E-22  6.73790E-06  0.00000E+00  1.0E-07
  1.775E+01  2.38021E-02  1.78369E-22  6.36966E-06  0.00000E+00  1.0E-07
  1.800E+01  2.44717E-02  1.68753E-22  6.02629E-06  0.00000E+00  1.0E-07
  1.825E+01  2.51504E-02  1.59779E-22  5.70580E-06  0.00000E+00  1.0E-07
  1.850E+01  2.58382E-02  1.51394E-22  5.40638E-06  0.00000E+00  1.0E-07
  1.875E+01  2.65349E-02  1.43553E-22  5.12638E-06  0.00000E+00  1.0E-07
  1.900E+01  2.72407E-02  1.36215E-22  4.86432E-06  0.00000E+00  1.0E-07
  1.925E+01  2.79555E-02  1.29340E-22  4.61883E-06  0.00000E+00  1.0E-07
  1.950E+01  2.86793E-02  1.22895E-22  4.38866E-06  0.00000E+00  1.0E-07
  1.975E+01  2.94120E-02  1.16847E-22  4.17267E-06  0.00000E+00  1.0E-07
  2.000E+01  3.01537E-02  1.11167E-22  3.96984E-06  0.00000E+00  1.0E-07
  2.025E+01  3.09043E-02  1.05829E-22  3.77921E-06  0.00000E+00  1.0E-07
  2.050E+01  3.16639E-02  1.00808E-22  3.59990E-06  0.00000E+00  1.0E-07
  2.075E+01  3.24324E-02  9.60813E-23  3.43112E-06  0.00000E+00  1.0E-07
  2.100E+01  3.32098E-02  9.16293E-23  3.27214E-06  0.00000E+00  1.0E-07
  2.125E+01  3.39961E-02  8.74326E-23  3.12227E-06  0.00000E+00  1.0E-07
  2.150E+01  3.47912E-02  8.34738E-23  2.98090E-06  0.00000E+00  1.0E-07
  2.175E+01  3.55952E-02  7.97370E-23  2.84746E-06  0.00000E+00  1.0E-07
  2.200E+01  3.64081E-02  7.62072E-23  2.72141E-06  0.00000E+00  1.0E-07
  2.225E+01  3.72297E-02  7.28709E-23  2.60227E-06  0.00000E+00  1.0E-07
  2.250E+01  3.80602E-02  6.97155E-23  2.48959E-06  0.00000E+00  1.0E-07
  2.275E+01  3.88995E-02  6.67292E-23  2.38294E-06  0.00000E+00  1.0E-07
  2.300E+01  3.97476E-02  6.39014E-23  2.28196E-06  0.00000E+00  1.0E-07
  2.325E+01  4.06044E-02  6.12220E-23  2.18628E-06  0.00000E+00  1.0E-07
  2.350E+01  4.14700E-02  5.86817E-23  2.09556E-06  0.00000E+00  1.0E-07
  2.375E+01  4.23443E-02  5.62719E-23  2.00951E-06  0.00000E+00  1.0E-07
  2.400E+01  4.32273E-02  5.39847E-23  1.92783E-06  0.00000E+00  1.0E-07
  2.425E+01  4.41190E-02  5.18127E-23  1.85027E-06  0.00000E+00  1.0E-07
  2.450E+01  4.50194E-02  4.97489E-23  1.77657E-06  0.00000E+00  1.0E-07
  2.475E+01  4.59284E-02  4.77869E-23  1.70650E-06  0.00000E+00  1.0E-07
  2.500E+01  4.68461E-02  4.59208E-23  1.63986E-06  0.00000E+00  1.0E-07
  2.550E+01  4.87074E-02  4.24542E-23  1.51607E-06  0.00000E+00  1.0E-07
  2.600E+01  5.06030E-02  3.93087E-23  1.40374E-06  0.00000E+00  1.0E-07
  2.650E+01  5.25328E-02  3.64494E-23  1.30163E-06  0.00000E+00  1.0E-07
  2.700E+01  5.44967E-02  3.38454E-23  1.20864E-06  0.00000E+00  1.0E-07
  2.750E+01  5.64946E-02  3.14698E-23  1.12381E-06  0.00000E+00  1.0E-07
  2.800E+01  5.85262E-02  2.92990E-23  1.04629E-06  0.00000E+00  1.0E-07
  2.850E+01  6.05914E-02  2.73121E-23  9.75334E-07  0.00000E+00  1.0E-07
  2.900E+01  6.26901E-02  2.54908E-23  9.10292E-07  0.00000E+00  1.0E-07
  2.950E+01  6.48222E-02  2.38186E-23  8.50578E-07  0.00000E+00  1.0E-07
  3.000E+01  6.69873E-02  2.22812E-23  7.95676E-07  0.00000E+00  1.0E-07
  3.050E+01  6.91854E-02  2.08657E-23  7.45128E-07  0.00000E+00  1.0E-07
  3.100E+01  7.14163E-02  1.95607E-23  6.98526E-07  0.00000E+00  1.0E-07
  3.150E+01  7.36799E-02  1.83560E-23  6.55504E-07  0.00000E+00  1.0E-07
  3.200E+01  7.59760E-02  1.72424E-23  6.15737E-07  0.00000E+00  1.0E-07
  3.250E+01  7.83043E-02  1.62118E-23  5.78935E-07  0.00000E+00  1.0E-07
  3.300E+01  8.06647E-02  1.52569E-23  5.44834E-07  0.00000E+00  1.0E-07
  3.350E+01  8.30571E-02  1.43711E-23  5.13202E-07  0.00000E+00  1.0E-07
  3.400E+01  8.54812E-02  1.35485E-23  4.83825E-07  0.00000E+00  1.0E-07
  3.450E+01  8.79369E-02  1.27837E-23  4.56513E-07  0.00000E+00  1.0E-07
  3.500E+01  9.04240E-02  1.20719E-23  4.31096E-07  0.00000E+00  1.0E-07
  3.550E+01  9.29422E-02  1.14088E-23  4.07415E-07  0.00000E+00  1.0E-07
  3.600E+01  9.54915E-02  1.07904E-23  3.85333E-07  0.00000E+00  1.0E-07
  3.650E+01  9.80716E-02  1.02132E-23  3.64719E-07  0.00000E+00  1.0E-07
  3.700E+01  1.00682E-01  9.67385E-24  3.45459E-07  0.00000E+00  1.0E-07
  3.750E+01  1.03323E-01  9.16948E-24  3.27448E-07  0.00000E+00  1.0E-07
  3.800E+01  1.05995E-01  8.69737E-24  3.10589E-07  0.00000E+00  1.0E-07
  3.850E+01  1.08696E-01  8.25509E-24  2.94795E-07  0.00000E+00  1.0E-07
  3.900E+01  1.11427E-01  7.84040E-24  2.79986E-07  0.00000E+00  1.0E-07
  3.950E+01  1.14188E-01  7.45125E-24  2.66089E-07  0.00000E+00  1.0E-07
  4.000E+01  1.16978E-01  7.08579E-24  2.53038E-07  0.00000E+00  1.0E-07
  4.050E+01  1.19797E-01  6.74230E-24  2.40772E-07  0.00000E+00  1.0E-07
  4.100E+01  1.22645E-01  6.41921E-24  2.29234E-07  0.00000E+00  1.0E-07
  4.150E+01  1.25522E-01  6.11509E-24  2.18374E-07  0.00000E+00  1.0E-07
  4.200E+01  1.28428E-01  5.82862E-24  2.08144E-07  0.00000E+00  1.0E-07
  4.250E+01  1.31361E-01  5.55859E-24  1.98501E-07  0.00000E+00  1.0E-07
  4.300E+01  1.34323E-01  5.30387E-24  1.89405E-07  0.00000E+00  1.0E-07
  4.350E+01  1.37313E-01  5.06343E-24  1.80818E-07  0.00000E+00  1.0E-07
  4.400E+01  1.40330E-01  4.83633E-24  1.72708E-07  0.00000E+00  1.0E-07
  4.450E+01  1.43375E-01  4.62168E-24  1.65043E-07  0.00000E+00  1.0E-07
  4.500E+01  1.46447E-01  4.41868E-24  1.57794E-07  0.00000E+00  1.0E-07
  4.550E+01  1.49545E-01  4.22658E-24  1.50934E-07  0.00000E+00  1.0E-07
  4.600E+01  1.52671E-01  4.04468E-24  1.44438E-07  0.00000E+00  1.0E-07
  4.650E+01  1.55823E-01  3.87234E-24  1.38284E-07  0.00000E+00  1.0E-07
  4.700E+01  1.59001E-01  3.70896E-24  1.32449E-07  0.00000E+00  1.0E-07
  4.750E+01  1.62205E-01  3.55400E-24  1.26915E-07  0.00000E+00  1.0E-07
  4.800E+01  1.65435E-01  3.40693E-24  1.21664E-07  0.00000E+00  1.0E-07
  4.850E+01  1.68690E-01  3.26728E-24  1.16677E-07  0.00000E+00  1.0E-07
  4.900E+01  1.71970E-01  3.13461E-24  1.11939E-07  0.00000E+00  1.0E-07
  4.950E+01  1.75276E-01  3.00849E-24  1.07435E-07  0.00000E+00  1.0E-07
  5.000E+01  1.78606E-01  2.88856E-24  1.03152E-07  0.00000E+00  1.0E-07
  5.050E+01  1.81961E-01  2.77445E-24  9.90772E-08  0.00000E+00  1.0E-07
  5.100E+01  1.85340E-01  2.66581E-24  9.51979E-08  0.00000E+00  1.0E-07
  5.150E+01  1.88743E-01  2.56235E-24  9.15033E-08  0.00000E+00  1.0E-07
  5.200E+01  1.92169E-01  2.46377E-24  8.79828E-08  0.00000E+00  1.0E-07
  5.250E+01  1.95619E-01  2.36979E-24  8.46269E-08  0.00000E+00  1.0E-07
  5.300E+01  1.99092E-01  2.28017E-24  8.14263E-08  0.00000E+00  1.0E-07
  5.350E+01  2.02589E-01  2.19465E-24  7.83726E-08  0.00000E+00  1.0E-07
  5.400E+01  2.06107E-01  2.11303E-24  7.54577E-08  0.00000E+00  1.0E-07
  5.450E+01  2.09649E-01  2.03508E-24  7.26741E-08  0.00000E+00  1.0E-07
  5.500E+01  2.13212E-01  1.96062E-24  7.00150E-08  0.00000E+00  1.0E-07
  5.550E+01  2.16797E-01  1.88945E-24  6.74735E-08  0.00000E+00  1.0E-07
  5.600E+01  2.20404E-01  1.82141E-24  6.50437E-08  0.00000E+00  1.0E-07
  5.650E+01  2.24032E-01  1.75633E-24  6.27196E-08  0.00000E+00  1.0E-07
  5.700E+01  2.27680E-01  1.69406E-24  6.04958E-08  0.00000E+00  1.0E-07
  5.750E+01  2.31350E-01  1.63445E-24  5.83672E-08  0.00000E+00  1.0E-07
  5.800E+01  2.35040E-01  1.57737E-24  5.63290E-08  0.00000E+00  1.0E-07
  5.850E+01  2.38751E-01  1.52270E-24  5.43765E-08  0.00000E+00  1.0E-07
  5.900E+01  2.42481E-01  1.47031E-24  5.25056E-08  0.00000E+00  1.0E-07
  5.950E+01  2.46231E-01  1.42009E-24  5.07122E-08  0.00000E+00  1.0E-07
  6.000E+01  2.50000E-01  1.37193E-24  4.89925E-08  0.00000E+00  1.0E-07
  6.050E+01  2.53788E-01  1.32573E-24  4.73428E-08  0.00000E+00  1.0E-07
  6.100E+01  2.57595E-01  1.28141E-24  4.57599E-08  0.00000E+00  1.0E-07
  6.150E+01  2.61421E-01  1.23886E-24  4.42405E-08  0.00000E+00  1.0E-07
  6.200E+01  2.65264E-01  1.19801E-24  4.27816E-08  0.00000E+00  1.0E-07
  6.250E+01  2.69126E-01  1.15877E-24  4.13804E-08  0.00000E+00  1.0E-07
  6.300E+01  2.73005E-01  1.12107E-24  4.00341E-08  0.00000E+00  1.0E-07
  6.350E+01  2.76901E-01  1.08484E-24  3.87402E-08  0.00000E+00  1.0E-07
  6.400E+01  2.80814E-01  1.05000E-24  3.74963E-08  0.00000E+00  1.0E-07
  6.450E+01  2.84744E-01  1.01650E-24  3.63000E-08  0.00000E+00  1.0E-07
  6.500E+01  2.88691E-01  9.84282E-25  3.51494E-08  0.00000E+00  1.0E-07
  6.550E+01  2.92653E-01  9.53278E-25  3.40422E-08  0.00000E+00  1.0E-07
  6.600E+01  2.96632E-01  9.23437E-25  3.29765E-08  0.00000E+00  1.0E-07
  6.650E+01  3.00625E-01  8.94707E-25  3.19506E-08  0.00000E+00  1.0E-07
  6.700E+01  3.04634E-01  8.67040E-25  3.09626E-08  0.00000E+00  1.0E-07
  6.750E+01  3.08658E-01  8.40389E-25  3.00108E-08  0.00000E+00  1.0E-07
  6.800E+01  3.12697E-01  8.14710E-25  2.90938E-08  0.00000E+00  1.0E-07
  6.850E+01  3.16749E-01  7.89961E-25  2.82100E-08  0.00000E+00  1.0E-07
  6.900E+01  3.20816E-01  7.66103E-25  2.73580E-08  0.00000E+00  1.0E-07
  6.950E+01  3.24896E-01  7.43097E-25  2.65365E-08  0.00000E+00  1.0E-07
  7.000E+01  3.28990E-01  7.20907E-25  2.57441E-08  0.00000E+00  1.0E-07
  7.050E+01  3.33097E-01  6.99500E-25  2.49796E-08  0.00000E+00  1.0E-07
  7.100E+01  3.37216E-01  6.78842E-25  2.42419E-08  0.00000E+00  1.0E-07
  7.150E+01  3.41348E-01  6.58903E-25  2.35298E-08  0.00000E+00  1.0E-07
  7.200E+01  3.45492E-01  6.39653E-25  2.28424E-08  0.00000E+00  1.0E-07
  7.250E+01  3.49647E-01  6.21064E-25  2.21786E-08  0.00000E+00  1.0E-07
  7.300E+01  3.53814E-01  6.03109E-25  2.15374E-08  0.00000E+00  1.0E-07
  7.350E+01  3.57992E-01  5.85763E-25  2.09180E-08  0.00000E+00  1.0E-07
  7.400E+01  3.62181E-01  5.69001E-25  2.03194E-08  0.00000E+00  1.0E-07
  7.450E+01  3.66381E-01  5.52800E-25  1.97409E-08  0.00000E+00  1.0E-07
  7.500E+01  3.70590E-01  5.37138E-25  1.91816E-08  0.00000E+00  1.0E-07
  7.550E+01  3.74810E-01  5.21995E-25  1.86408E-08  0.00000E+00  1.0E-07
  7.600E+01  3.79039E-01  5.07348E-25  1.81177E-08  0.00000E+00  1.0E-07
  7.650E+01  3.83277E-01  4.93180E-25  1.76118E-08  0.00000E+00  1.0E-07
  7.700E+01  3.87524E-01  4.79472E-25  1.71223E-08  0.00000E+00  1.0E-07
  7.750E+01  3.91780E-01  4.66206E-25  1.66485E-08  0.00000E+00  1.0E-07
  7.800E+01  3.96044E-01  4.53366E-25  1.61900E-08  0.00000E+00  1.0E-07
  7.850E+01  4.00316E-01  4.40935E-25  1.57461E-08  0.00000E+00  1.0E-07
  7.900E+01  4.04596E-01  4.28899E-25  1.53163E-08  0.00000E+00  1.0E-07
  7.950E+01  4.08882E-01  4.17242E-25  1.49000E-08  0.00000E+00  1.0E-07
  8.000E+01  4.13176E-01  4.05950E-25  1.44967E-08  0.00000E+00  1.0E-07
  8.050E+01  4.17476E-01  3.95010E-25  1.41060E-08  0.00000E+00  1.0E-07
  8.100E+01  4.21783E-01  3.84408E-25  1.37275E-08  0.00000E+00  1.0E-07
  8.150E+01  4.26095E-01  3.74134E-25  1.33606E-08  0.00000E+00  1.0E-07
  8.200E+01  4.30413E-01  3.64174E-25  1.30049E-08  0.00000E+00  1.0E-07
  8.250E+01  4.34737E-01  3.54518E-25  1.26601E-08  0.00000E+00  1.0E-07
  8.300E+01  4.39065E-01  3.45154E-25  1.23257E-08  0.00000E+00  1.0E-07
  8.350E+01  4.43398E-01  3.36072E-25  1.20014E-08  0.00000E+00  1.0E-07
  8.400E+01  4.47736E-01  3.27263E-25  1.16868E-08  0.00000E+00  1.0E-07
  8.450E+01  4.52077E-01  3.18716E-25  1.13816E-08  0.00000E+00  1.0E-07
  8.500E+01  4.56422E-01  3.10423E-25  1.10854E-08  0.00000E+00  1.0E-07
  8.550E+01  4.60770E-01  3.02374E-25  1.07980E-08  0.00000E+00  1.0E-07
  8.600E+01  4.65122E-01  2.94561E-25  1.05190E-08  0.00000E+00  1.0E-07
  8.650E+01  4.69476E-01  2.86976E-25  1.02481E-08  0.00000E+00  1.0E-07
  8.700E+01  4.73832E-01  2.79612E-25  9.98512E-09  0.00000E+00  1.0E-07
  8.750E+01  4.78190E-01  2.72460E-25  9.72973E-09  0.00000E+00  1.0E-07
  8.800E+01  4.82550E-01  2.65514E-25  9.48168E-09  0.00000E+00  1.0E-07
  8.850E+01  4.86912E-01  2.58767E-25  9.24072E-09  0.00000E+00  1.0E-07
  8.900E+01  4.91274E-01  2.52211E-25  9.00662E-09  0.00000E+00  1.0E-07
  8.950E+01  4.95637E-01  2.45841E-25  8.77914E-09  0.00000E+00  1.0E-07
  9.000E+01  5.00000E-01  2.39650E-25  8.55807E-09  0.00000E+00  1.0E-07
  9.050E+01  5.04363E-01  2.33633E-25  8.34320E-09  0.00000E+00  1.0E-07
  9.100E+01  5.08726E-01  2.27784E-25  8.13432E-09  0.00000E+00  1.0E-07
  9.150E+01  5.13088E-01  2.22097E-25  7.93124E-09  0.00000E+00  1.0E-07
  9.200E+01  5.17450E-01  2.16568E-25  7.73378E-09  0.00000E+00  1.0E-07
  9.250E+01  5.21810E-01  2.11190E-25  7.54174E-09  0.00000E+00  1.0E-07
  9.300E+01  5.26168E-01  2.05960E-25  7.35495E-09  0.00000E+00  1.0E-07
  9.350E+01  5.30524E-01  2.00872E-25  7.17326E-09  0.00000E+00  1.0E-07
  9.400E+01  5.34878E-01  1.95922E-25  6.99649E-09  0.00000E+00  1.0E-07
  9.450E+01  5.39230E-01  1.91105E-25  6.82449E-09  0.00000E+00  1.0E-07
  9.500E+01  5.43578E-01  1.86418E-25  6.65711E-09  0.00000E+00  1.0E-07
  9.550E+01  5.47923E-01  1.81856E-25  6.49421E-09  0.00000E+00  1.0E-07
  9.600E+01  5.52264E-01  1.77416E-25  6.33565E-09  0.00000E+00  1.0E-07
  9.650E+01  5.56602E-01  1.73094E-25  6.18129E-09  0.00000E+00  1.0E-07
  9.700E+01  5.60935E-01  1.68885E-25  6.03100E-09  0.00000E+00  1.0E-07
  9.750E+01  5.65263E-01  1.64787E-25  5.88466E-09  0.00000E+00  1.0E-07
  9.800E+01  5.69587E-01  1.60797E-25  5.74215E-09  0.00000E+00  1.0E-07
  9.850E+01  5.73905E-01  1.56910E-25  5.60335E-09  0.00000E+00  1.0E-07
  9.900E+01  5.78217E-01  1.53124E-25  5.46815E-09  0.00000E+00  1.0E-07
  9.950E+01  5.82524E-01  1.49436E-25  5.33644E-09  0.00000E+00  1.0E-07
  1.000E+02  5.86824E-01  1.45842E-25  5.20812E-09  0.00000E+00  1.0E-07
  1.005E+02  5.91118E-01  1.42341E-25  5.08309E-09  0.00000E+00  1.0E-07
  1.010E+02  5.95404E-01  1.38929E-25  4.96124E-09  0.00000E+00  1.0E-07
  1.015E+02  5.99684E-01  1.35604E-25  4.84249E-09  0.00000E+00  1.0E-07
  1.020E+02  6.03956E-01  1.32362E-25  4.72675E-09  0.00000E+00  1.0E-07
  1.025E+02  6.08220E-01  1.29203E-25  4.61392E-09  0.00000E+00  1.0E-07
  1.030E+02  6.12476E-01  1.26123E-25  4.50392E-09  0.00000E+00  1.0E-07
  1.035E+02  6.16723E-01  1.23119E-25  4.39667E-09  0.00000E+00  1.0E-07
  1.040E+02  6.20961E-01  1.20191E-25  4.29209E-09  0.00000E+00  1.0E-07
  1.045E+02  6.25190E-01  1.17335E-25  4.19011E-09  0.00000E+00  1.0E-07
  1.050E+02  6.29410E-01  1.14550E-25  4.09065E-09  0.00000E+00  1.0E-07
  1.055E+02  6.33619E-01  1.11833E-25  3.99363E-09  0.00000E+00  1.0E-07
  1.060E+02  6.37819E-01  1.09183E-25  3.89900E-09  0.00000E+00  1.0E-07
  1.065E+02  6.42008E-01  1.06598E-25  3.80667E-09  0.00000E+00  1.0E-07
  1.070E+02  6.46186E-01  1.04075E-25  3.71660E-09  0.00000E+00  1.0E-07
  1.075E+02  6.50353E-01  1.01614E-25  3.62871E-09  0.00000E+00  1.0E-07
  1.080E+02  6.54508E-01  9.92125E-26  3.54294E-09  0.00000E+00  1.0E-07
  1.085E+02  6.58652E-01  9.68687E-26  3.45924E-09  0.00000E+00  1.0E-07
  1.090E+02  6.62784E-01  9.45811E-26  3.37755E-09  0.00000E+00  1.0E-07
  1.095E+02  6.66903E-01  9.23482E-26  3.29782E-09  0.00000E+00  1.0E-07
  1.100E+02  6.71010E-01  9.01686E-26  3.21998E-09  0.00000E+00  1.0E-07
  1.105E+02  6.75104E-01  8.80407E-26  3.14399E-09  0.00000E+00  1.0E-07
  1.110E+02  6.79184E-01  8.59632E-26  3.06980E-09  0.00000E+00  1.0E-07
  1.115E+02  6.83251E-01  8.39348E-26  2.99737E-09  0.00000E+00  1.0E-07
  1.120E+02  6.87303E-01  8.19540E-26  2.92663E-09  0.00000E+00  1.0E-07
  1.125E+02  6.91342E-01  8.00197E-26  2.85756E-09  0.00000E+00  1.0E-07
  1.130E+02  6.95366E-01  7.81307E-26  2.79010E-09  0.00000E+00  1.0E-07
  1.135E+02  6.99375E-01  7.62856E-26  2.72421E-09  0.00000E+00  1.0E-07
  1.140E+02  7.03368E-01  7.44834E-26  2.65985E-09  0.00000E+00  1.0E-07
  1.145E+02  7.07347E-01  7.27229E-26  2.59698E-09  0.00000E+00  1.0E-07
  1.150E+02  7.11309E-01  7.10031E-26  2.53557E-09  0.00000E+00  1.0E-07
  1.155E+02  7.15256E-01  6.93229E-26  2.47557E-09  0.00000E+00  1.0E-07
  1.160E+02  7.19186E-01  6.76813E-26  2.41694E-09  0.00000E+00  1.0E-07
  1.165E+02  7.23099E-01  6.60772E-26  2.35966E-09  0.00000E+00  1.0E-07
  1.170E+02  7.26995E-01  6.45098E-26  2.30369E-09  0.00000E+00  1.0E-07
  1.175E+02  7.30874E-01  6.29780E-26  2.24899E-09  0.00000E+00  1.0E-07
  1.180E+02  7.34736E-01  6.14811E-26  2.19553E-09  0.00000E+00  1.0E-07
  1.185E+02  7.38579E-01  6.00180E-26  2.14328E-09  0.00000E+00  1.0E-07
  1.190E+02  7.42405E-01  5.85880E-26  2.09222E-09  0.00000E+00  1.0E-07
  1.195E+02  7.46212E-01  5.71902E-26  2.04230E-09  0.00000E+00  1.0E-07
  1.200E+02  7.50000E-01  5.58239E-26  1.99351E-09  0.00000E+00  1.0E-07
  1.205E+02  7.53769E-01  5.44882E-26  1.94581E-09  0.00000E+00  1.0E-07
  1.210E+02  7.57519E-01  5.31823E-26  1.89918E-09  0.00000E+00  1.0E-07
  1.215E+02  7.61249E-01  5.19057E-26  1.85358E-09  0.00000E+00  1.0E-07
  1.220E+02  7.64960E-01  5.06574E-26  1.80901E-09  0.00000E+00  1.0E-07
  1.225E+02  7.68650E-01  4.94369E-26  1.76542E-09  0.00000E+00  1.0E-07
  1.230E+02  7.72320E-01  4.82435E-26  1.72281E-09  0.00000E+00  1.0E-07
  1.235E+02  7.75968E-01  4.70765E-26  1.68113E-09  0.00000E+00  1.0E-07
  1.240E+02  7.79596E-01  4.59352E-26  1.64038E-09  0.00000E+00  1.0E-07
  1.245E+02  7.83203E-01  4.48192E-26  1.60052E-09  0.00000E+00  1.0E-07
  1.250E+02  7.86788E-01  4.37277E-26  1.56154E-09  0.00000E+00  1.0E-07
  1.255E+02  7.90351E-01  4.26602E-26  1.52342E-09  0.00000E+00  1.0E-07
  1.260E+02  7.93893E-01  4.16161E-26  1.48614E-09  0.00000E+00  1.0E-07
  1.265E+02  7.97411E-01  4.05948E-26  1.44967E-09  0.00000E+00  1.0E-07
  1.270E+02  8.00908E-01  3.95959E-26  1.41400E-09  0.00000E+00  1.0E-07
  1.275E+02  8.04381E-01  3.86189E-26  1.37910E-09  0.00000E+00  1.0E-07
  1.280E+02  8.07831E-01  3.76631E-26  1.34497E-09  0.00000E+00  1.0E-07
  1.285E+02  8.11257E-01  3.67281E-26  1.31159E-09  0.00000E+00  1.0E-07
  1.290E+02  8.14660E-01  3.58135E-26  1.27892E-09  0.00000E+00  1.0E-07
  1.295E+02  8.18039E-01  3.49188E-26  1.24697E-09  0.00000E+00  1.0E-07
  1.300E+02  8.21394E-01  3.40435E-26  1.21572E-09  0.00000E+00  1.0E-07
  1.305E+02  8.24724E-01  3.31872E-26  1.18514E-09  0.00000E+00  1.0E-07
  1.310E+02  8.28030E-01  3.23494E-26  1.15522E-09  0.00000E+00  1.0E-07
  1.315E+02  8.31310E-01  3.15298E-26  1.12595E-09  0.00000E+00  1.0E-07
  1.320E+02  8.34565E-01  3.07279E-26  1.09731E-09  0.00000E+00  1.0E-07
  1.325E+02  8.37795E-01  2.99434E-26  1.06930E-09  0.00000E+00  1.0E-07
  1.330E+02  8.40999E-01  2.91759E-26  1.04189E-09  0.00000E+00  1.0E-07
  1.335E+02  8.44177E-01  2.84249E-26  1.01507E-09  0.00000E+00  1.0E-07
  1.340E+02  8.47329E-01  2.76902E-26  9.88834E-10  0.00000E+00  1.0E-07
  1.345E+02  8.50455E-01  2.69713E-26  9.63164E-10  0.00000E+00  1.0E-07
  1.350E+02  8.53553E-01  2.62680E-26  9.38048E-10  0.00000E+00  1.0E-07
  1.355E+02  8.56625E-01  2.55799E-26  9.13476E-10  0.00000E+00  1.0E-07
  1.360E+02  8.59670E-01  2.49067E-26  8.89435E-10  0.00000E+00  1.0E-07
  1.365E+02  8.62687E-01  2.42481E-26  8.65914E-10  0.00000E+00  1.0E-07
  1.370E+02  8.65677E-01  2.36037E-26  8.42902E-10  0.00000E+00  1.0E-07
  1.375E+02  8.68639E-01  2.29732E-26  8.20389E-10  0.00000E+00  1.0E-07
  1.380E+02  8.71572E-01  2.23565E-26  7.98364E-10  0.00000E+00  1.0E-07
  1.385E+02  8.74478E-01  2.17531E-26  7.76818E-10  0.00000E+00  1.0E-07
  1.390E+02  8.77355E-01  2.11629E-26  7.55739E-10  0.00000E+00  1.0E-07
  1.395E+02  8.80203E-01  2.05854E-26  7.35120E-10  0.00000E+00  1.0E-07
  1.400E+02  8.83022E-01  2.00206E-26  7.14949E-10  0.00000E+00  1.0E-07
  1.405E+02  8.85812E-01  1.94681E-26  6.95219E-10  0.00000E+00  1.0E-07
  1.410E+02  8.88573E-01  1.89277E-26  6.75921E-10  0.00000E+00  1.0E-07
  1.415E+02  8.91304E-01  1.83991E-26  6.57045E-10  0.00000E+00  1.0E-07
  1.420E+02  8.94005E-01  1.78822E-26  6.38584E-10  0.00000E+00  1.0E-07
  1.425E+02  8.96677E-01  1.73766E-26  6.20529E-10  0.00000E+00  1.0E-07
  1.430E+02  8.99318E-01  1.68822E-26  6.02873E-10  0.00000E+00  1.0E-07
  1.435E+02  9.01928E-01  1.63987E-26  5.85607E-10  0.00000E+00  1.0E-07
  1.440E+02  9.04508E-01  1.59259E-26  5.68725E-10  0.00000E+00  1.0E-07
  1.445E+02  9.07058E-01  1.54637E-26  5.52218E-10  0.00000E+00  1.0E-07
  1.450E+02  9.09576E-01  1.50118E-26  5.36081E-10  0.00000E+00  1.0E-07
  1.455E+02  9.12063E-01  1.45700E-26  5.20305E-10  0.00000E+00  1.0E-07
  1.460E+02  9.14519E-01  1.41382E-26  5.04885E-10  0.00000E+00  1.0E-07
  1.465E+02  9.16943E-01  1.37162E-26  4.89813E-10  0.00000E+00  1.0E-07
  1.470E+02  9.19335E-01  1.33037E-26  4.75083E-10  0.00000E+00  1.0E-07
  1.475E+02  9.21696E-01  1.29006E-26  4.60690E-10  0.00000E+00  1.0E-07
  1.480E+02  9.24024E-01  1.25068E-26  4.46626E-10  0.00000E+00  1.0E-07
  1.485E+02  9.26320E-01  1.21221E-26  4.32886E-10  0.00000E+00  1.0E-07
  1.490E+02  9.28584E-01  1.17462E-26  4.19465E-10  0.00000E+00  1.0E-07
  1.495E+02  9.30815E-01  1.13792E-26  4.06357E-10  0.00000E+00  1.0E-07
  1.500E+02  9.33013E-01  1.10207E-26  3.93556E-10  0.00000E+00  1.0E-07
  1.505E+02  9.35178E-01  1.06707E-26  3.81057E-10  0.00000E+00  1.0E-07
  1.510E+02  9.37310E-01  1.03290E-26  3.68855E-10  0.00000E+00  1.0E-07
  1.515E+02  9.39409E-01  9.99549E-27  3.56945E-10  0.00000E+00  1.0E-07
  1.520E+02  9.41474E-01  9.67002E-27  3.45323E-10  0.00000E+00  1.0E-07
  1.525E+02  9.43505E-01  9.35246E-27  3.33982E-10  0.00000E+00  1.0E-07
  1.530E+02  9.45503E-01  9.04268E-27  3.22920E-10  0.00000E+00  1.0E-07
  1.535E+02  9.47467E-01  8.74056E-27  3.12131E-10  0.00000E+00  1.0E-07
  1.540E+02  9.49397E-01  8.44597E-27  3.01611E-10  0.00000E+00  1.0E-07
  1.545E+02  9.51293E-01  8.15880E-27  2.91356E-10  0.00000E+00  1.0E-07
  1.550E+02  9.53154E-01  7.87893E-27  2.81362E-10  0.00000E+00  1.0E-07
  1.555E+02  9.54981E-01  7.60625E-27  2.71624E-10  0.00000E+00  1.0E-07
  1.560E+02  9.56773E-01  7.34066E-27  2.62140E-10  0.00000E+00  1.0E-07
  1.565E+02  9.58530E-01  7.08205E-27  2.52905E-10  0.00000E+00  1.0E-07
  1.570E+02  9.60252E-01  6.83031E-27  2.43915E-10  0.00000E+00  1.0E-07
  1.575E+02  9.61940E-01  6.58536E-27  2.35167E-10  0.00000E+00  1.0E-07
  1.580E+02  9.63592E-01  6.34708E-27  2.26658E-10  0.00000E+00  1.0E-07
  1.585E+02  9.65209E-01  6.11539E-27  2.18385E-10  0.00000E+00  1.0E-07
  1.590E+02  9.66790E-01  5.89021E-27  2.10343E-10  0.00000E+00  1.0E-07
  1.595E+02  9.68336E-01  5.67143E-27  2.02531E-10  0.00000E+00  1.0E-07
  1.600E+02  9.69846E-01  5.45899E-27  1.94944E-10  0.00000E+00  1.0E-07
  1.605E+02  9.71321E-01  5.25279E-27  1.87580E-10  0.00000E+00  1.0E-07
  1.610E+02  9.72759E-01  5.05275E-27  1.80437E-10  0.00000E+00  1.0E-07
  1.615E+02  9.74162E-01  4.85881E-27  1.73511E-10  0.00000E+00  1.0E-07
  1.620E+02  9.75528E-01  4.67088E-27  1.66800E-10  0.00000E+00  1.0E-07
  1.625E+02  9.76858E-01  4.48890E-27  1.60301E-10  0.00000E+00  1.0E-07
  1.630E+02  9.78152E-01  4.31279E-27  1.54012E-10  0.00000E+00  1.0E-07
  1.635E+02  9.79410E-01  4.14248E-27  1.47931E-10  0.00000E+00  1.0E-07
  1.640E+02  9.80631E-01  3.97792E-27  1.42054E-10  0.00000E+00  1.0E-07
  1.645E+02  9.81815E-01  3.81905E-27  1.36381E-10  0.00000E+00  1.0E-07
  1.650E+02  9.82963E-01  3.66579E-27  1.30908E-10  0.00000E+00  1.0E-07
  1.655E+02  9.84074E-01  3.51809E-27  1.25633E-10  0.00000E+00  1.0E-07
  1.660E+02  9.85148E-01  3.37591E-27  1.20556E-10  0.00000E+00  1.0E-07
  1.665E+02  9.86185E-01  3.23917E-27  1.15673E-10  0.00000E+00  1.0E-07
  1.670E+02  9.87185E-01  3.10784E-27  1.10983E-10  0.00000E+00  1.0E-07
  1.675E+02  9.88148E-01  2.98187E-27  1.06484E-10  0.00000E+00  1.0E-07
  1.680E+02  9.89074E-01  2.86120E-27  1.02175E-10  0.00000E+00  1.0E-07
  1.685E+02  9.89962E-01  2.74579E-27  9.80540E-11  0.00000E+00  1.0E-07
  1.690E+02  9.90814E-01  2.63560E-27  9.41192E-11  0.00000E+00  1.0E-07
  1.695E+02  9.91627E-01  2.53060E-27  9.03692E-11  0.00000E+00  1.0E-07
  1.700E+02  9.92404E-01  2.43072E-27  8.68028E-11  0.00000E+00  1.0E-07
  1.705E+02  9.93143E-01  2.33596E-27  8.34185E-11  0.00000E+00  1.0E-07
  1.710E+02  9.93844E-01  2.24626E-27  8.02153E-11  0.00000E+00  1.0E-07
  1.715E+02  9.94508E-01  2.16159E-27  7.71918E-11  0.00000E+00  1.0E-07
  1.720E+02  9.95134E-01  2.08193E-27  7.43469E-11  0.00000E+00  1.0E-07
  1.725E+02  9.95722E-01  2.00724E-27  7.16797E-11  0.00000E+00  1.0E-07
  1.730E+02  9.96273E-01  1.93749E-27  6.91891E-11  0.00000E+00  1.0E-07
  1.735E+02  9.96786E-01  1.87267E-27  6.68742E-11  0.00000E+00  1.0E-07
  1.740E+02  9.97261E-01  1.81274E-27  6.47341E-11  0.00000E+00  1.0E-07
  1.745E+02  9.97698E-01  1.75769E-27  6.27681E-11  0.00000E+00  1.0E-07
  1.750E+02  9.98097E-01  1.70749E-27  6.09755E-11  0.00000E+00  1.0E-07
  1.755E+02  9.98459E-01  1.66213E-27  5.93556E-11  0.00000E+00  1.0E-07
  1.760E+02  9.98782E-01  1.62158E-27  5.79078E-11  0.00000E+00  1.0E-07
  1.765E+02  9.99067E-01  1.58584E-27  5.66316E-11  0.00000E+00  1.0E-07
  1.770E+02  9.99315E-01  1.55490E-27  5.55264E-11  0.00000E+00  1.0E-07
  1.775E+02  9.99524E-01  1.52873E-27  5.45920E-11  0.00000E+00  1.0E-07
  1.780E+02  9.99695E-01  1.50734E-27  5.38279E-11  0.00000E+00  1.0E-07
  1.785E+02  9.99829E-01  1.49070E-27  5.32339E-11  0.00000E+00  1.0E-07
  1.790E+02  9.99924E-01  1.47882E-27  5.28098E-11  0.00000E+00  1.0E-07
  1.795E+02  9.99981E-01  1.47170E-27  5.25554E-11  0.00000E+00  1.0E-07
  1.800E+02  1.00000E+00  1.46933E-27  5.24708E-11  0.00000E+00  1.0E-07
