 #
 # Subroutine ELSEPA. Elastic scattering of electrons and positrons
 #                    by neutral atoms and positive ions
 #
 # Projectile: electron
 # Kinetic energy = 3.70000E+06 eV = 1.35973E+05 a.u.
 #
 # WARNING: High-energy factorization with free-atom DF screening.
 #          Absorption, polarization and exchange corrections are
 #          switched off.
 #          Phase shifts are calculated for the bare nucleus.
 #          Scattering amplitudes are not evaluated.
 #
 # Element: As,  Z =  33,  atomic weight = 7.49216E+01 g/mol
 #
 # Nuclear model: Fermi distribution
 #                Average radius = 4.51079E-13 cm
 #                Skin thickness = 5.46000E-14 cm
 #
 # Number of electrons = 33
 #
 # Total elastic cross section = 2.52725E-18 cm**2 = 9.02497E-02 a0**2
 # 1st transport cross section = 9.41298E-23 cm**2 = 3.36144E-06 a0**2
 # 2nd transport cross section = 2.65162E-22 cm**2 = 9.46912E-06 a0**2
 #
 #
 # Differential cross section:                       MU=(1-COS(THETA))/2
 #
 #  THETA        MU          DCS          DCS        Sherman      error
 #  (deg)                 (cm**2/sr)   (a0**2/sr)    function
 #----------------------------------------------------------------------
  0.000E+00  0.00000E+00  3.60519E-13  1.28744E+04  0.00000E+00  1.0E-05
  1.000E-04  7.61557E-13  3.60518E-13  1.28743E+04  0.00000E+00  1.0E-05
  1.250E-04  1.18994E-12  3.60517E-13  1.28743E+04  0.00000E+00  1.0E-05
  1.500E-04  1.71346E-12  3.60516E-13  1.28743E+04  0.00000E+00  1.0E-05
  1.750E-04  2.33225E-12  3.60515E-13  1.28742E+04  0.00000E+00  1.0E-05
  2.000E-04  3.04617E-12  3.60514E-13  1.28742E+04  0.00000E+00  1.0E-05
  2.250E-04  3.85530E-12  3.60512E-13  1.28741E+04  0.00000E+00  1.0E-05
  2.500E-04  4.75964E-12  3.60511E-13  1.28741E+04  0.00000E+00  1.0E-05
  2.750E-04  5.75917E-12  3.60509E-13  1.28740E+04  0.00000E+00  1.0E-05
  3.000E-04  6.85391E-12  3.60507E-13  1.28739E+04  0.00000E+00  1.0E-05
  3.250E-04  8.04379E-12  3.60505E-13  1.28739E+04  0.00000E+00  1.0E-05
  3.500E-04  9.32893E-12  3.60503E-13  1.28738E+04  0.00000E+00  1.0E-05
  3.750E-04  1.07092E-11  3.60500E-13  1.28737E+04  0.00000E+00  1.0E-05
  4.000E-04  1.21847E-11  3.60498E-13  1.28736E+04  0.00000E+00  1.0E-05
  4.250E-04  1.37554E-11  3.60495E-13  1.28735E+04  0.00000E+00  1.0E-05
  4.500E-04  1.54213E-11  3.60492E-13  1.28734E+04  0.00000E+00  1.0E-05
  4.750E-04  1.71823E-11  3.60489E-13  1.28733E+04  0.00000E+00  1.0E-05
  5.000E-04  1.90386E-11  3.60486E-13  1.28732E+04  0.00000E+00  1.0E-05
  5.250E-04  2.09900E-11  3.60482E-13  1.28731E+04  0.00000E+00  1.0E-05
  5.500E-04  2.30367E-11  3.60479E-13  1.28729E+04  0.00000E+00  1.0E-05
  5.750E-04  2.51785E-11  3.60475E-13  1.28728E+04  0.00000E+00  1.0E-05
  6.000E-04  2.74156E-11  3.60471E-13  1.28727E+04  0.00000E+00  1.0E-05
  6.250E-04  2.97478E-11  3.60467E-13  1.28725E+04  0.00000E+00  1.0E-05
  6.500E-04  3.21752E-11  3.60463E-13  1.28724E+04  0.00000E+00  1.0E-05
  6.750E-04  3.46979E-11  3.60458E-13  1.28722E+04  0.00000E+00  1.0E-05
  7.000E-04  3.73157E-11  3.60454E-13  1.28720E+04  0.00000E+00  1.0E-05
  7.250E-04  4.00286E-11  3.60449E-13  1.28719E+04  0.00000E+00  1.0E-05
  7.500E-04  4.28368E-11  3.60444E-13  1.28717E+04  0.00000E+00  1.0E-05
  7.750E-04  4.57402E-11  3.60439E-13  1.28715E+04  0.00000E+00  1.0E-05
  8.000E-04  4.87388E-11  3.60434E-13  1.28713E+04  0.00000E+00  1.0E-05
  8.250E-04  5.18325E-11  3.60428E-13  1.28711E+04  0.00000E+00  1.0E-05
  8.500E-04  5.50215E-11  3.60422E-13  1.28709E+04  0.00000E+00  1.0E-05
  8.750E-04  5.83057E-11  3.60417E-13  1.28707E+04  0.00000E+00  1.0E-05
  9.000E-04  6.16850E-11  3.60411E-13  1.28705E+04  0.00000E+00  1.0E-05
  9.250E-04  6.51595E-11  3.60405E-13  1.28703E+04  0.00000E+00  1.0E-05
  9.500E-04  6.87293E-11  3.60398E-13  1.28701E+04  0.00000E+00  1.0E-05
  9.750E-04  7.23943E-11  3.60392E-13  1.28698E+04  0.00000E+00  1.0E-05
  1.000E-03  7.61544E-11  3.60385E-13  1.28696E+04  0.00000E+00  1.0E-05
  1.250E-03  1.18991E-10  3.60310E-13  1.28669E+04  0.00000E+00  1.0E-05
  1.500E-03  1.71347E-10  3.60218E-13  1.28636E+04  0.00000E+00  1.0E-05
  1.750E-03  2.33223E-10  3.60109E-13  1.28597E+04  0.00000E+00  1.0E-05
  2.000E-03  3.04617E-10  3.59984E-13  1.28553E+04  0.00000E+00  1.0E-05
  2.250E-03  3.85531E-10  3.59842E-13  1.28502E+04  0.00000E+00  1.0E-05
  2.500E-03  4.75965E-10  3.59684E-13  1.28445E+04  0.00000E+00  1.0E-05
  2.750E-03  5.75917E-10  3.59508E-13  1.28383E+04  0.00000E+00  1.0E-05
  3.000E-03  6.85389E-10  3.59317E-13  1.28314E+04  0.00000E+00  1.0E-05
  3.250E-03  8.04380E-10  3.59108E-13  1.28240E+04  0.00000E+00  1.0E-05
  3.500E-03  9.32891E-10  3.58884E-13  1.28160E+04  0.00000E+00  1.0E-05
  3.750E-03  1.07092E-09  3.58642E-13  1.28074E+04  0.00000E+00  1.0E-05
  4.000E-03  1.21847E-09  3.58385E-13  1.27982E+04  0.00000E+00  1.0E-05
  4.250E-03  1.37554E-09  3.58111E-13  1.27884E+04  0.00000E+00  1.0E-05
  4.500E-03  1.54213E-09  3.57821E-13  1.27780E+04  0.00000E+00  1.0E-05
  4.750E-03  1.71823E-09  3.57515E-13  1.27671E+04  0.00000E+00  1.0E-05
  5.000E-03  1.90386E-09  3.57193E-13  1.27556E+04  0.00000E+00  1.0E-05
  5.250E-03  2.09900E-09  3.56854E-13  1.27435E+04  0.00000E+00  1.0E-05
  5.500E-03  2.30367E-09  3.56500E-13  1.27308E+04  0.00000E+00  1.0E-05
  5.750E-03  2.51785E-09  3.56129E-13  1.27176E+04  0.00000E+00  1.0E-05
  6.000E-03  2.74156E-09  3.55743E-13  1.27038E+04  0.00000E+00  1.0E-05
  6.250E-03  2.97478E-09  3.55341E-13  1.26895E+04  0.00000E+00  1.0E-05
  6.500E-03  3.21752E-09  3.54924E-13  1.26746E+04  0.00000E+00  1.0E-05
  6.750E-03  3.46978E-09  3.54491E-13  1.26591E+04  0.00000E+00  1.0E-05
  7.000E-03  3.73156E-09  3.54042E-13  1.26431E+04  0.00000E+00  1.0E-05
  7.250E-03  4.00286E-09  3.53578E-13  1.26265E+04  0.00000E+00  1.0E-05
  7.500E-03  4.28368E-09  3.53099E-13  1.26094E+04  0.00000E+00  1.0E-05
  7.750E-03  4.57402E-09  3.52604E-13  1.25917E+04  0.00000E+00  1.0E-05
  8.000E-03  4.87388E-09  3.52094E-13  1.25735E+04  0.00000E+00  1.0E-05
  8.250E-03  5.18326E-09  3.51570E-13  1.25548E+04  0.00000E+00  1.0E-05
  8.500E-03  5.50215E-09  3.51030E-13  1.25355E+04  0.00000E+00  1.0E-05
  8.750E-03  5.83057E-09  3.50476E-13  1.25157E+04  0.00000E+00  1.0E-05
  9.000E-03  6.16850E-09  3.49907E-13  1.24954E+04  0.00000E+00  1.0E-05
  9.250E-03  6.51596E-09  3.49323E-13  1.24746E+04  0.00000E+00  1.0E-05
  9.500E-03  6.87293E-09  3.48725E-13  1.24532E+04  0.00000E+00  1.0E-05
  9.750E-03  7.23942E-09  3.48113E-13  1.24313E+04  0.00000E+00  1.0E-05
  1.000E-02  7.61544E-09  3.47486E-13  1.24090E+04  0.00000E+00  1.0E-05
  1.250E-02  1.18991E-08  3.40469E-13  1.21584E+04  0.00000E+00  1.0E-05
  1.500E-02  1.71347E-08  3.32137E-13  1.18608E+04  0.00000E+00  1.0E-05
  1.750E-02  2.33223E-08  3.22729E-13  1.15249E+04  0.00000E+00  1.0E-05
  2.000E-02  3.04617E-08  3.12413E-13  1.11565E+04  0.00000E+00  1.0E-05
  2.250E-02  3.85531E-08  3.01280E-13  1.07589E+04  0.00000E+00  1.0E-05
  2.500E-02  4.75965E-08  2.89517E-13  1.03388E+04  0.00000E+00  1.0E-05
  2.750E-02  5.75917E-08  2.77359E-13  9.90468E+03  0.00000E+00  1.0E-05
  3.000E-02  6.85389E-08  2.64977E-13  9.46250E+03  0.00000E+00  1.0E-05
  3.250E-02  8.04380E-08  2.52443E-13  9.01490E+03  0.00000E+00  1.0E-05
  3.500E-02  9.32891E-08  2.39853E-13  8.56530E+03  0.00000E+00  1.0E-05
  3.750E-02  1.07092E-07  2.27434E-13  8.12180E+03  0.00000E+00  1.0E-05
  4.000E-02  1.21847E-07  2.15283E-13  7.68790E+03  0.00000E+00  1.0E-05
  4.250E-02  1.37554E-07  2.03443E-13  7.26509E+03  0.00000E+00  1.0E-05
  4.500E-02  1.54213E-07  1.91892E-13  6.85258E+03  0.00000E+00  1.0E-05
  4.750E-02  1.71823E-07  1.80810E-13  6.45685E+03  0.00000E+00  1.0E-05
  5.000E-02  1.90386E-07  1.70229E-13  6.07898E+03  0.00000E+00  1.0E-05
  5.250E-02  2.09900E-07  1.60162E-13  5.71950E+03  0.00000E+00  1.0E-05
  5.500E-02  2.30367E-07  1.50515E-13  5.37500E+03  0.00000E+00  1.0E-05
  5.750E-02  2.51785E-07  1.41414E-13  5.05000E+03  0.00000E+00  1.0E-05
  6.000E-02  2.74156E-07  1.32850E-13  4.74414E+03  0.00000E+00  1.0E-05
  6.250E-02  2.97478E-07  1.24806E-13  4.45689E+03  0.00000E+00  1.0E-05
  6.500E-02  3.21752E-07  1.17208E-13  4.18557E+03  0.00000E+00  1.0E-05
  6.750E-02  3.46978E-07  1.10094E-13  3.93154E+03  0.00000E+00  1.0E-05
  7.000E-02  3.73156E-07  1.03454E-13  3.69439E+03  0.00000E+00  1.0E-05
  7.250E-02  4.00286E-07  9.72589E-14  3.47318E+03  0.00000E+00  1.0E-05
  7.500E-02  4.28368E-07  9.14581E-14  3.26603E+03  0.00000E+00  1.0E-05
  7.750E-02  4.57402E-07  8.60444E-14  3.07270E+03  0.00000E+00  1.0E-05
  8.000E-02  4.87388E-07  8.10086E-14  2.89287E+03  0.00000E+00  1.0E-05
  8.250E-02  5.18325E-07  7.63245E-14  2.72560E+03  0.00000E+00  1.0E-05
  8.500E-02  5.50215E-07  7.19564E-14  2.56961E+03  0.00000E+00  1.0E-05
  8.750E-02  5.83057E-07  6.78818E-14  2.42410E+03  0.00000E+00  1.0E-05
  9.000E-02  6.16850E-07  6.40940E-14  2.28884E+03  0.00000E+00  1.0E-05
  9.250E-02  6.51596E-07  6.05713E-14  2.16304E+03  0.00000E+00  1.0E-05
  9.500E-02  6.87293E-07  5.72897E-14  2.04585E+03  0.00000E+00  1.0E-05
  9.750E-02  7.23942E-07  5.42244E-14  1.93639E+03  0.00000E+00  1.0E-05
  1.000E-01  7.61543E-07  5.13710E-14  1.83449E+03  0.00000E+00  1.0E-05
  1.250E-01  1.18991E-06  3.13687E-14  1.12020E+03  0.00000E+00  1.0E-05
  1.500E-01  1.71347E-06  2.04848E-14  7.31526E+02  0.00000E+00  1.0E-05
  1.750E-01  2.33223E-06  1.42534E-14  5.08999E+02  0.00000E+00  1.0E-05
  2.000E-01  3.04617E-06  1.03231E-14  3.68646E+02  0.00000E+00  1.0E-05
  2.250E-01  3.85531E-06  7.61790E-15  2.72040E+02  0.00000E+00  1.0E-05
  2.500E-01  4.75964E-06  5.71027E-15  2.03917E+02  0.00000E+00  1.0E-05
  2.750E-01  5.75916E-06  4.35035E-15  1.55354E+02  0.00000E+00  1.0E-05
  3.000E-01  6.85388E-06  3.35626E-15  1.19854E+02  0.00000E+00  1.0E-05
  3.250E-01  8.04378E-06  2.60978E-15  9.31971E+01  0.00000E+00  1.0E-05
  3.500E-01  9.32888E-06  2.04571E-15  7.30538E+01  0.00000E+00  1.0E-05
  3.750E-01  1.07092E-05  1.62164E-15  5.79097E+01  0.00000E+00  1.0E-05
  4.000E-01  1.21846E-05  1.29857E-15  4.63728E+01  0.00000E+00  1.0E-05
  4.250E-01  1.37553E-05  1.04933E-15  3.74724E+01  0.00000E+00  1.0E-05
  4.500E-01  1.54212E-05  8.55030E-16  3.05337E+01  0.00000E+00  1.0E-05
  4.750E-01  1.71822E-05  7.03493E-16  2.51222E+01  0.00000E+00  1.0E-05
  5.000E-01  1.90385E-05  5.83973E-16  2.08540E+01  0.00000E+00  1.0E-05
  5.250E-01  2.09899E-05  4.88967E-16  1.74613E+01  0.00000E+00  1.0E-05
  5.500E-01  2.30365E-05  4.12482E-16  1.47300E+01  0.00000E+00  1.0E-05
  5.750E-01  2.51783E-05  3.50612E-16  1.25206E+01  0.00000E+00  1.0E-05
  6.000E-01  2.74153E-05  3.00117E-16  1.07174E+01  0.00000E+00  1.0E-05
  6.250E-01  2.97475E-05  2.58576E-16  9.23392E+00  0.00000E+00  1.0E-05
  6.500E-01  3.21749E-05  2.24115E-16  8.00328E+00  0.00000E+00  1.0E-05
  6.750E-01  3.46974E-05  1.95318E-16  6.97492E+00  0.00000E+00  1.0E-05
  7.000E-01  3.73152E-05  1.71114E-16  6.11060E+00  0.00000E+00  1.0E-05
  7.250E-01  4.00281E-05  1.50645E-16  5.37964E+00  0.00000E+00  1.0E-05
  7.500E-01  4.28362E-05  1.33206E-16  4.75687E+00  0.00000E+00  1.0E-05
  7.750E-01  4.57395E-05  1.18264E-16  4.22330E+00  0.00000E+00  1.0E-05
  8.000E-01  4.87380E-05  1.05401E-16  3.76394E+00  0.00000E+00  1.0E-05
  8.250E-01  5.18317E-05  9.42689E-17  3.36640E+00  0.00000E+00  1.0E-05
  8.500E-01  5.50205E-05  8.45785E-17  3.02035E+00  0.00000E+00  1.0E-05
  8.750E-01  5.83045E-05  7.61027E-17  2.71768E+00  0.00000E+00  1.0E-05
  9.000E-01  6.16838E-05  6.86714E-17  2.45230E+00  0.00000E+00  1.0E-05
  9.250E-01  6.51582E-05  6.21313E-17  2.21875E+00  0.00000E+00  1.0E-05
  9.500E-01  6.87277E-05  5.63515E-17  2.01235E+00  0.00000E+00  1.0E-05
  9.750E-01  7.23925E-05  5.12202E-17  1.82911E+00  0.00000E+00  1.0E-05
  1.000E+00  7.61524E-05  4.66606E-17  1.66628E+00  0.00000E+00  3.7E-06
  1.100E+00  9.21439E-05  3.27725E-17  1.17033E+00  0.00000E+00  2.8E-06
  1.200E+00  1.09658E-04  2.36524E-17  8.44643E-01  0.00000E+00  1.5E-06
  1.300E+00  1.28695E-04  1.74665E-17  6.23740E-01  0.00000E+00  2.8E-07
  1.400E+00  1.49255E-04  1.31502E-17  4.69604E-01  0.00000E+00  6.3E-07
  1.500E+00  1.71338E-04  1.00861E-17  3.60180E-01  0.00000E+00  1.1E-06
  1.600E+00  1.94942E-04  7.86004E-18  2.80687E-01  0.00000E+00  1.2E-06
  1.700E+00  2.20070E-04  6.21206E-18  2.21837E-01  0.00000E+00  9.2E-07
  1.800E+00  2.46720E-04  4.97200E-18  1.77553E-01  0.00000E+00  5.1E-07
  1.900E+00  2.74892E-04  4.02658E-18  1.43792E-01  0.00000E+00  1.0E-07
  2.000E+00  3.04586E-04  3.29580E-18  1.17695E-01  0.00000E+00  2.9E-07
  2.100E+00  3.35803E-04  2.72379E-18  9.72684E-02  0.00000E+00  4.9E-07
  2.200E+00  3.68542E-04  2.27066E-18  8.10868E-02  0.00000E+00  5.2E-07
  2.300E+00  4.02802E-04  1.90831E-18  6.81471E-02  0.00000E+00  4.2E-07
  2.400E+00  4.38585E-04  1.61572E-18  5.76986E-02  0.00000E+00  2.3E-07
  2.500E+00  4.75889E-04  1.37737E-18  4.91867E-02  0.00000E+00  1.0E-07
  2.600E+00  5.14715E-04  1.18147E-18  4.21912E-02  0.00000E+00  1.7E-07
  2.700E+00  5.55063E-04  1.01935E-18  3.64017E-02  0.00000E+00  2.7E-07
  2.800E+00  5.96931E-04  8.84229E-19  3.15764E-02  0.00000E+00  2.9E-07
  2.900E+00  6.40321E-04  7.70870E-19  2.75283E-02  0.00000E+00  2.3E-07
  3.000E+00  6.85233E-04  6.75155E-19  2.41102E-02  0.00000E+00  1.2E-07
  3.100E+00  7.31665E-04  5.93892E-19  2.12083E-02  0.00000E+00  1.0E-07
  3.200E+00  7.79618E-04  5.24546E-19  1.87319E-02  0.00000E+00  1.1E-07
  3.300E+00  8.29092E-04  4.65069E-19  1.66079E-02  0.00000E+00  1.7E-07
  3.400E+00  8.80086E-04  4.13810E-19  1.47774E-02  0.00000E+00  1.8E-07
  3.500E+00  9.32601E-04  3.69433E-19  1.31927E-02  0.00000E+00  1.4E-07
  3.600E+00  9.86636E-04  3.30869E-19  1.18156E-02  0.00000E+00  1.0E-07
  3.700E+00  1.04219E-03  2.97225E-19  1.06141E-02  0.00000E+00  1.0E-07
  3.800E+00  1.09927E-03  2.67759E-19  9.56186E-03  0.00000E+00  1.0E-07
  3.900E+00  1.15786E-03  2.41858E-19  8.63691E-03  0.00000E+00  1.1E-07
  4.000E+00  1.21797E-03  2.19023E-19  7.82146E-03  0.00000E+00  1.2E-07
  4.100E+00  1.27961E-03  1.98828E-19  7.10027E-03  0.00000E+00  1.0E-07
  4.200E+00  1.34276E-03  1.80913E-19  6.46051E-03  0.00000E+00  1.0E-07
  4.300E+00  1.40743E-03  1.64970E-19  5.89117E-03  0.00000E+00  1.0E-07
  4.400E+00  1.47362E-03  1.50749E-19  5.38335E-03  0.00000E+00  1.0E-07
  4.500E+00  1.54133E-03  1.38032E-19  4.92920E-03  0.00000E+00  1.0E-07
  4.600E+00  1.61056E-03  1.26631E-19  4.52207E-03  0.00000E+00  1.0E-07
  4.700E+00  1.68131E-03  1.16382E-19  4.15609E-03  0.00000E+00  1.0E-07
  4.800E+00  1.75357E-03  1.07152E-19  3.82647E-03  0.00000E+00  1.0E-07
  4.900E+00  1.82735E-03  9.88209E-20  3.52896E-03  0.00000E+00  1.0E-07
  5.000E+00  1.90265E-03  9.12857E-20  3.25987E-03  0.00000E+00  1.0E-07
  5.100E+00  1.97947E-03  8.44553E-20  3.01595E-03  0.00000E+00  1.0E-07
  5.200E+00  2.05780E-03  7.82528E-20  2.79446E-03  0.00000E+00  1.0E-07
  5.300E+00  2.13765E-03  7.26106E-20  2.59297E-03  0.00000E+00  1.0E-07
  5.400E+00  2.21902E-03  6.74691E-20  2.40936E-03  0.00000E+00  1.0E-07
  5.500E+00  2.30190E-03  6.27750E-20  2.24174E-03  0.00000E+00  1.0E-07
  5.600E+00  2.38630E-03  5.84826E-20  2.08845E-03  0.00000E+00  1.0E-07
  5.700E+00  2.47222E-03  5.45517E-20  1.94808E-03  0.00000E+00  1.0E-07
  5.800E+00  2.55965E-03  5.09464E-20  1.81933E-03  0.00000E+00  1.0E-07
  5.900E+00  2.64859E-03  4.76345E-20  1.70106E-03  0.00000E+00  1.0E-07
  6.000E+00  2.73905E-03  4.45876E-20  1.59225E-03  0.00000E+00  1.0E-07
  6.100E+00  2.83103E-03  4.17811E-20  1.49203E-03  0.00000E+00  1.0E-07
  6.200E+00  2.92452E-03  3.91925E-20  1.39959E-03  0.00000E+00  1.0E-07
  6.300E+00  3.01952E-03  3.68018E-20  1.31422E-03  0.00000E+00  1.0E-07
  6.400E+00  3.11604E-03  3.45908E-20  1.23526E-03  0.00000E+00  1.0E-07
  6.500E+00  3.21407E-03  3.25437E-20  1.16216E-03  0.00000E+00  1.0E-07
  6.600E+00  3.31362E-03  3.06463E-20  1.09440E-03  0.00000E+00  1.0E-07
  6.700E+00  3.41468E-03  2.88856E-20  1.03152E-03  0.00000E+00  1.0E-07
  6.800E+00  3.51725E-03  2.72497E-20  9.73103E-04  0.00000E+00  1.0E-07
  6.900E+00  3.62133E-03  2.57282E-20  9.18772E-04  0.00000E+00  1.0E-07
  7.000E+00  3.72692E-03  2.43118E-20  8.68191E-04  0.00000E+00  1.0E-07
  7.100E+00  3.83403E-03  2.29919E-20  8.21054E-04  0.00000E+00  1.0E-07
  7.200E+00  3.94265E-03  2.17604E-20  7.77079E-04  0.00000E+00  1.0E-07
  7.300E+00  4.05278E-03  2.06106E-20  7.36017E-04  0.00000E+00  1.0E-07
  7.400E+00  4.16442E-03  1.95359E-20  6.97641E-04  0.00000E+00  1.0E-07
  7.500E+00  4.27757E-03  1.85306E-20  6.61741E-04  0.00000E+00  1.0E-07
  7.600E+00  4.39223E-03  1.75894E-20  6.28127E-04  0.00000E+00  1.0E-07
  7.700E+00  4.50840E-03  1.67072E-20  5.96627E-04  0.00000E+00  1.0E-07
  7.800E+00  4.62608E-03  1.58799E-20  5.67083E-04  0.00000E+00  1.0E-07
  7.900E+00  4.74527E-03  1.51034E-20  5.39352E-04  0.00000E+00  1.0E-07
  8.000E+00  4.86597E-03  1.43739E-20  5.13301E-04  0.00000E+00  1.0E-07
  8.100E+00  4.98817E-03  1.36880E-20  4.88808E-04  0.00000E+00  1.0E-07
  8.200E+00  5.11188E-03  1.30427E-20  4.65765E-04  0.00000E+00  1.0E-07
  8.300E+00  5.23711E-03  1.24352E-20  4.44068E-04  0.00000E+00  1.0E-07
  8.400E+00  5.36383E-03  1.18627E-20  4.23625E-04  0.00000E+00  1.0E-07
  8.500E+00  5.49207E-03  1.13229E-20  4.04348E-04  0.00000E+00  1.0E-07
  8.600E+00  5.62181E-03  1.08136E-20  3.86160E-04  0.00000E+00  1.0E-07
  8.700E+00  5.75306E-03  1.03327E-20  3.68987E-04  0.00000E+00  1.0E-07
  8.800E+00  5.88581E-03  9.87835E-21  3.52762E-04  0.00000E+00  1.0E-07
  8.900E+00  6.02007E-03  9.44878E-21  3.37422E-04  0.00000E+00  1.0E-07
  9.000E+00  6.15583E-03  9.04241E-21  3.22910E-04  0.00000E+00  1.0E-07
  9.100E+00  6.29310E-03  8.65775E-21  3.09174E-04  0.00000E+00  1.0E-07
  9.200E+00  6.43187E-03  8.29341E-21  2.96163E-04  0.00000E+00  1.0E-07
  9.300E+00  6.57214E-03  7.94812E-21  2.83832E-04  0.00000E+00  1.0E-07
  9.400E+00  6.71392E-03  7.62068E-21  2.72139E-04  0.00000E+00  1.0E-07
  9.500E+00  6.85720E-03  7.31000E-21  2.61045E-04  0.00000E+00  1.0E-07
  9.600E+00  7.00198E-03  7.01507E-21  2.50513E-04  0.00000E+00  1.0E-07
  9.700E+00  7.14827E-03  6.73493E-21  2.40509E-04  0.00000E+00  1.0E-07
  9.800E+00  7.29605E-03  6.46869E-21  2.31001E-04  0.00000E+00  1.0E-07
  9.900E+00  7.44534E-03  6.21554E-21  2.21961E-04  0.00000E+00  1.0E-07
  1.000E+01  7.59612E-03  5.97472E-21  2.13361E-04  0.00000E+00  1.0E-07
  1.025E+01  7.97965E-03  5.42198E-21  1.93622E-04  0.00000E+00  1.0E-07
  1.050E+01  8.37255E-03  4.93199E-21  1.76125E-04  0.00000E+00  1.0E-07
  1.075E+01  8.77480E-03  4.49637E-21  1.60568E-04  0.00000E+00  1.0E-07
  1.100E+01  9.18641E-03  4.10803E-21  1.46700E-04  0.00000E+00  1.0E-07
  1.125E+01  9.60736E-03  3.76092E-21  1.34305E-04  0.00000E+00  1.0E-07
  1.150E+01  1.00376E-02  3.44990E-21  1.23198E-04  0.00000E+00  1.0E-07
  1.175E+01  1.04773E-02  3.17053E-21  1.13222E-04  0.00000E+00  1.0E-07
  1.200E+01  1.09262E-02  2.91903E-21  1.04240E-04  0.00000E+00  1.0E-07
  1.225E+01  1.13844E-02  2.69211E-21  9.61369E-05  0.00000E+00  1.0E-07
  1.250E+01  1.18520E-02  2.48693E-21  8.88100E-05  0.00000E+00  1.0E-07
  1.275E+01  1.23288E-02  2.30105E-21  8.21719E-05  0.00000E+00  1.0E-07
  1.300E+01  1.28150E-02  2.13231E-21  7.61460E-05  0.00000E+00  1.0E-07
  1.325E+01  1.33104E-02  1.97884E-21  7.06656E-05  0.00000E+00  1.0E-07
  1.350E+01  1.38150E-02  1.83902E-21  6.56725E-05  0.00000E+00  1.0E-07
  1.375E+01  1.43290E-02  1.71140E-21  6.11152E-05  0.00000E+00  1.0E-07
  1.400E+01  1.48521E-02  1.59473E-21  5.69489E-05  0.00000E+00  1.0E-07
  1.425E+01  1.53845E-02  1.48790E-21  5.31338E-05  0.00000E+00  1.0E-07
  1.450E+01  1.59262E-02  1.38992E-21  4.96349E-05  0.00000E+00  1.0E-07
  1.475E+01  1.64770E-02  1.29992E-21  4.64211E-05  0.00000E+00  1.0E-07
  1.500E+01  1.70371E-02  1.21714E-21  4.34649E-05  0.00000E+00  1.0E-07
  1.525E+01  1.76063E-02  1.14089E-21  4.07419E-05  0.00000E+00  1.0E-07
  1.550E+01  1.81848E-02  1.07055E-21  3.82301E-05  0.00000E+00  1.0E-07
  1.575E+01  1.87724E-02  1.00559E-21  3.59103E-05  0.00000E+00  1.0E-07
  1.600E+01  1.93692E-02  9.45515E-22  3.37649E-05  0.00000E+00  1.0E-07
  1.625E+01  1.99751E-02  8.89889E-22  3.17785E-05  0.00000E+00  1.0E-07
  1.650E+01  2.05901E-02  8.38322E-22  2.99370E-05  0.00000E+00  1.0E-07
  1.675E+01  2.12143E-02  7.90462E-22  2.82279E-05  0.00000E+00  1.0E-07
  1.700E+01  2.18476E-02  7.45993E-22  2.66399E-05  0.00000E+00  1.0E-07
  1.725E+01  2.24900E-02  7.04629E-22  2.51627E-05  0.00000E+00  1.0E-07
  1.750E+01  2.31415E-02  6.66112E-22  2.37873E-05  0.00000E+00  1.0E-07
  1.775E+01  2.38021E-02  6.30211E-22  2.25052E-05  0.00000E+00  1.0E-07
  1.800E+01  2.44717E-02  5.96712E-22  2.13090E-05  0.00000E+00  1.0E-07
  1.825E+01  2.51504E-02  5.65426E-22  2.01917E-05  0.00000E+00  1.0E-07
  1.850E+01  2.58382E-02  5.36179E-22  1.91473E-05  0.00000E+00  1.0E-07
  1.875E+01  2.65349E-02  5.08812E-22  1.81700E-05  0.00000E+00  1.0E-07
  1.900E+01  2.72407E-02  4.83181E-22  1.72547E-05  0.00000E+00  1.0E-07
  1.925E+01  2.79555E-02  4.59156E-22  1.63967E-05  0.00000E+00  1.0E-07
  1.950E+01  2.86793E-02  4.36616E-22  1.55918E-05  0.00000E+00  1.0E-07
  1.975E+01  2.94120E-02  4.15453E-22  1.48361E-05  0.00000E+00  1.0E-07
  2.000E+01  3.01537E-02  3.95566E-22  1.41259E-05  0.00000E+00  1.0E-07
  2.025E+01  3.09043E-02  3.76863E-22  1.34580E-05  0.00000E+00  1.0E-07
  2.050E+01  3.16639E-02  3.59261E-22  1.28295E-05  0.00000E+00  1.0E-07
  2.075E+01  3.24324E-02  3.42683E-22  1.22374E-05  0.00000E+00  1.0E-07
  2.100E+01  3.32098E-02  3.27056E-22  1.16794E-05  0.00000E+00  1.0E-07
  2.125E+01  3.39961E-02  3.12317E-22  1.11530E-05  0.00000E+00  1.0E-07
  2.150E+01  3.47912E-02  2.98405E-22  1.06562E-05  0.00000E+00  1.0E-07
  2.175E+01  3.55952E-02  2.85265E-22  1.01870E-05  0.00000E+00  1.0E-07
  2.200E+01  3.64081E-02  2.72845E-22  9.74348E-06  0.00000E+00  1.0E-07
  2.225E+01  3.72297E-02  2.61099E-22  9.32403E-06  0.00000E+00  1.0E-07
  2.250E+01  3.80602E-02  2.49983E-22  8.92706E-06  0.00000E+00  1.0E-07
  2.275E+01  3.88995E-02  2.39457E-22  8.55116E-06  0.00000E+00  1.0E-07
  2.300E+01  3.97476E-02  2.29483E-22  8.19498E-06  0.00000E+00  1.0E-07
  2.325E+01  4.06044E-02  2.20026E-22  7.85729E-06  0.00000E+00  1.0E-07
  2.350E+01  4.14700E-02  2.11056E-22  7.53694E-06  0.00000E+00  1.0E-07
  2.375E+01  4.23443E-02  2.02541E-22  7.23287E-06  0.00000E+00  1.0E-07
  2.400E+01  4.32273E-02  1.94454E-22  6.94408E-06  0.00000E+00  1.0E-07
  2.425E+01  4.41190E-02  1.86770E-22  6.66968E-06  0.00000E+00  1.0E-07
  2.450E+01  4.50194E-02  1.79464E-22  6.40879E-06  0.00000E+00  1.0E-07
  2.475E+01  4.59284E-02  1.72515E-22  6.16063E-06  0.00000E+00  1.0E-07
  2.500E+01  4.68461E-02  1.65901E-22  5.92444E-06  0.00000E+00  1.0E-07
  2.550E+01  4.87074E-02  1.53604E-22  5.48530E-06  0.00000E+00  1.0E-07
  2.600E+01  5.06030E-02  1.42433E-22  5.08638E-06  0.00000E+00  1.0E-07
  2.650E+01  5.25328E-02  1.32266E-22  4.72330E-06  0.00000E+00  1.0E-07
  2.700E+01  5.44967E-02  1.22996E-22  4.39225E-06  0.00000E+00  1.0E-07
  2.750E+01  5.64946E-02  1.14529E-22  4.08989E-06  0.00000E+00  1.0E-07
  2.800E+01  5.85262E-02  1.06782E-22  3.81327E-06  0.00000E+00  1.0E-07
  2.850E+01  6.05914E-02  9.96841E-23  3.55978E-06  0.00000E+00  1.0E-07
  2.900E+01  6.26901E-02  9.31693E-23  3.32714E-06  0.00000E+00  1.0E-07
  2.950E+01  6.48222E-02  8.71813E-23  3.11330E-06  0.00000E+00  1.0E-07
  3.000E+01  6.69873E-02  8.16694E-23  2.91647E-06  0.00000E+00  1.0E-07
  3.050E+01  6.91854E-02  7.65886E-23  2.73503E-06  0.00000E+00  1.0E-07
  3.100E+01  7.14163E-02  7.18990E-23  2.56756E-06  0.00000E+00  1.0E-07
  3.150E+01  7.36799E-02  6.75646E-23  2.41278E-06  0.00000E+00  1.0E-07
  3.200E+01  7.59760E-02  6.35536E-23  2.26954E-06  0.00000E+00  1.0E-07
  3.250E+01  7.83043E-02  5.98373E-23  2.13683E-06  0.00000E+00  1.0E-07
  3.300E+01  8.06647E-02  5.63899E-23  2.01372E-06  0.00000E+00  1.0E-07
  3.350E+01  8.30571E-02  5.31882E-23  1.89939E-06  0.00000E+00  1.0E-07
  3.400E+01  8.54812E-02  5.02115E-23  1.79308E-06  0.00000E+00  1.0E-07
  3.450E+01  8.79369E-02  4.74409E-23  1.69414E-06  0.00000E+00  1.0E-07
  3.500E+01  9.04240E-02  4.48594E-23  1.60196E-06  0.00000E+00  1.0E-07
  3.550E+01  9.29422E-02  4.24517E-23  1.51598E-06  0.00000E+00  1.0E-07
  3.600E+01  9.54915E-02  4.02039E-23  1.43571E-06  0.00000E+00  1.0E-07
  3.650E+01  9.80716E-02  3.81033E-23  1.36069E-06  0.00000E+00  1.0E-07
  3.700E+01  1.00682E-01  3.61384E-23  1.29053E-06  0.00000E+00  1.0E-07
  3.750E+01  1.03323E-01  3.42988E-23  1.22483E-06  0.00000E+00  1.0E-07
  3.800E+01  1.05995E-01  3.25749E-23  1.16327E-06  0.00000E+00  1.0E-07
  3.850E+01  1.08696E-01  3.09582E-23  1.10554E-06  0.00000E+00  1.0E-07
  3.900E+01  1.11427E-01  2.94406E-23  1.05134E-06  0.00000E+00  1.0E-07
  3.950E+01  1.14188E-01  2.80149E-23  1.00043E-06  0.00000E+00  1.0E-07
  4.000E+01  1.16978E-01  2.66745E-23  9.52564E-07  0.00000E+00  1.0E-07
  4.050E+01  1.19797E-01  2.54133E-23  9.07525E-07  0.00000E+00  1.0E-07
  4.100E+01  1.22645E-01  2.42257E-23  8.65116E-07  0.00000E+00  1.0E-07
  4.150E+01  1.25522E-01  2.31066E-23  8.25153E-07  0.00000E+00  1.0E-07
  4.200E+01  1.28428E-01  2.20513E-23  7.87468E-07  0.00000E+00  1.0E-07
  4.250E+01  1.31361E-01  2.10555E-23  7.51906E-07  0.00000E+00  1.0E-07
  4.300E+01  1.34323E-01  2.01151E-23  7.18324E-07  0.00000E+00  1.0E-07
  4.350E+01  1.37313E-01  1.92265E-23  6.86591E-07  0.00000E+00  1.0E-07
  4.400E+01  1.40330E-01  1.83863E-23  6.56585E-07  0.00000E+00  1.0E-07
  4.450E+01  1.43375E-01  1.75913E-23  6.28195E-07  0.00000E+00  1.0E-07
  4.500E+01  1.46447E-01  1.68386E-23  6.01316E-07  0.00000E+00  1.0E-07
  4.550E+01  1.49545E-01  1.61256E-23  5.75854E-07  0.00000E+00  1.0E-07
  4.600E+01  1.52671E-01  1.54497E-23  5.51718E-07  0.00000E+00  1.0E-07
  4.650E+01  1.55823E-01  1.48086E-23  5.28826E-07  0.00000E+00  1.0E-07
  4.700E+01  1.59001E-01  1.42003E-23  5.07102E-07  0.00000E+00  1.0E-07
  4.750E+01  1.62205E-01  1.36227E-23  4.86474E-07  0.00000E+00  1.0E-07
  4.800E+01  1.65435E-01  1.30739E-23  4.66877E-07  0.00000E+00  1.0E-07
  4.850E+01  1.68690E-01  1.25523E-23  4.48250E-07  0.00000E+00  1.0E-07
  4.900E+01  1.71970E-01  1.20562E-23  4.30534E-07  0.00000E+00  1.0E-07
  4.950E+01  1.75276E-01  1.15841E-23  4.13676E-07  0.00000E+00  1.0E-07
  5.000E+01  1.78606E-01  1.11347E-23  3.97629E-07  0.00000E+00  1.0E-07
  5.050E+01  1.81961E-01  1.07067E-23  3.82344E-07  0.00000E+00  1.0E-07
  5.100E+01  1.85340E-01  1.02988E-23  3.67778E-07  0.00000E+00  1.0E-07
  5.150E+01  1.88743E-01  9.90997E-24  3.53892E-07  0.00000E+00  1.0E-07
  5.200E+01  1.92169E-01  9.53907E-24  3.40646E-07  0.00000E+00  1.0E-07
  5.250E+01  1.95619E-01  9.18513E-24  3.28007E-07  0.00000E+00  1.0E-07
  5.300E+01  1.99092E-01  8.84724E-24  3.15941E-07  0.00000E+00  1.0E-07
  5.350E+01  2.02589E-01  8.52452E-24  3.04416E-07  0.00000E+00  1.0E-07
  5.400E+01  2.06107E-01  8.21616E-24  2.93405E-07  0.00000E+00  1.0E-07
  5.450E+01  2.09649E-01  7.92141E-24  2.82879E-07  0.00000E+00  1.0E-07
  5.500E+01  2.13212E-01  7.63955E-24  2.72813E-07  0.00000E+00  1.0E-07
  5.550E+01  2.16797E-01  7.36990E-24  2.63184E-07  0.00000E+00  1.0E-07
  5.600E+01  2.20404E-01  7.11183E-24  2.53968E-07  0.00000E+00  1.0E-07
  5.650E+01  2.24032E-01  6.86475E-24  2.45145E-07  0.00000E+00  1.0E-07
  5.700E+01  2.27680E-01  6.62810E-24  2.36694E-07  0.00000E+00  1.0E-07
  5.750E+01  2.31350E-01  6.40135E-24  2.28596E-07  0.00000E+00  1.0E-07
  5.800E+01  2.35040E-01  6.18402E-24  2.20835E-07  0.00000E+00  1.0E-07
  5.850E+01  2.38751E-01  5.97563E-24  2.13394E-07  0.00000E+00  1.0E-07
  5.900E+01  2.42481E-01  5.77575E-24  2.06256E-07  0.00000E+00  1.0E-07
  5.950E+01  2.46231E-01  5.58396E-24  1.99407E-07  0.00000E+00  1.0E-07
  6.000E+01  2.50000E-01  5.39988E-24  1.92833E-07  0.00000E+00  1.0E-07
  6.050E+01  2.53788E-01  5.22313E-24  1.86521E-07  0.00000E+00  1.0E-07
  6.100E+01  2.57595E-01  5.05337E-24  1.80459E-07  0.00000E+00  1.0E-07
  6.150E+01  2.61421E-01  4.89026E-24  1.74634E-07  0.00000E+00  1.0E-07
  6.200E+01  2.65264E-01  4.73350E-24  1.69036E-07  0.00000E+00  1.0E-07
  6.250E+01  2.69126E-01  4.58279E-24  1.63654E-07  0.00000E+00  1.0E-07
  6.300E+01  2.73005E-01  4.43785E-24  1.58479E-07  0.00000E+00  1.0E-07
  6.350E+01  2.76901E-01  4.29842E-24  1.53500E-07  0.00000E+00  1.0E-07
  6.400E+01  2.80814E-01  4.16426E-24  1.48708E-07  0.00000E+00  1.0E-07
  6.450E+01  2.84744E-01  4.03512E-24  1.44097E-07  0.00000E+00  1.0E-07
  6.500E+01  2.88691E-01  3.91078E-24  1.39656E-07  0.00000E+00  1.0E-07
  6.550E+01  2.92653E-01  3.79103E-24  1.35380E-07  0.00000E+00  1.0E-07
  6.600E+01  2.96632E-01  3.67566E-24  1.31260E-07  0.00000E+00  1.0E-07
  6.650E+01  3.00625E-01  3.56449E-24  1.27290E-07  0.00000E+00  1.0E-07
  6.700E+01  3.04634E-01  3.45734E-24  1.23464E-07  0.00000E+00  1.0E-07
  6.750E+01  3.08658E-01  3.35402E-24  1.19774E-07  0.00000E+00  1.0E-07
  6.800E+01  3.12697E-01  3.25438E-24  1.16216E-07  0.00000E+00  1.0E-07
  6.850E+01  3.16749E-01  3.15827E-24  1.12784E-07  0.00000E+00  1.0E-07
  6.900E+01  3.20816E-01  3.06552E-24  1.09472E-07  0.00000E+00  1.0E-07
  6.950E+01  3.24896E-01  2.97601E-24  1.06275E-07  0.00000E+00  1.0E-07
  7.000E+01  3.28990E-01  2.88961E-24  1.03190E-07  0.00000E+00  1.0E-07
  7.050E+01  3.33097E-01  2.80617E-24  1.00210E-07  0.00000E+00  1.0E-07
  7.100E+01  3.37216E-01  2.72558E-24  9.73324E-08  0.00000E+00  1.0E-07
  7.150E+01  3.41348E-01  2.64773E-24  9.45522E-08  0.00000E+00  1.0E-07
  7.200E+01  3.45492E-01  2.57250E-24  9.18658E-08  0.00000E+00  1.0E-07
  7.250E+01  3.49647E-01  2.49979E-24  8.92693E-08  0.00000E+00  1.0E-07
  7.300E+01  3.53814E-01  2.42950E-24  8.67591E-08  0.00000E+00  1.0E-07
  7.350E+01  3.57992E-01  2.36154E-24  8.43320E-08  0.00000E+00  1.0E-07
  7.400E+01  3.62181E-01  2.29580E-24  8.19845E-08  0.00000E+00  1.0E-07
  7.450E+01  3.66381E-01  2.23221E-24  7.97138E-08  0.00000E+00  1.0E-07
  7.500E+01  3.70590E-01  2.17069E-24  7.75167E-08  0.00000E+00  1.0E-07
  7.550E+01  3.74810E-01  2.11115E-24  7.53904E-08  0.00000E+00  1.0E-07
  7.600E+01  3.79039E-01  2.05351E-24  7.33322E-08  0.00000E+00  1.0E-07
  7.650E+01  3.83277E-01  1.99771E-24  7.13396E-08  0.00000E+00  1.0E-07
  7.700E+01  3.87524E-01  1.94368E-24  6.94099E-08  0.00000E+00  1.0E-07
  7.750E+01  3.91780E-01  1.89134E-24  6.75410E-08  0.00000E+00  1.0E-07
  7.800E+01  3.96044E-01  1.84064E-24  6.57304E-08  0.00000E+00  1.0E-07
  7.850E+01  4.00316E-01  1.79152E-24  6.39762E-08  0.00000E+00  1.0E-07
  7.900E+01  4.04596E-01  1.74391E-24  6.22761E-08  0.00000E+00  1.0E-07
  7.950E+01  4.08882E-01  1.69776E-24  6.06282E-08  0.00000E+00  1.0E-07
  8.000E+01  4.13176E-01  1.65303E-24  5.90307E-08  0.00000E+00  1.0E-07
  8.050E+01  4.17476E-01  1.60965E-24  5.74817E-08  0.00000E+00  1.0E-07
  8.100E+01  4.21783E-01  1.56759E-24  5.59795E-08  0.00000E+00  1.0E-07
  8.150E+01  4.26095E-01  1.52678E-24  5.45223E-08  0.00000E+00  1.0E-07
  8.200E+01  4.30413E-01  1.48719E-24  5.31087E-08  0.00000E+00  1.0E-07
  8.250E+01  4.34737E-01  1.44878E-24  5.17369E-08  0.00000E+00  1.0E-07
  8.300E+01  4.39065E-01  1.41150E-24  5.04056E-08  0.00000E+00  1.0E-07
  8.350E+01  4.43398E-01  1.37532E-24  4.91134E-08  0.00000E+00  1.0E-07
  8.400E+01  4.47736E-01  1.34019E-24  4.78590E-08  0.00000E+00  1.0E-07
  8.450E+01  4.52077E-01  1.30608E-24  4.66409E-08  0.00000E+00  1.0E-07
  8.500E+01  4.56422E-01  1.27295E-24  4.54580E-08  0.00000E+00  1.0E-07
  8.550E+01  4.60770E-01  1.24078E-24  4.43092E-08  0.00000E+00  1.0E-07
  8.600E+01  4.65122E-01  1.20953E-24  4.31931E-08  0.00000E+00  1.0E-07
  8.650E+01  4.69476E-01  1.17917E-24  4.21088E-08  0.00000E+00  1.0E-07
  8.700E+01  4.73832E-01  1.14966E-24  4.10551E-08  0.00000E+00  1.0E-07
  8.750E+01  4.78190E-01  1.12098E-24  4.00311E-08  0.00000E+00  1.0E-07
  8.800E+01  4.82550E-01  1.09311E-24  3.90357E-08  0.00000E+00  1.0E-07
  8.850E+01  4.86912E-01  1.06601E-24  3.80680E-08  0.00000E+00  1.0E-07
  8.900E+01  4.91274E-01  1.03967E-24  3.71271E-08  0.00000E+00  1.0E-07
  8.950E+01  4.95637E-01  1.01404E-24  3.62121E-08  0.00000E+00  1.0E-07
  9.000E+01  5.00000E-01  9.89125E-25  3.53223E-08  0.00000E+00  1.0E-07
  9.050E+01  5.04363E-01  9.64886E-25  3.44567E-08  0.00000E+00  1.0E-07
  9.100E+01  5.08726E-01  9.41306E-25  3.36147E-08  0.00000E+00  1.0E-07
  9.150E+01  5.13088E-01  9.18364E-25  3.27954E-08  0.00000E+00  1.0E-07
  9.200E+01  5.17450E-01  8.96039E-25  3.19981E-08  0.00000E+00  1.0E-07
  9.250E+01  5.21810E-01  8.74311E-25  3.12222E-08  0.00000E+00  1.0E-07
  9.300E+01  5.26168E-01  8.53162E-25  3.04670E-08  0.00000E+00  1.0E-07
  9.350E+01  5.30524E-01  8.32574E-25  2.97318E-08  0.00000E+00  1.0E-07
  9.400E+01  5.34878E-01  8.12528E-25  2.90159E-08  0.00000E+00  1.0E-07
  9.450E+01  5.39230E-01  7.93009E-25  2.83189E-08  0.00000E+00  1.0E-07
  9.500E+01  5.43578E-01  7.74000E-25  2.76400E-08  0.00000E+00  1.0E-07
  9.550E+01  5.47923E-01  7.55486E-25  2.69789E-08  0.00000E+00  1.0E-07
  9.600E+01  5.52264E-01  7.37452E-25  2.63349E-08  0.00000E+00  1.0E-07
  9.650E+01  5.56602E-01  7.19884E-25  2.57075E-08  0.00000E+00  1.0E-07
  9.700E+01  5.60935E-01  7.02767E-25  2.50963E-08  0.00000E+00  1.0E-07
  9.750E+01  5.65263E-01  6.86089E-25  2.45007E-08  0.00000E+00  1.0E-07
  9.800E+01  5.69587E-01  6.69835E-25  2.39202E-08  0.00000E+00  1.0E-07
  9.850E+01  5.73905E-01  6.53993E-25  2.33545E-08  0.00000E+00  1.0E-07
  9.900E+01  5.78217E-01  6.38550E-25  2.28030E-08  0.00000E+00  1.0E-07
  9.950E+01  5.82524E-01  6.23495E-25  2.22654E-08  0.00000E+00  1.0E-07
  1.000E+02  5.86824E-01  6.08816E-25  2.17412E-08  0.00000E+00  1.0E-07
  1.005E+02  5.91118E-01  5.94503E-25  2.12301E-08  0.00000E+00  1.0E-07
  1.010E+02  5.95404E-01  5.80545E-25  2.07316E-08  0.00000E+00  1.0E-07
  1.015E+02  5.99684E-01  5.66934E-25  2.02456E-08  0.00000E+00  1.0E-07
  1.020E+02  6.03956E-01  5.53659E-25  1.97715E-08  0.00000E+00  1.0E-07
  1.025E+02  6.08220E-01  5.40709E-25  1.93091E-08  0.00000E+00  1.0E-07
  1.030E+02  6.12476E-01  5.28075E-25  1.88579E-08  0.00000E+00  1.0E-07
  1.035E+02  6.16723E-01  5.15749E-25  1.84177E-08  0.00000E+00  1.0E-07
  1.040E+02  6.20961E-01  5.03720E-25  1.79882E-08  0.00000E+00  1.0E-07
  1.045E+02  6.25190E-01  4.91982E-25  1.75690E-08  0.00000E+00  1.0E-07
  1.050E+02  6.29410E-01  4.80526E-25  1.71599E-08  0.00000E+00  1.0E-07
  1.055E+02  6.33619E-01  4.69344E-25  1.67606E-08  0.00000E+00  1.0E-07
  1.060E+02  6.37819E-01  4.58430E-25  1.63708E-08  0.00000E+00  1.0E-07
  1.065E+02  6.42008E-01  4.47776E-25  1.59904E-08  0.00000E+00  1.0E-07
  1.070E+02  6.46186E-01  4.37374E-25  1.56189E-08  0.00000E+00  1.0E-07
  1.075E+02  6.50353E-01  4.27218E-25  1.52562E-08  0.00000E+00  1.0E-07
  1.080E+02  6.54508E-01  4.17301E-25  1.49021E-08  0.00000E+00  1.0E-07
  1.085E+02  6.58652E-01  4.07616E-25  1.45562E-08  0.00000E+00  1.0E-07
  1.090E+02  6.62784E-01  3.98158E-25  1.42185E-08  0.00000E+00  1.0E-07
  1.095E+02  6.66903E-01  3.88920E-25  1.38886E-08  0.00000E+00  1.0E-07
  1.100E+02  6.71010E-01  3.79896E-25  1.35663E-08  0.00000E+00  1.0E-07
  1.105E+02  6.75104E-01  3.71081E-25  1.32515E-08  0.00000E+00  1.0E-07
  1.110E+02  6.79184E-01  3.62469E-25  1.29440E-08  0.00000E+00  1.0E-07
  1.115E+02  6.83251E-01  3.54055E-25  1.26435E-08  0.00000E+00  1.0E-07
  1.120E+02  6.87303E-01  3.45834E-25  1.23499E-08  0.00000E+00  1.0E-07
  1.125E+02  6.91342E-01  3.37800E-25  1.20631E-08  0.00000E+00  1.0E-07
  1.130E+02  6.95366E-01  3.29950E-25  1.17827E-08  0.00000E+00  1.0E-07
  1.135E+02  6.99375E-01  3.22277E-25  1.15087E-08  0.00000E+00  1.0E-07
  1.140E+02  7.03368E-01  3.14779E-25  1.12409E-08  0.00000E+00  1.0E-07
  1.145E+02  7.07347E-01  3.07449E-25  1.09792E-08  0.00000E+00  1.0E-07
  1.150E+02  7.11309E-01  3.00284E-25  1.07233E-08  0.00000E+00  1.0E-07
  1.155E+02  7.15256E-01  2.93280E-25  1.04732E-08  0.00000E+00  1.0E-07
  1.160E+02  7.19186E-01  2.86433E-25  1.02287E-08  0.00000E+00  1.0E-07
  1.165E+02  7.23099E-01  2.79738E-25  9.98963E-09  0.00000E+00  1.0E-07
  1.170E+02  7.26995E-01  2.73192E-25  9.75588E-09  0.00000E+00  1.0E-07
  1.175E+02  7.30874E-01  2.66792E-25  9.52731E-09  0.00000E+00  1.0E-07
  1.180E+02  7.34736E-01  2.60533E-25  9.30380E-09  0.00000E+00  1.0E-07
  1.185E+02  7.38579E-01  2.54412E-25  9.08522E-09  0.00000E+00  1.0E-07
  1.190E+02  7.42405E-01  2.48426E-25  8.87146E-09  0.00000E+00  1.0E-07
  1.195E+02  7.46212E-01  2.42572E-25  8.66239E-09  0.00000E+00  1.0E-07
  1.200E+02  7.50000E-01  2.36845E-25  8.45791E-09  0.00000E+00  1.0E-07
  1.205E+02  7.53769E-01  2.31244E-25  8.25789E-09  0.00000E+00  1.0E-07
  1.210E+02  7.57519E-01  2.25766E-25  8.06224E-09  0.00000E+00  1.0E-07
  1.215E+02  7.61249E-01  2.20406E-25  7.87084E-09  0.00000E+00  1.0E-07
  1.220E+02  7.64960E-01  2.15163E-25  7.68361E-09  0.00000E+00  1.0E-07
  1.225E+02  7.68650E-01  2.10033E-25  7.50043E-09  0.00000E+00  1.0E-07
  1.230E+02  7.72320E-01  2.05015E-25  7.32121E-09  0.00000E+00  1.0E-07
  1.235E+02  7.75968E-01  2.00105E-25  7.14587E-09  0.00000E+00  1.0E-07
  1.240E+02  7.79596E-01  1.95300E-25  6.97430E-09  0.00000E+00  1.0E-07
  1.245E+02  7.83203E-01  1.90599E-25  6.80643E-09  0.00000E+00  1.0E-07
  1.250E+02  7.86788E-01  1.85999E-25  6.64216E-09  0.00000E+00  1.0E-07
  1.255E+02  7.90351E-01  1.81498E-25  6.48141E-09  0.00000E+00  1.0E-07
  1.260E+02  7.93893E-01  1.77093E-25  6.32411E-09  0.00000E+00  1.0E-07
  1.265E+02  7.97411E-01  1.72782E-25  6.17017E-09  0.00000E+00  1.0E-07
  1.270E+02  8.00908E-01  1.68564E-25  6.01951E-09  0.00000E+00  1.0E-07
  1.275E+02  8.04381E-01  1.64435E-25  5.87207E-09  0.00000E+00  1.0E-07
  1.280E+02  8.07831E-01  1.60394E-25  5.72777E-09  0.00000E+00  1.0E-07
  1.285E+02  8.11257E-01  1.56439E-25  5.58654E-09  0.00000E+00  1.0E-07
  1.290E+02  8.14660E-01  1.52568E-25  5.44831E-09  0.00000E+00  1.0E-07
  1.295E+02  8.18039E-01  1.48779E-25  5.31301E-09  0.00000E+00  1.0E-07
  1.300E+02  8.21394E-01  1.45071E-25  5.18059E-09  0.00000E+00  1.0E-07
  1.305E+02  8.24724E-01  1.41441E-25  5.05097E-09  0.00000E+00  1.0E-07
  1.310E+02  8.28030E-01  1.37889E-25  4.92409E-09  0.00000E+00  1.0E-07
  1.315E+02  8.31310E-01  1.34411E-25  4.79991E-09  0.00000E+00  1.0E-07
  1.320E+02  8.34565E-01  1.31007E-25  4.67835E-09  0.00000E+00  1.0E-07
  1.325E+02  8.37795E-01  1.27675E-25  4.55936E-09  0.00000E+00  1.0E-07
  1.330E+02  8.40999E-01  1.24414E-25  4.44289E-09  0.00000E+00  1.0E-07
  1.335E+02  8.44177E-01  1.21221E-25  4.32888E-09  0.00000E+00  1.0E-07
  1.340E+02  8.47329E-01  1.18096E-25  4.21729E-09  0.00000E+00  1.0E-07
  1.345E+02  8.50455E-01  1.15037E-25  4.10805E-09  0.00000E+00  1.0E-07
  1.350E+02  8.53553E-01  1.12043E-25  4.00113E-09  0.00000E+00  1.0E-07
  1.355E+02  8.56625E-01  1.09112E-25  3.89647E-09  0.00000E+00  1.0E-07
  1.360E+02  8.59670E-01  1.06243E-25  3.79402E-09  0.00000E+00  1.0E-07
  1.365E+02  8.62687E-01  1.03436E-25  3.69375E-09  0.00000E+00  1.0E-07
  1.370E+02  8.65677E-01  1.00687E-25  3.59560E-09  0.00000E+00  1.0E-07
  1.375E+02  8.68639E-01  9.79970E-26  3.49954E-09  0.00000E+00  1.0E-07
  1.380E+02  8.71572E-01  9.53641E-26  3.40551E-09  0.00000E+00  1.0E-07
  1.385E+02  8.74478E-01  9.27872E-26  3.31349E-09  0.00000E+00  1.0E-07
  1.390E+02  8.77355E-01  9.02652E-26  3.22343E-09  0.00000E+00  1.0E-07
  1.395E+02  8.80203E-01  8.77970E-26  3.13529E-09  0.00000E+00  1.0E-07
  1.400E+02  8.83022E-01  8.53815E-26  3.04903E-09  0.00000E+00  1.0E-07
  1.405E+02  8.85812E-01  8.30178E-26  2.96462E-09  0.00000E+00  1.0E-07
  1.410E+02  8.88573E-01  8.07048E-26  2.88202E-09  0.00000E+00  1.0E-07
  1.415E+02  8.91304E-01  7.84415E-26  2.80120E-09  0.00000E+00  1.0E-07
  1.420E+02  8.94005E-01  7.62271E-26  2.72212E-09  0.00000E+00  1.0E-07
  1.425E+02  8.96677E-01  7.40605E-26  2.64475E-09  0.00000E+00  1.0E-07
  1.430E+02  8.99318E-01  7.19408E-26  2.56905E-09  0.00000E+00  1.0E-07
  1.435E+02  9.01928E-01  6.98673E-26  2.49500E-09  0.00000E+00  1.0E-07
  1.440E+02  9.04508E-01  6.78389E-26  2.42257E-09  0.00000E+00  1.0E-07
  1.445E+02  9.07058E-01  6.58550E-26  2.35172E-09  0.00000E+00  1.0E-07
  1.450E+02  9.09576E-01  6.39146E-26  2.28243E-09  0.00000E+00  1.0E-07
  1.455E+02  9.12063E-01  6.20170E-26  2.21467E-09  0.00000E+00  1.0E-07
  1.460E+02  9.14519E-01  6.01615E-26  2.14841E-09  0.00000E+00  1.0E-07
  1.465E+02  9.16943E-01  5.83472E-26  2.08362E-09  0.00000E+00  1.0E-07
  1.470E+02  9.19335E-01  5.65735E-26  2.02028E-09  0.00000E+00  1.0E-07
  1.475E+02  9.21696E-01  5.48396E-26  1.95836E-09  0.00000E+00  1.0E-07
  1.480E+02  9.24024E-01  5.31448E-26  1.89784E-09  0.00000E+00  1.0E-07
  1.485E+02  9.26320E-01  5.14886E-26  1.83869E-09  0.00000E+00  1.0E-07
  1.490E+02  9.28584E-01  4.98701E-26  1.78089E-09  0.00000E+00  1.0E-07
  1.495E+02  9.30815E-01  4.82888E-26  1.72442E-09  0.00000E+00  1.0E-07
  1.500E+02  9.33013E-01  4.67441E-26  1.66926E-09  0.00000E+00  1.0E-07
  1.505E+02  9.35178E-01  4.52353E-26  1.61538E-09  0.00000E+00  1.0E-07
  1.510E+02  9.37310E-01  4.37618E-26  1.56276E-09  0.00000E+00  1.0E-07
  1.515E+02  9.39409E-01  4.23232E-26  1.51139E-09  0.00000E+00  1.0E-07
  1.520E+02  9.41474E-01  4.09188E-26  1.46124E-09  0.00000E+00  1.0E-07
  1.525E+02  9.43505E-01  3.95481E-26  1.41229E-09  0.00000E+00  1.0E-07
  1.530E+02  9.45503E-01  3.82106E-26  1.36453E-09  0.00000E+00  1.0E-07
  1.535E+02  9.47467E-01  3.69058E-26  1.31793E-09  0.00000E+00  1.0E-07
  1.540E+02  9.49397E-01  3.56331E-26  1.27248E-09  0.00000E+00  1.0E-07
  1.545E+02  9.51293E-01  3.43921E-26  1.22816E-09  0.00000E+00  1.0E-07
  1.550E+02  9.53154E-01  3.31822E-26  1.18496E-09  0.00000E+00  1.0E-07
  1.555E+02  9.54981E-01  3.20032E-26  1.14285E-09  0.00000E+00  1.0E-07
  1.560E+02  9.56773E-01  3.08544E-26  1.10183E-09  0.00000E+00  1.0E-07
  1.565E+02  9.58530E-01  2.97356E-26  1.06188E-09  0.00000E+00  1.0E-07
  1.570E+02  9.60252E-01  2.86462E-26  1.02297E-09  0.00000E+00  1.0E-07
  1.575E+02  9.61940E-01  2.75858E-26  9.85107E-10  0.00000E+00  1.0E-07
  1.580E+02  9.63592E-01  2.65541E-26  9.48265E-10  0.00000E+00  1.0E-07
  1.585E+02  9.65209E-01  2.55507E-26  9.12432E-10  0.00000E+00  1.0E-07
  1.590E+02  9.66790E-01  2.45752E-26  8.77596E-10  0.00000E+00  1.0E-07
  1.595E+02  9.68336E-01  2.36272E-26  8.43744E-10  0.00000E+00  1.0E-07
  1.600E+02  9.69846E-01  2.27065E-26  8.10863E-10  0.00000E+00  1.0E-07
  1.605E+02  9.71321E-01  2.18126E-26  7.78942E-10  0.00000E+00  1.0E-07
  1.610E+02  9.72759E-01  2.09452E-26  7.47968E-10  0.00000E+00  1.0E-07
  1.615E+02  9.74162E-01  2.01041E-26  7.17930E-10  0.00000E+00  1.0E-07
  1.620E+02  9.75528E-01  1.92889E-26  6.88818E-10  0.00000E+00  1.0E-07
  1.625E+02  9.76858E-01  1.84993E-26  6.60620E-10  0.00000E+00  1.0E-07
  1.630E+02  9.78152E-01  1.77350E-26  6.33328E-10  0.00000E+00  1.0E-07
  1.635E+02  9.79410E-01  1.69958E-26  6.06930E-10  0.00000E+00  1.0E-07
  1.640E+02  9.80631E-01  1.62813E-26  5.81417E-10  0.00000E+00  1.0E-07
  1.645E+02  9.81815E-01  1.55914E-26  5.56781E-10  0.00000E+00  1.0E-07
  1.650E+02  9.82963E-01  1.49258E-26  5.33011E-10  0.00000E+00  1.0E-07
  1.655E+02  9.84074E-01  1.42843E-26  5.10101E-10  0.00000E+00  1.0E-07
  1.660E+02  9.85148E-01  1.36665E-26  4.88041E-10  0.00000E+00  1.0E-07
  1.665E+02  9.86185E-01  1.30724E-26  4.66824E-10  0.00000E+00  1.0E-07
  1.670E+02  9.87185E-01  1.25016E-26  4.46442E-10  0.00000E+00  1.0E-07
  1.675E+02  9.88148E-01  1.19541E-26  4.26888E-10  0.00000E+00  1.0E-07
  1.680E+02  9.89074E-01  1.14295E-26  4.08155E-10  0.00000E+00  1.0E-07
  1.685E+02  9.89962E-01  1.09277E-26  3.90236E-10  0.00000E+00  1.0E-07
  1.690E+02  9.90814E-01  1.04486E-26  3.73125E-10  0.00000E+00  1.0E-07
  1.695E+02  9.91627E-01  9.99188E-27  3.56817E-10  0.00000E+00  1.0E-07
  1.700E+02  9.92404E-01  9.55749E-27  3.41304E-10  0.00000E+00  1.0E-07
  1.705E+02  9.93143E-01  9.14524E-27  3.26582E-10  0.00000E+00  1.0E-07
  1.710E+02  9.93844E-01  8.75498E-27  3.12646E-10  0.00000E+00  1.0E-07
  1.715E+02  9.94508E-01  8.38659E-27  2.99491E-10  0.00000E+00  1.0E-07
  1.720E+02  9.95134E-01  8.03994E-27  2.87111E-10  0.00000E+00  1.0E-07
  1.725E+02  9.95722E-01  7.71489E-27  2.75504E-10  0.00000E+00  1.0E-07
  1.730E+02  9.96273E-01  7.41134E-27  2.64664E-10  0.00000E+00  1.0E-07
  1.735E+02  9.96786E-01  7.12919E-27  2.54588E-10  0.00000E+00  1.0E-07
  1.740E+02  9.97261E-01  6.86832E-27  2.45272E-10  0.00000E+00  1.0E-07
  1.745E+02  9.97698E-01  6.62866E-27  2.36714E-10  0.00000E+00  1.0E-07
  1.750E+02  9.98097E-01  6.41012E-27  2.28909E-10  0.00000E+00  1.0E-07
  1.755E+02  9.98459E-01  6.21262E-27  2.21857E-10  0.00000E+00  1.0E-07
  1.760E+02  9.98782E-01  6.03609E-27  2.15553E-10  0.00000E+00  1.0E-07
  1.765E+02  9.99067E-01  5.88047E-27  2.09996E-10  0.00000E+00  1.0E-07
  1.770E+02  9.99315E-01  5.74571E-27  2.05183E-10  0.00000E+00  1.0E-07
  1.775E+02  9.99524E-01  5.63177E-27  2.01114E-10  0.00000E+00  1.0E-07
  1.780E+02  9.99695E-01  5.53859E-27  1.97787E-10  0.00000E+00  1.0E-07
  1.785E+02  9.99829E-01  5.46616E-27  1.95200E-10  0.00000E+00  1.0E-07
  1.790E+02  9.99924E-01  5.41444E-27  1.93353E-10  0.00000E+00  1.0E-07
  1.795E+02  9.99981E-01  5.38341E-27  1.92245E-10  0.00000E+00  1.0E-07
  1.800E+02  1.00000E+00  5.37307E-27  1.91876E-10  0.00000E+00  1.2E-07
