 #
 # Subroutine ELSEPA. Elastic scattering of electrons and positrons
 #                    by neutral atoms and positive ions
 #
 # Projectile: electron
 # Kinetic energy = 3.70000E+06 eV = 1.35973E+05 a.u.
 #
 # WARNING: High-energy factorization with free-atom DF screening.
 #          Absorption, polarization and exchange corrections are
 #          switched off.
 #          Phase shifts are calculated for the bare nucleus.
 #          Scattering amplitudes are not evaluated.
 #
 # Element: Ba,  Z =  56,  atomic weight = 1.37327E+02 g/mol
 #
 # Nuclear model: Fermi distribution
 #                Average radius = 5.52038E-13 cm
 #                Skin thickness = 5.46000E-14 cm
 #
 # Number of electrons = 56
 #
 # Total elastic cross section = 7.36390E-18 cm**2 = 2.62970E-01 a0**2
 # 1st transport cross section = 2.79954E-22 cm**2 = 9.99735E-06 a0**2
 # 2nd transport cross section = 7.72332E-22 cm**2 = 2.75805E-05 a0**2
 #
 #
 # Differential cross section:                       MU=(1-COS(THETA))/2
 #
 #  THETA        MU          DCS          DCS        Sherman      error
 #  (deg)                 (cm**2/sr)   (a0**2/sr)    function
 #----------------------------------------------------------------------
  0.000E+00  0.00000E+00  2.19973E-12  7.85539E+04  0.00000E+00  1.0E-05
  1.000E-04  7.61557E-13  2.19971E-12  7.85531E+04  0.00000E+00  1.0E-05
  1.250E-04  1.18994E-12  2.19970E-12  7.85526E+04  0.00000E+00  1.0E-05
  1.500E-04  1.71346E-12  2.19968E-12  7.85520E+04  0.00000E+00  1.0E-05
  1.750E-04  2.33225E-12  2.19966E-12  7.85513E+04  0.00000E+00  1.0E-05
  2.000E-04  3.04617E-12  2.19964E-12  7.85505E+04  0.00000E+00  1.0E-05
  2.250E-04  3.85530E-12  2.19961E-12  7.85496E+04  0.00000E+00  1.0E-05
  2.500E-04  4.75964E-12  2.19958E-12  7.85486E+04  0.00000E+00  1.0E-05
  2.750E-04  5.75917E-12  2.19955E-12  7.85475E+04  0.00000E+00  1.0E-05
  3.000E-04  6.85391E-12  2.19952E-12  7.85462E+04  0.00000E+00  1.0E-05
  3.250E-04  8.04379E-12  2.19948E-12  7.85449E+04  0.00000E+00  1.0E-05
  3.500E-04  9.32893E-12  2.19944E-12  7.85435E+04  0.00000E+00  1.0E-05
  3.750E-04  1.07092E-11  2.19940E-12  7.85419E+04  0.00000E+00  1.0E-05
  4.000E-04  1.21847E-11  2.19935E-12  7.85403E+04  0.00000E+00  1.0E-05
  4.250E-04  1.37554E-11  2.19930E-12  7.85385E+04  0.00000E+00  1.0E-05
  4.500E-04  1.54213E-11  2.19925E-12  7.85367E+04  0.00000E+00  1.0E-05
  4.750E-04  1.71823E-11  2.19920E-12  7.85347E+04  0.00000E+00  1.0E-05
  5.000E-04  1.90386E-11  2.19914E-12  7.85326E+04  0.00000E+00  1.0E-05
  5.250E-04  2.09900E-11  2.19908E-12  7.85304E+04  0.00000E+00  1.0E-05
  5.500E-04  2.30367E-11  2.19901E-12  7.85281E+04  0.00000E+00  1.0E-05
  5.750E-04  2.51785E-11  2.19895E-12  7.85258E+04  0.00000E+00  1.0E-05
  6.000E-04  2.74156E-11  2.19887E-12  7.85233E+04  0.00000E+00  1.0E-05
  6.250E-04  2.97478E-11  2.19880E-12  7.85206E+04  0.00000E+00  1.0E-05
  6.500E-04  3.21752E-11  2.19873E-12  7.85179E+04  0.00000E+00  1.0E-05
  6.750E-04  3.46979E-11  2.19865E-12  7.85151E+04  0.00000E+00  1.0E-05
  7.000E-04  3.73157E-11  2.19856E-12  7.85122E+04  0.00000E+00  1.0E-05
  7.250E-04  4.00286E-11  2.19848E-12  7.85091E+04  0.00000E+00  1.0E-05
  7.500E-04  4.28368E-11  2.19839E-12  7.85060E+04  0.00000E+00  1.0E-05
  7.750E-04  4.57402E-11  2.19830E-12  7.85028E+04  0.00000E+00  1.0E-05
  8.000E-04  4.87388E-11  2.19821E-12  7.84994E+04  0.00000E+00  1.0E-05
  8.250E-04  5.18325E-11  2.19811E-12  7.84959E+04  0.00000E+00  1.0E-05
  8.500E-04  5.50215E-11  2.19801E-12  7.84924E+04  0.00000E+00  1.0E-05
  8.750E-04  5.83057E-11  2.19791E-12  7.84887E+04  0.00000E+00  1.0E-05
  9.000E-04  6.16850E-11  2.19780E-12  7.84849E+04  0.00000E+00  1.0E-05
  9.250E-04  6.51595E-11  2.19769E-12  7.84810E+04  0.00000E+00  1.0E-05
  9.500E-04  6.87293E-11  2.19758E-12  7.84770E+04  0.00000E+00  1.0E-05
  9.750E-04  7.23943E-11  2.19747E-12  7.84729E+04  0.00000E+00  1.0E-05
  1.000E-03  7.61544E-11  2.19735E-12  7.84687E+04  0.00000E+00  1.0E-05
  1.250E-03  1.18991E-10  2.19601E-12  7.84209E+04  0.00000E+00  1.0E-05
  1.500E-03  1.71347E-10  2.19437E-12  7.83624E+04  0.00000E+00  1.0E-05
  1.750E-03  2.33223E-10  2.19244E-12  7.82934E+04  0.00000E+00  1.0E-05
  2.000E-03  3.04617E-10  2.19021E-12  7.82139E+04  0.00000E+00  1.0E-05
  2.250E-03  3.85531E-10  2.18770E-12  7.81240E+04  0.00000E+00  1.0E-05
  2.500E-03  4.75965E-10  2.18489E-12  7.80237E+04  0.00000E+00  1.0E-05
  2.750E-03  5.75917E-10  2.18179E-12  7.79130E+04  0.00000E+00  1.0E-05
  3.000E-03  6.85389E-10  2.17840E-12  7.77921E+04  0.00000E+00  1.0E-05
  3.250E-03  8.04380E-10  2.17473E-12  7.76610E+04  0.00000E+00  1.0E-05
  3.500E-03  9.32891E-10  2.17078E-12  7.75198E+04  0.00000E+00  1.0E-05
  3.750E-03  1.07092E-09  2.16654E-12  7.73686E+04  0.00000E+00  1.0E-05
  4.000E-03  1.21847E-09  2.16203E-12  7.72075E+04  0.00000E+00  1.0E-05
  4.250E-03  1.37554E-09  2.15724E-12  7.70366E+04  0.00000E+00  1.0E-05
  4.500E-03  1.54213E-09  2.15219E-12  7.68560E+04  0.00000E+00  1.0E-05
  4.750E-03  1.71823E-09  2.14686E-12  7.66658E+04  0.00000E+00  1.0E-05
  5.000E-03  1.90386E-09  2.14127E-12  7.64661E+04  0.00000E+00  1.0E-05
  5.250E-03  2.09900E-09  2.13541E-12  7.62570E+04  0.00000E+00  1.0E-05
  5.500E-03  2.30367E-09  2.12930E-12  7.60388E+04  0.00000E+00  1.0E-05
  5.750E-03  2.51785E-09  2.12294E-12  7.58115E+04  0.00000E+00  1.0E-05
  6.000E-03  2.74156E-09  2.11632E-12  7.55752E+04  0.00000E+00  1.0E-05
  6.250E-03  2.97478E-09  2.10946E-12  7.53300E+04  0.00000E+00  1.0E-05
  6.500E-03  3.21752E-09  2.10235E-12  7.50763E+04  0.00000E+00  1.0E-05
  6.750E-03  3.46978E-09  2.09501E-12  7.48140E+04  0.00000E+00  1.0E-05
  7.000E-03  3.73156E-09  2.08743E-12  7.45434E+04  0.00000E+00  1.0E-05
  7.250E-03  4.00286E-09  2.07962E-12  7.42645E+04  0.00000E+00  1.0E-05
  7.500E-03  4.28368E-09  2.07159E-12  7.39777E+04  0.00000E+00  1.0E-05
  7.750E-03  4.57402E-09  2.06333E-12  7.36830E+04  0.00000E+00  1.0E-05
  8.000E-03  4.87388E-09  2.05487E-12  7.33806E+04  0.00000E+00  1.0E-05
  8.250E-03  5.18326E-09  2.04619E-12  7.30706E+04  0.00000E+00  1.0E-05
  8.500E-03  5.50215E-09  2.03730E-12  7.27534E+04  0.00000E+00  1.0E-05
  8.750E-03  5.83057E-09  2.02822E-12  7.24290E+04  0.00000E+00  1.0E-05
  9.000E-03  6.16850E-09  2.01894E-12  7.20976E+04  0.00000E+00  1.0E-05
  9.250E-03  6.51596E-09  2.00946E-12  7.17593E+04  0.00000E+00  1.0E-05
  9.500E-03  6.87293E-09  1.99981E-12  7.14144E+04  0.00000E+00  1.0E-05
  9.750E-03  7.23942E-09  1.98997E-12  7.10632E+04  0.00000E+00  1.0E-05
  1.000E-02  7.61544E-09  1.97996E-12  7.07057E+04  0.00000E+00  1.0E-05
  1.250E-02  1.18991E-08  1.87143E-12  6.68300E+04  0.00000E+00  1.0E-05
  1.500E-02  1.71347E-08  1.75214E-12  6.25700E+04  0.00000E+00  1.0E-05
  1.750E-02  2.33223E-08  1.62594E-12  5.80633E+04  0.00000E+00  1.0E-05
  2.000E-02  3.04617E-08  1.49769E-12  5.34836E+04  0.00000E+00  1.0E-05
  2.250E-02  3.85531E-08  1.37243E-12  4.90103E+04  0.00000E+00  1.0E-05
  2.500E-02  4.75965E-08  1.25281E-12  4.47386E+04  0.00000E+00  1.0E-05
  2.750E-02  5.75917E-08  1.14008E-12  4.07129E+04  0.00000E+00  1.0E-05
  3.000E-02  6.85389E-08  1.03552E-12  3.69791E+04  0.00000E+00  1.0E-05
  3.250E-02  8.04380E-08  9.40457E-13  3.35843E+04  0.00000E+00  1.0E-05
  3.500E-02  9.32891E-08  8.55081E-13  3.05355E+04  0.00000E+00  1.0E-05
  3.750E-02  1.07092E-07  7.78140E-13  2.77879E+04  0.00000E+00  1.0E-05
  4.000E-02  1.21847E-07  7.09208E-13  2.53263E+04  0.00000E+00  1.0E-05
  4.250E-02  1.37554E-07  6.47898E-13  2.31369E+04  0.00000E+00  1.0E-05
  4.500E-02  1.54213E-07  5.93825E-13  2.12059E+04  0.00000E+00  1.0E-05
  4.750E-02  1.71823E-07  5.45545E-13  1.94817E+04  0.00000E+00  1.0E-05
  5.000E-02  1.90386E-07  5.02454E-13  1.79429E+04  0.00000E+00  1.0E-05
  5.250E-02  2.09900E-07  4.63982E-13  1.65691E+04  0.00000E+00  1.0E-05
  5.500E-02  2.30367E-07  4.29802E-13  1.53485E+04  0.00000E+00  1.0E-05
  5.750E-02  2.51785E-07  3.99028E-13  1.42495E+04  0.00000E+00  1.0E-05
  6.000E-02  2.74156E-07  3.71268E-13  1.32582E+04  0.00000E+00  1.0E-05
  6.250E-02  2.97478E-07  3.46169E-13  1.23619E+04  0.00000E+00  1.0E-05
  6.500E-02  3.21752E-07  3.23428E-13  1.15498E+04  0.00000E+00  1.0E-05
  6.750E-02  3.46978E-07  3.02688E-13  1.08092E+04  0.00000E+00  1.0E-05
  7.000E-02  3.73156E-07  2.83720E-13  1.01318E+04  0.00000E+00  1.0E-05
  7.250E-02  4.00286E-07  2.66331E-13  9.51085E+03  0.00000E+00  1.0E-05
  7.500E-02  4.28368E-07  2.50314E-13  8.93889E+03  0.00000E+00  1.0E-05
  7.750E-02  4.57402E-07  2.35516E-13  8.41043E+03  0.00000E+00  1.0E-05
  8.000E-02  4.87388E-07  2.21832E-13  7.92175E+03  0.00000E+00  1.0E-05
  8.250E-02  5.18325E-07  2.09154E-13  7.46903E+03  0.00000E+00  1.0E-05
  8.500E-02  5.50215E-07  1.97359E-13  7.04781E+03  0.00000E+00  1.0E-05
  8.750E-02  5.83057E-07  1.86350E-13  6.65469E+03  0.00000E+00  1.0E-05
  9.000E-02  6.16850E-07  1.76097E-13  6.28855E+03  0.00000E+00  1.0E-05
  9.250E-02  6.51596E-07  1.66536E-13  5.94710E+03  0.00000E+00  1.0E-05
  9.500E-02  6.87293E-07  1.57595E-13  5.62781E+03  0.00000E+00  1.0E-05
  9.750E-02  7.23942E-07  1.49194E-13  5.32781E+03  0.00000E+00  1.0E-05
  1.000E-01  7.61543E-07  1.41336E-13  5.04721E+03  0.00000E+00  1.0E-05
  1.250E-01  1.18991E-06  8.48178E-14  3.02890E+03  0.00000E+00  1.0E-05
  1.500E-01  1.71347E-06  5.32004E-14  1.89982E+03  0.00000E+00  1.0E-05
  1.750E-01  2.33223E-06  3.55356E-14  1.26900E+03  0.00000E+00  1.0E-05
  2.000E-01  3.04617E-06  2.47810E-14  8.84946E+02  0.00000E+00  1.0E-05
  2.250E-01  3.85531E-06  1.77715E-14  6.34631E+02  0.00000E+00  1.0E-05
  2.500E-01  4.75964E-06  1.30483E-14  4.65963E+02  0.00000E+00  1.0E-05
  2.750E-01  5.75916E-06  9.79087E-15  3.49638E+02  0.00000E+00  1.0E-05
  3.000E-01  6.85388E-06  7.47548E-15  2.66954E+02  0.00000E+00  1.0E-05
  3.250E-01  8.04378E-06  5.78141E-15  2.06458E+02  0.00000E+00  1.0E-05
  3.500E-01  9.32888E-06  4.52844E-15  1.61714E+02  0.00000E+00  1.0E-05
  3.750E-01  1.07092E-05  3.59887E-15  1.28518E+02  0.00000E+00  1.0E-05
  4.000E-01  1.21846E-05  2.89812E-15  1.03494E+02  0.00000E+00  1.0E-05
  4.250E-01  1.37553E-05  2.36202E-15  8.43492E+01  0.00000E+00  1.0E-05
  4.500E-01  1.54212E-05  1.94617E-15  6.94991E+01  0.00000E+00  1.0E-05
  4.750E-01  1.71822E-05  1.62122E-15  5.78946E+01  0.00000E+00  1.0E-05
  5.000E-01  1.90385E-05  1.36339E-15  4.86874E+01  0.00000E+00  1.0E-05
  5.250E-01  2.09899E-05  1.15766E-15  4.13409E+01  0.00000E+00  1.0E-05
  5.500E-01  2.30365E-05  9.89884E-16  3.53494E+01  0.00000E+00  1.0E-05
  5.750E-01  2.51783E-05  8.52256E-16  3.04346E+01  0.00000E+00  1.0E-05
  6.000E-01  2.74153E-05  7.38273E-16  2.63642E+01  0.00000E+00  1.0E-05
  6.250E-01  2.97475E-05  6.43094E-16  2.29653E+01  0.00000E+00  1.0E-05
  6.500E-01  3.21749E-05  5.62763E-16  2.00966E+01  0.00000E+00  1.0E-05
  6.750E-01  3.46974E-05  4.94460E-16  1.76575E+01  0.00000E+00  1.0E-05
  7.000E-01  3.73152E-05  4.36245E-16  1.55786E+01  0.00000E+00  1.0E-05
  7.250E-01  4.00281E-05  3.86396E-16  1.37984E+01  0.00000E+00  1.0E-05
  7.500E-01  4.28362E-05  3.43330E-16  1.22606E+01  0.00000E+00  1.0E-05
  7.750E-01  4.57395E-05  3.06008E-16  1.09278E+01  0.00000E+00  1.0E-05
  8.000E-01  4.87380E-05  2.73579E-16  9.76969E+00  0.00000E+00  1.0E-05
  8.250E-01  5.18317E-05  2.45277E-16  8.75899E+00  0.00000E+00  1.0E-05
  8.500E-01  5.50205E-05  2.20431E-16  7.87174E+00  0.00000E+00  1.0E-05
  8.750E-01  5.83045E-05  1.98548E-16  7.09029E+00  0.00000E+00  1.0E-05
  9.000E-01  6.16838E-05  1.79278E-16  6.40215E+00  0.00000E+00  1.0E-05
  9.250E-01  6.51582E-05  1.62260E-16  5.79442E+00  0.00000E+00  1.0E-05
  9.500E-01  6.87277E-05  1.47178E-16  5.25581E+00  0.00000E+00  1.0E-05
  9.750E-01  7.23925E-05  1.33761E-16  4.77668E+00  0.00000E+00  1.0E-05
  1.000E+00  7.61524E-05  1.21832E-16  4.35069E+00  0.00000E+00  6.2E-06
  1.100E+00  9.21439E-05  8.55132E-17  3.05373E+00  0.00000E+00  4.6E-06
  1.200E+00  1.09658E-04  6.17646E-17  2.20565E+00  0.00000E+00  2.5E-06
  1.300E+00  1.28695E-04  4.57316E-17  1.63311E+00  0.00000E+00  5.2E-07
  1.400E+00  1.49255E-04  3.45865E-17  1.23511E+00  0.00000E+00  9.8E-07
  1.500E+00  1.71338E-04  2.66728E-17  9.52502E-01  0.00000E+00  1.8E-06
  1.600E+00  1.94942E-04  2.09141E-17  7.46857E-01  0.00000E+00  1.9E-06
  1.700E+00  2.20070E-04  1.66357E-17  5.94072E-01  0.00000E+00  1.5E-06
  1.800E+00  2.46720E-04  1.33977E-17  4.78442E-01  0.00000E+00  8.7E-07
  1.900E+00  2.74892E-04  1.09141E-17  3.89750E-01  0.00000E+00  1.5E-07
  2.000E+00  3.04586E-04  8.98239E-18  3.20767E-01  0.00000E+00  4.4E-07
  2.100E+00  3.35803E-04  7.46070E-18  2.66426E-01  0.00000E+00  7.9E-07
  2.200E+00  3.68542E-04  6.24583E-18  2.23043E-01  0.00000E+00  8.6E-07
  2.300E+00  4.02802E-04  5.26890E-18  1.88156E-01  0.00000E+00  7.0E-07
  2.400E+00  4.38585E-04  4.47589E-18  1.59837E-01  0.00000E+00  4.0E-07
  2.500E+00  4.75889E-04  3.82668E-18  1.36653E-01  0.00000E+00  1.0E-07
  2.600E+00  5.14715E-04  3.29020E-18  1.17495E-01  0.00000E+00  2.5E-07
  2.700E+00  5.55063E-04  2.84450E-18  1.01579E-01  0.00000E+00  4.3E-07
  2.800E+00  5.96931E-04  2.47180E-18  8.82696E-02  0.00000E+00  4.7E-07
  2.900E+00  6.40321E-04  2.15819E-18  7.70704E-02  0.00000E+00  3.8E-07
  3.000E+00  6.85233E-04  1.89259E-18  6.75855E-02  0.00000E+00  2.1E-07
  3.100E+00  7.31665E-04  1.66656E-18  5.95140E-02  0.00000E+00  1.0E-07
  3.200E+00  7.79618E-04  1.47333E-18  5.26137E-02  0.00000E+00  1.6E-07
  3.300E+00  8.29092E-04  1.30734E-18  4.66861E-02  0.00000E+00  2.7E-07
  3.400E+00  8.80086E-04  1.16407E-18  4.15695E-02  0.00000E+00  2.9E-07
  3.500E+00  9.32601E-04  1.03987E-18  3.71344E-02  0.00000E+00  2.3E-07
  3.600E+00  9.86636E-04  9.31841E-19  3.32767E-02  0.00000E+00  1.2E-07
  3.700E+00  1.04219E-03  8.37520E-19  2.99084E-02  0.00000E+00  1.0E-07
  3.800E+00  1.09927E-03  7.54853E-19  2.69563E-02  0.00000E+00  1.1E-07
  3.900E+00  1.15786E-03  6.82138E-19  2.43596E-02  0.00000E+00  1.8E-07
  4.000E+00  1.21797E-03  6.18002E-19  2.20693E-02  0.00000E+00  1.9E-07
  4.100E+00  1.27961E-03  5.61257E-19  2.00429E-02  0.00000E+00  1.5E-07
  4.200E+00  1.34276E-03  5.10901E-19  1.82446E-02  0.00000E+00  1.0E-07
  4.300E+00  1.40743E-03  4.66071E-19  1.66437E-02  0.00000E+00  1.0E-07
  4.400E+00  1.47362E-03  4.26075E-19  1.52154E-02  0.00000E+00  1.0E-07
  4.500E+00  1.54133E-03  3.90297E-19  1.39378E-02  0.00000E+00  1.3E-07
  4.600E+00  1.61056E-03  3.58215E-19  1.27921E-02  0.00000E+00  1.3E-07
  4.700E+00  1.68131E-03  3.29370E-19  1.17620E-02  0.00000E+00  1.0E-07
  4.800E+00  1.75357E-03  3.03384E-19  1.08340E-02  0.00000E+00  1.0E-07
  4.900E+00  1.82735E-03  2.79925E-19  9.99630E-03  0.00000E+00  1.0E-07
  5.000E+00  1.90265E-03  2.58702E-19  9.23842E-03  0.00000E+00  1.0E-07
  5.100E+00  1.97947E-03  2.39460E-19  8.55129E-03  0.00000E+00  1.0E-07
  5.200E+00  2.05780E-03  2.21983E-19  7.92717E-03  0.00000E+00  1.0E-07
  5.300E+00  2.13765E-03  2.06081E-19  7.35930E-03  0.00000E+00  1.0E-07
  5.400E+00  2.21902E-03  1.91587E-19  6.84169E-03  0.00000E+00  1.0E-07
  5.500E+00  2.30190E-03  1.78350E-19  6.36901E-03  0.00000E+00  1.0E-07
  5.600E+00  2.38630E-03  1.66243E-19  5.93665E-03  0.00000E+00  1.0E-07
  5.700E+00  2.47222E-03  1.55152E-19  5.54060E-03  0.00000E+00  1.0E-07
  5.800E+00  2.55965E-03  1.44977E-19  5.17724E-03  0.00000E+00  1.0E-07
  5.900E+00  2.64859E-03  1.35628E-19  4.84335E-03  0.00000E+00  1.0E-07
  6.000E+00  2.73905E-03  1.27023E-19  4.53608E-03  0.00000E+00  1.0E-07
  6.100E+00  2.83103E-03  1.19095E-19  4.25297E-03  0.00000E+00  1.0E-07
  6.200E+00  2.92452E-03  1.11780E-19  3.99174E-03  0.00000E+00  1.0E-07
  6.300E+00  3.01952E-03  1.05022E-19  3.75040E-03  0.00000E+00  1.0E-07
  6.400E+00  3.11604E-03  9.87693E-20  3.52712E-03  0.00000E+00  1.0E-07
  6.500E+00  3.21407E-03  9.29784E-20  3.32032E-03  0.00000E+00  1.0E-07
  6.600E+00  3.31362E-03  8.76088E-20  3.12857E-03  0.00000E+00  1.0E-07
  6.700E+00  3.41468E-03  8.26241E-20  2.95056E-03  0.00000E+00  1.0E-07
  6.800E+00  3.51725E-03  7.79906E-20  2.78510E-03  0.00000E+00  1.0E-07
  6.900E+00  3.62133E-03  7.36798E-20  2.63115E-03  0.00000E+00  1.0E-07
  7.000E+00  3.72692E-03  6.96650E-20  2.48778E-03  0.00000E+00  1.0E-07
  7.100E+00  3.83403E-03  6.59220E-20  2.35412E-03  0.00000E+00  1.0E-07
  7.200E+00  3.94265E-03  6.24285E-20  2.22936E-03  0.00000E+00  1.0E-07
  7.300E+00  4.05278E-03  5.91650E-20  2.11282E-03  0.00000E+00  1.0E-07
  7.400E+00  4.16442E-03  5.61137E-20  2.00386E-03  0.00000E+00  1.0E-07
  7.500E+00  4.27757E-03  5.32581E-20  1.90188E-03  0.00000E+00  1.0E-07
  7.600E+00  4.39223E-03  5.05831E-20  1.80635E-03  0.00000E+00  1.0E-07
  7.700E+00  4.50840E-03  4.80751E-20  1.71679E-03  0.00000E+00  1.0E-07
  7.800E+00  4.62608E-03  4.57219E-20  1.63276E-03  0.00000E+00  1.0E-07
  7.900E+00  4.74527E-03  4.35121E-20  1.55385E-03  0.00000E+00  1.0E-07
  8.000E+00  4.86597E-03  4.14352E-20  1.47968E-03  0.00000E+00  1.0E-07
  8.100E+00  4.98817E-03  3.94816E-20  1.40991E-03  0.00000E+00  1.0E-07
  8.200E+00  5.11188E-03  3.76428E-20  1.34425E-03  0.00000E+00  1.0E-07
  8.300E+00  5.23711E-03  3.59107E-20  1.28239E-03  0.00000E+00  1.0E-07
  8.400E+00  5.36383E-03  3.42779E-20  1.22409E-03  0.00000E+00  1.0E-07
  8.500E+00  5.49207E-03  3.27375E-20  1.16908E-03  0.00000E+00  1.0E-07
  8.600E+00  5.62181E-03  3.12834E-20  1.11715E-03  0.00000E+00  1.0E-07
  8.700E+00  5.75306E-03  2.99099E-20  1.06810E-03  0.00000E+00  1.0E-07
  8.800E+00  5.88581E-03  2.86116E-20  1.02174E-03  0.00000E+00  1.0E-07
  8.900E+00  6.02007E-03  2.73836E-20  9.77885E-04  0.00000E+00  1.0E-07
  9.000E+00  6.15583E-03  2.62213E-20  9.36379E-04  0.00000E+00  1.0E-07
  9.100E+00  6.29310E-03  2.51206E-20  8.97071E-04  0.00000E+00  1.0E-07
  9.200E+00  6.43187E-03  2.40775E-20  8.59823E-04  0.00000E+00  1.0E-07
  9.300E+00  6.57214E-03  2.30885E-20  8.24507E-04  0.00000E+00  1.0E-07
  9.400E+00  6.71392E-03  2.21502E-20  7.90999E-04  0.00000E+00  1.0E-07
  9.500E+00  6.85720E-03  2.12596E-20  7.59193E-04  0.00000E+00  1.0E-07
  9.600E+00  7.00198E-03  2.04137E-20  7.28987E-04  0.00000E+00  1.0E-07
  9.700E+00  7.14827E-03  1.96098E-20  7.00280E-04  0.00000E+00  1.0E-07
  9.800E+00  7.29605E-03  1.88455E-20  6.72985E-04  0.00000E+00  1.0E-07
  9.900E+00  7.44534E-03  1.81185E-20  6.47022E-04  0.00000E+00  1.0E-07
  1.000E+01  7.59612E-03  1.74265E-20  6.22311E-04  0.00000E+00  1.0E-07
  1.025E+01  7.97965E-03  1.58370E-20  5.65549E-04  0.00000E+00  1.0E-07
  1.050E+01  8.37255E-03  1.44263E-20  5.15174E-04  0.00000E+00  1.0E-07
  1.075E+01  8.77480E-03  1.31708E-20  4.70338E-04  0.00000E+00  1.0E-07
  1.100E+01  9.18641E-03  1.20503E-20  4.30324E-04  0.00000E+00  1.0E-07
  1.125E+01  9.60736E-03  1.10476E-20  3.94518E-04  0.00000E+00  1.0E-07
  1.150E+01  1.00376E-02  1.01482E-20  3.62400E-04  0.00000E+00  1.0E-07
  1.175E+01  1.04773E-02  9.33950E-21  3.33519E-04  0.00000E+00  1.0E-07
  1.200E+01  1.09262E-02  8.61063E-21  3.07491E-04  0.00000E+00  1.0E-07
  1.225E+01  1.13844E-02  7.95230E-21  2.83982E-04  0.00000E+00  1.0E-07
  1.250E+01  1.18520E-02  7.35643E-21  2.62703E-04  0.00000E+00  1.0E-07
  1.275E+01  1.23288E-02  6.81599E-21  2.43404E-04  0.00000E+00  1.0E-07
  1.300E+01  1.28150E-02  6.32489E-21  2.25866E-04  0.00000E+00  1.0E-07
  1.325E+01  1.33104E-02  5.87776E-21  2.09899E-04  0.00000E+00  1.0E-07
  1.350E+01  1.38150E-02  5.46999E-21  1.95337E-04  0.00000E+00  1.0E-07
  1.375E+01  1.43290E-02  5.09742E-21  1.82032E-04  0.00000E+00  1.0E-07
  1.400E+01  1.48521E-02  4.75646E-21  1.69856E-04  0.00000E+00  1.0E-07
  1.425E+01  1.53845E-02  4.44392E-21  1.58695E-04  0.00000E+00  1.0E-07
  1.450E+01  1.59262E-02  4.15700E-21  1.48449E-04  0.00000E+00  1.0E-07
  1.475E+01  1.64770E-02  3.89319E-21  1.39028E-04  0.00000E+00  1.0E-07
  1.500E+01  1.70371E-02  3.65027E-21  1.30354E-04  0.00000E+00  1.0E-07
  1.525E+01  1.76063E-02  3.42629E-21  1.22355E-04  0.00000E+00  1.0E-07
  1.550E+01  1.81848E-02  3.21949E-21  1.14970E-04  0.00000E+00  1.0E-07
  1.575E+01  1.87724E-02  3.02830E-21  1.08142E-04  0.00000E+00  1.0E-07
  1.600E+01  1.93692E-02  2.85130E-21  1.01822E-04  0.00000E+00  1.0E-07
  1.625E+01  1.99751E-02  2.68725E-21  9.59635E-05  0.00000E+00  1.0E-07
  1.650E+01  2.05901E-02  2.53503E-21  9.05275E-05  0.00000E+00  1.0E-07
  1.675E+01  2.12143E-02  2.39360E-21  8.54772E-05  0.00000E+00  1.0E-07
  1.700E+01  2.18476E-02  2.26207E-21  8.07799E-05  0.00000E+00  1.0E-07
  1.725E+01  2.24900E-02  2.13959E-21  7.64063E-05  0.00000E+00  1.0E-07
  1.750E+01  2.31415E-02  2.02544E-21  7.23298E-05  0.00000E+00  1.0E-07
  1.775E+01  2.38021E-02  1.91893E-21  6.85263E-05  0.00000E+00  1.0E-07
  1.800E+01  2.44717E-02  1.81945E-21  6.49738E-05  0.00000E+00  1.0E-07
  1.825E+01  2.51504E-02  1.72645E-21  6.16527E-05  0.00000E+00  1.0E-07
  1.850E+01  2.58382E-02  1.63942E-21  5.85449E-05  0.00000E+00  1.0E-07
  1.875E+01  2.65349E-02  1.55791E-21  5.56341E-05  0.00000E+00  1.0E-07
  1.900E+01  2.72407E-02  1.48149E-21  5.29051E-05  0.00000E+00  1.0E-07
  1.925E+01  2.79555E-02  1.40979E-21  5.03446E-05  0.00000E+00  1.0E-07
  1.950E+01  2.86793E-02  1.34246E-21  4.79401E-05  0.00000E+00  1.0E-07
  1.975E+01  2.94120E-02  1.27917E-21  4.56801E-05  0.00000E+00  1.0E-07
  2.000E+01  3.01537E-02  1.21965E-21  4.35543E-05  0.00000E+00  1.0E-07
  2.025E+01  3.09043E-02  1.16361E-21  4.15531E-05  0.00000E+00  1.0E-07
  2.050E+01  3.16639E-02  1.11081E-21  3.96679E-05  0.00000E+00  1.0E-07
  2.075E+01  3.24324E-02  1.06104E-21  3.78904E-05  0.00000E+00  1.0E-07
  2.100E+01  3.32098E-02  1.01408E-21  3.62134E-05  0.00000E+00  1.0E-07
  2.125E+01  3.39961E-02  9.69738E-22  3.46300E-05  0.00000E+00  1.0E-07
  2.150E+01  3.47912E-02  9.27845E-22  3.31339E-05  0.00000E+00  1.0E-07
  2.175E+01  3.55952E-02  8.88236E-22  3.17195E-05  0.00000E+00  1.0E-07
  2.200E+01  3.64081E-02  8.50762E-22  3.03813E-05  0.00000E+00  1.0E-07
  2.225E+01  3.72297E-02  8.15284E-22  2.91143E-05  0.00000E+00  1.0E-07
  2.250E+01  3.80602E-02  7.81676E-22  2.79141E-05  0.00000E+00  1.0E-07
  2.275E+01  3.88995E-02  7.49819E-22  2.67765E-05  0.00000E+00  1.0E-07
  2.300E+01  3.97476E-02  7.19601E-22  2.56974E-05  0.00000E+00  1.0E-07
  2.325E+01  4.06044E-02  6.90924E-22  2.46733E-05  0.00000E+00  1.0E-07
  2.350E+01  4.14700E-02  6.63692E-22  2.37009E-05  0.00000E+00  1.0E-07
  2.375E+01  4.23443E-02  6.37817E-22  2.27769E-05  0.00000E+00  1.0E-07
  2.400E+01  4.32273E-02  6.13219E-22  2.18984E-05  0.00000E+00  1.0E-07
  2.425E+01  4.41190E-02  5.89820E-22  2.10629E-05  0.00000E+00  1.0E-07
  2.450E+01  4.50194E-02  5.67552E-22  2.02677E-05  0.00000E+00  1.0E-07
  2.475E+01  4.59284E-02  5.46349E-22  1.95105E-05  0.00000E+00  1.0E-07
  2.500E+01  4.68461E-02  5.26148E-22  1.87891E-05  0.00000E+00  1.0E-07
  2.550E+01  4.87074E-02  4.88531E-22  1.74457E-05  0.00000E+00  1.0E-07
  2.600E+01  5.06030E-02  4.54288E-22  1.62229E-05  0.00000E+00  1.0E-07
  2.650E+01  5.25328E-02  4.23058E-22  1.51077E-05  0.00000E+00  1.0E-07
  2.700E+01  5.44967E-02  3.94525E-22  1.40887E-05  0.00000E+00  1.0E-07
  2.750E+01  5.64946E-02  3.68409E-22  1.31561E-05  0.00000E+00  1.0E-07
  2.800E+01  5.85262E-02  3.44466E-22  1.23011E-05  0.00000E+00  1.0E-07
  2.850E+01  6.05914E-02  3.22480E-22  1.15160E-05  0.00000E+00  1.0E-07
  2.900E+01  6.26901E-02  3.02259E-22  1.07939E-05  0.00000E+00  1.0E-07
  2.950E+01  6.48222E-02  2.83634E-22  1.01288E-05  0.00000E+00  1.0E-07
  3.000E+01  6.69873E-02  2.66454E-22  9.51523E-06  0.00000E+00  1.0E-07
  3.050E+01  6.91854E-02  2.50583E-22  8.94849E-06  0.00000E+00  1.0E-07
  3.100E+01  7.14163E-02  2.35904E-22  8.42428E-06  0.00000E+00  1.0E-07
  3.150E+01  7.36799E-02  2.22308E-22  7.93875E-06  0.00000E+00  1.0E-07
  3.200E+01  7.59760E-02  2.09699E-22  7.48848E-06  0.00000E+00  1.0E-07
  3.250E+01  7.83043E-02  1.97991E-22  7.07039E-06  0.00000E+00  1.0E-07
  3.300E+01  8.06647E-02  1.87107E-22  6.68173E-06  0.00000E+00  1.0E-07
  3.350E+01  8.30571E-02  1.76978E-22  6.31999E-06  0.00000E+00  1.0E-07
  3.400E+01  8.54812E-02  1.67539E-22  5.98294E-06  0.00000E+00  1.0E-07
  3.450E+01  8.79369E-02  1.58736E-22  5.66855E-06  0.00000E+00  1.0E-07
  3.500E+01  9.04240E-02  1.50515E-22  5.37500E-06  0.00000E+00  1.0E-07
  3.550E+01  9.29422E-02  1.42832E-22  5.10061E-06  0.00000E+00  1.0E-07
  3.600E+01  9.54915E-02  1.35643E-22  4.84389E-06  0.00000E+00  1.0E-07
  3.650E+01  9.80716E-02  1.28910E-22  4.60346E-06  0.00000E+00  1.0E-07
  3.700E+01  1.00682E-01  1.22599E-22  4.37807E-06  0.00000E+00  1.0E-07
  3.750E+01  1.03323E-01  1.16677E-22  4.16660E-06  0.00000E+00  1.0E-07
  3.800E+01  1.05995E-01  1.11115E-22  3.96800E-06  0.00000E+00  1.0E-07
  3.850E+01  1.08696E-01  1.05888E-22  3.78133E-06  0.00000E+00  1.0E-07
  3.900E+01  1.11427E-01  1.00971E-22  3.60573E-06  0.00000E+00  1.0E-07
  3.950E+01  1.14188E-01  9.63411E-23  3.44040E-06  0.00000E+00  1.0E-07
  4.000E+01  1.16978E-01  9.19789E-23  3.28463E-06  0.00000E+00  1.0E-07
  4.050E+01  1.19797E-01  8.78655E-23  3.13773E-06  0.00000E+00  1.0E-07
  4.100E+01  1.22645E-01  8.39838E-23  2.99912E-06  0.00000E+00  1.0E-07
  4.150E+01  1.25522E-01  8.03179E-23  2.86821E-06  0.00000E+00  1.0E-07
  4.200E+01  1.28428E-01  7.68535E-23  2.74449E-06  0.00000E+00  1.0E-07
  4.250E+01  1.31361E-01  7.35770E-23  2.62748E-06  0.00000E+00  1.0E-07
  4.300E+01  1.34323E-01  7.04762E-23  2.51675E-06  0.00000E+00  1.0E-07
  4.350E+01  1.37313E-01  6.75397E-23  2.41189E-06  0.00000E+00  1.0E-07
  4.400E+01  1.40330E-01  6.47569E-23  2.31251E-06  0.00000E+00  1.0E-07
  4.450E+01  1.43375E-01  6.21182E-23  2.21828E-06  0.00000E+00  1.0E-07
  4.500E+01  1.46447E-01  5.96146E-23  2.12888E-06  0.00000E+00  1.0E-07
  4.550E+01  1.49545E-01  5.72376E-23  2.04399E-06  0.00000E+00  1.0E-07
  4.600E+01  1.52671E-01  5.49796E-23  1.96336E-06  0.00000E+00  1.0E-07
  4.650E+01  1.55823E-01  5.28333E-23  1.88671E-06  0.00000E+00  1.0E-07
  4.700E+01  1.59001E-01  5.07921E-23  1.81382E-06  0.00000E+00  1.0E-07
  4.750E+01  1.62205E-01  4.88495E-23  1.74445E-06  0.00000E+00  1.0E-07
  4.800E+01  1.65435E-01  4.70000E-23  1.67840E-06  0.00000E+00  1.0E-07
  4.850E+01  1.68690E-01  4.52382E-23  1.61549E-06  0.00000E+00  1.0E-07
  4.900E+01  1.71970E-01  4.35589E-23  1.55552E-06  0.00000E+00  1.0E-07
  4.950E+01  1.75276E-01  4.19576E-23  1.49833E-06  0.00000E+00  1.0E-07
  5.000E+01  1.78606E-01  4.04299E-23  1.44378E-06  0.00000E+00  1.0E-07
  5.050E+01  1.81961E-01  3.89716E-23  1.39170E-06  0.00000E+00  1.0E-07
  5.100E+01  1.85340E-01  3.75789E-23  1.34197E-06  0.00000E+00  1.0E-07
  5.150E+01  1.88743E-01  3.62483E-23  1.29445E-06  0.00000E+00  1.0E-07
  5.200E+01  1.92169E-01  3.49764E-23  1.24903E-06  0.00000E+00  1.0E-07
  5.250E+01  1.95619E-01  3.37600E-23  1.20559E-06  0.00000E+00  1.0E-07
  5.300E+01  1.99092E-01  3.25962E-23  1.16403E-06  0.00000E+00  1.0E-07
  5.350E+01  2.02589E-01  3.14823E-23  1.12425E-06  0.00000E+00  1.0E-07
  5.400E+01  2.06107E-01  3.04157E-23  1.08616E-06  0.00000E+00  1.0E-07
  5.450E+01  2.09649E-01  2.93940E-23  1.04968E-06  0.00000E+00  1.0E-07
  5.500E+01  2.13212E-01  2.84148E-23  1.01471E-06  0.00000E+00  1.0E-07
  5.550E+01  2.16797E-01  2.74761E-23  9.81188E-07  0.00000E+00  1.0E-07
  5.600E+01  2.20404E-01  2.65757E-23  9.49036E-07  0.00000E+00  1.0E-07
  5.650E+01  2.24032E-01  2.57118E-23  9.18187E-07  0.00000E+00  1.0E-07
  5.700E+01  2.27680E-01  2.48827E-23  8.88576E-07  0.00000E+00  1.0E-07
  5.750E+01  2.31350E-01  2.40865E-23  8.60145E-07  0.00000E+00  1.0E-07
  5.800E+01  2.35040E-01  2.33218E-23  8.32835E-07  0.00000E+00  1.0E-07
  5.850E+01  2.38751E-01  2.25869E-23  8.06594E-07  0.00000E+00  1.0E-07
  5.900E+01  2.42481E-01  2.18806E-23  7.81371E-07  0.00000E+00  1.0E-07
  5.950E+01  2.46231E-01  2.12015E-23  7.57118E-07  0.00000E+00  1.0E-07
  6.000E+01  2.50000E-01  2.05482E-23  7.33791E-07  0.00000E+00  1.0E-07
  6.050E+01  2.53788E-01  1.99197E-23  7.11345E-07  0.00000E+00  1.0E-07
  6.100E+01  2.57595E-01  1.93147E-23  6.89742E-07  0.00000E+00  1.0E-07
  6.150E+01  2.61421E-01  1.87323E-23  6.68941E-07  0.00000E+00  1.0E-07
  6.200E+01  2.65264E-01  1.81713E-23  6.48908E-07  0.00000E+00  1.0E-07
  6.250E+01  2.69126E-01  1.76308E-23  6.29607E-07  0.00000E+00  1.0E-07
  6.300E+01  2.73005E-01  1.71099E-23  6.11007E-07  0.00000E+00  1.0E-07
  6.350E+01  2.76901E-01  1.66079E-23  5.93077E-07  0.00000E+00  1.0E-07
  6.400E+01  2.80814E-01  1.61237E-23  5.75788E-07  0.00000E+00  1.0E-07
  6.450E+01  2.84744E-01  1.56567E-23  5.59112E-07  0.00000E+00  1.0E-07
  6.500E+01  2.88691E-01  1.52062E-23  5.43022E-07  0.00000E+00  1.0E-07
  6.550E+01  2.92653E-01  1.47714E-23  5.27495E-07  0.00000E+00  1.0E-07
  6.600E+01  2.96632E-01  1.43516E-23  5.12505E-07  0.00000E+00  1.0E-07
  6.650E+01  3.00625E-01  1.39463E-23  4.98030E-07  0.00000E+00  1.0E-07
  6.700E+01  3.04634E-01  1.35548E-23  4.84050E-07  0.00000E+00  1.0E-07
  6.750E+01  3.08658E-01  1.31765E-23  4.70542E-07  0.00000E+00  1.0E-07
  6.800E+01  3.12697E-01  1.28110E-23  4.57489E-07  0.00000E+00  1.0E-07
  6.850E+01  3.16749E-01  1.24577E-23  4.44872E-07  0.00000E+00  1.0E-07
  6.900E+01  3.20816E-01  1.21161E-23  4.32672E-07  0.00000E+00  1.0E-07
  6.950E+01  3.24896E-01  1.17857E-23  4.20875E-07  0.00000E+00  1.0E-07
  7.000E+01  3.28990E-01  1.14661E-23  4.09463E-07  0.00000E+00  1.0E-07
  7.050E+01  3.33097E-01  1.11569E-23  3.98421E-07  0.00000E+00  1.0E-07
  7.100E+01  3.37216E-01  1.08577E-23  3.87735E-07  0.00000E+00  1.0E-07
  7.150E+01  3.41348E-01  1.05680E-23  3.77391E-07  0.00000E+00  1.0E-07
  7.200E+01  3.45492E-01  1.02875E-23  3.67375E-07  0.00000E+00  1.0E-07
  7.250E+01  3.49647E-01  1.00159E-23  3.57675E-07  0.00000E+00  1.0E-07
  7.300E+01  3.53814E-01  9.75281E-24  3.48279E-07  0.00000E+00  1.0E-07
  7.350E+01  3.57992E-01  9.49789E-24  3.39176E-07  0.00000E+00  1.0E-07
  7.400E+01  3.62181E-01  9.25085E-24  3.30354E-07  0.00000E+00  1.0E-07
  7.450E+01  3.66381E-01  9.01141E-24  3.21803E-07  0.00000E+00  1.0E-07
  7.500E+01  3.70590E-01  8.77929E-24  3.13514E-07  0.00000E+00  1.0E-07
  7.550E+01  3.74810E-01  8.55420E-24  3.05476E-07  0.00000E+00  1.0E-07
  7.600E+01  3.79039E-01  8.33590E-24  2.97680E-07  0.00000E+00  1.0E-07
  7.650E+01  3.83277E-01  8.12413E-24  2.90118E-07  0.00000E+00  1.0E-07
  7.700E+01  3.87524E-01  7.91866E-24  2.82780E-07  0.00000E+00  1.0E-07
  7.750E+01  3.91780E-01  7.71926E-24  2.75660E-07  0.00000E+00  1.0E-07
  7.800E+01  3.96044E-01  7.52572E-24  2.68748E-07  0.00000E+00  1.0E-07
  7.850E+01  4.00316E-01  7.33783E-24  2.62039E-07  0.00000E+00  1.0E-07
  7.900E+01  4.04596E-01  7.15539E-24  2.55524E-07  0.00000E+00  1.0E-07
  7.950E+01  4.08882E-01  6.97822E-24  2.49197E-07  0.00000E+00  1.0E-07
  8.000E+01  4.13176E-01  6.80613E-24  2.43051E-07  0.00000E+00  1.0E-07
  8.050E+01  4.17476E-01  6.63894E-24  2.37081E-07  0.00000E+00  1.0E-07
  8.100E+01  4.21783E-01  6.47650E-24  2.31280E-07  0.00000E+00  1.0E-07
  8.150E+01  4.26095E-01  6.31863E-24  2.25642E-07  0.00000E+00  1.0E-07
  8.200E+01  4.30413E-01  6.16518E-24  2.20163E-07  0.00000E+00  1.0E-07
  8.250E+01  4.34737E-01  6.01600E-24  2.14835E-07  0.00000E+00  1.0E-07
  8.300E+01  4.39065E-01  5.87095E-24  2.09655E-07  0.00000E+00  1.0E-07
  8.350E+01  4.43398E-01  5.72989E-24  2.04618E-07  0.00000E+00  1.0E-07
  8.400E+01  4.47736E-01  5.59268E-24  1.99718E-07  0.00000E+00  1.0E-07
  8.450E+01  4.52077E-01  5.45922E-24  1.94952E-07  0.00000E+00  1.0E-07
  8.500E+01  4.56422E-01  5.32937E-24  1.90315E-07  0.00000E+00  1.0E-07
  8.550E+01  4.60770E-01  5.20301E-24  1.85803E-07  0.00000E+00  1.0E-07
  8.600E+01  4.65122E-01  5.08005E-24  1.81412E-07  0.00000E+00  1.0E-07
  8.650E+01  4.69476E-01  4.96035E-24  1.77137E-07  0.00000E+00  1.0E-07
  8.700E+01  4.73832E-01  4.84383E-24  1.72976E-07  0.00000E+00  1.0E-07
  8.750E+01  4.78190E-01  4.73037E-24  1.68925E-07  0.00000E+00  1.0E-07
  8.800E+01  4.82550E-01  4.61989E-24  1.64979E-07  0.00000E+00  1.0E-07
  8.850E+01  4.86912E-01  4.51228E-24  1.61136E-07  0.00000E+00  1.0E-07
  8.900E+01  4.91274E-01  4.40746E-24  1.57393E-07  0.00000E+00  1.0E-07
  8.950E+01  4.95637E-01  4.30535E-24  1.53747E-07  0.00000E+00  1.0E-07
  9.000E+01  5.00000E-01  4.20586E-24  1.50194E-07  0.00000E+00  1.0E-07
  9.050E+01  5.04363E-01  4.10891E-24  1.46732E-07  0.00000E+00  1.0E-07
  9.100E+01  5.08726E-01  4.01442E-24  1.43358E-07  0.00000E+00  1.0E-07
  9.150E+01  5.13088E-01  3.92233E-24  1.40069E-07  0.00000E+00  1.0E-07
  9.200E+01  5.17450E-01  3.83255E-24  1.36863E-07  0.00000E+00  1.0E-07
  9.250E+01  5.21810E-01  3.74503E-24  1.33737E-07  0.00000E+00  1.0E-07
  9.300E+01  5.26168E-01  3.65968E-24  1.30689E-07  0.00000E+00  1.0E-07
  9.350E+01  5.30524E-01  3.57644E-24  1.27717E-07  0.00000E+00  1.0E-07
  9.400E+01  5.34878E-01  3.49526E-24  1.24818E-07  0.00000E+00  1.0E-07
  9.450E+01  5.39230E-01  3.41607E-24  1.21990E-07  0.00000E+00  1.0E-07
  9.500E+01  5.43578E-01  3.33882E-24  1.19231E-07  0.00000E+00  1.0E-07
  9.550E+01  5.47923E-01  3.26345E-24  1.16540E-07  0.00000E+00  1.0E-07
  9.600E+01  5.52264E-01  3.18990E-24  1.13913E-07  0.00000E+00  1.0E-07
  9.650E+01  5.56602E-01  3.11813E-24  1.11351E-07  0.00000E+00  1.0E-07
  9.700E+01  5.60935E-01  3.04809E-24  1.08849E-07  0.00000E+00  1.0E-07
  9.750E+01  5.65263E-01  2.97972E-24  1.06408E-07  0.00000E+00  1.0E-07
  9.800E+01  5.69587E-01  2.91297E-24  1.04024E-07  0.00000E+00  1.0E-07
  9.850E+01  5.73905E-01  2.84781E-24  1.01697E-07  0.00000E+00  1.0E-07
  9.900E+01  5.78217E-01  2.78418E-24  9.94250E-08  0.00000E+00  1.0E-07
  9.950E+01  5.82524E-01  2.72205E-24  9.72060E-08  0.00000E+00  1.0E-07
  1.000E+02  5.86824E-01  2.66136E-24  9.50389E-08  0.00000E+00  1.0E-07
  1.005E+02  5.91118E-01  2.60209E-24  9.29222E-08  0.00000E+00  1.0E-07
  1.010E+02  5.95404E-01  2.54419E-24  9.08546E-08  0.00000E+00  1.0E-07
  1.015E+02  5.99684E-01  2.48764E-24  8.88351E-08  0.00000E+00  1.0E-07
  1.020E+02  6.03956E-01  2.43238E-24  8.68620E-08  0.00000E+00  1.0E-07
  1.025E+02  6.08220E-01  2.37840E-24  8.49342E-08  0.00000E+00  1.0E-07
  1.030E+02  6.12476E-01  2.32564E-24  8.30503E-08  0.00000E+00  1.0E-07
  1.035E+02  6.16723E-01  2.27409E-24  8.12092E-08  0.00000E+00  1.0E-07
  1.040E+02  6.20961E-01  2.22370E-24  7.94096E-08  0.00000E+00  1.0E-07
  1.045E+02  6.25190E-01  2.17444E-24  7.76507E-08  0.00000E+00  1.0E-07
  1.050E+02  6.29410E-01  2.12629E-24  7.59312E-08  0.00000E+00  1.0E-07
  1.055E+02  6.33619E-01  2.07922E-24  7.42502E-08  0.00000E+00  1.0E-07
  1.060E+02  6.37819E-01  2.03320E-24  7.26068E-08  0.00000E+00  1.0E-07
  1.065E+02  6.42008E-01  1.98820E-24  7.09999E-08  0.00000E+00  1.0E-07
  1.070E+02  6.46186E-01  1.94420E-24  6.94286E-08  0.00000E+00  1.0E-07
  1.075E+02  6.50353E-01  1.90117E-24  6.78920E-08  0.00000E+00  1.0E-07
  1.080E+02  6.54508E-01  1.85909E-24  6.63892E-08  0.00000E+00  1.0E-07
  1.085E+02  6.58652E-01  1.81792E-24  6.49193E-08  0.00000E+00  1.0E-07
  1.090E+02  6.62784E-01  1.77766E-24  6.34815E-08  0.00000E+00  1.0E-07
  1.095E+02  6.66903E-01  1.73827E-24  6.20749E-08  0.00000E+00  1.0E-07
  1.100E+02  6.71010E-01  1.69974E-24  6.06989E-08  0.00000E+00  1.0E-07
  1.105E+02  6.75104E-01  1.66204E-24  5.93525E-08  0.00000E+00  1.0E-07
  1.110E+02  6.79184E-01  1.62515E-24  5.80352E-08  0.00000E+00  1.0E-07
  1.115E+02  6.83251E-01  1.58906E-24  5.67462E-08  0.00000E+00  1.0E-07
  1.120E+02  6.87303E-01  1.55373E-24  5.54848E-08  0.00000E+00  1.0E-07
  1.125E+02  6.91342E-01  1.51916E-24  5.42503E-08  0.00000E+00  1.0E-07
  1.130E+02  6.95366E-01  1.48533E-24  5.30421E-08  0.00000E+00  1.0E-07
  1.135E+02  6.99375E-01  1.45222E-24  5.18596E-08  0.00000E+00  1.0E-07
  1.140E+02  7.03368E-01  1.41980E-24  5.07020E-08  0.00000E+00  1.0E-07
  1.145E+02  7.07347E-01  1.38807E-24  4.95689E-08  0.00000E+00  1.0E-07
  1.150E+02  7.11309E-01  1.35701E-24  4.84597E-08  0.00000E+00  1.0E-07
  1.155E+02  7.15256E-01  1.32660E-24  4.73737E-08  0.00000E+00  1.0E-07
  1.160E+02  7.19186E-01  1.29682E-24  4.63105E-08  0.00000E+00  1.0E-07
  1.165E+02  7.23099E-01  1.26767E-24  4.52694E-08  0.00000E+00  1.0E-07
  1.170E+02  7.26995E-01  1.23913E-24  4.42500E-08  0.00000E+00  1.0E-07
  1.175E+02  7.30874E-01  1.21117E-24  4.32517E-08  0.00000E+00  1.0E-07
  1.180E+02  7.34736E-01  1.18380E-24  4.22742E-08  0.00000E+00  1.0E-07
  1.185E+02  7.38579E-01  1.15699E-24  4.13168E-08  0.00000E+00  1.0E-07
  1.190E+02  7.42405E-01  1.13073E-24  4.03792E-08  0.00000E+00  1.0E-07
  1.195E+02  7.46212E-01  1.10502E-24  3.94609E-08  0.00000E+00  1.0E-07
  1.200E+02  7.50000E-01  1.07983E-24  3.85615E-08  0.00000E+00  1.0E-07
  1.205E+02  7.53769E-01  1.05516E-24  3.76804E-08  0.00000E+00  1.0E-07
  1.210E+02  7.57519E-01  1.03099E-24  3.68174E-08  0.00000E+00  1.0E-07
  1.215E+02  7.61249E-01  1.00732E-24  3.59720E-08  0.00000E+00  1.0E-07
  1.220E+02  7.64960E-01  9.84129E-25  3.51439E-08  0.00000E+00  1.0E-07
  1.225E+02  7.68650E-01  9.61409E-25  3.43325E-08  0.00000E+00  1.0E-07
  1.230E+02  7.72320E-01  9.39151E-25  3.35377E-08  0.00000E+00  1.0E-07
  1.235E+02  7.75968E-01  9.17343E-25  3.27589E-08  0.00000E+00  1.0E-07
  1.240E+02  7.79596E-01  8.95977E-25  3.19959E-08  0.00000E+00  1.0E-07
  1.245E+02  7.83203E-01  8.75042E-25  3.12483E-08  0.00000E+00  1.0E-07
  1.250E+02  7.86788E-01  8.54529E-25  3.05158E-08  0.00000E+00  1.0E-07
  1.255E+02  7.90351E-01  8.34430E-25  2.97980E-08  0.00000E+00  1.0E-07
  1.260E+02  7.93893E-01  8.14735E-25  2.90947E-08  0.00000E+00  1.0E-07
  1.265E+02  7.97411E-01  7.95437E-25  2.84056E-08  0.00000E+00  1.0E-07
  1.270E+02  8.00908E-01  7.76525E-25  2.77302E-08  0.00000E+00  1.0E-07
  1.275E+02  8.04381E-01  7.57993E-25  2.70684E-08  0.00000E+00  1.0E-07
  1.280E+02  8.07831E-01  7.39833E-25  2.64199E-08  0.00000E+00  1.0E-07
  1.285E+02  8.11257E-01  7.22036E-25  2.57844E-08  0.00000E+00  1.0E-07
  1.290E+02  8.14660E-01  7.04595E-25  2.51616E-08  0.00000E+00  1.0E-07
  1.295E+02  8.18039E-01  6.87504E-25  2.45512E-08  0.00000E+00  1.0E-07
  1.300E+02  8.21394E-01  6.70754E-25  2.39531E-08  0.00000E+00  1.0E-07
  1.305E+02  8.24724E-01  6.54338E-25  2.33668E-08  0.00000E+00  1.0E-07
  1.310E+02  8.28030E-01  6.38251E-25  2.27924E-08  0.00000E+00  1.0E-07
  1.315E+02  8.31310E-01  6.22485E-25  2.22293E-08  0.00000E+00  1.0E-07
  1.320E+02  8.34565E-01  6.07034E-25  2.16776E-08  0.00000E+00  1.0E-07
  1.325E+02  8.37795E-01  5.91891E-25  2.11368E-08  0.00000E+00  1.0E-07
  1.330E+02  8.40999E-01  5.77052E-25  2.06069E-08  0.00000E+00  1.0E-07
  1.335E+02  8.44177E-01  5.62508E-25  2.00875E-08  0.00000E+00  1.0E-07
  1.340E+02  8.47329E-01  5.48256E-25  1.95786E-08  0.00000E+00  1.0E-07
  1.345E+02  8.50455E-01  5.34289E-25  1.90798E-08  0.00000E+00  1.0E-07
  1.350E+02  8.53553E-01  5.20601E-25  1.85910E-08  0.00000E+00  1.0E-07
  1.355E+02  8.56625E-01  5.07188E-25  1.81120E-08  0.00000E+00  1.0E-07
  1.360E+02  8.59670E-01  4.94044E-25  1.76426E-08  0.00000E+00  1.0E-07
  1.365E+02  8.62687E-01  4.81164E-25  1.71827E-08  0.00000E+00  1.0E-07
  1.370E+02  8.65677E-01  4.68543E-25  1.67320E-08  0.00000E+00  1.0E-07
  1.375E+02  8.68639E-01  4.56177E-25  1.62904E-08  0.00000E+00  1.0E-07
  1.380E+02  8.71572E-01  4.44059E-25  1.58577E-08  0.00000E+00  1.0E-07
  1.385E+02  8.74478E-01  4.32187E-25  1.54337E-08  0.00000E+00  1.0E-07
  1.390E+02  8.77355E-01  4.20555E-25  1.50183E-08  0.00000E+00  1.0E-07
  1.395E+02  8.80203E-01  4.09159E-25  1.46113E-08  0.00000E+00  1.0E-07
  1.400E+02  8.83022E-01  3.97995E-25  1.42127E-08  0.00000E+00  1.0E-07
  1.405E+02  8.85812E-01  3.87059E-25  1.38221E-08  0.00000E+00  1.0E-07
  1.410E+02  8.88573E-01  3.76346E-25  1.34396E-08  0.00000E+00  1.0E-07
  1.415E+02  8.91304E-01  3.65853E-25  1.30648E-08  0.00000E+00  1.0E-07
  1.420E+02  8.94005E-01  3.55575E-25  1.26978E-08  0.00000E+00  1.0E-07
  1.425E+02  8.96677E-01  3.45510E-25  1.23384E-08  0.00000E+00  1.0E-07
  1.430E+02  8.99318E-01  3.35653E-25  1.19864E-08  0.00000E+00  1.0E-07
  1.435E+02  9.01928E-01  3.26000E-25  1.16417E-08  0.00000E+00  1.0E-07
  1.440E+02  9.04508E-01  3.16549E-25  1.13042E-08  0.00000E+00  1.0E-07
  1.445E+02  9.07058E-01  3.07297E-25  1.09738E-08  0.00000E+00  1.0E-07
  1.450E+02  9.09576E-01  2.98238E-25  1.06503E-08  0.00000E+00  1.0E-07
  1.455E+02  9.12063E-01  2.89371E-25  1.03336E-08  0.00000E+00  1.0E-07
  1.460E+02  9.14519E-01  2.80693E-25  1.00237E-08  0.00000E+00  1.0E-07
  1.465E+02  9.16943E-01  2.72200E-25  9.72043E-09  0.00000E+00  1.0E-07
  1.470E+02  9.19335E-01  2.63889E-25  9.42364E-09  0.00000E+00  1.0E-07
  1.475E+02  9.21696E-01  2.55757E-25  9.13326E-09  0.00000E+00  1.0E-07
  1.480E+02  9.24024E-01  2.47802E-25  8.84918E-09  0.00000E+00  1.0E-07
  1.485E+02  9.26320E-01  2.40021E-25  8.57131E-09  0.00000E+00  1.0E-07
  1.490E+02  9.28584E-01  2.32411E-25  8.29956E-09  0.00000E+00  1.0E-07
  1.495E+02  9.30815E-01  2.24970E-25  8.03381E-09  0.00000E+00  1.0E-07
  1.500E+02  9.33013E-01  2.17694E-25  7.77400E-09  0.00000E+00  1.0E-07
  1.505E+02  9.35178E-01  2.10582E-25  7.52002E-09  0.00000E+00  1.0E-07
  1.510E+02  9.37310E-01  2.03631E-25  7.27180E-09  0.00000E+00  1.0E-07
  1.515E+02  9.39409E-01  1.96839E-25  7.02924E-09  0.00000E+00  1.0E-07
  1.520E+02  9.41474E-01  1.90203E-25  6.79227E-09  0.00000E+00  1.0E-07
  1.525E+02  9.43505E-01  1.83721E-25  6.56080E-09  0.00000E+00  1.0E-07
  1.530E+02  9.45503E-01  1.77392E-25  6.33477E-09  0.00000E+00  1.0E-07
  1.535E+02  9.47467E-01  1.71212E-25  6.11409E-09  0.00000E+00  1.0E-07
  1.540E+02  9.49397E-01  1.65180E-25  5.89869E-09  0.00000E+00  1.0E-07
  1.545E+02  9.51293E-01  1.59294E-25  5.68849E-09  0.00000E+00  1.0E-07
  1.550E+02  9.53154E-01  1.53552E-25  5.48344E-09  0.00000E+00  1.0E-07
  1.555E+02  9.54981E-01  1.47952E-25  5.28346E-09  0.00000E+00  1.0E-07
  1.560E+02  9.56773E-01  1.42492E-25  5.08849E-09  0.00000E+00  1.0E-07
  1.565E+02  9.58530E-01  1.37171E-25  4.89846E-09  0.00000E+00  1.0E-07
  1.570E+02  9.60252E-01  1.31986E-25  4.71331E-09  0.00000E+00  1.0E-07
  1.575E+02  9.61940E-01  1.26937E-25  4.53299E-09  0.00000E+00  1.0E-07
  1.580E+02  9.63592E-01  1.22020E-25  4.35742E-09  0.00000E+00  1.0E-07
  1.585E+02  9.65209E-01  1.17236E-25  4.18656E-09  0.00000E+00  1.0E-07
  1.590E+02  9.66790E-01  1.12581E-25  4.02036E-09  0.00000E+00  1.0E-07
  1.595E+02  9.68336E-01  1.08056E-25  3.85875E-09  0.00000E+00  1.0E-07
  1.600E+02  9.69846E-01  1.03658E-25  3.70168E-09  0.00000E+00  1.0E-07
  1.605E+02  9.71321E-01  9.93853E-26  3.54911E-09  0.00000E+00  1.0E-07
  1.610E+02  9.72759E-01  9.52374E-26  3.40099E-09  0.00000E+00  1.0E-07
  1.615E+02  9.74162E-01  9.12128E-26  3.25727E-09  0.00000E+00  1.0E-07
  1.620E+02  9.75528E-01  8.73101E-26  3.11790E-09  0.00000E+00  1.0E-07
  1.625E+02  9.76858E-01  8.35281E-26  2.98284E-09  0.00000E+00  1.0E-07
  1.630E+02  9.78152E-01  7.98656E-26  2.85205E-09  0.00000E+00  1.0E-07
  1.635E+02  9.79410E-01  7.63214E-26  2.72549E-09  0.00000E+00  1.0E-07
  1.640E+02  9.80631E-01  7.28944E-26  2.60311E-09  0.00000E+00  1.0E-07
  1.645E+02  9.81815E-01  6.95837E-26  2.48488E-09  0.00000E+00  1.0E-07
  1.650E+02  9.82963E-01  6.63880E-26  2.37076E-09  0.00000E+00  1.0E-07
  1.655E+02  9.84074E-01  6.33065E-26  2.26071E-09  0.00000E+00  1.0E-07
  1.660E+02  9.85148E-01  6.03381E-26  2.15471E-09  0.00000E+00  1.0E-07
  1.665E+02  9.86185E-01  5.74819E-26  2.05272E-09  0.00000E+00  1.0E-07
  1.670E+02  9.87185E-01  5.47372E-26  1.95470E-09  0.00000E+00  1.0E-07
  1.675E+02  9.88148E-01  5.21029E-26  1.86063E-09  0.00000E+00  1.0E-07
  1.680E+02  9.89074E-01  4.95783E-26  1.77047E-09  0.00000E+00  1.0E-07
  1.685E+02  9.89962E-01  4.71626E-26  1.68421E-09  0.00000E+00  1.0E-07
  1.690E+02  9.90814E-01  4.48550E-26  1.60180E-09  0.00000E+00  1.0E-07
  1.695E+02  9.91627E-01  4.26550E-26  1.52324E-09  0.00000E+00  1.0E-07
  1.700E+02  9.92404E-01  4.05616E-26  1.44848E-09  0.00000E+00  1.0E-07
  1.705E+02  9.93143E-01  3.85745E-26  1.37752E-09  0.00000E+00  1.0E-07
  1.710E+02  9.93844E-01  3.66928E-26  1.31032E-09  0.00000E+00  1.0E-07
  1.715E+02  9.94508E-01  3.49161E-26  1.24688E-09  0.00000E+00  1.0E-07
  1.720E+02  9.95134E-01  3.32438E-26  1.18716E-09  0.00000E+00  1.0E-07
  1.725E+02  9.95722E-01  3.16753E-26  1.13115E-09  0.00000E+00  1.0E-07
  1.730E+02  9.96273E-01  3.02103E-26  1.07883E-09  0.00000E+00  1.0E-07
  1.735E+02  9.96786E-01  2.88483E-26  1.03019E-09  0.00000E+00  1.0E-07
  1.740E+02  9.97261E-01  2.75887E-26  9.85212E-10  0.00000E+00  1.0E-07
  1.745E+02  9.97698E-01  2.64314E-26  9.43883E-10  0.00000E+00  1.0E-07
  1.750E+02  9.98097E-01  2.53759E-26  9.06189E-10  0.00000E+00  1.0E-07
  1.755E+02  9.98459E-01  2.44218E-26  8.72119E-10  0.00000E+00  1.0E-07
  1.760E+02  9.98782E-01  2.35690E-26  8.41664E-10  0.00000E+00  1.0E-07
  1.765E+02  9.99067E-01  2.28171E-26  8.14813E-10  0.00000E+00  1.0E-07
  1.770E+02  9.99315E-01  2.21659E-26  7.91559E-10  0.00000E+00  1.0E-07
  1.775E+02  9.99524E-01  2.16152E-26  7.71894E-10  0.00000E+00  1.0E-07
  1.780E+02  9.99695E-01  2.11649E-26  7.55813E-10  0.00000E+00  1.0E-07
  1.785E+02  9.99829E-01  2.08148E-26  7.43310E-10  0.00000E+00  1.0E-07
  1.790E+02  9.99924E-01  2.05648E-26  7.34382E-10  0.00000E+00  1.0E-07
  1.795E+02  9.99981E-01  2.04148E-26  7.29027E-10  0.00000E+00  1.0E-07
  1.800E+02  1.00000E+00  2.03648E-26  7.27242E-10  0.00000E+00  1.0E-07
