 #
 # Subroutine ELSEPA. Elastic scattering of electrons and positrons
 #                    by neutral atoms and positive ions
 #
 # Projectile: electron
 # Kinetic energy = 3.70000E+06 eV = 1.35973E+05 a.u.
 #
 # WARNING: High-energy factorization with free-atom DF screening.
 #          Absorption, polarization and exchange corrections are
 #          switched off.
 #          Phase shifts are calculated for the bare nucleus.
 #          Scattering amplitudes are not evaluated.
 #
 # Element: Ca,  Z =  20,  atomic weight = 4.00780E+01 g/mol
 #
 # Nuclear model: Fermi distribution
 #                Average radius = 3.66173E-13 cm
 #                Skin thickness = 5.46000E-14 cm
 #
 # Number of electrons = 20
 #
 # Total elastic cross section = 1.83890E-18 cm**2 = 6.56685E-02 a0**2
 # 1st transport cross section = 3.47194E-23 cm**2 = 1.23985E-06 a0**2
 # 2nd transport cross section = 9.86762E-23 cm**2 = 3.52379E-06 a0**2
 #
 #
 # Differential cross section:                       MU=(1-COS(THETA))/2
 #
 #  THETA        MU          DCS          DCS        Sherman      error
 #  (deg)                 (cm**2/sr)   (a0**2/sr)    function
 #----------------------------------------------------------------------
  0.000E+00  0.00000E+00  6.63894E-13  2.37081E+04  0.00000E+00  1.0E-05
  1.000E-04  7.61557E-13  6.63887E-13  2.37078E+04  0.00000E+00  1.0E-05
  1.250E-04  1.18994E-12  6.63883E-13  2.37077E+04  0.00000E+00  1.0E-05
  1.500E-04  1.71346E-12  6.63879E-13  2.37075E+04  0.00000E+00  1.0E-05
  1.750E-04  2.33225E-12  6.63874E-13  2.37074E+04  0.00000E+00  1.0E-05
  2.000E-04  3.04617E-12  6.63868E-13  2.37071E+04  0.00000E+00  1.0E-05
  2.250E-04  3.85530E-12  6.63861E-13  2.37069E+04  0.00000E+00  1.0E-05
  2.500E-04  4.75964E-12  6.63853E-13  2.37066E+04  0.00000E+00  1.0E-05
  2.750E-04  5.75917E-12  6.63844E-13  2.37063E+04  0.00000E+00  1.0E-05
  3.000E-04  6.85391E-12  6.63835E-13  2.37060E+04  0.00000E+00  1.0E-05
  3.250E-04  8.04379E-12  6.63825E-13  2.37056E+04  0.00000E+00  1.0E-05
  3.500E-04  9.32893E-12  6.63814E-13  2.37052E+04  0.00000E+00  1.0E-05
  3.750E-04  1.07092E-11  6.63803E-13  2.37048E+04  0.00000E+00  1.0E-05
  4.000E-04  1.21847E-11  6.63790E-13  2.37044E+04  0.00000E+00  1.0E-05
  4.250E-04  1.37554E-11  6.63777E-13  2.37039E+04  0.00000E+00  1.0E-05
  4.500E-04  1.54213E-11  6.63763E-13  2.37034E+04  0.00000E+00  1.0E-05
  4.750E-04  1.71823E-11  6.63748E-13  2.37029E+04  0.00000E+00  1.0E-05
  5.000E-04  1.90386E-11  6.63732E-13  2.37023E+04  0.00000E+00  1.0E-05
  5.250E-04  2.09900E-11  6.63716E-13  2.37017E+04  0.00000E+00  1.0E-05
  5.500E-04  2.30367E-11  6.63698E-13  2.37011E+04  0.00000E+00  1.0E-05
  5.750E-04  2.51785E-11  6.63680E-13  2.37005E+04  0.00000E+00  1.0E-05
  6.000E-04  2.74156E-11  6.63661E-13  2.36998E+04  0.00000E+00  1.0E-05
  6.250E-04  2.97478E-11  6.63642E-13  2.36991E+04  0.00000E+00  1.0E-05
  6.500E-04  3.21752E-11  6.63621E-13  2.36983E+04  0.00000E+00  1.0E-05
  6.750E-04  3.46979E-11  6.63600E-13  2.36976E+04  0.00000E+00  1.0E-05
  7.000E-04  3.73157E-11  6.63578E-13  2.36968E+04  0.00000E+00  1.0E-05
  7.250E-04  4.00286E-11  6.63555E-13  2.36960E+04  0.00000E+00  1.0E-05
  7.500E-04  4.28368E-11  6.63532E-13  2.36951E+04  0.00000E+00  1.0E-05
  7.750E-04  4.57402E-11  6.63507E-13  2.36943E+04  0.00000E+00  1.0E-05
  8.000E-04  4.87388E-11  6.63482E-13  2.36934E+04  0.00000E+00  1.0E-05
  8.250E-04  5.18325E-11  6.63456E-13  2.36924E+04  0.00000E+00  1.0E-05
  8.500E-04  5.50215E-11  6.63429E-13  2.36915E+04  0.00000E+00  1.0E-05
  8.750E-04  5.83057E-11  6.63401E-13  2.36905E+04  0.00000E+00  1.0E-05
  9.000E-04  6.16850E-11  6.63373E-13  2.36895E+04  0.00000E+00  1.0E-05
  9.250E-04  6.51595E-11  6.63344E-13  2.36884E+04  0.00000E+00  1.0E-05
  9.500E-04  6.87293E-11  6.63314E-13  2.36874E+04  0.00000E+00  1.0E-05
  9.750E-04  7.23943E-11  6.63283E-13  2.36863E+04  0.00000E+00  1.0E-05
  1.000E-03  7.61544E-11  6.63251E-13  2.36851E+04  0.00000E+00  1.0E-05
  1.250E-03  1.18991E-10  6.62892E-13  2.36723E+04  0.00000E+00  1.0E-05
  1.500E-03  1.71347E-10  6.62453E-13  2.36566E+04  0.00000E+00  1.0E-05
  1.750E-03  2.33223E-10  6.61934E-13  2.36381E+04  0.00000E+00  1.0E-05
  2.000E-03  3.04617E-10  6.61338E-13  2.36168E+04  0.00000E+00  1.0E-05
  2.250E-03  3.85531E-10  6.60662E-13  2.35927E+04  0.00000E+00  1.0E-05
  2.500E-03  4.75965E-10  6.59909E-13  2.35658E+04  0.00000E+00  1.0E-05
  2.750E-03  5.75917E-10  6.59077E-13  2.35361E+04  0.00000E+00  1.0E-05
  3.000E-03  6.85389E-10  6.58169E-13  2.35036E+04  0.00000E+00  1.0E-05
  3.250E-03  8.04380E-10  6.57183E-13  2.34684E+04  0.00000E+00  1.0E-05
  3.500E-03  9.32891E-10  6.56122E-13  2.34305E+04  0.00000E+00  1.0E-05
  3.750E-03  1.07092E-09  6.54984E-13  2.33899E+04  0.00000E+00  1.0E-05
  4.000E-03  1.21847E-09  6.53771E-13  2.33466E+04  0.00000E+00  1.0E-05
  4.250E-03  1.37554E-09  6.52483E-13  2.33006E+04  0.00000E+00  1.0E-05
  4.500E-03  1.54213E-09  6.51123E-13  2.32520E+04  0.00000E+00  1.0E-05
  4.750E-03  1.71823E-09  6.49688E-13  2.32008E+04  0.00000E+00  1.0E-05
  5.000E-03  1.90386E-09  6.48181E-13  2.31470E+04  0.00000E+00  1.0E-05
  5.250E-03  2.09900E-09  6.46602E-13  2.30906E+04  0.00000E+00  1.0E-05
  5.500E-03  2.30367E-09  6.44953E-13  2.30317E+04  0.00000E+00  1.0E-05
  5.750E-03  2.51785E-09  6.43233E-13  2.29703E+04  0.00000E+00  1.0E-05
  6.000E-03  2.74156E-09  6.41443E-13  2.29064E+04  0.00000E+00  1.0E-05
  6.250E-03  2.97478E-09  6.39587E-13  2.28401E+04  0.00000E+00  1.0E-05
  6.500E-03  3.21752E-09  6.37662E-13  2.27713E+04  0.00000E+00  1.0E-05
  6.750E-03  3.46978E-09  6.35670E-13  2.27002E+04  0.00000E+00  1.0E-05
  7.000E-03  3.73156E-09  6.33614E-13  2.26268E+04  0.00000E+00  1.0E-05
  7.250E-03  4.00286E-09  6.31493E-13  2.25510E+04  0.00000E+00  1.0E-05
  7.500E-03  4.28368E-09  6.29307E-13  2.24730E+04  0.00000E+00  1.0E-05
  7.750E-03  4.57402E-09  6.27060E-13  2.23927E+04  0.00000E+00  1.0E-05
  8.000E-03  4.87388E-09  6.24752E-13  2.23103E+04  0.00000E+00  1.0E-05
  8.250E-03  5.18326E-09  6.22383E-13  2.22257E+04  0.00000E+00  1.0E-05
  8.500E-03  5.50215E-09  6.19954E-13  2.21389E+04  0.00000E+00  1.0E-05
  8.750E-03  5.83057E-09  6.17470E-13  2.20503E+04  0.00000E+00  1.0E-05
  9.000E-03  6.16850E-09  6.14928E-13  2.19595E+04  0.00000E+00  1.0E-05
  9.250E-03  6.51596E-09  6.12328E-13  2.18666E+04  0.00000E+00  1.0E-05
  9.500E-03  6.87293E-09  6.09676E-13  2.17719E+04  0.00000E+00  1.0E-05
  9.750E-03  7.23942E-09  6.06972E-13  2.16754E+04  0.00000E+00  1.0E-05
  1.000E-02  7.61544E-09  6.04213E-13  2.15768E+04  0.00000E+00  1.0E-05
  1.250E-02  1.18991E-08  5.74061E-13  2.05001E+04  0.00000E+00  1.0E-05
  1.500E-02  1.71347E-08  5.40143E-13  1.92889E+04  0.00000E+00  1.0E-05
  1.750E-02  2.33223E-08  5.03776E-13  1.79902E+04  0.00000E+00  1.0E-05
  2.000E-02  3.04617E-08  4.66206E-13  1.66485E+04  0.00000E+00  1.0E-05
  2.250E-02  3.85531E-08  4.28540E-13  1.53034E+04  0.00000E+00  1.0E-05
  2.500E-02  4.75965E-08  3.91699E-13  1.39878E+04  0.00000E+00  1.0E-05
  2.750E-02  5.75917E-08  3.56398E-13  1.27272E+04  0.00000E+00  1.0E-05
  3.000E-02  6.85389E-08  3.23151E-13  1.15399E+04  0.00000E+00  1.0E-05
  3.250E-02  8.04380E-08  2.92283E-13  1.04376E+04  0.00000E+00  1.0E-05
  3.500E-02  9.32891E-08  2.64354E-13  9.44026E+03  0.00000E+00  1.0E-05
  3.750E-02  1.07092E-07  2.39107E-13  8.53866E+03  0.00000E+00  1.0E-05
  4.000E-02  1.21847E-07  2.15738E-13  7.70414E+03  0.00000E+00  1.0E-05
  4.250E-02  1.37554E-07  1.94258E-13  6.93707E+03  0.00000E+00  1.0E-05
  4.500E-02  1.54213E-07  1.76242E-13  6.29371E+03  0.00000E+00  1.0E-05
  4.750E-02  1.71823E-07  1.59795E-13  5.70639E+03  0.00000E+00  1.0E-05
  5.000E-02  1.90386E-07  1.44823E-13  5.17174E+03  0.00000E+00  1.0E-05
  5.250E-02  2.09900E-07  1.31854E-13  4.70859E+03  0.00000E+00  1.0E-05
  5.500E-02  2.30367E-07  1.20487E-13  4.30266E+03  0.00000E+00  1.0E-05
  5.750E-02  2.51785E-07  1.10170E-13  3.93424E+03  0.00000E+00  1.0E-05
  6.000E-02  2.74156E-07  1.00927E-13  3.60416E+03  0.00000E+00  1.0E-05
  6.250E-02  2.97478E-07  9.29913E-14  3.32078E+03  0.00000E+00  1.0E-05
  6.500E-02  3.21752E-07  8.57858E-14  3.06347E+03  0.00000E+00  1.0E-05
  6.750E-02  3.46978E-07  7.92437E-14  2.82984E+03  0.00000E+00  1.0E-05
  7.000E-02  3.73156E-07  7.34962E-14  2.62460E+03  0.00000E+00  1.0E-05
  7.250E-02  4.00286E-07  6.83179E-14  2.43968E+03  0.00000E+00  1.0E-05
  7.500E-02  4.28368E-07  6.36033E-14  2.27131E+03  0.00000E+00  1.0E-05
  7.750E-02  4.57402E-07  5.93343E-14  2.11887E+03  0.00000E+00  1.0E-05
  8.000E-02  4.87388E-07  5.54811E-14  1.98126E+03  0.00000E+00  1.0E-05
  8.250E-02  5.18325E-07  5.19619E-14  1.85559E+03  0.00000E+00  1.0E-05
  8.500E-02  5.50215E-07  4.87445E-14  1.74070E+03  0.00000E+00  1.0E-05
  8.750E-02  5.83057E-07  4.57778E-14  1.63475E+03  0.00000E+00  1.0E-05
  9.000E-02  6.16850E-07  4.30596E-14  1.53769E+03  0.00000E+00  1.0E-05
  9.250E-02  6.51596E-07  4.05665E-14  1.44866E+03  0.00000E+00  1.0E-05
  9.500E-02  6.87293E-07  3.82411E-14  1.36561E+03  0.00000E+00  1.0E-05
  9.750E-02  7.23942E-07  3.60792E-14  1.28841E+03  0.00000E+00  1.0E-05
  1.000E-01  7.61543E-07  3.40906E-14  1.21740E+03  0.00000E+00  1.0E-05
  1.250E-01  1.18991E-06  1.99855E-14  7.13694E+02  0.00000E+00  1.0E-05
  1.500E-01  1.71347E-06  1.22080E-14  4.35956E+02  0.00000E+00  1.0E-05
  1.750E-01  2.33223E-06  7.69384E-15  2.74752E+02  0.00000E+00  1.0E-05
  2.000E-01  3.04617E-06  5.00995E-15  1.78908E+02  0.00000E+00  1.0E-05
  2.250E-01  3.85531E-06  3.38008E-15  1.20705E+02  0.00000E+00  1.0E-05
  2.500E-01  4.75964E-06  2.36294E-15  8.43821E+01  0.00000E+00  1.0E-05
  2.750E-01  5.75916E-06  1.70837E-15  6.10069E+01  0.00000E+00  1.0E-05
  3.000E-01  6.85388E-06  1.27315E-15  4.54648E+01  0.00000E+00  1.0E-05
  3.250E-01  8.04378E-06  9.73932E-16  3.47798E+01  0.00000E+00  1.0E-05
  3.500E-01  9.32888E-06  7.61157E-16  2.71814E+01  0.00000E+00  1.0E-05
  3.750E-01  1.07092E-05  6.06512E-16  2.16589E+01  0.00000E+00  1.0E-05
  4.000E-01  1.21846E-05  4.90072E-16  1.75008E+01  0.00000E+00  1.0E-05
  4.250E-01  1.37553E-05  4.01058E-16  1.43220E+01  0.00000E+00  1.0E-05
  4.500E-01  1.54212E-05  3.31842E-16  1.18503E+01  0.00000E+00  1.0E-05
  4.750E-01  1.71822E-05  2.77069E-16  9.89431E+00  0.00000E+00  1.0E-05
  5.000E-01  1.90385E-05  2.32776E-16  8.31257E+00  0.00000E+00  1.0E-05
  5.250E-01  2.09899E-05  1.97005E-16  7.03519E+00  0.00000E+00  1.0E-05
  5.500E-01  2.30365E-05  1.67792E-16  5.99197E+00  0.00000E+00  1.0E-05
  5.750E-01  2.51783E-05  1.43631E-16  5.12917E+00  0.00000E+00  1.0E-05
  6.000E-01  2.74153E-05  1.23484E-16  4.40969E+00  0.00000E+00  1.0E-05
  6.250E-01  2.97475E-05  1.06690E-16  3.80995E+00  0.00000E+00  1.0E-05
  6.500E-01  3.21749E-05  9.25981E-17  3.30674E+00  0.00000E+00  1.0E-05
  6.750E-01  3.46974E-05  8.06614E-17  2.88047E+00  0.00000E+00  1.0E-05
  7.000E-01  3.73152E-05  7.05317E-17  2.51873E+00  0.00000E+00  1.0E-05
  7.250E-01  4.00281E-05  6.19176E-17  2.21112E+00  0.00000E+00  1.0E-05
  7.500E-01  4.28362E-05  5.45558E-17  1.94822E+00  0.00000E+00  1.0E-05
  7.750E-01  4.57395E-05  4.82167E-17  1.72185E+00  0.00000E+00  1.0E-05
  8.000E-01  4.87380E-05  4.27575E-17  1.52690E+00  0.00000E+00  1.0E-05
  8.250E-01  5.18317E-05  3.80400E-17  1.35843E+00  0.00000E+00  1.0E-05
  8.500E-01  5.50205E-05  3.39468E-17  1.21226E+00  0.00000E+00  1.0E-05
  8.750E-01  5.83045E-05  3.03761E-17  1.08475E+00  0.00000E+00  1.0E-05
  9.000E-01  6.16838E-05  2.72600E-17  9.73472E-01  0.00000E+00  1.0E-05
  9.250E-01  6.51582E-05  2.45312E-17  8.76026E-01  0.00000E+00  1.0E-05
  9.500E-01  6.87277E-05  2.21329E-17  7.90379E-01  0.00000E+00  1.0E-05
  9.750E-01  7.23925E-05  2.00179E-17  7.14852E-01  0.00000E+00  1.0E-05
  1.000E+00  7.61524E-05  1.81495E-17  6.48131E-01  0.00000E+00  2.2E-05
  1.100E+00  9.21439E-05  1.25406E-17  4.47832E-01  0.00000E+00  1.6E-05
  1.200E+00  1.09658E-04  8.94364E-18  3.19383E-01  0.00000E+00  8.9E-06
  1.300E+00  1.28695E-04  6.55360E-18  2.34033E-01  0.00000E+00  1.8E-06
  1.400E+00  1.49255E-04  4.91494E-18  1.75516E-01  0.00000E+00  3.6E-06
  1.500E+00  1.71338E-04  3.76061E-18  1.34294E-01  0.00000E+00  6.4E-06
  1.600E+00  1.94942E-04  2.92783E-18  1.04555E-01  0.00000E+00  6.8E-06
  1.700E+00  2.20070E-04  2.31439E-18  8.26483E-02  0.00000E+00  5.4E-06
  1.800E+00  2.46720E-04  1.85416E-18  6.62132E-02  0.00000E+00  3.0E-06
  1.900E+00  2.74892E-04  1.50320E-18  5.36803E-02  0.00000E+00  4.7E-07
  2.000E+00  3.04586E-04  1.23170E-18  4.39849E-02  0.00000E+00  1.7E-06
  2.100E+00  3.35803E-04  1.01892E-18  3.63864E-02  0.00000E+00  2.8E-06
  2.200E+00  3.68542E-04  8.50222E-19  3.03620E-02  0.00000E+00  3.1E-06
  2.300E+00  4.02802E-04  7.15051E-19  2.55349E-02  0.00000E+00  2.5E-06
  2.400E+00  4.38585E-04  6.05704E-19  2.16301E-02  0.00000E+00  1.4E-06
  2.500E+00  4.75889E-04  5.16476E-19  1.84437E-02  0.00000E+00  1.3E-07
  2.600E+00  5.14715E-04  4.43076E-19  1.58225E-02  0.00000E+00  9.5E-07
  2.700E+00  5.55063E-04  3.82251E-19  1.36504E-02  0.00000E+00  1.6E-06
  2.800E+00  5.96931E-04  3.31502E-19  1.18381E-02  0.00000E+00  1.7E-06
  2.900E+00  6.40321E-04  2.88890E-19  1.03165E-02  0.00000E+00  1.3E-06
  3.000E+00  6.85233E-04  2.52901E-19  9.03125E-03  0.00000E+00  7.2E-07
  3.100E+00  7.31665E-04  2.22337E-19  7.93979E-03  0.00000E+00  1.0E-07
  3.200E+00  7.79618E-04  1.96246E-19  7.00809E-03  0.00000E+00  6.2E-07
  3.300E+00  8.29092E-04  1.73867E-19  6.20892E-03  0.00000E+00  9.7E-07
  3.400E+00  8.80086E-04  1.54585E-19  5.52032E-03  0.00000E+00  1.0E-06
  3.500E+00  9.32601E-04  1.37898E-19  4.92441E-03  0.00000E+00  8.1E-07
  3.600E+00  9.86636E-04  1.23400E-19  4.40669E-03  0.00000E+00  4.2E-07
  3.700E+00  1.04219E-03  1.10757E-19  3.95519E-03  0.00000E+00  1.0E-07
  3.800E+00  1.09927E-03  9.96899E-20  3.55999E-03  0.00000E+00  4.3E-07
  3.900E+00  1.15786E-03  8.99703E-20  3.21290E-03  0.00000E+00  6.5E-07
  4.000E+00  1.21797E-03  8.14052E-20  2.90703E-03  0.00000E+00  6.8E-07
  4.100E+00  1.27961E-03  7.38344E-20  2.63667E-03  0.00000E+00  5.3E-07
  4.200E+00  1.34276E-03  6.71231E-20  2.39701E-03  0.00000E+00  2.6E-07
  4.300E+00  1.40743E-03  6.11568E-20  2.18395E-03  0.00000E+00  1.0E-07
  4.400E+00  1.47362E-03  5.58386E-20  1.99403E-03  0.00000E+00  3.2E-07
  4.500E+00  1.54133E-03  5.10858E-20  1.82431E-03  0.00000E+00  4.6E-07
  4.600E+00  1.61056E-03  4.68277E-20  1.67225E-03  0.00000E+00  4.7E-07
  4.700E+00  1.68131E-03  4.30041E-20  1.53570E-03  0.00000E+00  3.6E-07
  4.800E+00  1.75357E-03  3.95628E-20  1.41281E-03  0.00000E+00  1.7E-07
  4.900E+00  1.82735E-03  3.64590E-20  1.30198E-03  0.00000E+00  1.0E-07
  5.000E+00  1.90265E-03  3.36537E-20  1.20180E-03  0.00000E+00  2.5E-07
  5.100E+00  1.97947E-03  3.11131E-20  1.11107E-03  0.00000E+00  3.4E-07
  5.200E+00  2.05780E-03  2.88077E-20  1.02874E-03  0.00000E+00  3.4E-07
  5.300E+00  2.13765E-03  2.67121E-20  9.53906E-04  0.00000E+00  2.6E-07
  5.400E+00  2.21902E-03  2.48037E-20  8.85755E-04  0.00000E+00  1.1E-07
  5.500E+00  2.30190E-03  2.30628E-20  8.23586E-04  0.00000E+00  1.0E-07
  5.600E+00  2.38630E-03  2.14720E-20  7.66780E-04  0.00000E+00  2.0E-07
  5.700E+00  2.47222E-03  2.00161E-20  7.14789E-04  0.00000E+00  2.6E-07
  5.800E+00  2.55965E-03  1.86817E-20  6.67135E-04  0.00000E+00  2.6E-07
  5.900E+00  2.64859E-03  1.74567E-20  6.23389E-04  0.00000E+00  1.9E-07
  6.000E+00  2.73905E-03  1.63305E-20  5.83174E-04  0.00000E+00  1.0E-07
  6.100E+00  2.83103E-03  1.52939E-20  5.46154E-04  0.00000E+00  1.0E-07
  6.200E+00  2.92452E-03  1.43382E-20  5.12027E-04  0.00000E+00  1.6E-07
  6.300E+00  3.01952E-03  1.34561E-20  4.80527E-04  0.00000E+00  2.1E-07
  6.400E+00  3.11604E-03  1.26409E-20  4.51415E-04  0.00000E+00  2.0E-07
  6.500E+00  3.21407E-03  1.18866E-20  4.24478E-04  0.00000E+00  1.4E-07
  6.600E+00  3.31362E-03  1.11878E-20  3.99522E-04  0.00000E+00  1.0E-07
  6.700E+00  3.41468E-03  1.05396E-20  3.76376E-04  0.00000E+00  1.0E-07
  6.800E+00  3.51725E-03  9.93778E-21  3.54885E-04  0.00000E+00  1.3E-07
  6.900E+00  3.62133E-03  9.37836E-21  3.34907E-04  0.00000E+00  1.6E-07
  7.000E+00  3.72692E-03  8.85781E-21  3.16318E-04  0.00000E+00  1.5E-07
  7.100E+00  3.83403E-03  8.37293E-21  2.99003E-04  0.00000E+00  1.0E-07
  7.200E+00  3.94265E-03  7.92083E-21  2.82858E-04  0.00000E+00  1.0E-07
  7.300E+00  4.05278E-03  7.49888E-21  2.67790E-04  0.00000E+00  1.0E-07
  7.400E+00  4.16442E-03  7.10471E-21  2.53714E-04  0.00000E+00  1.1E-07
  7.500E+00  4.27757E-03  6.73614E-21  2.40552E-04  0.00000E+00  1.3E-07
  7.600E+00  4.39223E-03  6.39120E-21  2.28234E-04  0.00000E+00  1.2E-07
  7.700E+00  4.50840E-03  6.06810E-21  2.16696E-04  0.00000E+00  1.0E-07
  7.800E+00  4.62608E-03  5.76520E-21  2.05879E-04  0.00000E+00  1.0E-07
  7.900E+00  4.74527E-03  5.48099E-21  1.95730E-04  0.00000E+00  1.0E-07
  8.000E+00  4.86597E-03  5.21412E-21  1.86200E-04  0.00000E+00  1.0E-07
  8.100E+00  4.98817E-03  4.96332E-21  1.77244E-04  0.00000E+00  1.1E-07
  8.200E+00  5.11188E-03  4.72746E-21  1.68821E-04  0.00000E+00  1.0E-07
  8.300E+00  5.23711E-03  4.50546E-21  1.60893E-04  0.00000E+00  1.0E-07
  8.400E+00  5.36383E-03  4.29637E-21  1.53426E-04  0.00000E+00  1.0E-07
  8.500E+00  5.49207E-03  4.09930E-21  1.46388E-04  0.00000E+00  1.0E-07
  8.600E+00  5.62181E-03  3.91342E-21  1.39751E-04  0.00000E+00  1.0E-07
  8.700E+00  5.75306E-03  3.73797E-21  1.33485E-04  0.00000E+00  1.0E-07
  8.800E+00  5.88581E-03  3.57228E-21  1.27568E-04  0.00000E+00  1.0E-07
  8.900E+00  6.02007E-03  3.41568E-21  1.21976E-04  0.00000E+00  1.0E-07
  9.000E+00  6.15583E-03  3.26759E-21  1.16688E-04  0.00000E+00  1.0E-07
  9.100E+00  6.29310E-03  3.12745E-21  1.11683E-04  0.00000E+00  1.0E-07
  9.200E+00  6.43187E-03  2.99477E-21  1.06945E-04  0.00000E+00  1.0E-07
  9.300E+00  6.57214E-03  2.86906E-21  1.02456E-04  0.00000E+00  1.0E-07
  9.400E+00  6.71392E-03  2.74989E-21  9.82005E-05  0.00000E+00  1.0E-07
  9.500E+00  6.85720E-03  2.63687E-21  9.41642E-05  0.00000E+00  1.0E-07
  9.600E+00  7.00198E-03  2.52960E-21  9.03337E-05  0.00000E+00  1.0E-07
  9.700E+00  7.14827E-03  2.42775E-21  8.66964E-05  0.00000E+00  1.0E-07
  9.800E+00  7.29605E-03  2.33098E-21  8.32408E-05  0.00000E+00  1.0E-07
  9.900E+00  7.44534E-03  2.23900E-21  7.99561E-05  0.00000E+00  1.0E-07
  1.000E+01  7.59612E-03  2.15152E-21  7.68322E-05  0.00000E+00  1.0E-07
  1.025E+01  7.97965E-03  1.95085E-21  6.96662E-05  0.00000E+00  1.0E-07
  1.050E+01  8.37255E-03  1.77309E-21  6.33183E-05  0.00000E+00  1.0E-07
  1.075E+01  8.77480E-03  1.61518E-21  5.76790E-05  0.00000E+00  1.0E-07
  1.100E+01  9.18641E-03  1.47450E-21  5.26552E-05  0.00000E+00  1.0E-07
  1.125E+01  9.60736E-03  1.34884E-21  4.81681E-05  0.00000E+00  1.0E-07
  1.150E+01  1.00376E-02  1.23633E-21  4.41500E-05  0.00000E+00  1.0E-07
  1.175E+01  1.04773E-02  1.13533E-21  4.05434E-05  0.00000E+00  1.0E-07
  1.200E+01  1.09262E-02  1.04447E-21  3.72986E-05  0.00000E+00  1.0E-07
  1.225E+01  1.13844E-02  9.62539E-22  3.43729E-05  0.00000E+00  1.0E-07
  1.250E+01  1.18520E-02  8.88508E-22  3.17292E-05  0.00000E+00  1.0E-07
  1.275E+01  1.23288E-02  8.21471E-22  2.93353E-05  0.00000E+00  1.0E-07
  1.300E+01  1.28150E-02  7.60646E-22  2.71632E-05  0.00000E+00  1.0E-07
  1.325E+01  1.33104E-02  7.05364E-22  2.51890E-05  0.00000E+00  1.0E-07
  1.350E+01  1.38150E-02  6.55028E-22  2.33915E-05  0.00000E+00  1.0E-07
  1.375E+01  1.43290E-02  6.09116E-22  2.17519E-05  0.00000E+00  1.0E-07
  1.400E+01  1.48521E-02  5.67168E-22  2.02539E-05  0.00000E+00  1.0E-07
  1.425E+01  1.53845E-02  5.28780E-22  1.88831E-05  0.00000E+00  1.0E-07
  1.450E+01  1.59262E-02  4.93595E-22  1.76266E-05  0.00000E+00  1.0E-07
  1.475E+01  1.64770E-02  4.61297E-22  1.64732E-05  0.00000E+00  1.0E-07
  1.500E+01  1.70371E-02  4.31605E-22  1.54129E-05  0.00000E+00  1.0E-07
  1.525E+01  1.76063E-02  4.04271E-22  1.44368E-05  0.00000E+00  1.0E-07
  1.550E+01  1.81848E-02  3.79073E-22  1.35369E-05  0.00000E+00  1.0E-07
  1.575E+01  1.87724E-02  3.55814E-22  1.27063E-05  0.00000E+00  1.0E-07
  1.600E+01  1.93692E-02  3.34317E-22  1.19387E-05  0.00000E+00  1.0E-07
  1.625E+01  1.99751E-02  3.14423E-22  1.12283E-05  0.00000E+00  1.0E-07
  1.650E+01  2.05901E-02  2.95992E-22  1.05701E-05  0.00000E+00  1.0E-07
  1.675E+01  2.12143E-02  2.78895E-22  9.95954E-06  0.00000E+00  1.0E-07
  1.700E+01  2.18476E-02  2.63019E-22  9.39259E-06  0.00000E+00  1.0E-07
  1.725E+01  2.24900E-02  2.48260E-22  8.86552E-06  0.00000E+00  1.0E-07
  1.750E+01  2.31415E-02  2.34524E-22  8.37502E-06  0.00000E+00  1.0E-07
  1.775E+01  2.38021E-02  2.21729E-22  7.91807E-06  0.00000E+00  1.0E-07
  1.800E+01  2.44717E-02  2.09796E-22  7.49195E-06  0.00000E+00  1.0E-07
  1.825E+01  2.51504E-02  1.98658E-22  7.09419E-06  0.00000E+00  1.0E-07
  1.850E+01  2.58382E-02  1.88251E-22  6.72255E-06  0.00000E+00  1.0E-07
  1.875E+01  2.65349E-02  1.78518E-22  6.37500E-06  0.00000E+00  1.0E-07
  1.900E+01  2.72407E-02  1.69408E-22  6.04969E-06  0.00000E+00  1.0E-07
  1.925E+01  2.79555E-02  1.60874E-22  5.74491E-06  0.00000E+00  1.0E-07
  1.950E+01  2.86793E-02  1.52872E-22  5.45914E-06  0.00000E+00  1.0E-07
  1.975E+01  2.94120E-02  1.45362E-22  5.19097E-06  0.00000E+00  1.0E-07
  2.000E+01  3.01537E-02  1.38309E-22  4.93910E-06  0.00000E+00  1.0E-07
  2.025E+01  3.09043E-02  1.31680E-22  4.70236E-06  0.00000E+00  1.0E-07
  2.050E+01  3.16639E-02  1.25444E-22  4.47968E-06  0.00000E+00  1.0E-07
  2.075E+01  3.24324E-02  1.19574E-22  4.27005E-06  0.00000E+00  1.0E-07
  2.100E+01  3.32098E-02  1.14044E-22  4.07258E-06  0.00000E+00  1.0E-07
  2.125E+01  3.39961E-02  1.08831E-22  3.88641E-06  0.00000E+00  1.0E-07
  2.150E+01  3.47912E-02  1.03913E-22  3.71079E-06  0.00000E+00  1.0E-07
  2.175E+01  3.55952E-02  9.92700E-23  3.54500E-06  0.00000E+00  1.0E-07
  2.200E+01  3.64081E-02  9.48843E-23  3.38838E-06  0.00000E+00  1.0E-07
  2.225E+01  3.72297E-02  9.07387E-23  3.24034E-06  0.00000E+00  1.0E-07
  2.250E+01  3.80602E-02  8.68176E-23  3.10031E-06  0.00000E+00  1.0E-07
  2.275E+01  3.88995E-02  8.31064E-23  2.96778E-06  0.00000E+00  1.0E-07
  2.300E+01  3.97476E-02  7.95918E-23  2.84227E-06  0.00000E+00  1.0E-07
  2.325E+01  4.06044E-02  7.62614E-23  2.72334E-06  0.00000E+00  1.0E-07
  2.350E+01  4.14700E-02  7.31037E-23  2.61058E-06  0.00000E+00  1.0E-07
  2.375E+01  4.23443E-02  7.01081E-23  2.50361E-06  0.00000E+00  1.0E-07
  2.400E+01  4.32273E-02  6.72646E-23  2.40206E-06  0.00000E+00  1.0E-07
  2.425E+01  4.41190E-02  6.45641E-23  2.30563E-06  0.00000E+00  1.0E-07
  2.450E+01  4.50194E-02  6.19980E-23  2.21399E-06  0.00000E+00  1.0E-07
  2.475E+01  4.59284E-02  5.95583E-23  2.12686E-06  0.00000E+00  1.0E-07
  2.500E+01  4.68461E-02  5.72376E-23  2.04399E-06  0.00000E+00  1.0E-07
  2.550E+01  4.87074E-02  5.29261E-23  1.89002E-06  0.00000E+00  1.0E-07
  2.600E+01  5.06030E-02  4.90134E-23  1.75030E-06  0.00000E+00  1.0E-07
  2.650E+01  5.25328E-02  4.54562E-23  1.62327E-06  0.00000E+00  1.0E-07
  2.700E+01  5.44967E-02  4.22161E-23  1.50756E-06  0.00000E+00  1.0E-07
  2.750E+01  5.64946E-02  3.92599E-23  1.40199E-06  0.00000E+00  1.0E-07
  2.800E+01  5.85262E-02  3.65580E-23  1.30551E-06  0.00000E+00  1.0E-07
  2.850E+01  6.05914E-02  3.40848E-23  1.21719E-06  0.00000E+00  1.0E-07
  2.900E+01  6.26901E-02  3.18172E-23  1.13621E-06  0.00000E+00  1.0E-07
  2.950E+01  6.48222E-02  2.97351E-23  1.06186E-06  0.00000E+00  1.0E-07
  3.000E+01  6.69873E-02  2.78205E-23  9.93490E-07  0.00000E+00  1.0E-07
  3.050E+01  6.91854E-02  2.60575E-23  9.30532E-07  0.00000E+00  1.0E-07
  3.100E+01  7.14163E-02  2.44319E-23  8.72479E-07  0.00000E+00  1.0E-07
  3.150E+01  7.36799E-02  2.29310E-23  8.18880E-07  0.00000E+00  1.0E-07
  3.200E+01  7.59760E-02  2.15434E-23  7.69330E-07  0.00000E+00  1.0E-07
  3.250E+01  7.83043E-02  2.02591E-23  7.23466E-07  0.00000E+00  1.0E-07
  3.300E+01  8.06647E-02  1.90689E-23  6.80964E-07  0.00000E+00  1.0E-07
  3.350E+01  8.30571E-02  1.79647E-23  6.41531E-07  0.00000E+00  1.0E-07
  3.400E+01  8.54812E-02  1.69391E-23  6.04906E-07  0.00000E+00  1.0E-07
  3.450E+01  8.79369E-02  1.59855E-23  5.70852E-07  0.00000E+00  1.0E-07
  3.500E+01  9.04240E-02  1.50978E-23  5.39153E-07  0.00000E+00  1.0E-07
  3.550E+01  9.29422E-02  1.42708E-23  5.09619E-07  0.00000E+00  1.0E-07
  3.600E+01  9.54915E-02  1.34994E-23  4.82072E-07  0.00000E+00  1.0E-07
  3.650E+01  9.80716E-02  1.27792E-23  4.56355E-07  0.00000E+00  1.0E-07
  3.700E+01  1.00682E-01  1.21063E-23  4.32323E-07  0.00000E+00  1.0E-07
  3.750E+01  1.03323E-01  1.14769E-23  4.09846E-07  0.00000E+00  1.0E-07
  3.800E+01  1.05995E-01  1.08876E-23  3.88804E-07  0.00000E+00  1.0E-07
  3.850E+01  1.08696E-01  1.03355E-23  3.69089E-07  0.00000E+00  1.0E-07
  3.900E+01  1.11427E-01  9.81783E-24  3.50601E-07  0.00000E+00  1.0E-07
  3.950E+01  1.14188E-01  9.33194E-24  3.33250E-07  0.00000E+00  1.0E-07
  4.000E+01  1.16978E-01  8.87557E-24  3.16952E-07  0.00000E+00  1.0E-07
  4.050E+01  1.19797E-01  8.44657E-24  3.01632E-07  0.00000E+00  1.0E-07
  4.100E+01  1.22645E-01  8.04301E-24  2.87221E-07  0.00000E+00  1.0E-07
  4.150E+01  1.25522E-01  7.66309E-24  2.73654E-07  0.00000E+00  1.0E-07
  4.200E+01  1.28428E-01  7.30516E-24  2.60872E-07  0.00000E+00  1.0E-07
  4.250E+01  1.31361E-01  6.96773E-24  2.48822E-07  0.00000E+00  1.0E-07
  4.300E+01  1.34323E-01  6.64939E-24  2.37454E-07  0.00000E+00  1.0E-07
  4.350E+01  1.37313E-01  6.34887E-24  2.26722E-07  0.00000E+00  1.0E-07
  4.400E+01  1.40330E-01  6.06497E-24  2.16584E-07  0.00000E+00  1.0E-07
  4.450E+01  1.43375E-01  5.79662E-24  2.07001E-07  0.00000E+00  1.0E-07
  4.500E+01  1.46447E-01  5.54279E-24  1.97936E-07  0.00000E+00  1.0E-07
  4.550E+01  1.49545E-01  5.30255E-24  1.89358E-07  0.00000E+00  1.0E-07
  4.600E+01  1.52671E-01  5.07505E-24  1.81233E-07  0.00000E+00  1.0E-07
  4.650E+01  1.55823E-01  4.85947E-24  1.73535E-07  0.00000E+00  1.0E-07
  4.700E+01  1.59001E-01  4.65508E-24  1.66236E-07  0.00000E+00  1.0E-07
  4.750E+01  1.62205E-01  4.46119E-24  1.59312E-07  0.00000E+00  1.0E-07
  4.800E+01  1.65435E-01  4.27716E-24  1.52740E-07  0.00000E+00  1.0E-07
  4.850E+01  1.68690E-01  4.10239E-24  1.46499E-07  0.00000E+00  1.0E-07
  4.900E+01  1.71970E-01  3.93633E-24  1.40569E-07  0.00000E+00  1.0E-07
  4.950E+01  1.75276E-01  3.77846E-24  1.34931E-07  0.00000E+00  1.0E-07
  5.000E+01  1.78606E-01  3.62831E-24  1.29569E-07  0.00000E+00  1.0E-07
  5.050E+01  1.81961E-01  3.48543E-24  1.24467E-07  0.00000E+00  1.0E-07
  5.100E+01  1.85340E-01  3.34939E-24  1.19609E-07  0.00000E+00  1.0E-07
  5.150E+01  1.88743E-01  3.21981E-24  1.14982E-07  0.00000E+00  1.0E-07
  5.200E+01  1.92169E-01  3.09633E-24  1.10572E-07  0.00000E+00  1.0E-07
  5.250E+01  1.95619E-01  2.97860E-24  1.06368E-07  0.00000E+00  1.0E-07
  5.300E+01  1.99092E-01  2.86632E-24  1.02358E-07  0.00000E+00  1.0E-07
  5.350E+01  2.02589E-01  2.75917E-24  9.85316E-08  0.00000E+00  1.0E-07
  5.400E+01  2.06107E-01  2.65687E-24  9.48787E-08  0.00000E+00  1.0E-07
  5.450E+01  2.09649E-01  2.55918E-24  9.13901E-08  0.00000E+00  1.0E-07
  5.500E+01  2.13212E-01  2.46584E-24  8.80568E-08  0.00000E+00  1.0E-07
  5.550E+01  2.16797E-01  2.37663E-24  8.48709E-08  0.00000E+00  1.0E-07
  5.600E+01  2.20404E-01  2.29132E-24  8.18244E-08  0.00000E+00  1.0E-07
  5.650E+01  2.24032E-01  2.20971E-24  7.89102E-08  0.00000E+00  1.0E-07
  5.700E+01  2.27680E-01  2.13162E-24  7.61215E-08  0.00000E+00  1.0E-07
  5.750E+01  2.31350E-01  2.05686E-24  7.34518E-08  0.00000E+00  1.0E-07
  5.800E+01  2.35040E-01  1.98526E-24  7.08951E-08  0.00000E+00  1.0E-07
  5.850E+01  2.38751E-01  1.91668E-24  6.84458E-08  0.00000E+00  1.0E-07
  5.900E+01  2.42481E-01  1.85095E-24  6.60985E-08  0.00000E+00  1.0E-07
  5.950E+01  2.46231E-01  1.78793E-24  6.38481E-08  0.00000E+00  1.0E-07
  6.000E+01  2.50000E-01  1.72749E-24  6.16900E-08  0.00000E+00  1.0E-07
  6.050E+01  2.53788E-01  1.66952E-24  5.96196E-08  0.00000E+00  1.0E-07
  6.100E+01  2.57595E-01  1.61388E-24  5.76327E-08  0.00000E+00  1.0E-07
  6.150E+01  2.61421E-01  1.56047E-24  5.57253E-08  0.00000E+00  1.0E-07
  6.200E+01  2.65264E-01  1.50918E-24  5.38937E-08  0.00000E+00  1.0E-07
  6.250E+01  2.69126E-01  1.45991E-24  5.21342E-08  0.00000E+00  1.0E-07
  6.300E+01  2.73005E-01  1.41256E-24  5.04436E-08  0.00000E+00  1.0E-07
  6.350E+01  2.76901E-01  1.36706E-24  4.88186E-08  0.00000E+00  1.0E-07
  6.400E+01  2.80814E-01  1.32331E-24  4.72561E-08  0.00000E+00  1.0E-07
  6.450E+01  2.84744E-01  1.28123E-24  4.57535E-08  0.00000E+00  1.0E-07
  6.500E+01  2.88691E-01  1.24075E-24  4.43079E-08  0.00000E+00  1.0E-07
  6.550E+01  2.92653E-01  1.20179E-24  4.29167E-08  0.00000E+00  1.0E-07
  6.600E+01  2.96632E-01  1.16429E-24  4.15776E-08  0.00000E+00  1.0E-07
  6.650E+01  3.00625E-01  1.12819E-24  4.02883E-08  0.00000E+00  1.0E-07
  6.700E+01  3.04634E-01  1.09341E-24  3.90465E-08  0.00000E+00  1.0E-07
  6.750E+01  3.08658E-01  1.05991E-24  3.78502E-08  0.00000E+00  1.0E-07
  6.800E+01  3.12697E-01  1.02763E-24  3.66974E-08  0.00000E+00  1.0E-07
  6.850E+01  3.16749E-01  9.96515E-25  3.55862E-08  0.00000E+00  1.0E-07
  6.900E+01  3.20816E-01  9.66516E-25  3.45149E-08  0.00000E+00  1.0E-07
  6.950E+01  3.24896E-01  9.37585E-25  3.34818E-08  0.00000E+00  1.0E-07
  7.000E+01  3.28990E-01  9.09678E-25  3.24852E-08  0.00000E+00  1.0E-07
  7.050E+01  3.33097E-01  8.82752E-25  3.15236E-08  0.00000E+00  1.0E-07
  7.100E+01  3.37216E-01  8.56766E-25  3.05957E-08  0.00000E+00  1.0E-07
  7.150E+01  3.41348E-01  8.31681E-25  2.96999E-08  0.00000E+00  1.0E-07
  7.200E+01  3.45492E-01  8.07461E-25  2.88350E-08  0.00000E+00  1.0E-07
  7.250E+01  3.49647E-01  7.84070E-25  2.79997E-08  0.00000E+00  1.0E-07
  7.300E+01  3.53814E-01  7.61475E-25  2.71928E-08  0.00000E+00  1.0E-07
  7.350E+01  3.57992E-01  7.39644E-25  2.64132E-08  0.00000E+00  1.0E-07
  7.400E+01  3.62181E-01  7.18546E-25  2.56597E-08  0.00000E+00  1.0E-07
  7.450E+01  3.66381E-01  6.98152E-25  2.49315E-08  0.00000E+00  1.0E-07
  7.500E+01  3.70590E-01  6.78434E-25  2.42273E-08  0.00000E+00  1.0E-07
  7.550E+01  3.74810E-01  6.59367E-25  2.35464E-08  0.00000E+00  1.0E-07
  7.600E+01  3.79039E-01  6.40924E-25  2.28878E-08  0.00000E+00  1.0E-07
  7.650E+01  3.83277E-01  6.23082E-25  2.22507E-08  0.00000E+00  1.0E-07
  7.700E+01  3.87524E-01  6.05817E-25  2.16341E-08  0.00000E+00  1.0E-07
  7.750E+01  3.91780E-01  5.89108E-25  2.10374E-08  0.00000E+00  1.0E-07
  7.800E+01  3.96044E-01  5.72933E-25  2.04598E-08  0.00000E+00  1.0E-07
  7.850E+01  4.00316E-01  5.57273E-25  1.99006E-08  0.00000E+00  1.0E-07
  7.900E+01  4.04596E-01  5.42107E-25  1.93590E-08  0.00000E+00  1.0E-07
  7.950E+01  4.08882E-01  5.27418E-25  1.88344E-08  0.00000E+00  1.0E-07
  8.000E+01  4.13176E-01  5.13188E-25  1.83263E-08  0.00000E+00  1.0E-07
  8.050E+01  4.17476E-01  4.99400E-25  1.78339E-08  0.00000E+00  1.0E-07
  8.100E+01  4.21783E-01  4.86038E-25  1.73567E-08  0.00000E+00  1.0E-07
  8.150E+01  4.26095E-01  4.73086E-25  1.68942E-08  0.00000E+00  1.0E-07
  8.200E+01  4.30413E-01  4.60530E-25  1.64458E-08  0.00000E+00  1.0E-07
  8.250E+01  4.34737E-01  4.48356E-25  1.60111E-08  0.00000E+00  1.0E-07
  8.300E+01  4.39065E-01  4.36549E-25  1.55894E-08  0.00000E+00  1.0E-07
  8.350E+01  4.43398E-01  4.25097E-25  1.51805E-08  0.00000E+00  1.0E-07
  8.400E+01  4.47736E-01  4.13987E-25  1.47837E-08  0.00000E+00  1.0E-07
  8.450E+01  4.52077E-01  4.03207E-25  1.43988E-08  0.00000E+00  1.0E-07
  8.500E+01  4.56422E-01  3.92745E-25  1.40252E-08  0.00000E+00  1.0E-07
  8.550E+01  4.60770E-01  3.82592E-25  1.36626E-08  0.00000E+00  1.0E-07
  8.600E+01  4.65122E-01  3.72735E-25  1.33106E-08  0.00000E+00  1.0E-07
  8.650E+01  4.69476E-01  3.63166E-25  1.29689E-08  0.00000E+00  1.0E-07
  8.700E+01  4.73832E-01  3.53873E-25  1.26370E-08  0.00000E+00  1.0E-07
  8.750E+01  4.78190E-01  3.44848E-25  1.23147E-08  0.00000E+00  1.0E-07
  8.800E+01  4.82550E-01  3.36081E-25  1.20017E-08  0.00000E+00  1.0E-07
  8.850E+01  4.86912E-01  3.27564E-25  1.16975E-08  0.00000E+00  1.0E-07
  8.900E+01  4.91274E-01  3.19289E-25  1.14020E-08  0.00000E+00  1.0E-07
  8.950E+01  4.95637E-01  3.11248E-25  1.11149E-08  0.00000E+00  1.0E-07
  9.000E+01  5.00000E-01  3.03432E-25  1.08357E-08  0.00000E+00  1.0E-07
  9.050E+01  5.04363E-01  2.95835E-25  1.05644E-08  0.00000E+00  1.0E-07
  9.100E+01  5.08726E-01  2.88449E-25  1.03007E-08  0.00000E+00  1.0E-07
  9.150E+01  5.13088E-01  2.81267E-25  1.00442E-08  0.00000E+00  1.0E-07
  9.200E+01  5.17450E-01  2.74283E-25  9.79483E-09  0.00000E+00  1.0E-07
  9.250E+01  5.21810E-01  2.67491E-25  9.55226E-09  0.00000E+00  1.0E-07
  9.300E+01  5.26168E-01  2.60884E-25  9.31632E-09  0.00000E+00  1.0E-07
  9.350E+01  5.30524E-01  2.54456E-25  9.08679E-09  0.00000E+00  1.0E-07
  9.400E+01  5.34878E-01  2.48202E-25  8.86345E-09  0.00000E+00  1.0E-07
  9.450E+01  5.39230E-01  2.42116E-25  8.64613E-09  0.00000E+00  1.0E-07
  9.500E+01  5.43578E-01  2.36194E-25  8.43463E-09  0.00000E+00  1.0E-07
  9.550E+01  5.47923E-01  2.30429E-25  8.22876E-09  0.00000E+00  1.0E-07
  9.600E+01  5.52264E-01  2.24817E-25  8.02837E-09  0.00000E+00  1.0E-07
  9.650E+01  5.56602E-01  2.19354E-25  7.83326E-09  0.00000E+00  1.0E-07
  9.700E+01  5.60935E-01  2.14034E-25  7.64329E-09  0.00000E+00  1.0E-07
  9.750E+01  5.65263E-01  2.08853E-25  7.45829E-09  0.00000E+00  1.0E-07
  9.800E+01  5.69587E-01  2.03808E-25  7.27812E-09  0.00000E+00  1.0E-07
  9.850E+01  5.73905E-01  1.98894E-25  7.10263E-09  0.00000E+00  1.0E-07
  9.900E+01  5.78217E-01  1.94107E-25  6.93167E-09  0.00000E+00  1.0E-07
  9.950E+01  5.82524E-01  1.89443E-25  6.76512E-09  0.00000E+00  1.0E-07
  1.000E+02  5.86824E-01  1.84898E-25  6.60283E-09  0.00000E+00  1.0E-07
  1.005E+02  5.91118E-01  1.80470E-25  6.44469E-09  0.00000E+00  1.0E-07
  1.010E+02  5.95404E-01  1.76154E-25  6.29057E-09  0.00000E+00  1.0E-07
  1.015E+02  5.99684E-01  1.71947E-25  6.14035E-09  0.00000E+00  1.0E-07
  1.020E+02  6.03956E-01  1.67847E-25  5.99392E-09  0.00000E+00  1.0E-07
  1.025E+02  6.08220E-01  1.63850E-25  5.85117E-09  0.00000E+00  1.0E-07
  1.030E+02  6.12476E-01  1.59952E-25  5.71200E-09  0.00000E+00  1.0E-07
  1.035E+02  6.16723E-01  1.56152E-25  5.57628E-09  0.00000E+00  1.0E-07
  1.040E+02  6.20961E-01  1.52446E-25  5.44394E-09  0.00000E+00  1.0E-07
  1.045E+02  6.25190E-01  1.48832E-25  5.31487E-09  0.00000E+00  1.0E-07
  1.050E+02  6.29410E-01  1.45306E-25  5.18899E-09  0.00000E+00  1.0E-07
  1.055E+02  6.33619E-01  1.41868E-25  5.06619E-09  0.00000E+00  1.0E-07
  1.060E+02  6.37819E-01  1.38513E-25  4.94639E-09  0.00000E+00  1.0E-07
  1.065E+02  6.42008E-01  1.35240E-25  4.82951E-09  0.00000E+00  1.0E-07
  1.070E+02  6.46186E-01  1.32047E-25  4.71547E-09  0.00000E+00  1.0E-07
  1.075E+02  6.50353E-01  1.28930E-25  4.60418E-09  0.00000E+00  1.0E-07
  1.080E+02  6.54508E-01  1.25889E-25  4.49558E-09  0.00000E+00  1.0E-07
  1.085E+02  6.58652E-01  1.22921E-25  4.38959E-09  0.00000E+00  1.0E-07
  1.090E+02  6.62784E-01  1.20024E-25  4.28613E-09  0.00000E+00  1.0E-07
  1.095E+02  6.66903E-01  1.17196E-25  4.18513E-09  0.00000E+00  1.0E-07
  1.100E+02  6.71010E-01  1.14435E-25  4.08654E-09  0.00000E+00  1.0E-07
  1.105E+02  6.75104E-01  1.11739E-25  3.99029E-09  0.00000E+00  1.0E-07
  1.110E+02  6.79184E-01  1.09108E-25  3.89630E-09  0.00000E+00  1.0E-07
  1.115E+02  6.83251E-01  1.06538E-25  3.80453E-09  0.00000E+00  1.0E-07
  1.120E+02  6.87303E-01  1.04028E-25  3.71491E-09  0.00000E+00  1.0E-07
  1.125E+02  6.91342E-01  1.01577E-25  3.62738E-09  0.00000E+00  1.0E-07
  1.130E+02  6.95366E-01  9.91832E-26  3.54190E-09  0.00000E+00  1.0E-07
  1.135E+02  6.99375E-01  9.68449E-26  3.45840E-09  0.00000E+00  1.0E-07
  1.140E+02  7.03368E-01  9.45609E-26  3.37683E-09  0.00000E+00  1.0E-07
  1.145E+02  7.07347E-01  9.23295E-26  3.29715E-09  0.00000E+00  1.0E-07
  1.150E+02  7.11309E-01  9.01495E-26  3.21930E-09  0.00000E+00  1.0E-07
  1.155E+02  7.15256E-01  8.80196E-26  3.14324E-09  0.00000E+00  1.0E-07
  1.160E+02  7.19186E-01  8.59384E-26  3.06892E-09  0.00000E+00  1.0E-07
  1.165E+02  7.23099E-01  8.39047E-26  2.99629E-09  0.00000E+00  1.0E-07
  1.170E+02  7.26995E-01  8.19174E-26  2.92532E-09  0.00000E+00  1.0E-07
  1.175E+02  7.30874E-01  7.99751E-26  2.85596E-09  0.00000E+00  1.0E-07
  1.180E+02  7.34736E-01  7.80768E-26  2.78817E-09  0.00000E+00  1.0E-07
  1.185E+02  7.38579E-01  7.62214E-26  2.72191E-09  0.00000E+00  1.0E-07
  1.190E+02  7.42405E-01  7.44078E-26  2.65715E-09  0.00000E+00  1.0E-07
  1.195E+02  7.46212E-01  7.26349E-26  2.59384E-09  0.00000E+00  1.0E-07
  1.200E+02  7.50000E-01  7.09017E-26  2.53195E-09  0.00000E+00  1.0E-07
  1.205E+02  7.53769E-01  6.92073E-26  2.47144E-09  0.00000E+00  1.0E-07
  1.210E+02  7.57519E-01  6.75507E-26  2.41228E-09  0.00000E+00  1.0E-07
  1.215E+02  7.61249E-01  6.59310E-26  2.35444E-09  0.00000E+00  1.0E-07
  1.220E+02  7.64960E-01  6.43473E-26  2.29788E-09  0.00000E+00  1.0E-07
  1.225E+02  7.68650E-01  6.27986E-26  2.24258E-09  0.00000E+00  1.0E-07
  1.230E+02  7.72320E-01  6.12843E-26  2.18850E-09  0.00000E+00  1.0E-07
  1.235E+02  7.75968E-01  5.98033E-26  2.13561E-09  0.00000E+00  1.0E-07
  1.240E+02  7.79596E-01  5.83550E-26  2.08389E-09  0.00000E+00  1.0E-07
  1.245E+02  7.83203E-01  5.69385E-26  2.03331E-09  0.00000E+00  1.0E-07
  1.250E+02  7.86788E-01  5.55531E-26  1.98384E-09  0.00000E+00  1.0E-07
  1.255E+02  7.90351E-01  5.41980E-26  1.93545E-09  0.00000E+00  1.0E-07
  1.260E+02  7.93893E-01  5.28726E-26  1.88812E-09  0.00000E+00  1.0E-07
  1.265E+02  7.97411E-01  5.15762E-26  1.84182E-09  0.00000E+00  1.0E-07
  1.270E+02  8.00908E-01  5.03080E-26  1.79653E-09  0.00000E+00  1.0E-07
  1.275E+02  8.04381E-01  4.90675E-26  1.75223E-09  0.00000E+00  1.0E-07
  1.280E+02  8.07831E-01  4.78539E-26  1.70889E-09  0.00000E+00  1.0E-07
  1.285E+02  8.11257E-01  4.66667E-26  1.66650E-09  0.00000E+00  1.0E-07
  1.290E+02  8.14660E-01  4.55053E-26  1.62502E-09  0.00000E+00  1.0E-07
  1.295E+02  8.18039E-01  4.43690E-26  1.58445E-09  0.00000E+00  1.0E-07
  1.300E+02  8.21394E-01  4.32573E-26  1.54475E-09  0.00000E+00  1.0E-07
  1.305E+02  8.24724E-01  4.21697E-26  1.50591E-09  0.00000E+00  1.0E-07
  1.310E+02  8.28030E-01  4.11056E-26  1.46791E-09  0.00000E+00  1.0E-07
  1.315E+02  8.31310E-01  4.00645E-26  1.43073E-09  0.00000E+00  1.0E-07
  1.320E+02  8.34565E-01  3.90458E-26  1.39435E-09  0.00000E+00  1.0E-07
  1.325E+02  8.37795E-01  3.80492E-26  1.35876E-09  0.00000E+00  1.0E-07
  1.330E+02  8.40999E-01  3.70740E-26  1.32394E-09  0.00000E+00  1.0E-07
  1.335E+02  8.44177E-01  3.61199E-26  1.28987E-09  0.00000E+00  1.0E-07
  1.340E+02  8.47329E-01  3.51863E-26  1.25653E-09  0.00000E+00  1.0E-07
  1.345E+02  8.50455E-01  3.42729E-26  1.22391E-09  0.00000E+00  1.0E-07
  1.350E+02  8.53553E-01  3.33792E-26  1.19199E-09  0.00000E+00  1.0E-07
  1.355E+02  8.56625E-01  3.25047E-26  1.16077E-09  0.00000E+00  1.0E-07
  1.360E+02  8.59670E-01  3.16492E-26  1.13021E-09  0.00000E+00  1.0E-07
  1.365E+02  8.62687E-01  3.08121E-26  1.10032E-09  0.00000E+00  1.0E-07
  1.370E+02  8.65677E-01  2.99930E-26  1.07107E-09  0.00000E+00  1.0E-07
  1.375E+02  8.68639E-01  2.91917E-26  1.04245E-09  0.00000E+00  1.0E-07
  1.380E+02  8.71572E-01  2.84077E-26  1.01446E-09  0.00000E+00  1.0E-07
  1.385E+02  8.74478E-01  2.76407E-26  9.87067E-10  0.00000E+00  1.0E-07
  1.390E+02  8.77355E-01  2.68903E-26  9.60270E-10  0.00000E+00  1.0E-07
  1.395E+02  8.80203E-01  2.61562E-26  9.34055E-10  0.00000E+00  1.0E-07
  1.400E+02  8.83022E-01  2.54381E-26  9.08410E-10  0.00000E+00  1.0E-07
  1.405E+02  8.85812E-01  2.47356E-26  8.83324E-10  0.00000E+00  1.0E-07
  1.410E+02  8.88573E-01  2.40484E-26  8.58785E-10  0.00000E+00  1.0E-07
  1.415E+02  8.91304E-01  2.33763E-26  8.34783E-10  0.00000E+00  1.0E-07
  1.420E+02  8.94005E-01  2.27189E-26  8.11307E-10  0.00000E+00  1.0E-07
  1.425E+02  8.96677E-01  2.20759E-26  7.88346E-10  0.00000E+00  1.0E-07
  1.430E+02  8.99318E-01  2.14471E-26  7.65891E-10  0.00000E+00  1.0E-07
  1.435E+02  9.01928E-01  2.08322E-26  7.43932E-10  0.00000E+00  1.0E-07
  1.440E+02  9.04508E-01  2.02309E-26  7.22460E-10  0.00000E+00  1.0E-07
  1.445E+02  9.07058E-01  1.96430E-26  7.01465E-10  0.00000E+00  1.0E-07
  1.450E+02  9.09576E-01  1.90682E-26  6.80938E-10  0.00000E+00  1.0E-07
  1.455E+02  9.12063E-01  1.85062E-26  6.60870E-10  0.00000E+00  1.0E-07
  1.460E+02  9.14519E-01  1.79569E-26  6.41253E-10  0.00000E+00  1.0E-07
  1.465E+02  9.16943E-01  1.74200E-26  6.22079E-10  0.00000E+00  1.0E-07
  1.470E+02  9.19335E-01  1.68952E-26  6.03340E-10  0.00000E+00  1.0E-07
  1.475E+02  9.21696E-01  1.63824E-26  5.85027E-10  0.00000E+00  1.0E-07
  1.480E+02  9.24024E-01  1.58814E-26  5.67133E-10  0.00000E+00  1.0E-07
  1.485E+02  9.26320E-01  1.53918E-26  5.49651E-10  0.00000E+00  1.0E-07
  1.490E+02  9.28584E-01  1.49136E-26  5.32574E-10  0.00000E+00  1.0E-07
  1.495E+02  9.30815E-01  1.44465E-26  5.15894E-10  0.00000E+00  1.0E-07
  1.500E+02  9.33013E-01  1.39903E-26  4.99604E-10  0.00000E+00  1.0E-07
  1.505E+02  9.35178E-01  1.35449E-26  4.83698E-10  0.00000E+00  1.0E-07
  1.510E+02  9.37310E-01  1.31101E-26  4.68169E-10  0.00000E+00  1.0E-07
  1.515E+02  9.39409E-01  1.26856E-26  4.53012E-10  0.00000E+00  1.0E-07
  1.520E+02  9.41474E-01  1.22714E-26  4.38219E-10  0.00000E+00  1.0E-07
  1.525E+02  9.43505E-01  1.18672E-26  4.23786E-10  0.00000E+00  1.0E-07
  1.530E+02  9.45503E-01  1.14729E-26  4.09705E-10  0.00000E+00  1.0E-07
  1.535E+02  9.47467E-01  1.10883E-26  3.95972E-10  0.00000E+00  1.0E-07
  1.540E+02  9.49397E-01  1.07134E-26  3.82581E-10  0.00000E+00  1.0E-07
  1.545E+02  9.51293E-01  1.03478E-26  3.69527E-10  0.00000E+00  1.0E-07
  1.550E+02  9.53154E-01  9.99154E-27  3.56804E-10  0.00000E+00  1.0E-07
  1.555E+02  9.54981E-01  9.64441E-27  3.44408E-10  0.00000E+00  1.0E-07
  1.560E+02  9.56773E-01  9.30629E-27  3.32334E-10  0.00000E+00  1.0E-07
  1.565E+02  9.58530E-01  8.97704E-27  3.20576E-10  0.00000E+00  1.0E-07
  1.570E+02  9.60252E-01  8.65654E-27  3.09131E-10  0.00000E+00  1.0E-07
  1.575E+02  9.61940E-01  8.34466E-27  2.97993E-10  0.00000E+00  1.0E-07
  1.580E+02  9.63592E-01  8.04128E-27  2.87159E-10  0.00000E+00  1.0E-07
  1.585E+02  9.65209E-01  7.74628E-27  2.76625E-10  0.00000E+00  1.0E-07
  1.590E+02  9.66790E-01  7.45954E-27  2.66385E-10  0.00000E+00  1.0E-07
  1.595E+02  9.68336E-01  7.18097E-27  2.56437E-10  0.00000E+00  1.0E-07
  1.600E+02  9.69846E-01  6.91044E-27  2.46776E-10  0.00000E+00  1.0E-07
  1.605E+02  9.71321E-01  6.64786E-27  2.37400E-10  0.00000E+00  1.0E-07
  1.610E+02  9.72759E-01  6.39313E-27  2.28303E-10  0.00000E+00  1.0E-07
  1.615E+02  9.74162E-01  6.14614E-27  2.19483E-10  0.00000E+00  1.0E-07
  1.620E+02  9.75528E-01  5.90681E-27  2.10936E-10  0.00000E+00  1.0E-07
  1.625E+02  9.76858E-01  5.67505E-27  2.02660E-10  0.00000E+00  1.0E-07
  1.630E+02  9.78152E-01  5.45076E-27  1.94650E-10  0.00000E+00  1.0E-07
  1.635E+02  9.79410E-01  5.23386E-27  1.86905E-10  0.00000E+00  1.0E-07
  1.640E+02  9.80631E-01  5.02427E-27  1.79420E-10  0.00000E+00  1.0E-07
  1.645E+02  9.81815E-01  4.82191E-27  1.72194E-10  0.00000E+00  1.0E-07
  1.650E+02  9.82963E-01  4.62671E-27  1.65223E-10  0.00000E+00  1.0E-07
  1.655E+02  9.84074E-01  4.43859E-27  1.58505E-10  0.00000E+00  1.0E-07
  1.660E+02  9.85148E-01  4.25748E-27  1.52037E-10  0.00000E+00  1.0E-07
  1.665E+02  9.86185E-01  4.08331E-27  1.45818E-10  0.00000E+00  1.0E-07
  1.670E+02  9.87185E-01  3.91603E-27  1.39844E-10  0.00000E+00  1.0E-07
  1.675E+02  9.88148E-01  3.75556E-27  1.34113E-10  0.00000E+00  1.0E-07
  1.680E+02  9.89074E-01  3.60185E-27  1.28624E-10  0.00000E+00  1.0E-07
  1.685E+02  9.89962E-01  3.45483E-27  1.23374E-10  0.00000E+00  1.0E-07
  1.690E+02  9.90814E-01  3.31447E-27  1.18362E-10  0.00000E+00  1.0E-07
  1.695E+02  9.91627E-01  3.18070E-27  1.13585E-10  0.00000E+00  1.0E-07
  1.700E+02  9.92404E-01  3.05347E-27  1.09041E-10  0.00000E+00  1.0E-07
  1.705E+02  9.93143E-01  2.93274E-27  1.04730E-10  0.00000E+00  1.0E-07
  1.710E+02  9.93844E-01  2.81847E-27  1.00649E-10  0.00000E+00  1.0E-07
  1.715E+02  9.94508E-01  2.71061E-27  9.67976E-11  0.00000E+00  1.0E-07
  1.720E+02  9.95134E-01  2.60912E-27  9.31733E-11  0.00000E+00  1.0E-07
  1.725E+02  9.95722E-01  2.51396E-27  8.97752E-11  0.00000E+00  1.0E-07
  1.730E+02  9.96273E-01  2.42511E-27  8.66022E-11  0.00000E+00  1.0E-07
  1.735E+02  9.96786E-01  2.34252E-27  8.36530E-11  0.00000E+00  1.0E-07
  1.740E+02  9.97261E-01  2.26617E-27  8.09265E-11  0.00000E+00  1.0E-07
  1.745E+02  9.97698E-01  2.19603E-27  7.84218E-11  0.00000E+00  1.0E-07
  1.750E+02  9.98097E-01  2.13208E-27  7.61379E-11  0.00000E+00  1.0E-07
  1.755E+02  9.98459E-01  2.07428E-27  7.40740E-11  0.00000E+00  1.0E-07
  1.760E+02  9.98782E-01  2.02263E-27  7.22294E-11  0.00000E+00  1.0E-07
  1.765E+02  9.99067E-01  1.97710E-27  7.06034E-11  0.00000E+00  1.0E-07
  1.770E+02  9.99315E-01  1.93767E-27  6.91954E-11  0.00000E+00  1.0E-07
  1.775E+02  9.99524E-01  1.90433E-27  6.80048E-11  0.00000E+00  1.0E-07
  1.780E+02  9.99695E-01  1.87707E-27  6.70313E-11  0.00000E+00  1.0E-07
  1.785E+02  9.99829E-01  1.85588E-27  6.62745E-11  0.00000E+00  1.0E-07
  1.790E+02  9.99924E-01  1.84074E-27  6.57341E-11  0.00000E+00  1.0E-07
  1.795E+02  9.99981E-01  1.83167E-27  6.54100E-11  0.00000E+00  1.1E-07
  1.800E+02  1.00000E+00  1.82864E-27  6.53019E-11  0.00000E+00  5.4E-07
