 #
 # Subroutine ELSEPA. Elastic scattering of electrons and positrons
 #                    by neutral atoms and positive ions
 #
 # Projectile: electron
 # Kinetic energy = 3.70000E+06 eV = 1.35973E+05 a.u.
 #
 # WARNING: High-energy factorization with free-atom DF screening.
 #          Absorption, polarization and exchange corrections are
 #          switched off.
 #          Phase shifts are calculated for the bare nucleus.
 #          Scattering amplitudes are not evaluated.
 #
 # Element: Ce,  Z =  58,  atomic weight = 1.40116E+02 g/mol
 #
 # Nuclear model: Fermi distribution
 #                Average radius = 5.55750E-13 cm
 #                Skin thickness = 5.46000E-14 cm
 #
 # Number of electrons = 58
 #
 # Total elastic cross section = 7.40017E-18 cm**2 = 2.64265E-01 a0**2
 # 1st transport cross section = 3.01287E-22 cm**2 = 1.07591E-05 a0**2
 # 2nd transport cross section = 8.29225E-22 cm**2 = 2.96121E-05 a0**2
 #
 #
 # Differential cross section:                       MU=(1-COS(THETA))/2
 #
 #  THETA        MU          DCS          DCS        Sherman      error
 #  (deg)                 (cm**2/sr)   (a0**2/sr)    function
 #----------------------------------------------------------------------
  0.000E+00  0.00000E+00  1.98642E-12  7.09364E+04  0.00000E+00  1.0E-05
  1.000E-04  7.61557E-13  1.98640E-12  7.09357E+04  0.00000E+00  1.0E-05
  1.250E-04  1.18994E-12  1.98639E-12  7.09353E+04  0.00000E+00  1.0E-05
  1.500E-04  1.71346E-12  1.98638E-12  7.09349E+04  0.00000E+00  1.0E-05
  1.750E-04  2.33225E-12  1.98636E-12  7.09343E+04  0.00000E+00  1.0E-05
  2.000E-04  3.04617E-12  1.98634E-12  7.09336E+04  0.00000E+00  1.0E-05
  2.250E-04  3.85530E-12  1.98632E-12  7.09329E+04  0.00000E+00  1.0E-05
  2.500E-04  4.75964E-12  1.98630E-12  7.09320E+04  0.00000E+00  1.0E-05
  2.750E-04  5.75917E-12  1.98627E-12  7.09311E+04  0.00000E+00  1.0E-05
  3.000E-04  6.85391E-12  1.98624E-12  7.09301E+04  0.00000E+00  1.0E-05
  3.250E-04  8.04379E-12  1.98621E-12  7.09289E+04  0.00000E+00  1.0E-05
  3.500E-04  9.32893E-12  1.98618E-12  7.09277E+04  0.00000E+00  1.0E-05
  3.750E-04  1.07092E-11  1.98614E-12  7.09265E+04  0.00000E+00  1.0E-05
  4.000E-04  1.21847E-11  1.98610E-12  7.09251E+04  0.00000E+00  1.0E-05
  4.250E-04  1.37554E-11  1.98606E-12  7.09236E+04  0.00000E+00  1.0E-05
  4.500E-04  1.54213E-11  1.98602E-12  7.09221E+04  0.00000E+00  1.0E-05
  4.750E-04  1.71823E-11  1.98597E-12  7.09204E+04  0.00000E+00  1.0E-05
  5.000E-04  1.90386E-11  1.98593E-12  7.09187E+04  0.00000E+00  1.0E-05
  5.250E-04  2.09900E-11  1.98587E-12  7.09169E+04  0.00000E+00  1.0E-05
  5.500E-04  2.30367E-11  1.98582E-12  7.09149E+04  0.00000E+00  1.0E-05
  5.750E-04  2.51785E-11  1.98576E-12  7.09129E+04  0.00000E+00  1.0E-05
  6.000E-04  2.74156E-11  1.98571E-12  7.09109E+04  0.00000E+00  1.0E-05
  6.250E-04  2.97478E-11  1.98565E-12  7.09087E+04  0.00000E+00  1.0E-05
  6.500E-04  3.21752E-11  1.98558E-12  7.09064E+04  0.00000E+00  1.0E-05
  6.750E-04  3.46979E-11  1.98552E-12  7.09041E+04  0.00000E+00  1.0E-05
  7.000E-04  3.73157E-11  1.98545E-12  7.09016E+04  0.00000E+00  1.0E-05
  7.250E-04  4.00286E-11  1.98538E-12  7.08991E+04  0.00000E+00  1.0E-05
  7.500E-04  4.28368E-11  1.98530E-12  7.08965E+04  0.00000E+00  1.0E-05
  7.750E-04  4.57402E-11  1.98523E-12  7.08937E+04  0.00000E+00  1.0E-05
  8.000E-04  4.87388E-11  1.98515E-12  7.08909E+04  0.00000E+00  1.0E-05
  8.250E-04  5.18325E-11  1.98507E-12  7.08881E+04  0.00000E+00  1.0E-05
  8.500E-04  5.50215E-11  1.98498E-12  7.08851E+04  0.00000E+00  1.0E-05
  8.750E-04  5.83057E-11  1.98490E-12  7.08820E+04  0.00000E+00  1.0E-05
  9.000E-04  6.16850E-11  1.98481E-12  7.08789E+04  0.00000E+00  1.0E-05
  9.250E-04  6.51595E-11  1.98472E-12  7.08756E+04  0.00000E+00  1.0E-05
  9.500E-04  6.87293E-11  1.98463E-12  7.08723E+04  0.00000E+00  1.0E-05
  9.750E-04  7.23943E-11  1.98453E-12  7.08689E+04  0.00000E+00  1.0E-05
  1.000E-03  7.61544E-11  1.98443E-12  7.08653E+04  0.00000E+00  1.0E-05
  1.250E-03  1.18991E-10  1.98331E-12  7.08254E+04  0.00000E+00  1.0E-05
  1.500E-03  1.71347E-10  1.98195E-12  7.07766E+04  0.00000E+00  1.0E-05
  1.750E-03  2.33223E-10  1.98033E-12  7.07189E+04  0.00000E+00  1.0E-05
  2.000E-03  3.04617E-10  1.97847E-12  7.06525E+04  0.00000E+00  1.0E-05
  2.250E-03  3.85531E-10  1.97637E-12  7.05774E+04  0.00000E+00  1.0E-05
  2.500E-03  4.75965E-10  1.97402E-12  7.04936E+04  0.00000E+00  1.0E-05
  2.750E-03  5.75917E-10  1.97143E-12  7.04011E+04  0.00000E+00  1.0E-05
  3.000E-03  6.85389E-10  1.96860E-12  7.03000E+04  0.00000E+00  1.0E-05
  3.250E-03  8.04380E-10  1.96553E-12  7.01904E+04  0.00000E+00  1.0E-05
  3.500E-03  9.32891E-10  1.96223E-12  7.00724E+04  0.00000E+00  1.0E-05
  3.750E-03  1.07092E-09  1.95869E-12  6.99460E+04  0.00000E+00  1.0E-05
  4.000E-03  1.21847E-09  1.95491E-12  6.98112E+04  0.00000E+00  1.0E-05
  4.250E-03  1.37554E-09  1.95091E-12  6.96682E+04  0.00000E+00  1.0E-05
  4.500E-03  1.54213E-09  1.94668E-12  6.95171E+04  0.00000E+00  1.0E-05
  4.750E-03  1.71823E-09  1.94222E-12  6.93579E+04  0.00000E+00  1.0E-05
  5.000E-03  1.90386E-09  1.93754E-12  6.91908E+04  0.00000E+00  1.0E-05
  5.250E-03  2.09900E-09  1.93264E-12  6.90157E+04  0.00000E+00  1.0E-05
  5.500E-03  2.30367E-09  1.92752E-12  6.88329E+04  0.00000E+00  1.0E-05
  5.750E-03  2.51785E-09  1.92218E-12  6.86424E+04  0.00000E+00  1.0E-05
  6.000E-03  2.74156E-09  1.91664E-12  6.84444E+04  0.00000E+00  1.0E-05
  6.250E-03  2.97478E-09  1.91088E-12  6.82389E+04  0.00000E+00  1.0E-05
  6.500E-03  3.21752E-09  1.90492E-12  6.80261E+04  0.00000E+00  1.0E-05
  6.750E-03  3.46978E-09  1.89876E-12  6.78061E+04  0.00000E+00  1.0E-05
  7.000E-03  3.73156E-09  1.89240E-12  6.75790E+04  0.00000E+00  1.0E-05
  7.250E-03  4.00286E-09  1.88585E-12  6.73449E+04  0.00000E+00  1.0E-05
  7.500E-03  4.28368E-09  1.87910E-12  6.71040E+04  0.00000E+00  1.0E-05
  7.750E-03  4.57402E-09  1.87217E-12  6.68564E+04  0.00000E+00  1.0E-05
  8.000E-03  4.87388E-09  1.86505E-12  6.66023E+04  0.00000E+00  1.0E-05
  8.250E-03  5.18326E-09  1.85776E-12  6.63416E+04  0.00000E+00  1.0E-05
  8.500E-03  5.50215E-09  1.85028E-12  6.60748E+04  0.00000E+00  1.0E-05
  8.750E-03  5.83057E-09  1.84264E-12  6.58018E+04  0.00000E+00  1.0E-05
  9.000E-03  6.16850E-09  1.83482E-12  6.55228E+04  0.00000E+00  1.0E-05
  9.250E-03  6.51596E-09  1.82685E-12  6.52379E+04  0.00000E+00  1.0E-05
  9.500E-03  6.87293E-09  1.81871E-12  6.49473E+04  0.00000E+00  1.0E-05
  9.750E-03  7.23942E-09  1.81042E-12  6.46512E+04  0.00000E+00  1.0E-05
  1.000E-02  7.61544E-09  1.80197E-12  6.43497E+04  0.00000E+00  1.0E-05
  1.250E-02  1.18991E-08  1.71016E-12  6.10710E+04  0.00000E+00  1.0E-05
  1.500E-02  1.71347E-08  1.60856E-12  5.74428E+04  0.00000E+00  1.0E-05
  1.750E-02  2.33223E-08  1.50045E-12  5.35819E+04  0.00000E+00  1.0E-05
  2.000E-02  3.04617E-08  1.38982E-12  4.96315E+04  0.00000E+00  1.0E-05
  2.250E-02  3.85531E-08  1.28083E-12  4.57394E+04  0.00000E+00  1.0E-05
  2.500E-02  4.75965E-08  1.17586E-12  4.19906E+04  0.00000E+00  1.0E-05
  2.750E-02  5.75917E-08  1.07615E-12  3.84299E+04  0.00000E+00  1.0E-05
  3.000E-02  6.85389E-08  9.82927E-13  3.51010E+04  0.00000E+00  1.0E-05
  3.250E-02  8.04380E-08  8.97423E-13  3.20475E+04  0.00000E+00  1.0E-05
  3.500E-02  9.32891E-08  8.19950E-13  2.92809E+04  0.00000E+00  1.0E-05
  3.750E-02  1.07092E-07  7.49635E-13  2.67700E+04  0.00000E+00  1.0E-05
  4.000E-02  1.21847E-07  6.86204E-13  2.45048E+04  0.00000E+00  1.0E-05
  4.250E-02  1.37554E-07  6.29394E-13  2.24761E+04  0.00000E+00  1.0E-05
  4.500E-02  1.54213E-07  5.78931E-13  2.06740E+04  0.00000E+00  1.0E-05
  4.750E-02  1.71823E-07  5.33643E-13  1.90567E+04  0.00000E+00  1.0E-05
  5.000E-02  1.90386E-07  4.93030E-13  1.76064E+04  0.00000E+00  1.0E-05
  5.250E-02  2.09900E-07  4.56610E-13  1.63058E+04  0.00000E+00  1.0E-05
  5.500E-02  2.30367E-07  4.24099E-13  1.51449E+04  0.00000E+00  1.0E-05
  5.750E-02  2.51785E-07  3.94738E-13  1.40963E+04  0.00000E+00  1.0E-05
  6.000E-02  2.74156E-07  3.68176E-13  1.31478E+04  0.00000E+00  1.0E-05
  6.250E-02  2.97478E-07  3.44098E-13  1.22880E+04  0.00000E+00  1.0E-05
  6.500E-02  3.21752E-07  3.22224E-13  1.15068E+04  0.00000E+00  1.0E-05
  6.750E-02  3.46978E-07  3.02234E-13  1.07930E+04  0.00000E+00  1.0E-05
  7.000E-02  3.73156E-07  2.83918E-13  1.01389E+04  0.00000E+00  1.0E-05
  7.250E-02  4.00286E-07  2.67097E-13  9.53822E+03  0.00000E+00  1.0E-05
  7.500E-02  4.28368E-07  2.51575E-13  8.98389E+03  0.00000E+00  1.0E-05
  7.750E-02  4.57402E-07  2.37206E-13  8.47079E+03  0.00000E+00  1.0E-05
  8.000E-02  4.87388E-07  2.23897E-13  7.99550E+03  0.00000E+00  1.0E-05
  8.250E-02  5.18325E-07  2.11545E-13  7.55440E+03  0.00000E+00  1.0E-05
  8.500E-02  5.50215E-07  2.00030E-13  7.14318E+03  0.00000E+00  1.0E-05
  8.750E-02  5.83057E-07  1.89259E-13  6.75857E+03  0.00000E+00  1.0E-05
  9.000E-02  6.16850E-07  1.79208E-13  6.39963E+03  0.00000E+00  1.0E-05
  9.250E-02  6.51596E-07  1.69815E-13  6.06421E+03  0.00000E+00  1.0E-05
  9.500E-02  6.87293E-07  1.61012E-13  5.74985E+03  0.00000E+00  1.0E-05
  9.750E-02  7.23942E-07  1.52719E-13  5.45369E+03  0.00000E+00  1.0E-05
  1.000E-01  7.61543E-07  1.44944E-13  5.17604E+03  0.00000E+00  1.0E-05
  1.250E-01  1.18991E-06  8.83045E-14  3.15341E+03  0.00000E+00  1.0E-05
  1.500E-01  1.71347E-06  5.57788E-14  1.99190E+03  0.00000E+00  1.0E-05
  1.750E-01  2.33223E-06  3.74042E-14  1.33573E+03  0.00000E+00  1.0E-05
  2.000E-01  3.04617E-06  2.61211E-14  9.32802E+02  0.00000E+00  1.0E-05
  2.250E-01  3.85531E-06  1.87532E-14  6.69689E+02  0.00000E+00  1.0E-05
  2.500E-01  4.75964E-06  1.37945E-14  4.92610E+02  0.00000E+00  1.0E-05
  2.750E-01  5.75916E-06  1.03741E-14  3.70466E+02  0.00000E+00  1.0E-05
  3.000E-01  6.85388E-06  7.94008E-15  2.83545E+02  0.00000E+00  1.0E-05
  3.250E-01  8.04378E-06  6.15386E-15  2.19758E+02  0.00000E+00  1.0E-05
  3.500E-01  9.32888E-06  4.82656E-15  1.72360E+02  0.00000E+00  1.0E-05
  3.750E-01  1.07092E-05  3.83813E-15  1.37062E+02  0.00000E+00  1.0E-05
  4.000E-01  1.21846E-05  3.09049E-15  1.10363E+02  0.00000E+00  1.0E-05
  4.250E-01  1.37553E-05  2.51680E-15  8.98767E+01  0.00000E+00  1.0E-05
  4.500E-01  1.54212E-05  2.07092E-15  7.39538E+01  0.00000E+00  1.0E-05
  4.750E-01  1.71822E-05  1.72246E-15  6.15103E+01  0.00000E+00  1.0E-05
  5.000E-01  1.90385E-05  1.44612E-15  5.16419E+01  0.00000E+00  1.0E-05
  5.250E-01  2.09899E-05  1.22596E-15  4.37797E+01  0.00000E+00  1.0E-05
  5.500E-01  2.30365E-05  1.04685E-15  3.73837E+01  0.00000E+00  1.0E-05
  5.750E-01  2.51783E-05  9.00267E-16  3.21491E+01  0.00000E+00  1.0E-05
  6.000E-01  2.74153E-05  7.79151E-16  2.78240E+01  0.00000E+00  1.0E-05
  6.250E-01  2.97475E-05  6.78255E-16  2.42209E+01  0.00000E+00  1.0E-05
  6.500E-01  3.21749E-05  5.93360E-16  2.11893E+01  0.00000E+00  1.0E-05
  6.750E-01  3.46974E-05  5.21303E-16  1.86161E+01  0.00000E+00  1.0E-05
  7.000E-01  3.73152E-05  4.59980E-16  1.64262E+01  0.00000E+00  1.0E-05
  7.250E-01  4.00281E-05  4.07541E-16  1.45535E+01  0.00000E+00  1.0E-05
  7.500E-01  4.28362E-05  3.62294E-16  1.29378E+01  0.00000E+00  1.0E-05
  7.750E-01  4.57395E-05  3.23105E-16  1.15383E+01  0.00000E+00  1.0E-05
  8.000E-01  4.87380E-05  2.89057E-16  1.03224E+01  0.00000E+00  1.0E-05
  8.250E-01  5.18317E-05  2.59339E-16  9.26118E+00  0.00000E+00  1.0E-05
  8.500E-01  5.50205E-05  2.33243E-16  8.32926E+00  0.00000E+00  1.0E-05
  8.750E-01  5.83045E-05  2.10243E-16  7.50792E+00  0.00000E+00  1.0E-05
  9.000E-01  6.16838E-05  1.89975E-16  6.78412E+00  0.00000E+00  1.0E-05
  9.250E-01  6.51582E-05  1.72061E-16  6.14439E+00  0.00000E+00  1.0E-05
  9.500E-01  6.87277E-05  1.56169E-16  5.57690E+00  0.00000E+00  1.0E-05
  9.750E-01  7.23925E-05  1.42017E-16  5.07153E+00  0.00000E+00  1.0E-05
  1.000E+00  7.61524E-05  1.29424E-16  4.62180E+00  0.00000E+00  6.2E-06
  1.100E+00  9.21439E-05  9.09971E-17  3.24957E+00  0.00000E+00  4.7E-06
  1.200E+00  1.09658E-04  6.57899E-17  2.34940E+00  0.00000E+00  2.5E-06
  1.300E+00  1.28695E-04  4.87339E-17  1.74032E+00  0.00000E+00  4.9E-07
  1.400E+00  1.49255E-04  3.68611E-17  1.31633E+00  0.00000E+00  1.0E-06
  1.500E+00  1.71338E-04  2.84273E-17  1.01516E+00  0.00000E+00  1.8E-06
  1.600E+00  1.94942E-04  2.22889E-17  7.95950E-01  0.00000E+00  1.9E-06
  1.700E+00  2.20070E-04  1.77285E-17  6.33095E-01  0.00000E+00  1.5E-06
  1.800E+00  2.46720E-04  1.42780E-17  5.09878E-01  0.00000E+00  8.6E-07
  1.900E+00  2.74892E-04  1.16320E-17  4.15385E-01  0.00000E+00  1.3E-07
  2.000E+00  3.04586E-04  9.57426E-18  3.41903E-01  0.00000E+00  4.6E-07
  2.100E+00  3.35803E-04  7.95358E-18  2.84027E-01  0.00000E+00  8.1E-07
  2.200E+00  3.68542E-04  6.65984E-18  2.37827E-01  0.00000E+00  8.7E-07
  2.300E+00  4.02802E-04  5.61946E-18  2.00674E-01  0.00000E+00  7.0E-07
  2.400E+00  4.38585E-04  4.77489E-18  1.70514E-01  0.00000E+00  3.9E-07
  2.500E+00  4.75889E-04  4.08339E-18  1.45820E-01  0.00000E+00  1.0E-07
  2.600E+00  5.14715E-04  3.51186E-18  1.25411E-01  0.00000E+00  2.7E-07
  2.700E+00  5.55063E-04  3.03694E-18  1.08451E-01  0.00000E+00  4.4E-07
  2.800E+00  5.96931E-04  2.63971E-18  9.42659E-02  0.00000E+00  4.8E-07
  2.900E+00  6.40321E-04  2.30538E-18  8.23266E-02  0.00000E+00  3.8E-07
  3.000E+00  6.85233E-04  2.02214E-18  7.22119E-02  0.00000E+00  2.1E-07
  3.100E+00  7.31665E-04  1.78103E-18  6.36018E-02  0.00000E+00  1.0E-07
  3.200E+00  7.79618E-04  1.57486E-18  5.62392E-02  0.00000E+00  1.7E-07
  3.300E+00  8.29092E-04  1.39770E-18  4.99127E-02  0.00000E+00  2.8E-07
  3.400E+00  8.80086E-04  1.24473E-18  4.44503E-02  0.00000E+00  2.9E-07
  3.500E+00  9.32601E-04  1.11211E-18  3.97140E-02  0.00000E+00  2.3E-07
  3.600E+00  9.86636E-04  9.96717E-19  3.55934E-02  0.00000E+00  1.2E-07
  3.700E+00  1.04219E-03  8.95946E-19  3.19948E-02  0.00000E+00  1.0E-07
  3.800E+00  1.09927E-03  8.07608E-19  2.88402E-02  0.00000E+00  1.2E-07
  3.900E+00  1.15786E-03  7.29886E-19  2.60647E-02  0.00000E+00  1.9E-07
  4.000E+00  1.21797E-03  6.61323E-19  2.36163E-02  0.00000E+00  1.9E-07
  4.100E+00  1.27961E-03  6.00651E-19  2.14496E-02  0.00000E+00  1.5E-07
  4.200E+00  1.34276E-03  5.46802E-19  1.95266E-02  0.00000E+00  1.0E-07
  4.300E+00  1.40743E-03  4.98855E-19  1.78144E-02  0.00000E+00  1.0E-07
  4.400E+00  1.47362E-03  4.56072E-19  1.62866E-02  0.00000E+00  1.0E-07
  4.500E+00  1.54133E-03  4.17798E-19  1.49198E-02  0.00000E+00  1.3E-07
  4.600E+00  1.61056E-03  3.83473E-19  1.36941E-02  0.00000E+00  1.4E-07
  4.700E+00  1.68131E-03  3.52609E-19  1.25919E-02  0.00000E+00  1.0E-07
  4.800E+00  1.75357E-03  3.24802E-19  1.15989E-02  0.00000E+00  1.0E-07
  4.900E+00  1.82735E-03  2.99697E-19  1.07024E-02  0.00000E+00  1.0E-07
  5.000E+00  1.90265E-03  2.76984E-19  9.89128E-03  0.00000E+00  1.0E-07
  5.100E+00  1.97947E-03  2.56390E-19  9.15585E-03  0.00000E+00  1.0E-07
  5.200E+00  2.05780E-03  2.37683E-19  8.48783E-03  0.00000E+00  1.0E-07
  5.300E+00  2.13765E-03  2.20662E-19  7.87999E-03  0.00000E+00  1.0E-07
  5.400E+00  2.21902E-03  2.05147E-19  7.32592E-03  0.00000E+00  1.0E-07
  5.500E+00  2.30190E-03  1.90978E-19  6.81993E-03  0.00000E+00  1.0E-07
  5.600E+00  2.38630E-03  1.78017E-19  6.35709E-03  0.00000E+00  1.0E-07
  5.700E+00  2.47222E-03  1.66144E-19  5.93311E-03  0.00000E+00  1.0E-07
  5.800E+00  2.55965E-03  1.55251E-19  5.54412E-03  0.00000E+00  1.0E-07
  5.900E+00  2.64859E-03  1.45242E-19  5.18667E-03  0.00000E+00  1.0E-07
  6.000E+00  2.73905E-03  1.36030E-19  4.85771E-03  0.00000E+00  1.0E-07
  6.100E+00  2.83103E-03  1.27542E-19  4.55460E-03  0.00000E+00  1.0E-07
  6.200E+00  2.92452E-03  1.19710E-19  4.27493E-03  0.00000E+00  1.0E-07
  6.300E+00  3.01952E-03  1.12475E-19  4.01655E-03  0.00000E+00  1.0E-07
  6.400E+00  3.11604E-03  1.05780E-19  3.77749E-03  0.00000E+00  1.0E-07
  6.500E+00  3.21407E-03  9.95803E-20  3.55608E-03  0.00000E+00  1.0E-07
  6.600E+00  3.31362E-03  9.38313E-20  3.35078E-03  0.00000E+00  1.0E-07
  6.700E+00  3.41468E-03  8.84942E-20  3.16019E-03  0.00000E+00  1.0E-07
  6.800E+00  3.51725E-03  8.35333E-20  2.98303E-03  0.00000E+00  1.0E-07
  6.900E+00  3.62133E-03  7.89178E-20  2.81821E-03  0.00000E+00  1.0E-07
  7.000E+00  3.72692E-03  7.46191E-20  2.66470E-03  0.00000E+00  1.0E-07
  7.100E+00  3.83403E-03  7.06115E-20  2.52158E-03  0.00000E+00  1.0E-07
  7.200E+00  3.94265E-03  6.68710E-20  2.38801E-03  0.00000E+00  1.0E-07
  7.300E+00  4.05278E-03  6.33767E-20  2.26322E-03  0.00000E+00  1.0E-07
  7.400E+00  4.16442E-03  6.01096E-20  2.14655E-03  0.00000E+00  1.0E-07
  7.500E+00  4.27757E-03  5.70520E-20  2.03736E-03  0.00000E+00  1.0E-07
  7.600E+00  4.39223E-03  5.41877E-20  1.93508E-03  0.00000E+00  1.0E-07
  7.700E+00  4.50840E-03  5.15023E-20  1.83918E-03  0.00000E+00  1.0E-07
  7.800E+00  4.62608E-03  4.89826E-20  1.74920E-03  0.00000E+00  1.0E-07
  7.900E+00  4.74527E-03  4.66164E-20  1.66470E-03  0.00000E+00  1.0E-07
  8.000E+00  4.86597E-03  4.43925E-20  1.58528E-03  0.00000E+00  1.0E-07
  8.100E+00  4.98817E-03  4.23006E-20  1.51058E-03  0.00000E+00  1.0E-07
  8.200E+00  5.11188E-03  4.03316E-20  1.44027E-03  0.00000E+00  1.0E-07
  8.300E+00  5.23711E-03  3.84768E-20  1.37403E-03  0.00000E+00  1.0E-07
  8.400E+00  5.36383E-03  3.67284E-20  1.31160E-03  0.00000E+00  1.0E-07
  8.500E+00  5.49207E-03  3.50789E-20  1.25269E-03  0.00000E+00  1.0E-07
  8.600E+00  5.62181E-03  3.35218E-20  1.19709E-03  0.00000E+00  1.0E-07
  8.700E+00  5.75306E-03  3.20510E-20  1.14456E-03  0.00000E+00  1.0E-07
  8.800E+00  5.88581E-03  3.06607E-20  1.09491E-03  0.00000E+00  1.0E-07
  8.900E+00  6.02007E-03  2.93455E-20  1.04795E-03  0.00000E+00  1.0E-07
  9.000E+00  6.15583E-03  2.81008E-20  1.00350E-03  0.00000E+00  1.0E-07
  9.100E+00  6.29310E-03  2.69220E-20  9.61404E-04  0.00000E+00  1.0E-07
  9.200E+00  6.43187E-03  2.58050E-20  9.21514E-04  0.00000E+00  1.0E-07
  9.300E+00  6.57214E-03  2.47459E-20  8.83692E-04  0.00000E+00  1.0E-07
  9.400E+00  6.71392E-03  2.37410E-20  8.47806E-04  0.00000E+00  1.0E-07
  9.500E+00  6.85720E-03  2.27871E-20  8.13742E-04  0.00000E+00  1.0E-07
  9.600E+00  7.00198E-03  2.18812E-20  7.81391E-04  0.00000E+00  1.0E-07
  9.700E+00  7.14827E-03  2.10202E-20  7.50646E-04  0.00000E+00  1.0E-07
  9.800E+00  7.29605E-03  2.02016E-20  7.21412E-04  0.00000E+00  1.0E-07
  9.900E+00  7.44534E-03  1.94229E-20  6.93603E-04  0.00000E+00  1.0E-07
  1.000E+01  7.59612E-03  1.86817E-20  6.67136E-04  0.00000E+00  1.0E-07
  1.025E+01  7.97965E-03  1.69792E-20  6.06338E-04  0.00000E+00  1.0E-07
  1.050E+01  8.37255E-03  1.54681E-20  5.52378E-04  0.00000E+00  1.0E-07
  1.075E+01  8.77480E-03  1.41232E-20  5.04349E-04  0.00000E+00  1.0E-07
  1.100E+01  9.18641E-03  1.29228E-20  4.61483E-04  0.00000E+00  1.0E-07
  1.125E+01  9.60736E-03  1.18487E-20  4.23124E-04  0.00000E+00  1.0E-07
  1.150E+01  1.00376E-02  1.08851E-20  3.88713E-04  0.00000E+00  1.0E-07
  1.175E+01  1.04773E-02  1.00186E-20  3.57769E-04  0.00000E+00  1.0E-07
  1.200E+01  1.09262E-02  9.23757E-21  3.29879E-04  0.00000E+00  1.0E-07
  1.225E+01  1.13844E-02  8.53213E-21  3.04688E-04  0.00000E+00  1.0E-07
  1.250E+01  1.18520E-02  7.89358E-21  2.81885E-04  0.00000E+00  1.0E-07
  1.275E+01  1.23288E-02  7.31441E-21  2.61202E-04  0.00000E+00  1.0E-07
  1.300E+01  1.28150E-02  6.78807E-21  2.42406E-04  0.00000E+00  1.0E-07
  1.325E+01  1.33104E-02  6.30883E-21  2.25292E-04  0.00000E+00  1.0E-07
  1.350E+01  1.38150E-02  5.87175E-21  2.09684E-04  0.00000E+00  1.0E-07
  1.375E+01  1.43290E-02  5.47238E-21  1.95422E-04  0.00000E+00  1.0E-07
  1.400E+01  1.48521E-02  5.10685E-21  1.82369E-04  0.00000E+00  1.0E-07
  1.425E+01  1.53845E-02  4.77180E-21  1.70404E-04  0.00000E+00  1.0E-07
  1.450E+01  1.59262E-02  4.46418E-21  1.59419E-04  0.00000E+00  1.0E-07
  1.475E+01  1.64770E-02  4.18132E-21  1.49318E-04  0.00000E+00  1.0E-07
  1.500E+01  1.70371E-02  3.92084E-21  1.40016E-04  0.00000E+00  1.0E-07
  1.525E+01  1.76063E-02  3.68065E-21  1.31438E-04  0.00000E+00  1.0E-07
  1.550E+01  1.81848E-02  3.45888E-21  1.23519E-04  0.00000E+00  1.0E-07
  1.575E+01  1.87724E-02  3.25382E-21  1.16196E-04  0.00000E+00  1.0E-07
  1.600E+01  1.93692E-02  3.06398E-21  1.09417E-04  0.00000E+00  1.0E-07
  1.625E+01  1.99751E-02  2.88802E-21  1.03133E-04  0.00000E+00  1.0E-07
  1.650E+01  2.05901E-02  2.72472E-21  9.73016E-05  0.00000E+00  1.0E-07
  1.675E+01  2.12143E-02  2.57301E-21  9.18838E-05  0.00000E+00  1.0E-07
  1.700E+01  2.18476E-02  2.43189E-21  8.68442E-05  0.00000E+00  1.0E-07
  1.725E+01  2.24900E-02  2.30048E-21  8.21517E-05  0.00000E+00  1.0E-07
  1.750E+01  2.31415E-02  2.17800E-21  7.77776E-05  0.00000E+00  1.0E-07
  1.775E+01  2.38021E-02  2.06371E-21  7.36962E-05  0.00000E+00  1.0E-07
  1.800E+01  2.44717E-02  1.95695E-21  6.98839E-05  0.00000E+00  1.0E-07
  1.825E+01  2.51504E-02  1.85714E-21  6.63195E-05  0.00000E+00  1.0E-07
  1.850E+01  2.58382E-02  1.76373E-21  6.29839E-05  0.00000E+00  1.0E-07
  1.875E+01  2.65349E-02  1.67624E-21  5.98595E-05  0.00000E+00  1.0E-07
  1.900E+01  2.72407E-02  1.59421E-21  5.69301E-05  0.00000E+00  1.0E-07
  1.925E+01  2.79555E-02  1.51723E-21  5.41813E-05  0.00000E+00  1.0E-07
  1.950E+01  2.86793E-02  1.44494E-21  5.15998E-05  0.00000E+00  1.0E-07
  1.975E+01  2.94120E-02  1.37699E-21  4.91734E-05  0.00000E+00  1.0E-07
  2.000E+01  3.01537E-02  1.31307E-21  4.68907E-05  0.00000E+00  1.0E-07
  2.025E+01  3.09043E-02  1.25290E-21  4.47418E-05  0.00000E+00  1.0E-07
  2.050E+01  3.16639E-02  1.19620E-21  4.27171E-05  0.00000E+00  1.0E-07
  2.075E+01  3.24324E-02  1.14274E-21  4.08081E-05  0.00000E+00  1.0E-07
  2.100E+01  3.32098E-02  1.09230E-21  3.90068E-05  0.00000E+00  1.0E-07
  2.125E+01  3.39961E-02  1.04467E-21  3.73060E-05  0.00000E+00  1.0E-07
  2.150E+01  3.47912E-02  9.99669E-22  3.56988E-05  0.00000E+00  1.0E-07
  2.175E+01  3.55952E-02  9.57116E-22  3.41792E-05  0.00000E+00  1.0E-07
  2.200E+01  3.64081E-02  9.16853E-22  3.27414E-05  0.00000E+00  1.0E-07
  2.225E+01  3.72297E-02  8.78732E-22  3.13801E-05  0.00000E+00  1.0E-07
  2.250E+01  3.80602E-02  8.42616E-22  3.00904E-05  0.00000E+00  1.0E-07
  2.275E+01  3.88995E-02  8.08380E-22  2.88678E-05  0.00000E+00  1.0E-07
  2.300E+01  3.97476E-02  7.75903E-22  2.77080E-05  0.00000E+00  1.0E-07
  2.325E+01  4.06044E-02  7.45079E-22  2.66073E-05  0.00000E+00  1.0E-07
  2.350E+01  4.14700E-02  7.15806E-22  2.55619E-05  0.00000E+00  1.0E-07
  2.375E+01  4.23443E-02  6.87990E-22  2.45686E-05  0.00000E+00  1.0E-07
  2.400E+01  4.32273E-02  6.61544E-22  2.36242E-05  0.00000E+00  1.0E-07
  2.425E+01  4.41190E-02  6.36386E-22  2.27258E-05  0.00000E+00  1.0E-07
  2.450E+01  4.50194E-02  6.12442E-22  2.18707E-05  0.00000E+00  1.0E-07
  2.475E+01  4.59284E-02  5.89640E-22  2.10564E-05  0.00000E+00  1.0E-07
  2.500E+01  4.68461E-02  5.67914E-22  2.02806E-05  0.00000E+00  1.0E-07
  2.550E+01  4.87074E-02  5.27453E-22  1.88357E-05  0.00000E+00  1.0E-07
  2.600E+01  5.06030E-02  4.90615E-22  1.75202E-05  0.00000E+00  1.0E-07
  2.650E+01  5.25328E-02  4.57012E-22  1.63202E-05  0.00000E+00  1.0E-07
  2.700E+01  5.44967E-02  4.26305E-22  1.52236E-05  0.00000E+00  1.0E-07
  2.750E+01  5.64946E-02  3.98195E-22  1.42198E-05  0.00000E+00  1.0E-07
  2.800E+01  5.85262E-02  3.72419E-22  1.32993E-05  0.00000E+00  1.0E-07
  2.850E+01  6.05914E-02  3.48746E-22  1.24539E-05  0.00000E+00  1.0E-07
  2.900E+01  6.26901E-02  3.26969E-22  1.16763E-05  0.00000E+00  1.0E-07
  2.950E+01  6.48222E-02  3.06907E-22  1.09598E-05  0.00000E+00  1.0E-07
  3.000E+01  6.69873E-02  2.88398E-22  1.02989E-05  0.00000E+00  1.0E-07
  3.050E+01  6.91854E-02  2.71297E-22  9.68818E-06  0.00000E+00  1.0E-07
  3.100E+01  7.14163E-02  2.55476E-22  9.12320E-06  0.00000E+00  1.0E-07
  3.150E+01  7.36799E-02  2.40819E-22  8.59982E-06  0.00000E+00  1.0E-07
  3.200E+01  7.59760E-02  2.27225E-22  8.11435E-06  0.00000E+00  1.0E-07
  3.250E+01  7.83043E-02  2.14600E-22  7.66350E-06  0.00000E+00  1.0E-07
  3.300E+01  8.06647E-02  2.02861E-22  7.24429E-06  0.00000E+00  1.0E-07
  3.350E+01  8.30571E-02  1.91933E-22  6.85404E-06  0.00000E+00  1.0E-07
  3.400E+01  8.54812E-02  1.81749E-22  6.49036E-06  0.00000E+00  1.0E-07
  3.450E+01  8.79369E-02  1.72247E-22  6.15107E-06  0.00000E+00  1.0E-07
  3.500E+01  9.04240E-02  1.63374E-22  5.83419E-06  0.00000E+00  1.0E-07
  3.550E+01  9.29422E-02  1.55078E-22  5.53794E-06  0.00000E+00  1.0E-07
  3.600E+01  9.54915E-02  1.47315E-22  5.26070E-06  0.00000E+00  1.0E-07
  3.650E+01  9.80716E-02  1.40043E-22  5.00101E-06  0.00000E+00  1.0E-07
  3.700E+01  1.00682E-01  1.33224E-22  4.75752E-06  0.00000E+00  1.0E-07
  3.750E+01  1.03323E-01  1.26825E-22  4.52901E-06  0.00000E+00  1.0E-07
  3.800E+01  1.05995E-01  1.20815E-22  4.31437E-06  0.00000E+00  1.0E-07
  3.850E+01  1.08696E-01  1.15164E-22  4.11257E-06  0.00000E+00  1.0E-07
  3.900E+01  1.11427E-01  1.09847E-22  3.92271E-06  0.00000E+00  1.0E-07
  3.950E+01  1.14188E-01  1.04840E-22  3.74391E-06  0.00000E+00  1.0E-07
  4.000E+01  1.16978E-01  1.00121E-22  3.57540E-06  0.00000E+00  1.0E-07
  4.050E+01  1.19797E-01  9.56710E-23  3.41647E-06  0.00000E+00  1.0E-07
  4.100E+01  1.22645E-01  9.14704E-23  3.26647E-06  0.00000E+00  1.0E-07
  4.150E+01  1.25522E-01  8.75024E-23  3.12477E-06  0.00000E+00  1.0E-07
  4.200E+01  1.28428E-01  8.37517E-23  2.99083E-06  0.00000E+00  1.0E-07
  4.250E+01  1.31361E-01  8.02037E-23  2.86413E-06  0.00000E+00  1.0E-07
  4.300E+01  1.34323E-01  7.68452E-23  2.74419E-06  0.00000E+00  1.0E-07
  4.350E+01  1.37313E-01  7.36639E-23  2.63058E-06  0.00000E+00  1.0E-07
  4.400E+01  1.40330E-01  7.06485E-23  2.52290E-06  0.00000E+00  1.0E-07
  4.450E+01  1.43375E-01  6.77887E-23  2.42078E-06  0.00000E+00  1.0E-07
  4.500E+01  1.46447E-01  6.50746E-23  2.32385E-06  0.00000E+00  1.0E-07
  4.550E+01  1.49545E-01  6.24972E-23  2.23182E-06  0.00000E+00  1.0E-07
  4.600E+01  1.52671E-01  6.00483E-23  2.14436E-06  0.00000E+00  1.0E-07
  4.650E+01  1.55823E-01  5.77200E-23  2.06122E-06  0.00000E+00  1.0E-07
  4.700E+01  1.59001E-01  5.55052E-23  1.98213E-06  0.00000E+00  1.0E-07
  4.750E+01  1.62205E-01  5.33970E-23  1.90684E-06  0.00000E+00  1.0E-07
  4.800E+01  1.65435E-01  5.13894E-23  1.83515E-06  0.00000E+00  1.0E-07
  4.850E+01  1.68690E-01  4.94765E-23  1.76684E-06  0.00000E+00  1.0E-07
  4.900E+01  1.71970E-01  4.76528E-23  1.70171E-06  0.00000E+00  1.0E-07
  4.950E+01  1.75276E-01  4.59134E-23  1.63960E-06  0.00000E+00  1.0E-07
  5.000E+01  1.78606E-01  4.42535E-23  1.58032E-06  0.00000E+00  1.0E-07
  5.050E+01  1.81961E-01  4.26687E-23  1.52373E-06  0.00000E+00  1.0E-07
  5.100E+01  1.85340E-01  4.11549E-23  1.46967E-06  0.00000E+00  1.0E-07
  5.150E+01  1.88743E-01  3.97082E-23  1.41801E-06  0.00000E+00  1.0E-07
  5.200E+01  1.92169E-01  3.83250E-23  1.36861E-06  0.00000E+00  1.0E-07
  5.250E+01  1.95619E-01  3.70019E-23  1.32136E-06  0.00000E+00  1.0E-07
  5.300E+01  1.99092E-01  3.57358E-23  1.27615E-06  0.00000E+00  1.0E-07
  5.350E+01  2.02589E-01  3.45237E-23  1.23286E-06  0.00000E+00  1.0E-07
  5.400E+01  2.06107E-01  3.33627E-23  1.19140E-06  0.00000E+00  1.0E-07
  5.450E+01  2.09649E-01  3.22503E-23  1.15168E-06  0.00000E+00  1.0E-07
  5.500E+01  2.13212E-01  3.11840E-23  1.11360E-06  0.00000E+00  1.0E-07
  5.550E+01  2.16797E-01  3.01616E-23  1.07709E-06  0.00000E+00  1.0E-07
  5.600E+01  2.20404E-01  2.91807E-23  1.04206E-06  0.00000E+00  1.0E-07
  5.650E+01  2.24032E-01  2.82393E-23  1.00845E-06  0.00000E+00  1.0E-07
  5.700E+01  2.27680E-01  2.73356E-23  9.76172E-07  0.00000E+00  1.0E-07
  5.750E+01  2.31350E-01  2.64676E-23  9.45176E-07  0.00000E+00  1.0E-07
  5.800E+01  2.35040E-01  2.56337E-23  9.15396E-07  0.00000E+00  1.0E-07
  5.850E+01  2.38751E-01  2.48322E-23  8.86775E-07  0.00000E+00  1.0E-07
  5.900E+01  2.42481E-01  2.40617E-23  8.59259E-07  0.00000E+00  1.0E-07
  5.950E+01  2.46231E-01  2.33206E-23  8.32795E-07  0.00000E+00  1.0E-07
  6.000E+01  2.50000E-01  2.26077E-23  8.07334E-07  0.00000E+00  1.0E-07
  6.050E+01  2.53788E-01  2.19215E-23  7.82831E-07  0.00000E+00  1.0E-07
  6.100E+01  2.57595E-01  2.12609E-23  7.59241E-07  0.00000E+00  1.0E-07
  6.150E+01  2.61421E-01  2.06248E-23  7.36524E-07  0.00000E+00  1.0E-07
  6.200E+01  2.65264E-01  2.00119E-23  7.14639E-07  0.00000E+00  1.0E-07
  6.250E+01  2.69126E-01  1.94214E-23  6.93550E-07  0.00000E+00  1.0E-07
  6.300E+01  2.73005E-01  1.88521E-23  6.73221E-07  0.00000E+00  1.0E-07
  6.350E+01  2.76901E-01  1.83032E-23  6.53621E-07  0.00000E+00  1.0E-07
  6.400E+01  2.80814E-01  1.77739E-23  6.34716E-07  0.00000E+00  1.0E-07
  6.450E+01  2.84744E-01  1.72631E-23  6.16478E-07  0.00000E+00  1.0E-07
  6.500E+01  2.88691E-01  1.67703E-23  5.98878E-07  0.00000E+00  1.0E-07
  6.550E+01  2.92653E-01  1.62945E-23  5.81888E-07  0.00000E+00  1.0E-07
  6.600E+01  2.96632E-01  1.58352E-23  5.65484E-07  0.00000E+00  1.0E-07
  6.650E+01  3.00625E-01  1.53915E-23  5.49639E-07  0.00000E+00  1.0E-07
  6.700E+01  3.04634E-01  1.49628E-23  5.34332E-07  0.00000E+00  1.0E-07
  6.750E+01  3.08658E-01  1.45486E-23  5.19539E-07  0.00000E+00  1.0E-07
  6.800E+01  3.12697E-01  1.41482E-23  5.05241E-07  0.00000E+00  1.0E-07
  6.850E+01  3.16749E-01  1.37611E-23  4.91417E-07  0.00000E+00  1.0E-07
  6.900E+01  3.20816E-01  1.33867E-23  4.78048E-07  0.00000E+00  1.0E-07
  6.950E+01  3.24896E-01  1.30246E-23  4.65117E-07  0.00000E+00  1.0E-07
  7.000E+01  3.28990E-01  1.26742E-23  4.52605E-07  0.00000E+00  1.0E-07
  7.050E+01  3.33097E-01  1.23352E-23  4.40496E-07  0.00000E+00  1.0E-07
  7.100E+01  3.37216E-01  1.20069E-23  4.28775E-07  0.00000E+00  1.0E-07
  7.150E+01  3.41348E-01  1.16891E-23  4.17427E-07  0.00000E+00  1.0E-07
  7.200E+01  3.45492E-01  1.13814E-23  4.06436E-07  0.00000E+00  1.0E-07
  7.250E+01  3.49647E-01  1.10832E-23  3.95790E-07  0.00000E+00  1.0E-07
  7.300E+01  3.53814E-01  1.07944E-23  3.85475E-07  0.00000E+00  1.0E-07
  7.350E+01  3.57992E-01  1.05145E-23  3.75479E-07  0.00000E+00  1.0E-07
  7.400E+01  3.62181E-01  1.02432E-23  3.65790E-07  0.00000E+00  1.0E-07
  7.450E+01  3.66381E-01  9.98012E-24  3.56397E-07  0.00000E+00  1.0E-07
  7.500E+01  3.70590E-01  9.72506E-24  3.47288E-07  0.00000E+00  1.0E-07
  7.550E+01  3.74810E-01  9.47769E-24  3.38454E-07  0.00000E+00  1.0E-07
  7.600E+01  3.79039E-01  9.23771E-24  3.29885E-07  0.00000E+00  1.0E-07
  7.650E+01  3.83277E-01  9.00487E-24  3.21570E-07  0.00000E+00  1.0E-07
  7.700E+01  3.87524E-01  8.77890E-24  3.13500E-07  0.00000E+00  1.0E-07
  7.750E+01  3.91780E-01  8.55957E-24  3.05668E-07  0.00000E+00  1.0E-07
  7.800E+01  3.96044E-01  8.34663E-24  2.98064E-07  0.00000E+00  1.0E-07
  7.850E+01  4.00316E-01  8.13986E-24  2.90680E-07  0.00000E+00  1.0E-07
  7.900E+01  4.04596E-01  7.93905E-24  2.83509E-07  0.00000E+00  1.0E-07
  7.950E+01  4.08882E-01  7.74400E-24  2.76543E-07  0.00000E+00  1.0E-07
  8.000E+01  4.13176E-01  7.55450E-24  2.69776E-07  0.00000E+00  1.0E-07
  8.050E+01  4.17476E-01  7.37036E-24  2.63200E-07  0.00000E+00  1.0E-07
  8.100E+01  4.21783E-01  7.19140E-24  2.56810E-07  0.00000E+00  1.0E-07
  8.150E+01  4.26095E-01  7.01745E-24  2.50598E-07  0.00000E+00  1.0E-07
  8.200E+01  4.30413E-01  6.84833E-24  2.44558E-07  0.00000E+00  1.0E-07
  8.250E+01  4.34737E-01  6.68388E-24  2.38686E-07  0.00000E+00  1.0E-07
  8.300E+01  4.39065E-01  6.52395E-24  2.32974E-07  0.00000E+00  1.0E-07
  8.350E+01  4.43398E-01  6.36839E-24  2.27419E-07  0.00000E+00  1.0E-07
  8.400E+01  4.47736E-01  6.21705E-24  2.22015E-07  0.00000E+00  1.0E-07
  8.450E+01  4.52077E-01  6.06980E-24  2.16756E-07  0.00000E+00  1.0E-07
  8.500E+01  4.56422E-01  5.92651E-24  2.11639E-07  0.00000E+00  1.0E-07
  8.550E+01  4.60770E-01  5.78704E-24  2.06659E-07  0.00000E+00  1.0E-07
  8.600E+01  4.65122E-01  5.65129E-24  2.01811E-07  0.00000E+00  1.0E-07
  8.650E+01  4.69476E-01  5.51912E-24  1.97091E-07  0.00000E+00  1.0E-07
  8.700E+01  4.73832E-01  5.39043E-24  1.92496E-07  0.00000E+00  1.0E-07
  8.750E+01  4.78190E-01  5.26510E-24  1.88020E-07  0.00000E+00  1.0E-07
  8.800E+01  4.82550E-01  5.14302E-24  1.83661E-07  0.00000E+00  1.0E-07
  8.850E+01  4.86912E-01  5.02410E-24  1.79414E-07  0.00000E+00  1.0E-07
  8.900E+01  4.91274E-01  4.90825E-24  1.75277E-07  0.00000E+00  1.0E-07
  8.950E+01  4.95637E-01  4.79535E-24  1.71245E-07  0.00000E+00  1.0E-07
  9.000E+01  5.00000E-01  4.68534E-24  1.67316E-07  0.00000E+00  1.0E-07
  9.050E+01  5.04363E-01  4.57811E-24  1.63487E-07  0.00000E+00  1.0E-07
  9.100E+01  5.08726E-01  4.47358E-24  1.59755E-07  0.00000E+00  1.0E-07
  9.150E+01  5.13088E-01  4.37169E-24  1.56116E-07  0.00000E+00  1.0E-07
  9.200E+01  5.17450E-01  4.27233E-24  1.52568E-07  0.00000E+00  1.0E-07
  9.250E+01  5.21810E-01  4.17544E-24  1.49108E-07  0.00000E+00  1.0E-07
  9.300E+01  5.26168E-01  4.08095E-24  1.45733E-07  0.00000E+00  1.0E-07
  9.350E+01  5.30524E-01  3.98878E-24  1.42442E-07  0.00000E+00  1.0E-07
  9.400E+01  5.34878E-01  3.89887E-24  1.39231E-07  0.00000E+00  1.0E-07
  9.450E+01  5.39230E-01  3.81114E-24  1.36098E-07  0.00000E+00  1.0E-07
  9.500E+01  5.43578E-01  3.72554E-24  1.33042E-07  0.00000E+00  1.0E-07
  9.550E+01  5.47923E-01  3.64201E-24  1.30059E-07  0.00000E+00  1.0E-07
  9.600E+01  5.52264E-01  3.56049E-24  1.27147E-07  0.00000E+00  1.0E-07
  9.650E+01  5.56602E-01  3.48092E-24  1.24306E-07  0.00000E+00  1.0E-07
  9.700E+01  5.60935E-01  3.40325E-24  1.21532E-07  0.00000E+00  1.0E-07
  9.750E+01  5.65263E-01  3.32742E-24  1.18824E-07  0.00000E+00  1.0E-07
  9.800E+01  5.69587E-01  3.25337E-24  1.16180E-07  0.00000E+00  1.0E-07
  9.850E+01  5.73905E-01  3.18107E-24  1.13598E-07  0.00000E+00  1.0E-07
  9.900E+01  5.78217E-01  3.11046E-24  1.11077E-07  0.00000E+00  1.0E-07
  9.950E+01  5.82524E-01  3.04149E-24  1.08614E-07  0.00000E+00  1.0E-07
  1.000E+02  5.86824E-01  2.97412E-24  1.06208E-07  0.00000E+00  1.0E-07
  1.005E+02  5.91118E-01  2.90830E-24  1.03857E-07  0.00000E+00  1.0E-07
  1.010E+02  5.95404E-01  2.84400E-24  1.01561E-07  0.00000E+00  1.0E-07
  1.015E+02  5.99684E-01  2.78118E-24  9.93177E-08  0.00000E+00  1.0E-07
  1.020E+02  6.03956E-01  2.71979E-24  9.71255E-08  0.00000E+00  1.0E-07
  1.025E+02  6.08220E-01  2.65980E-24  9.49832E-08  0.00000E+00  1.0E-07
  1.030E+02  6.12476E-01  2.60117E-24  9.28893E-08  0.00000E+00  1.0E-07
  1.035E+02  6.16723E-01  2.54385E-24  9.08426E-08  0.00000E+00  1.0E-07
  1.040E+02  6.20961E-01  2.48782E-24  8.88418E-08  0.00000E+00  1.0E-07
  1.045E+02  6.25190E-01  2.43305E-24  8.68857E-08  0.00000E+00  1.0E-07
  1.050E+02  6.29410E-01  2.37949E-24  8.49731E-08  0.00000E+00  1.0E-07
  1.055E+02  6.33619E-01  2.32712E-24  8.31031E-08  0.00000E+00  1.0E-07
  1.060E+02  6.37819E-01  2.27592E-24  8.12744E-08  0.00000E+00  1.0E-07
  1.065E+02  6.42008E-01  2.22584E-24  7.94861E-08  0.00000E+00  1.0E-07
  1.070E+02  6.46186E-01  2.17686E-24  7.77371E-08  0.00000E+00  1.0E-07
  1.075E+02  6.50353E-01  2.12896E-24  7.60264E-08  0.00000E+00  1.0E-07
  1.080E+02  6.54508E-01  2.08210E-24  7.43530E-08  0.00000E+00  1.0E-07
  1.085E+02  6.58652E-01  2.03625E-24  7.27160E-08  0.00000E+00  1.0E-07
  1.090E+02  6.62784E-01  1.99140E-24  7.11144E-08  0.00000E+00  1.0E-07
  1.095E+02  6.66903E-01  1.94752E-24  6.95473E-08  0.00000E+00  1.0E-07
  1.100E+02  6.71010E-01  1.90458E-24  6.80140E-08  0.00000E+00  1.0E-07
  1.105E+02  6.75104E-01  1.86257E-24  6.65135E-08  0.00000E+00  1.0E-07
  1.110E+02  6.79184E-01  1.82145E-24  6.50451E-08  0.00000E+00  1.0E-07
  1.115E+02  6.83251E-01  1.78120E-24  6.36080E-08  0.00000E+00  1.0E-07
  1.120E+02  6.87303E-01  1.74182E-24  6.22014E-08  0.00000E+00  1.0E-07
  1.125E+02  6.91342E-01  1.70326E-24  6.08246E-08  0.00000E+00  1.0E-07
  1.130E+02  6.95366E-01  1.66552E-24  5.94768E-08  0.00000E+00  1.0E-07
  1.135E+02  6.99375E-01  1.62858E-24  5.81575E-08  0.00000E+00  1.0E-07
  1.140E+02  7.03368E-01  1.59241E-24  5.68659E-08  0.00000E+00  1.0E-07
  1.145E+02  7.07347E-01  1.55699E-24  5.56013E-08  0.00000E+00  1.0E-07
  1.150E+02  7.11309E-01  1.52232E-24  5.43631E-08  0.00000E+00  1.0E-07
  1.155E+02  7.15256E-01  1.48837E-24  5.31506E-08  0.00000E+00  1.0E-07
  1.160E+02  7.19186E-01  1.45512E-24  5.19634E-08  0.00000E+00  1.0E-07
  1.165E+02  7.23099E-01  1.42256E-24  5.08007E-08  0.00000E+00  1.0E-07
  1.170E+02  7.26995E-01  1.39068E-24  4.96620E-08  0.00000E+00  1.0E-07
  1.175E+02  7.30874E-01  1.35945E-24  4.85468E-08  0.00000E+00  1.0E-07
  1.180E+02  7.34736E-01  1.32886E-24  4.74545E-08  0.00000E+00  1.0E-07
  1.185E+02  7.38579E-01  1.29890E-24  4.63846E-08  0.00000E+00  1.0E-07
  1.190E+02  7.42405E-01  1.26955E-24  4.53366E-08  0.00000E+00  1.0E-07
  1.195E+02  7.46212E-01  1.24081E-24  4.43100E-08  0.00000E+00  1.0E-07
  1.200E+02  7.50000E-01  1.21265E-24  4.33043E-08  0.00000E+00  1.0E-07
  1.205E+02  7.53769E-01  1.18506E-24  4.23191E-08  0.00000E+00  1.0E-07
  1.210E+02  7.57519E-01  1.15803E-24  4.13539E-08  0.00000E+00  1.0E-07
  1.215E+02  7.61249E-01  1.13154E-24  4.04082E-08  0.00000E+00  1.0E-07
  1.220E+02  7.64960E-01  1.10560E-24  3.94816E-08  0.00000E+00  1.0E-07
  1.225E+02  7.68650E-01  1.08018E-24  3.85738E-08  0.00000E+00  1.0E-07
  1.230E+02  7.72320E-01  1.05526E-24  3.76842E-08  0.00000E+00  1.0E-07
  1.235E+02  7.75968E-01  1.03085E-24  3.68125E-08  0.00000E+00  1.0E-07
  1.240E+02  7.79596E-01  1.00693E-24  3.59583E-08  0.00000E+00  1.0E-07
  1.245E+02  7.83203E-01  9.83494E-25  3.51212E-08  0.00000E+00  1.0E-07
  1.250E+02  7.86788E-01  9.60523E-25  3.43009E-08  0.00000E+00  1.0E-07
  1.255E+02  7.90351E-01  9.38011E-25  3.34970E-08  0.00000E+00  1.0E-07
  1.260E+02  7.93893E-01  9.15949E-25  3.27091E-08  0.00000E+00  1.0E-07
  1.265E+02  7.97411E-01  8.94327E-25  3.19370E-08  0.00000E+00  1.0E-07
  1.270E+02  8.00908E-01  8.73136E-25  3.11803E-08  0.00000E+00  1.0E-07
  1.275E+02  8.04381E-01  8.52368E-25  3.04386E-08  0.00000E+00  1.0E-07
  1.280E+02  8.07831E-01  8.32012E-25  2.97117E-08  0.00000E+00  1.0E-07
  1.285E+02  8.11257E-01  8.12061E-25  2.89992E-08  0.00000E+00  1.0E-07
  1.290E+02  8.14660E-01  7.92507E-25  2.83009E-08  0.00000E+00  1.0E-07
  1.295E+02  8.18039E-01  7.73341E-25  2.76165E-08  0.00000E+00  1.0E-07
  1.300E+02  8.21394E-01  7.54556E-25  2.69457E-08  0.00000E+00  1.0E-07
  1.305E+02  8.24724E-01  7.36143E-25  2.62882E-08  0.00000E+00  1.0E-07
  1.310E+02  8.28030E-01  7.18096E-25  2.56437E-08  0.00000E+00  1.0E-07
  1.315E+02  8.31310E-01  7.00407E-25  2.50120E-08  0.00000E+00  1.0E-07
  1.320E+02  8.34565E-01  6.83068E-25  2.43928E-08  0.00000E+00  1.0E-07
  1.325E+02  8.37795E-01  6.66074E-25  2.37859E-08  0.00000E+00  1.0E-07
  1.330E+02  8.40999E-01  6.49417E-25  2.31911E-08  0.00000E+00  1.0E-07
  1.335E+02  8.44177E-01  6.33091E-25  2.26081E-08  0.00000E+00  1.0E-07
  1.340E+02  8.47329E-01  6.17089E-25  2.20366E-08  0.00000E+00  1.0E-07
  1.345E+02  8.50455E-01  6.01405E-25  2.14766E-08  0.00000E+00  1.0E-07
  1.350E+02  8.53553E-01  5.86033E-25  2.09276E-08  0.00000E+00  1.0E-07
  1.355E+02  8.56625E-01  5.70968E-25  2.03896E-08  0.00000E+00  1.0E-07
  1.360E+02  8.59670E-01  5.56202E-25  1.98623E-08  0.00000E+00  1.0E-07
  1.365E+02  8.62687E-01  5.41732E-25  1.93456E-08  0.00000E+00  1.0E-07
  1.370E+02  8.65677E-01  5.27551E-25  1.88392E-08  0.00000E+00  1.0E-07
  1.375E+02  8.68639E-01  5.13653E-25  1.83429E-08  0.00000E+00  1.0E-07
  1.380E+02  8.71572E-01  5.00034E-25  1.78566E-08  0.00000E+00  1.0E-07
  1.385E+02  8.74478E-01  4.86689E-25  1.73800E-08  0.00000E+00  1.0E-07
  1.390E+02  8.77355E-01  4.73613E-25  1.69130E-08  0.00000E+00  1.0E-07
  1.395E+02  8.80203E-01  4.60800E-25  1.64555E-08  0.00000E+00  1.0E-07
  1.400E+02  8.83022E-01  4.48246E-25  1.60072E-08  0.00000E+00  1.0E-07
  1.405E+02  8.85812E-01  4.35947E-25  1.55679E-08  0.00000E+00  1.0E-07
  1.410E+02  8.88573E-01  4.23898E-25  1.51377E-08  0.00000E+00  1.0E-07
  1.415E+02  8.91304E-01  4.12094E-25  1.47161E-08  0.00000E+00  1.0E-07
  1.420E+02  8.94005E-01  4.00532E-25  1.43033E-08  0.00000E+00  1.0E-07
  1.425E+02  8.96677E-01  3.89207E-25  1.38988E-08  0.00000E+00  1.0E-07
  1.430E+02  8.99318E-01  3.78115E-25  1.35027E-08  0.00000E+00  1.0E-07
  1.435E+02  9.01928E-01  3.67253E-25  1.31148E-08  0.00000E+00  1.0E-07
  1.440E+02  9.04508E-01  3.56615E-25  1.27350E-08  0.00000E+00  1.0E-07
  1.445E+02  9.07058E-01  3.46200E-25  1.23630E-08  0.00000E+00  1.0E-07
  1.450E+02  9.09576E-01  3.36003E-25  1.19989E-08  0.00000E+00  1.0E-07
  1.455E+02  9.12063E-01  3.26020E-25  1.16424E-08  0.00000E+00  1.0E-07
  1.460E+02  9.14519E-01  3.16248E-25  1.12934E-08  0.00000E+00  1.0E-07
  1.465E+02  9.16943E-01  3.06683E-25  1.09519E-08  0.00000E+00  1.0E-07
  1.470E+02  9.19335E-01  2.97323E-25  1.06176E-08  0.00000E+00  1.0E-07
  1.475E+02  9.21696E-01  2.88164E-25  1.02905E-08  0.00000E+00  1.0E-07
  1.480E+02  9.24024E-01  2.79203E-25  9.97054E-09  0.00000E+00  1.0E-07
  1.485E+02  9.26320E-01  2.70437E-25  9.65750E-09  0.00000E+00  1.0E-07
  1.490E+02  9.28584E-01  2.61863E-25  9.35131E-09  0.00000E+00  1.0E-07
  1.495E+02  9.30815E-01  2.53478E-25  9.05187E-09  0.00000E+00  1.0E-07
  1.500E+02  9.33013E-01  2.45279E-25  8.75909E-09  0.00000E+00  1.0E-07
  1.505E+02  9.35178E-01  2.37264E-25  8.47285E-09  0.00000E+00  1.0E-07
  1.510E+02  9.37310E-01  2.29430E-25  8.19308E-09  0.00000E+00  1.0E-07
  1.515E+02  9.39409E-01  2.21773E-25  7.91966E-09  0.00000E+00  1.0E-07
  1.520E+02  9.41474E-01  2.14292E-25  7.65252E-09  0.00000E+00  1.0E-07
  1.525E+02  9.43505E-01  2.06985E-25  7.39156E-09  0.00000E+00  1.0E-07
  1.530E+02  9.45503E-01  1.99848E-25  7.13671E-09  0.00000E+00  1.0E-07
  1.535E+02  9.47467E-01  1.92880E-25  6.88786E-09  0.00000E+00  1.0E-07
  1.540E+02  9.49397E-01  1.86078E-25  6.64496E-09  0.00000E+00  1.0E-07
  1.545E+02  9.51293E-01  1.79440E-25  6.40790E-09  0.00000E+00  1.0E-07
  1.550E+02  9.53154E-01  1.72963E-25  6.17663E-09  0.00000E+00  1.0E-07
  1.555E+02  9.54981E-01  1.66646E-25  5.95105E-09  0.00000E+00  1.0E-07
  1.560E+02  9.56773E-01  1.60487E-25  5.73111E-09  0.00000E+00  1.0E-07
  1.565E+02  9.58530E-01  1.54484E-25  5.51673E-09  0.00000E+00  1.0E-07
  1.570E+02  9.60252E-01  1.48635E-25  5.30784E-09  0.00000E+00  1.0E-07
  1.575E+02  9.61940E-01  1.42937E-25  5.10437E-09  0.00000E+00  1.0E-07
  1.580E+02  9.63592E-01  1.37389E-25  4.90626E-09  0.00000E+00  1.0E-07
  1.585E+02  9.65209E-01  1.31990E-25  4.71345E-09  0.00000E+00  1.0E-07
  1.590E+02  9.66790E-01  1.26737E-25  4.52588E-09  0.00000E+00  1.0E-07
  1.595E+02  9.68336E-01  1.21630E-25  4.34348E-09  0.00000E+00  1.0E-07
  1.600E+02  9.69846E-01  1.16665E-25  4.16619E-09  0.00000E+00  1.0E-07
  1.605E+02  9.71321E-01  1.11843E-25  3.99398E-09  0.00000E+00  1.0E-07
  1.610E+02  9.72759E-01  1.07160E-25  3.82677E-09  0.00000E+00  1.0E-07
  1.615E+02  9.74162E-01  1.02617E-25  3.66451E-09  0.00000E+00  1.0E-07
  1.620E+02  9.75528E-01  9.82107E-26  3.50717E-09  0.00000E+00  1.0E-07
  1.625E+02  9.76858E-01  9.39406E-26  3.35468E-09  0.00000E+00  1.0E-07
  1.630E+02  9.78152E-01  8.98051E-26  3.20700E-09  0.00000E+00  1.0E-07
  1.635E+02  9.79410E-01  8.58031E-26  3.06408E-09  0.00000E+00  1.0E-07
  1.640E+02  9.80631E-01  8.19332E-26  2.92589E-09  0.00000E+00  1.0E-07
  1.645E+02  9.81815E-01  7.81943E-26  2.79237E-09  0.00000E+00  1.0E-07
  1.650E+02  9.82963E-01  7.45852E-26  2.66349E-09  0.00000E+00  1.0E-07
  1.655E+02  9.84074E-01  7.11048E-26  2.53920E-09  0.00000E+00  1.0E-07
  1.660E+02  9.85148E-01  6.77521E-26  2.41947E-09  0.00000E+00  1.0E-07
  1.665E+02  9.86185E-01  6.45260E-26  2.30426E-09  0.00000E+00  1.0E-07
  1.670E+02  9.87185E-01  6.14255E-26  2.19355E-09  0.00000E+00  1.0E-07
  1.675E+02  9.88148E-01  5.84498E-26  2.08728E-09  0.00000E+00  1.0E-07
  1.680E+02  9.89074E-01  5.55978E-26  1.98543E-09  0.00000E+00  1.0E-07
  1.685E+02  9.89962E-01  5.28687E-26  1.88798E-09  0.00000E+00  1.0E-07
  1.690E+02  9.90814E-01  5.02617E-26  1.79488E-09  0.00000E+00  1.0E-07
  1.695E+02  9.91627E-01  4.77761E-26  1.70611E-09  0.00000E+00  1.0E-07
  1.700E+02  9.92404E-01  4.54109E-26  1.62165E-09  0.00000E+00  1.0E-07
  1.705E+02  9.93143E-01  4.31657E-26  1.54147E-09  0.00000E+00  1.0E-07
  1.710E+02  9.93844E-01  4.10395E-26  1.46555E-09  0.00000E+00  1.0E-07
  1.715E+02  9.94508E-01  3.90319E-26  1.39386E-09  0.00000E+00  1.0E-07
  1.720E+02  9.95134E-01  3.71422E-26  1.32637E-09  0.00000E+00  1.0E-07
  1.725E+02  9.95722E-01  3.53699E-26  1.26308E-09  0.00000E+00  1.0E-07
  1.730E+02  9.96273E-01  3.37144E-26  1.20396E-09  0.00000E+00  1.0E-07
  1.735E+02  9.96786E-01  3.21751E-26  1.14899E-09  0.00000E+00  1.0E-07
  1.740E+02  9.97261E-01  3.07518E-26  1.09817E-09  0.00000E+00  1.0E-07
  1.745E+02  9.97698E-01  2.94438E-26  1.05146E-09  0.00000E+00  1.0E-07
  1.750E+02  9.98097E-01  2.82509E-26  1.00886E-09  0.00000E+00  1.0E-07
  1.755E+02  9.98459E-01  2.71727E-26  9.70356E-10  0.00000E+00  1.0E-07
  1.760E+02  9.98782E-01  2.62089E-26  9.35936E-10  0.00000E+00  1.0E-07
  1.765E+02  9.99067E-01  2.53591E-26  9.05589E-10  0.00000E+00  1.0E-07
  1.770E+02  9.99315E-01  2.46231E-26  8.79307E-10  0.00000E+00  1.0E-07
  1.775E+02  9.99524E-01  2.40007E-26  8.57082E-10  0.00000E+00  1.0E-07
  1.780E+02  9.99695E-01  2.34918E-26  8.38906E-10  0.00000E+00  1.0E-07
  1.785E+02  9.99829E-01  2.30961E-26  8.24776E-10  0.00000E+00  1.0E-07
  1.790E+02  9.99924E-01  2.28135E-26  8.14685E-10  0.00000E+00  1.0E-07
  1.795E+02  9.99981E-01  2.26440E-26  8.08632E-10  0.00000E+00  1.0E-07
  1.800E+02  1.00000E+00  2.25875E-26  8.06615E-10  0.00000E+00  1.0E-07
