 #
 # Subroutine ELSEPA. Elastic scattering of electrons and positrons
 #                    by neutral atoms and positive ions
 #
 # Projectile: electron
 # Kinetic energy = 3.70000E+06 eV = 1.35973E+05 a.u.
 #
 # WARNING: High-energy factorization with free-atom DF screening.
 #          Absorption, polarization and exchange corrections are
 #          switched off.
 #          Phase shifts are calculated for the bare nucleus.
 #          Scattering amplitudes are not evaluated.
 #
 # Element: Cm,  Z =  96,  atomic weight = 2.47000E+02 g/mol
 #
 # Nuclear model: Fermi distribution
 #                Average radius = 6.71351E-13 cm
 #                Skin thickness = 5.46000E-14 cm
 #
 # Number of electrons = 96
 #
 # Total elastic cross section = 1.19455E-17 cm**2 = 4.26581E-01 a0**2
 # 1st transport cross section = 8.80108E-22 cm**2 = 3.14292E-05 a0**2
 # 2nd transport cross section = 2.26844E-21 cm**2 = 8.10076E-05 a0**2
 #
 #
 # Differential cross section:                       MU=(1-COS(THETA))/2
 #
 #  THETA        MU          DCS          DCS        Sherman      error
 #  (deg)                 (cm**2/sr)   (a0**2/sr)    function
 #----------------------------------------------------------------------
  0.000E+00  0.00000E+00  1.99553E-12  7.12618E+04  0.00000E+00  1.0E-05
  1.000E-04  7.61557E-13  1.99552E-12  7.12614E+04  0.00000E+00  1.0E-05
  1.250E-04  1.18994E-12  1.99552E-12  7.12611E+04  0.00000E+00  1.0E-05
  1.500E-04  1.71346E-12  1.99551E-12  7.12608E+04  0.00000E+00  1.0E-05
  1.750E-04  2.33225E-12  1.99550E-12  7.12605E+04  0.00000E+00  1.0E-05
  2.000E-04  3.04617E-12  1.99549E-12  7.12601E+04  0.00000E+00  1.0E-05
  2.250E-04  3.85530E-12  1.99547E-12  7.12596E+04  0.00000E+00  1.0E-05
  2.500E-04  4.75964E-12  1.99546E-12  7.12591E+04  0.00000E+00  1.0E-05
  2.750E-04  5.75917E-12  1.99544E-12  7.12585E+04  0.00000E+00  1.0E-05
  3.000E-04  6.85391E-12  1.99542E-12  7.12579E+04  0.00000E+00  1.0E-05
  3.250E-04  8.04379E-12  1.99540E-12  7.12572E+04  0.00000E+00  1.0E-05
  3.500E-04  9.32893E-12  1.99538E-12  7.12564E+04  0.00000E+00  1.0E-05
  3.750E-04  1.07092E-11  1.99536E-12  7.12556E+04  0.00000E+00  1.0E-05
  4.000E-04  1.21847E-11  1.99534E-12  7.12548E+04  0.00000E+00  1.0E-05
  4.250E-04  1.37554E-11  1.99531E-12  7.12539E+04  0.00000E+00  1.0E-05
  4.500E-04  1.54213E-11  1.99528E-12  7.12529E+04  0.00000E+00  1.0E-05
  4.750E-04  1.71823E-11  1.99526E-12  7.12519E+04  0.00000E+00  1.0E-05
  5.000E-04  1.90386E-11  1.99523E-12  7.12508E+04  0.00000E+00  1.0E-05
  5.250E-04  2.09900E-11  1.99519E-12  7.12496E+04  0.00000E+00  1.0E-05
  5.500E-04  2.30367E-11  1.99516E-12  7.12485E+04  0.00000E+00  1.0E-05
  5.750E-04  2.51785E-11  1.99513E-12  7.12472E+04  0.00000E+00  1.0E-05
  6.000E-04  2.74156E-11  1.99509E-12  7.12459E+04  0.00000E+00  1.0E-05
  6.250E-04  2.97478E-11  1.99505E-12  7.12446E+04  0.00000E+00  1.0E-05
  6.500E-04  3.21752E-11  1.99501E-12  7.12431E+04  0.00000E+00  1.0E-05
  6.750E-04  3.46979E-11  1.99497E-12  7.12417E+04  0.00000E+00  1.0E-05
  7.000E-04  3.73157E-11  1.99493E-12  7.12402E+04  0.00000E+00  1.0E-05
  7.250E-04  4.00286E-11  1.99488E-12  7.12386E+04  0.00000E+00  1.0E-05
  7.500E-04  4.28368E-11  1.99484E-12  7.12369E+04  0.00000E+00  1.0E-05
  7.750E-04  4.57402E-11  1.99479E-12  7.12353E+04  0.00000E+00  1.0E-05
  8.000E-04  4.87388E-11  1.99474E-12  7.12335E+04  0.00000E+00  1.0E-05
  8.250E-04  5.18325E-11  1.99469E-12  7.12317E+04  0.00000E+00  1.0E-05
  8.500E-04  5.50215E-11  1.99464E-12  7.12299E+04  0.00000E+00  1.0E-05
  8.750E-04  5.83057E-11  1.99459E-12  7.12280E+04  0.00000E+00  1.0E-05
  9.000E-04  6.16850E-11  1.99453E-12  7.12260E+04  0.00000E+00  1.0E-05
  9.250E-04  6.51595E-11  1.99447E-12  7.12240E+04  0.00000E+00  1.0E-05
  9.500E-04  6.87293E-11  1.99442E-12  7.12219E+04  0.00000E+00  1.0E-05
  9.750E-04  7.23943E-11  1.99436E-12  7.12198E+04  0.00000E+00  1.0E-05
  1.000E-03  7.61544E-11  1.99430E-12  7.12176E+04  0.00000E+00  1.0E-05
  1.250E-03  1.18991E-10  1.99360E-12  7.11927E+04  0.00000E+00  1.0E-05
  1.500E-03  1.71347E-10  1.99275E-12  7.11623E+04  0.00000E+00  1.0E-05
  1.750E-03  2.33223E-10  1.99174E-12  7.11263E+04  0.00000E+00  1.0E-05
  2.000E-03  3.04617E-10  1.99058E-12  7.10849E+04  0.00000E+00  1.0E-05
  2.250E-03  3.85531E-10  1.98927E-12  7.10380E+04  0.00000E+00  1.0E-05
  2.500E-03  4.75965E-10  1.98780E-12  7.09857E+04  0.00000E+00  1.0E-05
  2.750E-03  5.75917E-10  1.98618E-12  7.09279E+04  0.00000E+00  1.0E-05
  3.000E-03  6.85389E-10  1.98441E-12  7.08647E+04  0.00000E+00  1.0E-05
  3.250E-03  8.04380E-10  1.98249E-12  7.07961E+04  0.00000E+00  1.0E-05
  3.500E-03  9.32891E-10  1.98042E-12  7.07221E+04  0.00000E+00  1.0E-05
  3.750E-03  1.07092E-09  1.97820E-12  7.06429E+04  0.00000E+00  1.0E-05
  4.000E-03  1.21847E-09  1.97583E-12  7.05583E+04  0.00000E+00  1.0E-05
  4.250E-03  1.37554E-09  1.97332E-12  7.04684E+04  0.00000E+00  1.0E-05
  4.500E-03  1.54213E-09  1.97065E-12  7.03733E+04  0.00000E+00  1.0E-05
  4.750E-03  1.71823E-09  1.96785E-12  7.02731E+04  0.00000E+00  1.0E-05
  5.000E-03  1.90386E-09  1.96489E-12  7.01676E+04  0.00000E+00  1.0E-05
  5.250E-03  2.09900E-09  1.96180E-12  7.00571E+04  0.00000E+00  1.0E-05
  5.500E-03  2.30367E-09  1.95856E-12  6.99415E+04  0.00000E+00  1.0E-05
  5.750E-03  2.51785E-09  1.95518E-12  6.98208E+04  0.00000E+00  1.0E-05
  6.000E-03  2.74156E-09  1.95166E-12  6.96952E+04  0.00000E+00  1.0E-05
  6.250E-03  2.97478E-09  1.94801E-12  6.95646E+04  0.00000E+00  1.0E-05
  6.500E-03  3.21752E-09  1.94422E-12  6.94292E+04  0.00000E+00  1.0E-05
  6.750E-03  3.46978E-09  1.94029E-12  6.92889E+04  0.00000E+00  1.0E-05
  7.000E-03  3.73156E-09  1.93623E-12  6.91439E+04  0.00000E+00  1.0E-05
  7.250E-03  4.00286E-09  1.93203E-12  6.89941E+04  0.00000E+00  1.0E-05
  7.500E-03  4.28368E-09  1.92771E-12  6.88397E+04  0.00000E+00  1.0E-05
  7.750E-03  4.57402E-09  1.92325E-12  6.86807E+04  0.00000E+00  1.0E-05
  8.000E-03  4.87388E-09  1.91867E-12  6.85171E+04  0.00000E+00  1.0E-05
  8.250E-03  5.18326E-09  1.91397E-12  6.83490E+04  0.00000E+00  1.0E-05
  8.500E-03  5.50215E-09  1.90914E-12  6.81765E+04  0.00000E+00  1.0E-05
  8.750E-03  5.83057E-09  1.90418E-12  6.79996E+04  0.00000E+00  1.0E-05
  9.000E-03  6.16850E-09  1.89911E-12  6.78185E+04  0.00000E+00  1.0E-05
  9.250E-03  6.51596E-09  1.89392E-12  6.76331E+04  0.00000E+00  1.0E-05
  9.500E-03  6.87293E-09  1.88861E-12  6.74435E+04  0.00000E+00  1.0E-05
  9.750E-03  7.23942E-09  1.88319E-12  6.72499E+04  0.00000E+00  1.0E-05
  1.000E-02  7.61544E-09  1.87765E-12  6.70522E+04  0.00000E+00  1.0E-05
  1.250E-02  1.18991E-08  1.81654E-12  6.48697E+04  0.00000E+00  1.0E-05
  1.500E-02  1.71347E-08  1.74643E-12  6.23663E+04  0.00000E+00  1.0E-05
  1.750E-02  2.33223E-08  1.66952E-12  5.96196E+04  0.00000E+00  1.0E-05
  2.000E-02  3.04617E-08  1.58794E-12  5.67065E+04  0.00000E+00  1.0E-05
  2.250E-02  3.85531E-08  1.50377E-12  5.37005E+04  0.00000E+00  1.0E-05
  2.500E-02  4.75965E-08  1.41881E-12  5.06666E+04  0.00000E+00  1.0E-05
  2.750E-02  5.75917E-08  1.33459E-12  4.76590E+04  0.00000E+00  1.0E-05
  3.000E-02  6.85389E-08  1.25235E-12  4.47222E+04  0.00000E+00  1.0E-05
  3.250E-02  8.04380E-08  1.17309E-12  4.18918E+04  0.00000E+00  1.0E-05
  3.500E-02  9.32891E-08  1.09752E-12  3.91933E+04  0.00000E+00  1.0E-05
  3.750E-02  1.07092E-07  1.02605E-12  3.66408E+04  0.00000E+00  1.0E-05
  4.000E-02  1.21847E-07  9.58913E-13  3.42434E+04  0.00000E+00  1.0E-05
  4.250E-02  1.37554E-07  8.96231E-13  3.20050E+04  0.00000E+00  1.0E-05
  4.500E-02  1.54213E-07  8.37978E-13  2.99247E+04  0.00000E+00  1.0E-05
  4.750E-02  1.71823E-07  7.83976E-13  2.79963E+04  0.00000E+00  1.0E-05
  5.000E-02  1.90386E-07  7.34045E-13  2.62132E+04  0.00000E+00  1.0E-05
  5.250E-02  2.09900E-07  6.87961E-13  2.45675E+04  0.00000E+00  1.0E-05
  5.500E-02  2.30367E-07  6.45423E-13  2.30485E+04  0.00000E+00  1.0E-05
  5.750E-02  2.51785E-07  6.06185E-13  2.16473E+04  0.00000E+00  1.0E-05
  6.000E-02  2.74156E-07  5.69994E-13  2.03549E+04  0.00000E+00  1.0E-05
  6.250E-02  2.97478E-07  5.36606E-13  1.91625E+04  0.00000E+00  1.0E-05
  6.500E-02  3.21752E-07  5.05697E-13  1.80588E+04  0.00000E+00  1.0E-05
  6.750E-02  3.46978E-07  4.77090E-13  1.70372E+04  0.00000E+00  1.0E-05
  7.000E-02  3.73156E-07  4.50602E-13  1.60913E+04  0.00000E+00  1.0E-05
  7.250E-02  4.00286E-07  4.26048E-13  1.52145E+04  0.00000E+00  1.0E-05
  7.500E-02  4.28368E-07  4.03180E-13  1.43978E+04  0.00000E+00  1.0E-05
  7.750E-02  4.57402E-07  3.81864E-13  1.36366E+04  0.00000E+00  1.0E-05
  8.000E-02  4.87388E-07  3.62012E-13  1.29277E+04  0.00000E+00  1.0E-05
  8.250E-02  5.18325E-07  3.43496E-13  1.22665E+04  0.00000E+00  1.0E-05
  8.500E-02  5.50215E-07  3.26153E-13  1.16471E+04  0.00000E+00  1.0E-05
  8.750E-02  5.83057E-07  3.09863E-13  1.10654E+04  0.00000E+00  1.0E-05
  9.000E-02  6.16850E-07  2.94606E-13  1.05206E+04  0.00000E+00  1.0E-05
  9.250E-02  6.51596E-07  2.80299E-13  1.00097E+04  0.00000E+00  1.0E-05
  9.500E-02  6.87293E-07  2.66844E-13  9.52918E+03  0.00000E+00  1.0E-05
  9.750E-02  7.23942E-07  2.54119E-13  9.07476E+03  0.00000E+00  1.0E-05
  1.000E-01  7.61543E-07  2.42149E-13  8.64729E+03  0.00000E+00  1.0E-05
  1.250E-01  1.18991E-06  1.53153E-13  5.46921E+03  0.00000E+00  1.0E-05
  1.500E-01  1.71347E-06  9.92402E-14  3.54393E+03  0.00000E+00  1.0E-05
  1.750E-01  2.33223E-06  6.77190E-14  2.41829E+03  0.00000E+00  1.0E-05
  2.000E-01  3.04617E-06  4.77507E-14  1.70521E+03  0.00000E+00  1.0E-05
  2.250E-01  3.85531E-06  3.44615E-14  1.23064E+03  0.00000E+00  1.0E-05
  2.500E-01  4.75964E-06  2.55037E-14  9.10752E+02  0.00000E+00  1.0E-05
  2.750E-01  5.75916E-06  1.93344E-14  6.90444E+02  0.00000E+00  1.0E-05
  3.000E-01  6.85388E-06  1.49532E-14  5.33990E+02  0.00000E+00  1.0E-05
  3.250E-01  8.04378E-06  1.17434E-14  4.19364E+02  0.00000E+00  1.0E-05
  3.500E-01  9.32888E-06  9.34927E-15  3.33868E+02  0.00000E+00  1.0E-05
  3.750E-01  1.07092E-05  7.55090E-15  2.69647E+02  0.00000E+00  1.0E-05
  4.000E-01  1.21846E-05  6.17540E-15  2.20527E+02  0.00000E+00  1.0E-05
  4.250E-01  1.37553E-05  5.10464E-15  1.82290E+02  0.00000E+00  1.0E-05
  4.500E-01  1.54212E-05  4.25609E-15  1.51988E+02  0.00000E+00  1.0E-05
  4.750E-01  1.71822E-05  3.58170E-15  1.27905E+02  0.00000E+00  1.0E-05
  5.000E-01  1.90385E-05  3.03661E-15  1.08439E+02  0.00000E+00  1.0E-05
  5.250E-01  2.09899E-05  2.59755E-15  9.27601E+01  0.00000E+00  1.0E-05
  5.500E-01  2.30365E-05  2.23278E-15  7.97340E+01  0.00000E+00  1.0E-05
  5.750E-01  2.51783E-05  1.93008E-15  6.89245E+01  0.00000E+00  1.0E-05
  6.000E-01  2.74153E-05  1.67698E-15  5.98860E+01  0.00000E+00  1.0E-05
  6.250E-01  2.97475E-05  1.46409E-15  5.22836E+01  0.00000E+00  1.0E-05
  6.500E-01  3.21749E-05  1.28371E-15  4.58422E+01  0.00000E+00  1.0E-05
  6.750E-01  3.46974E-05  1.12935E-15  4.03299E+01  0.00000E+00  1.0E-05
  7.000E-01  3.73152E-05  9.97507E-16  3.56216E+01  0.00000E+00  1.0E-05
  7.250E-01  4.00281E-05  8.84620E-16  3.15903E+01  0.00000E+00  1.0E-05
  7.500E-01  4.28362E-05  7.87216E-16  2.81120E+01  0.00000E+00  1.0E-05
  7.750E-01  4.57395E-05  7.02917E-16  2.51016E+01  0.00000E+00  1.0E-05
  8.000E-01  4.87380E-05  6.29734E-16  2.24882E+01  0.00000E+00  1.0E-05
  8.250E-01  5.18317E-05  5.65911E-16  2.02090E+01  0.00000E+00  1.0E-05
  8.500E-01  5.50205E-05  5.09929E-16  1.82099E+01  0.00000E+00  1.0E-05
  8.750E-01  5.83045E-05  4.60643E-16  1.64499E+01  0.00000E+00  1.0E-05
  9.000E-01  6.16838E-05  4.17226E-16  1.48994E+01  0.00000E+00  1.0E-05
  9.250E-01  6.51582E-05  3.78856E-16  1.35292E+01  0.00000E+00  1.0E-05
  9.500E-01  6.87277E-05  3.44818E-16  1.23137E+01  0.00000E+00  1.0E-05
  9.750E-01  7.23925E-05  3.14499E-16  1.12310E+01  0.00000E+00  1.0E-05
  1.000E+00  7.61524E-05  2.87488E-16  1.02664E+01  0.00000E+00  1.3E-05
  1.100E+00  9.21439E-05  2.04807E-16  7.31379E+00  0.00000E+00  9.5E-06
  1.200E+00  1.09658E-04  1.49982E-16  5.35597E+00  0.00000E+00  5.1E-06
  1.300E+00  1.28695E-04  1.12356E-16  4.01230E+00  0.00000E+00  9.9E-07
  1.400E+00  1.49255E-04  8.57619E-17  3.06261E+00  0.00000E+00  2.1E-06
  1.500E+00  1.71338E-04  6.66589E-17  2.38043E+00  0.00000E+00  3.7E-06
  1.600E+00  1.94942E-04  5.26210E-17  1.87913E+00  0.00000E+00  3.9E-06
  1.700E+00  2.20070E-04  4.21039E-17  1.50356E+00  0.00000E+00  3.1E-06
  1.800E+00  2.46720E-04  3.40856E-17  1.21722E+00  0.00000E+00  1.7E-06
  1.900E+00  2.74892E-04  2.79097E-17  9.96673E-01  0.00000E+00  2.6E-07
  2.000E+00  3.04586E-04  2.30840E-17  8.24346E-01  0.00000E+00  9.5E-07
  2.100E+00  3.35803E-04  1.92670E-17  6.88038E-01  0.00000E+00  1.6E-06
  2.200E+00  3.68542E-04  1.62044E-17  5.78668E-01  0.00000E+00  1.8E-06
  2.300E+00  4.02802E-04  1.37313E-17  4.90354E-01  0.00000E+00  1.4E-06
  2.400E+00  4.38585E-04  1.17152E-17  4.18356E-01  0.00000E+00  7.9E-07
  2.500E+00  4.75889E-04  1.00568E-17  3.59135E-01  0.00000E+00  1.0E-07
  2.600E+00  5.14715E-04  8.67978E-18  3.09961E-01  0.00000E+00  5.4E-07
  2.700E+00  5.55063E-04  7.53028E-18  2.68911E-01  0.00000E+00  9.0E-07
  2.800E+00  5.96931E-04  6.56518E-18  2.34447E-01  0.00000E+00  9.7E-07
  2.900E+00  6.40321E-04  5.74991E-18  2.05333E-01  0.00000E+00  7.8E-07
  3.000E+00  6.85233E-04  5.05635E-18  1.80565E-01  0.00000E+00  4.2E-07
  3.100E+00  7.31665E-04  4.46395E-18  1.59410E-01  0.00000E+00  1.0E-07
  3.200E+00  7.79618E-04  3.95589E-18  1.41267E-01  0.00000E+00  3.5E-07
  3.300E+00  8.29092E-04  3.51819E-18  1.25637E-01  0.00000E+00  5.6E-07
  3.400E+00  8.80086E-04  3.13915E-18  1.12101E-01  0.00000E+00  6.0E-07
  3.500E+00  9.32601E-04  2.80970E-18  1.00336E-01  0.00000E+00  4.7E-07
  3.600E+00  9.86636E-04  2.52249E-18  9.00796E-02  0.00000E+00  2.4E-07
  3.700E+00  1.04219E-03  2.27115E-18  8.11042E-02  0.00000E+00  1.0E-07
  3.800E+00  1.09927E-03  2.05041E-18  7.32216E-02  0.00000E+00  2.5E-07
  3.900E+00  1.15786E-03  1.85582E-18  6.62724E-02  0.00000E+00  3.8E-07
  4.000E+00  1.21797E-03  1.68388E-18  6.01325E-02  0.00000E+00  4.0E-07
  4.100E+00  1.27961E-03  1.53150E-18  5.46910E-02  0.00000E+00  3.1E-07
  4.200E+00  1.34276E-03  1.39606E-18  4.98544E-02  0.00000E+00  1.5E-07
  4.300E+00  1.40743E-03  1.27526E-18  4.55403E-02  0.00000E+00  1.0E-07
  4.400E+00  1.47362E-03  1.16732E-18  4.16858E-02  0.00000E+00  1.8E-07
  4.500E+00  1.54133E-03  1.07063E-18  3.82330E-02  0.00000E+00  2.7E-07
  4.600E+00  1.61056E-03  9.83809E-19  3.51325E-02  0.00000E+00  2.8E-07
  4.700E+00  1.68131E-03  9.05615E-19  3.23401E-02  0.00000E+00  2.1E-07
  4.800E+00  1.75357E-03  8.35080E-19  2.98212E-02  0.00000E+00  1.0E-07
  4.900E+00  1.82735E-03  7.71319E-19  2.75443E-02  0.00000E+00  1.0E-07
  5.000E+00  1.90265E-03  7.13562E-19  2.54818E-02  0.00000E+00  1.4E-07
  5.100E+00  1.97947E-03  6.61122E-19  2.36091E-02  0.00000E+00  2.0E-07
  5.200E+00  2.05780E-03  6.13428E-19  2.19059E-02  0.00000E+00  2.0E-07
  5.300E+00  2.13765E-03  5.69981E-19  2.03544E-02  0.00000E+00  1.5E-07
  5.400E+00  2.21902E-03  5.30333E-19  1.89385E-02  0.00000E+00  1.0E-07
  5.500E+00  2.30190E-03  4.94082E-19  1.76440E-02  0.00000E+00  1.0E-07
  5.600E+00  2.38630E-03  4.60879E-19  1.64583E-02  0.00000E+00  1.1E-07
  5.700E+00  2.47222E-03  4.30434E-19  1.53711E-02  0.00000E+00  1.5E-07
  5.800E+00  2.55965E-03  4.02472E-19  1.43726E-02  0.00000E+00  1.5E-07
  5.900E+00  2.64859E-03  3.76751E-19  1.34540E-02  0.00000E+00  1.1E-07
  6.000E+00  2.73905E-03  3.53052E-19  1.26077E-02  0.00000E+00  1.0E-07
  6.100E+00  2.83103E-03  3.31195E-19  1.18272E-02  0.00000E+00  1.0E-07
  6.200E+00  2.92452E-03  3.11011E-19  1.11064E-02  0.00000E+00  1.0E-07
  6.300E+00  3.01952E-03  2.92346E-19  1.04399E-02  0.00000E+00  1.2E-07
  6.400E+00  3.11604E-03  2.75058E-19  9.82252E-03  0.00000E+00  1.2E-07
  6.500E+00  3.21407E-03  2.59035E-19  9.25031E-03  0.00000E+00  1.0E-07
  6.600E+00  3.31362E-03  2.44166E-19  8.71933E-03  0.00000E+00  1.0E-07
  6.700E+00  3.41468E-03  2.30353E-19  8.22605E-03  0.00000E+00  1.0E-07
  6.800E+00  3.51725E-03  2.17501E-19  7.76710E-03  0.00000E+00  1.0E-07
  6.900E+00  3.62133E-03  2.05536E-19  7.33983E-03  0.00000E+00  1.0E-07
  7.000E+00  3.72692E-03  1.94386E-19  6.94164E-03  0.00000E+00  1.0E-07
  7.100E+00  3.83403E-03  1.83984E-19  6.57020E-03  0.00000E+00  1.0E-07
  7.200E+00  3.94265E-03  1.74269E-19  6.22326E-03  0.00000E+00  1.0E-07
  7.300E+00  4.05278E-03  1.65188E-19  5.89898E-03  0.00000E+00  1.0E-07
  7.400E+00  4.16442E-03  1.56694E-19  5.59563E-03  0.00000E+00  1.0E-07
  7.500E+00  4.27757E-03  1.48740E-19  5.31160E-03  0.00000E+00  1.0E-07
  7.600E+00  4.39223E-03  1.41285E-19  5.04540E-03  0.00000E+00  1.0E-07
  7.700E+00  4.50840E-03  1.34293E-19  4.79569E-03  0.00000E+00  1.0E-07
  7.800E+00  4.62608E-03  1.27729E-19  4.56130E-03  0.00000E+00  1.0E-07
  7.900E+00  4.74527E-03  1.21564E-19  4.34112E-03  0.00000E+00  1.0E-07
  8.000E+00  4.86597E-03  1.15767E-19  4.13411E-03  0.00000E+00  1.0E-07
  8.100E+00  4.98817E-03  1.10312E-19  3.93930E-03  0.00000E+00  1.0E-07
  8.200E+00  5.11188E-03  1.05176E-19  3.75589E-03  0.00000E+00  1.0E-07
  8.300E+00  5.23711E-03  1.00336E-19  3.58308E-03  0.00000E+00  1.0E-07
  8.400E+00  5.36383E-03  9.57736E-20  3.42014E-03  0.00000E+00  1.0E-07
  8.500E+00  5.49207E-03  9.14676E-20  3.26637E-03  0.00000E+00  1.0E-07
  8.600E+00  5.62181E-03  8.74021E-20  3.12119E-03  0.00000E+00  1.0E-07
  8.700E+00  5.75306E-03  8.35613E-20  2.98403E-03  0.00000E+00  1.0E-07
  8.800E+00  5.88581E-03  7.99303E-20  2.85436E-03  0.00000E+00  1.0E-07
  8.900E+00  6.02007E-03  7.64947E-20  2.73168E-03  0.00000E+00  1.0E-07
  9.000E+00  6.15583E-03  7.32428E-20  2.61555E-03  0.00000E+00  1.0E-07
  9.100E+00  6.29310E-03  7.01630E-20  2.50557E-03  0.00000E+00  1.0E-07
  9.200E+00  6.43187E-03  6.72444E-20  2.40134E-03  0.00000E+00  1.0E-07
  9.300E+00  6.57214E-03  6.44765E-20  2.30250E-03  0.00000E+00  1.0E-07
  9.400E+00  6.71392E-03  6.18504E-20  2.20872E-03  0.00000E+00  1.0E-07
  9.500E+00  6.85720E-03  5.93576E-20  2.11970E-03  0.00000E+00  1.0E-07
  9.600E+00  7.00198E-03  5.69900E-20  2.03515E-03  0.00000E+00  1.0E-07
  9.700E+00  7.14827E-03  5.47399E-20  1.95480E-03  0.00000E+00  1.0E-07
  9.800E+00  7.29605E-03  5.26004E-20  1.87840E-03  0.00000E+00  1.0E-07
  9.900E+00  7.44534E-03  5.05653E-20  1.80572E-03  0.00000E+00  1.0E-07
  1.000E+01  7.59612E-03  4.86284E-20  1.73655E-03  0.00000E+00  1.0E-07
  1.025E+01  7.97965E-03  4.41796E-20  1.57768E-03  0.00000E+00  1.0E-07
  1.050E+01  8.37255E-03  4.02318E-20  1.43670E-03  0.00000E+00  1.0E-07
  1.075E+01  8.77480E-03  3.67188E-20  1.31125E-03  0.00000E+00  1.0E-07
  1.100E+01  9.18641E-03  3.35842E-20  1.19932E-03  0.00000E+00  1.0E-07
  1.125E+01  9.60736E-03  3.07803E-20  1.09918E-03  0.00000E+00  1.0E-07
  1.150E+01  1.00376E-02  2.82658E-20  1.00939E-03  0.00000E+00  1.0E-07
  1.175E+01  1.04773E-02  2.60056E-20  9.28678E-04  0.00000E+00  1.0E-07
  1.200E+01  1.09262E-02  2.39694E-20  8.55964E-04  0.00000E+00  1.0E-07
  1.225E+01  1.13844E-02  2.21311E-20  7.90315E-04  0.00000E+00  1.0E-07
  1.250E+01  1.18520E-02  2.04678E-20  7.30919E-04  0.00000E+00  1.0E-07
  1.275E+01  1.23288E-02  1.89600E-20  6.77075E-04  0.00000E+00  1.0E-07
  1.300E+01  1.28150E-02  1.75905E-20  6.28167E-04  0.00000E+00  1.0E-07
  1.325E+01  1.33104E-02  1.63441E-20  5.83658E-04  0.00000E+00  1.0E-07
  1.350E+01  1.38150E-02  1.52081E-20  5.43090E-04  0.00000E+00  1.0E-07
  1.375E+01  1.43290E-02  1.41706E-20  5.06041E-04  0.00000E+00  1.0E-07
  1.400E+01  1.48521E-02  1.32216E-20  4.72151E-04  0.00000E+00  1.0E-07
  1.425E+01  1.53845E-02  1.23522E-20  4.41104E-04  0.00000E+00  1.0E-07
  1.450E+01  1.59262E-02  1.15544E-20  4.12616E-04  0.00000E+00  1.0E-07
  1.475E+01  1.64770E-02  1.08213E-20  3.86435E-04  0.00000E+00  1.0E-07
  1.500E+01  1.70371E-02  1.01466E-20  3.62340E-04  0.00000E+00  1.0E-07
  1.525E+01  1.76063E-02  9.52475E-21  3.40135E-04  0.00000E+00  1.0E-07
  1.550E+01  1.81848E-02  8.95094E-21  3.19644E-04  0.00000E+00  1.0E-07
  1.575E+01  1.87724E-02  8.42070E-21  3.00709E-04  0.00000E+00  1.0E-07
  1.600E+01  1.93692E-02  7.93006E-21  2.83188E-04  0.00000E+00  1.0E-07
  1.625E+01  1.99751E-02  7.47555E-21  2.66957E-04  0.00000E+00  1.0E-07
  1.650E+01  2.05901E-02  7.05401E-21  2.51903E-04  0.00000E+00  1.0E-07
  1.675E+01  2.12143E-02  6.66258E-21  2.37925E-04  0.00000E+00  1.0E-07
  1.700E+01  2.18476E-02  6.29866E-21  2.24929E-04  0.00000E+00  1.0E-07
  1.725E+01  2.24900E-02  5.95998E-21  2.12835E-04  0.00000E+00  1.0E-07
  1.750E+01  2.31415E-02  5.64447E-21  2.01568E-04  0.00000E+00  1.0E-07
  1.775E+01  2.38021E-02  5.35021E-21  1.91060E-04  0.00000E+00  1.0E-07
  1.800E+01  2.44717E-02  5.07548E-21  1.81249E-04  0.00000E+00  1.0E-07
  1.825E+01  2.51504E-02  4.81876E-21  1.72081E-04  0.00000E+00  1.0E-07
  1.850E+01  2.58382E-02  4.57863E-21  1.63506E-04  0.00000E+00  1.0E-07
  1.875E+01  2.65349E-02  4.35381E-21  1.55477E-04  0.00000E+00  1.0E-07
  1.900E+01  2.72407E-02  4.14312E-21  1.47953E-04  0.00000E+00  1.0E-07
  1.925E+01  2.79555E-02  3.94550E-21  1.40896E-04  0.00000E+00  1.0E-07
  1.950E+01  2.86793E-02  3.75999E-21  1.34272E-04  0.00000E+00  1.0E-07
  1.975E+01  2.94120E-02  3.58570E-21  1.28048E-04  0.00000E+00  1.0E-07
  2.000E+01  3.01537E-02  3.42180E-21  1.22195E-04  0.00000E+00  1.0E-07
  2.025E+01  3.09043E-02  3.26756E-21  1.16687E-04  0.00000E+00  1.0E-07
  2.050E+01  3.16639E-02  3.12229E-21  1.11499E-04  0.00000E+00  1.0E-07
  2.075E+01  3.24324E-02  2.98538E-21  1.06610E-04  0.00000E+00  1.0E-07
  2.100E+01  3.32098E-02  2.85623E-21  1.01998E-04  0.00000E+00  1.0E-07
  2.125E+01  3.39961E-02  2.73432E-21  9.76444E-05  0.00000E+00  1.0E-07
  2.150E+01  3.47912E-02  2.61917E-21  9.35322E-05  0.00000E+00  1.0E-07
  2.175E+01  3.55952E-02  2.51032E-21  8.96450E-05  0.00000E+00  1.0E-07
  2.200E+01  3.64081E-02  2.40735E-21  8.59679E-05  0.00000E+00  1.0E-07
  2.225E+01  3.72297E-02  2.30988E-21  8.24874E-05  0.00000E+00  1.0E-07
  2.250E+01  3.80602E-02  2.21757E-21  7.91907E-05  0.00000E+00  1.0E-07
  2.275E+01  3.88995E-02  2.13007E-21  7.60662E-05  0.00000E+00  1.0E-07
  2.300E+01  3.97476E-02  2.04709E-21  7.31031E-05  0.00000E+00  1.0E-07
  2.325E+01  4.06044E-02  1.96834E-21  7.02909E-05  0.00000E+00  1.0E-07
  2.350E+01  4.14700E-02  1.89357E-21  6.76207E-05  0.00000E+00  1.0E-07
  2.375E+01  4.23443E-02  1.82253E-21  6.50839E-05  0.00000E+00  1.0E-07
  2.400E+01  4.32273E-02  1.75500E-21  6.26721E-05  0.00000E+00  1.0E-07
  2.425E+01  4.41190E-02  1.69076E-21  6.03780E-05  0.00000E+00  1.0E-07
  2.450E+01  4.50194E-02  1.62962E-21  5.81947E-05  0.00000E+00  1.0E-07
  2.475E+01  4.59284E-02  1.57140E-21  5.61157E-05  0.00000E+00  1.0E-07
  2.500E+01  4.68461E-02  1.51593E-21  5.41349E-05  0.00000E+00  1.0E-07
  2.550E+01  4.87074E-02  1.41262E-21  5.04457E-05  0.00000E+00  1.0E-07
  2.600E+01  5.06030E-02  1.31856E-21  4.70867E-05  0.00000E+00  1.0E-07
  2.650E+01  5.25328E-02  1.23274E-21  4.40219E-05  0.00000E+00  1.0E-07
  2.700E+01  5.44967E-02  1.15429E-21  4.12205E-05  0.00000E+00  1.0E-07
  2.750E+01  5.64946E-02  1.08245E-21  3.86549E-05  0.00000E+00  1.0E-07
  2.800E+01  5.85262E-02  1.01654E-21  3.63014E-05  0.00000E+00  1.0E-07
  2.850E+01  6.05914E-02  9.55973E-22  3.41384E-05  0.00000E+00  1.0E-07
  2.900E+01  6.26901E-02  9.00220E-22  3.21474E-05  0.00000E+00  1.0E-07
  2.950E+01  6.48222E-02  8.48814E-22  3.03117E-05  0.00000E+00  1.0E-07
  3.000E+01  6.69873E-02  8.01346E-22  2.86166E-05  0.00000E+00  1.0E-07
  3.050E+01  6.91854E-02  7.57444E-22  2.70488E-05  0.00000E+00  1.0E-07
  3.100E+01  7.14163E-02  7.16784E-22  2.55968E-05  0.00000E+00  1.0E-07
  3.150E+01  7.36799E-02  6.79071E-22  2.42501E-05  0.00000E+00  1.0E-07
  3.200E+01  7.59760E-02  6.44045E-22  2.29993E-05  0.00000E+00  1.0E-07
  3.250E+01  7.83043E-02  6.11468E-22  2.18359E-05  0.00000E+00  1.0E-07
  3.300E+01  8.06647E-02  5.81132E-22  2.07526E-05  0.00000E+00  1.0E-07
  3.350E+01  8.30571E-02  5.52846E-22  1.97425E-05  0.00000E+00  1.0E-07
  3.400E+01  8.54812E-02  5.26439E-22  1.87995E-05  0.00000E+00  1.0E-07
  3.450E+01  8.79369E-02  5.01758E-22  1.79181E-05  0.00000E+00  1.0E-07
  3.500E+01  9.04240E-02  4.78662E-22  1.70933E-05  0.00000E+00  1.0E-07
  3.550E+01  9.29422E-02  4.57025E-22  1.63206E-05  0.00000E+00  1.0E-07
  3.600E+01  9.54915E-02  4.36732E-22  1.55960E-05  0.00000E+00  1.0E-07
  3.650E+01  9.80716E-02  4.17681E-22  1.49156E-05  0.00000E+00  1.0E-07
  3.700E+01  1.00682E-01  3.99775E-22  1.42762E-05  0.00000E+00  1.0E-07
  3.750E+01  1.03323E-01  3.82929E-22  1.36746E-05  0.00000E+00  1.0E-07
  3.800E+01  1.05995E-01  3.67065E-22  1.31081E-05  0.00000E+00  1.0E-07
  3.850E+01  1.08696E-01  3.52111E-22  1.25741E-05  0.00000E+00  1.0E-07
  3.900E+01  1.11427E-01  3.38002E-22  1.20703E-05  0.00000E+00  1.0E-07
  3.950E+01  1.14188E-01  3.24676E-22  1.15944E-05  0.00000E+00  1.0E-07
  4.000E+01  1.16978E-01  3.12081E-22  1.11446E-05  0.00000E+00  1.0E-07
  4.050E+01  1.19797E-01  3.00165E-22  1.07191E-05  0.00000E+00  1.0E-07
  4.100E+01  1.22645E-01  2.88881E-22  1.03161E-05  0.00000E+00  1.0E-07
  4.150E+01  1.25522E-01  2.78188E-22  9.93427E-06  0.00000E+00  1.0E-07
  4.200E+01  1.28428E-01  2.68046E-22  9.57210E-06  0.00000E+00  1.0E-07
  4.250E+01  1.31361E-01  2.58420E-22  9.22833E-06  0.00000E+00  1.0E-07
  4.300E+01  1.34323E-01  2.49275E-22  8.90178E-06  0.00000E+00  1.0E-07
  4.350E+01  1.37313E-01  2.40582E-22  8.59133E-06  0.00000E+00  1.0E-07
  4.400E+01  1.40330E-01  2.32311E-22  8.29599E-06  0.00000E+00  1.0E-07
  4.450E+01  1.43375E-01  2.24438E-22  8.01481E-06  0.00000E+00  1.0E-07
  4.500E+01  1.46447E-01  2.16936E-22  7.74692E-06  0.00000E+00  1.0E-07
  4.550E+01  1.49545E-01  2.09784E-22  7.49151E-06  0.00000E+00  1.0E-07
  4.600E+01  1.52671E-01  2.02960E-22  7.24784E-06  0.00000E+00  1.0E-07
  4.650E+01  1.55823E-01  1.96446E-22  7.01523E-06  0.00000E+00  1.0E-07
  4.700E+01  1.59001E-01  1.90224E-22  6.79301E-06  0.00000E+00  1.0E-07
  4.750E+01  1.62205E-01  1.84276E-22  6.58060E-06  0.00000E+00  1.0E-07
  4.800E+01  1.65435E-01  1.78587E-22  6.37744E-06  0.00000E+00  1.0E-07
  4.850E+01  1.68690E-01  1.73142E-22  6.18301E-06  0.00000E+00  1.0E-07
  4.900E+01  1.71970E-01  1.67928E-22  5.99681E-06  0.00000E+00  1.0E-07
  4.950E+01  1.75276E-01  1.62932E-22  5.81840E-06  0.00000E+00  1.0E-07
  5.000E+01  1.78606E-01  1.58142E-22  5.64736E-06  0.00000E+00  1.0E-07
  5.050E+01  1.81961E-01  1.53548E-22  5.48328E-06  0.00000E+00  1.0E-07
  5.100E+01  1.85340E-01  1.49138E-22  5.32581E-06  0.00000E+00  1.0E-07
  5.150E+01  1.88743E-01  1.44903E-22  5.17459E-06  0.00000E+00  1.0E-07
  5.200E+01  1.92169E-01  1.40835E-22  5.02930E-06  0.00000E+00  1.0E-07
  5.250E+01  1.95619E-01  1.36924E-22  4.88965E-06  0.00000E+00  1.0E-07
  5.300E+01  1.99092E-01  1.33163E-22  4.75533E-06  0.00000E+00  1.0E-07
  5.350E+01  2.02589E-01  1.29544E-22  4.62609E-06  0.00000E+00  1.0E-07
  5.400E+01  2.06107E-01  1.26060E-22  4.50168E-06  0.00000E+00  1.0E-07
  5.450E+01  2.09649E-01  1.22704E-22  4.38185E-06  0.00000E+00  1.0E-07
  5.500E+01  2.13212E-01  1.19471E-22  4.26638E-06  0.00000E+00  1.0E-07
  5.550E+01  2.16797E-01  1.16354E-22  4.15508E-06  0.00000E+00  1.0E-07
  5.600E+01  2.20404E-01  1.13348E-22  4.04773E-06  0.00000E+00  1.0E-07
  5.650E+01  2.24032E-01  1.10448E-22  3.94415E-06  0.00000E+00  1.0E-07
  5.700E+01  2.27680E-01  1.07648E-22  3.84418E-06  0.00000E+00  1.0E-07
  5.750E+01  2.31350E-01  1.04945E-22  3.74765E-06  0.00000E+00  1.0E-07
  5.800E+01  2.35040E-01  1.02333E-22  3.65439E-06  0.00000E+00  1.0E-07
  5.850E+01  2.38751E-01  9.98095E-23  3.56426E-06  0.00000E+00  1.0E-07
  5.900E+01  2.42481E-01  9.73696E-23  3.47713E-06  0.00000E+00  1.0E-07
  5.950E+01  2.46231E-01  9.50096E-23  3.39286E-06  0.00000E+00  1.0E-07
  6.000E+01  2.50000E-01  9.27263E-23  3.31132E-06  0.00000E+00  1.0E-07
  6.050E+01  2.53788E-01  9.05164E-23  3.23240E-06  0.00000E+00  1.0E-07
  6.100E+01  2.57595E-01  8.83766E-23  3.15599E-06  0.00000E+00  1.0E-07
  6.150E+01  2.61421E-01  8.63042E-23  3.08198E-06  0.00000E+00  1.0E-07
  6.200E+01  2.65264E-01  8.42962E-23  3.01027E-06  0.00000E+00  1.0E-07
  6.250E+01  2.69126E-01  8.23500E-23  2.94077E-06  0.00000E+00  1.0E-07
  6.300E+01  2.73005E-01  8.04631E-23  2.87339E-06  0.00000E+00  1.0E-07
  6.350E+01  2.76901E-01  7.86331E-23  2.80804E-06  0.00000E+00  1.0E-07
  6.400E+01  2.80814E-01  7.68577E-23  2.74464E-06  0.00000E+00  1.0E-07
  6.450E+01  2.84744E-01  7.51346E-23  2.68310E-06  0.00000E+00  1.0E-07
  6.500E+01  2.88691E-01  7.34618E-23  2.62337E-06  0.00000E+00  1.0E-07
  6.550E+01  2.92653E-01  7.18375E-23  2.56536E-06  0.00000E+00  1.0E-07
  6.600E+01  2.96632E-01  7.02596E-23  2.50902E-06  0.00000E+00  1.0E-07
  6.650E+01  3.00625E-01  6.87266E-23  2.45427E-06  0.00000E+00  1.0E-07
  6.700E+01  3.04634E-01  6.72366E-23  2.40106E-06  0.00000E+00  1.0E-07
  6.750E+01  3.08658E-01  6.57882E-23  2.34934E-06  0.00000E+00  1.0E-07
  6.800E+01  3.12697E-01  6.43796E-23  2.29904E-06  0.00000E+00  1.0E-07
  6.850E+01  3.16749E-01  6.30095E-23  2.25011E-06  0.00000E+00  1.0E-07
  6.900E+01  3.20816E-01  6.16764E-23  2.20250E-06  0.00000E+00  1.0E-07
  6.950E+01  3.24896E-01  6.03790E-23  2.15617E-06  0.00000E+00  1.0E-07
  7.000E+01  3.28990E-01  5.91160E-23  2.11107E-06  0.00000E+00  1.0E-07
  7.050E+01  3.33097E-01  5.78863E-23  2.06716E-06  0.00000E+00  1.0E-07
  7.100E+01  3.37216E-01  5.66885E-23  2.02438E-06  0.00000E+00  1.0E-07
  7.150E+01  3.41348E-01  5.55218E-23  1.98272E-06  0.00000E+00  1.0E-07
  7.200E+01  3.45492E-01  5.43849E-23  1.94212E-06  0.00000E+00  1.0E-07
  7.250E+01  3.49647E-01  5.32769E-23  1.90255E-06  0.00000E+00  1.0E-07
  7.300E+01  3.53814E-01  5.21968E-23  1.86398E-06  0.00000E+00  1.0E-07
  7.350E+01  3.57992E-01  5.11436E-23  1.82637E-06  0.00000E+00  1.0E-07
  7.400E+01  3.62181E-01  5.01165E-23  1.78969E-06  0.00000E+00  1.0E-07
  7.450E+01  3.66381E-01  4.91145E-23  1.75391E-06  0.00000E+00  1.0E-07
  7.500E+01  3.70590E-01  4.81368E-23  1.71900E-06  0.00000E+00  1.0E-07
  7.550E+01  3.74810E-01  4.71828E-23  1.68493E-06  0.00000E+00  1.0E-07
  7.600E+01  3.79039E-01  4.62515E-23  1.65167E-06  0.00000E+00  1.0E-07
  7.650E+01  3.83277E-01  4.53424E-23  1.61921E-06  0.00000E+00  1.0E-07
  7.700E+01  3.87524E-01  4.44547E-23  1.58751E-06  0.00000E+00  1.0E-07
  7.750E+01  3.91780E-01  4.35877E-23  1.55654E-06  0.00000E+00  1.0E-07
  7.800E+01  3.96044E-01  4.27408E-23  1.52630E-06  0.00000E+00  1.0E-07
  7.850E+01  4.00316E-01  4.19134E-23  1.49675E-06  0.00000E+00  1.0E-07
  7.900E+01  4.04596E-01  4.11048E-23  1.46788E-06  0.00000E+00  1.0E-07
  7.950E+01  4.08882E-01  4.03145E-23  1.43966E-06  0.00000E+00  1.0E-07
  8.000E+01  4.13176E-01  3.95420E-23  1.41207E-06  0.00000E+00  1.0E-07
  8.050E+01  4.17476E-01  3.87867E-23  1.38510E-06  0.00000E+00  1.0E-07
  8.100E+01  4.21783E-01  3.80481E-23  1.35872E-06  0.00000E+00  1.0E-07
  8.150E+01  4.26095E-01  3.73257E-23  1.33293E-06  0.00000E+00  1.0E-07
  8.200E+01  4.30413E-01  3.66191E-23  1.30769E-06  0.00000E+00  1.0E-07
  8.250E+01  4.34737E-01  3.59278E-23  1.28301E-06  0.00000E+00  1.0E-07
  8.300E+01  4.39065E-01  3.52514E-23  1.25885E-06  0.00000E+00  1.0E-07
  8.350E+01  4.43398E-01  3.45894E-23  1.23521E-06  0.00000E+00  1.0E-07
  8.400E+01  4.47736E-01  3.39415E-23  1.21207E-06  0.00000E+00  1.0E-07
  8.450E+01  4.52077E-01  3.33072E-23  1.18942E-06  0.00000E+00  1.0E-07
  8.500E+01  4.56422E-01  3.26862E-23  1.16725E-06  0.00000E+00  1.0E-07
  8.550E+01  4.60770E-01  3.20781E-23  1.14553E-06  0.00000E+00  1.0E-07
  8.600E+01  4.65122E-01  3.14825E-23  1.12426E-06  0.00000E+00  1.0E-07
  8.650E+01  4.69476E-01  3.08991E-23  1.10343E-06  0.00000E+00  1.0E-07
  8.700E+01  4.73832E-01  3.03276E-23  1.08302E-06  0.00000E+00  1.0E-07
  8.750E+01  4.78190E-01  2.97677E-23  1.06302E-06  0.00000E+00  1.0E-07
  8.800E+01  4.82550E-01  2.92191E-23  1.04343E-06  0.00000E+00  1.0E-07
  8.850E+01  4.86912E-01  2.86814E-23  1.02423E-06  0.00000E+00  1.0E-07
  8.900E+01  4.91274E-01  2.81545E-23  1.00541E-06  0.00000E+00  1.0E-07
  8.950E+01  4.95637E-01  2.76379E-23  9.86968E-07  0.00000E+00  1.0E-07
  9.000E+01  5.00000E-01  2.71315E-23  9.68883E-07  0.00000E+00  1.0E-07
  9.050E+01  5.04363E-01  2.66350E-23  9.51151E-07  0.00000E+00  1.0E-07
  9.100E+01  5.08726E-01  2.61480E-23  9.33763E-07  0.00000E+00  1.0E-07
  9.150E+01  5.13088E-01  2.56705E-23  9.16710E-07  0.00000E+00  1.0E-07
  9.200E+01  5.17450E-01  2.52021E-23  8.99984E-07  0.00000E+00  1.0E-07
  9.250E+01  5.21810E-01  2.47427E-23  8.83576E-07  0.00000E+00  1.0E-07
  9.300E+01  5.26168E-01  2.42919E-23  8.67481E-07  0.00000E+00  1.0E-07
  9.350E+01  5.30524E-01  2.38497E-23  8.51689E-07  0.00000E+00  1.0E-07
  9.400E+01  5.34878E-01  2.34158E-23  8.36194E-07  0.00000E+00  1.0E-07
  9.450E+01  5.39230E-01  2.29900E-23  8.20988E-07  0.00000E+00  1.0E-07
  9.500E+01  5.43578E-01  2.25721E-23  8.06065E-07  0.00000E+00  1.0E-07
  9.550E+01  5.47923E-01  2.21619E-23  7.91417E-07  0.00000E+00  1.0E-07
  9.600E+01  5.52264E-01  2.17593E-23  7.77039E-07  0.00000E+00  1.0E-07
  9.650E+01  5.56602E-01  2.13640E-23  7.62922E-07  0.00000E+00  1.0E-07
  9.700E+01  5.60935E-01  2.09759E-23  7.49062E-07  0.00000E+00  1.0E-07
  9.750E+01  5.65263E-01  2.05948E-23  7.35452E-07  0.00000E+00  1.0E-07
  9.800E+01  5.69587E-01  2.02205E-23  7.22088E-07  0.00000E+00  1.0E-07
  9.850E+01  5.73905E-01  1.98530E-23  7.08964E-07  0.00000E+00  1.0E-07
  9.900E+01  5.78217E-01  1.94921E-23  6.96075E-07  0.00000E+00  1.0E-07
  9.950E+01  5.82524E-01  1.91376E-23  6.83415E-07  0.00000E+00  1.0E-07
  1.000E+02  5.86824E-01  1.87893E-23  6.70979E-07  0.00000E+00  1.0E-07
  1.005E+02  5.91118E-01  1.84472E-23  6.58763E-07  0.00000E+00  1.0E-07
  1.010E+02  5.95404E-01  1.81111E-23  6.46760E-07  0.00000E+00  1.0E-07
  1.015E+02  5.99684E-01  1.77809E-23  6.34966E-07  0.00000E+00  1.0E-07
  1.020E+02  6.03956E-01  1.74563E-23  6.23377E-07  0.00000E+00  1.0E-07
  1.025E+02  6.08220E-01  1.71374E-23  6.11988E-07  0.00000E+00  1.0E-07
  1.030E+02  6.12476E-01  1.68240E-23  6.00796E-07  0.00000E+00  1.0E-07
  1.035E+02  6.16723E-01  1.65160E-23  5.89796E-07  0.00000E+00  1.0E-07
  1.040E+02  6.20961E-01  1.62132E-23  5.78985E-07  0.00000E+00  1.0E-07
  1.045E+02  6.25190E-01  1.59157E-23  5.68358E-07  0.00000E+00  1.0E-07
  1.050E+02  6.29410E-01  1.56231E-23  5.57913E-07  0.00000E+00  1.0E-07
  1.055E+02  6.33619E-01  1.53356E-23  5.47643E-07  0.00000E+00  1.0E-07
  1.060E+02  6.37819E-01  1.50529E-23  5.37547E-07  0.00000E+00  1.0E-07
  1.065E+02  6.42008E-01  1.47749E-23  5.27621E-07  0.00000E+00  1.0E-07
  1.070E+02  6.46186E-01  1.45016E-23  5.17860E-07  0.00000E+00  1.0E-07
  1.075E+02  6.50353E-01  1.42328E-23  5.08262E-07  0.00000E+00  1.0E-07
  1.080E+02  6.54508E-01  1.39685E-23  4.98824E-07  0.00000E+00  1.0E-07
  1.085E+02  6.58652E-01  1.37086E-23  4.89543E-07  0.00000E+00  1.0E-07
  1.090E+02  6.62784E-01  1.34530E-23  4.80415E-07  0.00000E+00  1.0E-07
  1.095E+02  6.66903E-01  1.32016E-23  4.71437E-07  0.00000E+00  1.0E-07
  1.100E+02  6.71010E-01  1.29543E-23  4.62608E-07  0.00000E+00  1.0E-07
  1.105E+02  6.75104E-01  1.27111E-23  4.53923E-07  0.00000E+00  1.0E-07
  1.110E+02  6.79184E-01  1.24719E-23  4.45380E-07  0.00000E+00  1.0E-07
  1.115E+02  6.83251E-01  1.22366E-23  4.36977E-07  0.00000E+00  1.0E-07
  1.120E+02  6.87303E-01  1.20051E-23  4.28710E-07  0.00000E+00  1.0E-07
  1.125E+02  6.91342E-01  1.17774E-23  4.20577E-07  0.00000E+00  1.0E-07
  1.130E+02  6.95366E-01  1.15533E-23  4.12576E-07  0.00000E+00  1.0E-07
  1.135E+02  6.99375E-01  1.13329E-23  4.04704E-07  0.00000E+00  1.0E-07
  1.140E+02  7.03368E-01  1.11160E-23  3.96959E-07  0.00000E+00  1.0E-07
  1.145E+02  7.07347E-01  1.09026E-23  3.89338E-07  0.00000E+00  1.0E-07
  1.150E+02  7.11309E-01  1.06926E-23  3.81840E-07  0.00000E+00  1.0E-07
  1.155E+02  7.15256E-01  1.04860E-23  3.74462E-07  0.00000E+00  1.0E-07
  1.160E+02  7.19186E-01  1.02827E-23  3.67202E-07  0.00000E+00  1.0E-07
  1.165E+02  7.23099E-01  1.00827E-23  3.60058E-07  0.00000E+00  1.0E-07
  1.170E+02  7.26995E-01  9.88580E-24  3.53028E-07  0.00000E+00  1.0E-07
  1.175E+02  7.30874E-01  9.69207E-24  3.46110E-07  0.00000E+00  1.0E-07
  1.180E+02  7.34736E-01  9.50142E-24  3.39302E-07  0.00000E+00  1.0E-07
  1.185E+02  7.38579E-01  9.31380E-24  3.32602E-07  0.00000E+00  1.0E-07
  1.190E+02  7.42405E-01  9.12915E-24  3.26008E-07  0.00000E+00  1.0E-07
  1.195E+02  7.46212E-01  8.94743E-24  3.19519E-07  0.00000E+00  1.0E-07
  1.200E+02  7.50000E-01  8.76858E-24  3.13132E-07  0.00000E+00  1.0E-07
  1.205E+02  7.53769E-01  8.59256E-24  3.06846E-07  0.00000E+00  1.0E-07
  1.210E+02  7.57519E-01  8.41932E-24  3.00659E-07  0.00000E+00  1.0E-07
  1.215E+02  7.61249E-01  8.24882E-24  2.94571E-07  0.00000E+00  1.0E-07
  1.220E+02  7.64960E-01  8.08100E-24  2.88578E-07  0.00000E+00  1.0E-07
  1.225E+02  7.68650E-01  7.91583E-24  2.82680E-07  0.00000E+00  1.0E-07
  1.230E+02  7.72320E-01  7.75327E-24  2.76874E-07  0.00000E+00  1.0E-07
  1.235E+02  7.75968E-01  7.59327E-24  2.71161E-07  0.00000E+00  1.0E-07
  1.240E+02  7.79596E-01  7.43580E-24  2.65537E-07  0.00000E+00  1.0E-07
  1.245E+02  7.83203E-01  7.28081E-24  2.60002E-07  0.00000E+00  1.0E-07
  1.250E+02  7.86788E-01  7.12826E-24  2.54555E-07  0.00000E+00  1.0E-07
  1.255E+02  7.90351E-01  6.97811E-24  2.49193E-07  0.00000E+00  1.0E-07
  1.260E+02  7.93893E-01  6.83034E-24  2.43916E-07  0.00000E+00  1.0E-07
  1.265E+02  7.97411E-01  6.68490E-24  2.38722E-07  0.00000E+00  1.0E-07
  1.270E+02  8.00908E-01  6.54176E-24  2.33610E-07  0.00000E+00  1.0E-07
  1.275E+02  8.04381E-01  6.40088E-24  2.28579E-07  0.00000E+00  1.0E-07
  1.280E+02  8.07831E-01  6.26222E-24  2.23628E-07  0.00000E+00  1.0E-07
  1.285E+02  8.11257E-01  6.12577E-24  2.18755E-07  0.00000E+00  1.0E-07
  1.290E+02  8.14660E-01  5.99148E-24  2.13960E-07  0.00000E+00  1.0E-07
  1.295E+02  8.18039E-01  5.85932E-24  2.09240E-07  0.00000E+00  1.0E-07
  1.300E+02  8.21394E-01  5.72926E-24  2.04596E-07  0.00000E+00  1.0E-07
  1.305E+02  8.24724E-01  5.60128E-24  2.00025E-07  0.00000E+00  1.0E-07
  1.310E+02  8.28030E-01  5.47534E-24  1.95528E-07  0.00000E+00  1.0E-07
  1.315E+02  8.31310E-01  5.35141E-24  1.91102E-07  0.00000E+00  1.0E-07
  1.320E+02  8.34565E-01  5.22947E-24  1.86748E-07  0.00000E+00  1.0E-07
  1.325E+02  8.37795E-01  5.10949E-24  1.82463E-07  0.00000E+00  1.0E-07
  1.330E+02  8.40999E-01  4.99144E-24  1.78247E-07  0.00000E+00  1.0E-07
  1.335E+02  8.44177E-01  4.87529E-24  1.74100E-07  0.00000E+00  1.0E-07
  1.340E+02  8.47329E-01  4.76102E-24  1.70019E-07  0.00000E+00  1.0E-07
  1.345E+02  8.50455E-01  4.64861E-24  1.66005E-07  0.00000E+00  1.0E-07
  1.350E+02  8.53553E-01  4.53803E-24  1.62056E-07  0.00000E+00  1.0E-07
  1.355E+02  8.56625E-01  4.42925E-24  1.58171E-07  0.00000E+00  1.0E-07
  1.360E+02  8.59670E-01  4.32226E-24  1.54351E-07  0.00000E+00  1.0E-07
  1.365E+02  8.62687E-01  4.21702E-24  1.50593E-07  0.00000E+00  1.0E-07
  1.370E+02  8.65677E-01  4.11352E-24  1.46897E-07  0.00000E+00  1.0E-07
  1.375E+02  8.68639E-01  4.01174E-24  1.43262E-07  0.00000E+00  1.0E-07
  1.380E+02  8.71572E-01  3.91165E-24  1.39688E-07  0.00000E+00  1.0E-07
  1.385E+02  8.74478E-01  3.81323E-24  1.36173E-07  0.00000E+00  1.0E-07
  1.390E+02  8.77355E-01  3.71647E-24  1.32718E-07  0.00000E+00  1.0E-07
  1.395E+02  8.80203E-01  3.62134E-24  1.29320E-07  0.00000E+00  1.0E-07
  1.400E+02  8.83022E-01  3.52782E-24  1.25981E-07  0.00000E+00  1.0E-07
  1.405E+02  8.85812E-01  3.43589E-24  1.22698E-07  0.00000E+00  1.0E-07
  1.410E+02  8.88573E-01  3.34554E-24  1.19471E-07  0.00000E+00  1.0E-07
  1.415E+02  8.91304E-01  3.25674E-24  1.16300E-07  0.00000E+00  1.0E-07
  1.420E+02  8.94005E-01  3.16948E-24  1.13184E-07  0.00000E+00  1.0E-07
  1.425E+02  8.96677E-01  3.08374E-24  1.10123E-07  0.00000E+00  1.0E-07
  1.430E+02  8.99318E-01  2.99951E-24  1.07114E-07  0.00000E+00  1.0E-07
  1.435E+02  9.01928E-01  2.91676E-24  1.04160E-07  0.00000E+00  1.0E-07
  1.440E+02  9.04508E-01  2.83549E-24  1.01257E-07  0.00000E+00  1.0E-07
  1.445E+02  9.07058E-01  2.75567E-24  9.84066E-08  0.00000E+00  1.0E-07
  1.450E+02  9.09576E-01  2.67728E-24  9.56075E-08  0.00000E+00  1.0E-07
  1.455E+02  9.12063E-01  2.60032E-24  9.28592E-08  0.00000E+00  1.0E-07
  1.460E+02  9.14519E-01  2.52477E-24  9.01612E-08  0.00000E+00  1.0E-07
  1.465E+02  9.16943E-01  2.45061E-24  8.75130E-08  0.00000E+00  1.0E-07
  1.470E+02  9.19335E-01  2.37783E-24  8.49140E-08  0.00000E+00  1.0E-07
  1.475E+02  9.21696E-01  2.30642E-24  8.23638E-08  0.00000E+00  1.0E-07
  1.480E+02  9.24024E-01  2.23636E-24  7.98619E-08  0.00000E+00  1.0E-07
  1.485E+02  9.26320E-01  2.16764E-24  7.74078E-08  0.00000E+00  1.0E-07
  1.490E+02  9.28584E-01  2.10024E-24  7.50010E-08  0.00000E+00  1.0E-07
  1.495E+02  9.30815E-01  2.03416E-24  7.26412E-08  0.00000E+00  1.0E-07
  1.500E+02  9.33013E-01  1.96938E-24  7.03277E-08  0.00000E+00  1.0E-07
  1.505E+02  9.35178E-01  1.90588E-24  6.80603E-08  0.00000E+00  1.0E-07
  1.510E+02  9.37310E-01  1.84367E-24  6.58385E-08  0.00000E+00  1.0E-07
  1.515E+02  9.39409E-01  1.78271E-24  6.36619E-08  0.00000E+00  1.0E-07
  1.520E+02  9.41474E-01  1.72302E-24  6.15300E-08  0.00000E+00  1.0E-07
  1.525E+02  9.43505E-01  1.66456E-24  5.94425E-08  0.00000E+00  1.0E-07
  1.530E+02  9.45503E-01  1.60734E-24  5.73990E-08  0.00000E+00  1.0E-07
  1.535E+02  9.47467E-01  1.55133E-24  5.53992E-08  0.00000E+00  1.0E-07
  1.540E+02  9.49397E-01  1.49654E-24  5.34426E-08  0.00000E+00  1.0E-07
  1.545E+02  9.51293E-01  1.44296E-24  5.15289E-08  0.00000E+00  1.0E-07
  1.550E+02  9.53154E-01  1.39056E-24  4.96578E-08  0.00000E+00  1.0E-07
  1.555E+02  9.54981E-01  1.33935E-24  4.78289E-08  0.00000E+00  1.0E-07
  1.560E+02  9.56773E-01  1.28930E-24  4.60419E-08  0.00000E+00  1.0E-07
  1.565E+02  9.58530E-01  1.24043E-24  4.42965E-08  0.00000E+00  1.0E-07
  1.570E+02  9.60252E-01  1.19271E-24  4.25923E-08  0.00000E+00  1.0E-07
  1.575E+02  9.61940E-01  1.14613E-24  4.09291E-08  0.00000E+00  1.0E-07
  1.580E+02  9.63592E-01  1.10070E-24  3.93066E-08  0.00000E+00  1.0E-07
  1.585E+02  9.65209E-01  1.05639E-24  3.77244E-08  0.00000E+00  1.0E-07
  1.590E+02  9.66790E-01  1.01321E-24  3.61824E-08  0.00000E+00  1.0E-07
  1.595E+02  9.68336E-01  9.71143E-25  3.46801E-08  0.00000E+00  1.0E-07
  1.600E+02  9.69846E-01  9.30184E-25  3.32175E-08  0.00000E+00  1.0E-07
  1.605E+02  9.71321E-01  8.90326E-25  3.17941E-08  0.00000E+00  1.0E-07
  1.610E+02  9.72759E-01  8.51562E-25  3.04098E-08  0.00000E+00  1.0E-07
  1.615E+02  9.74162E-01  8.13885E-25  2.90644E-08  0.00000E+00  1.0E-07
  1.620E+02  9.75528E-01  7.77288E-25  2.77575E-08  0.00000E+00  1.0E-07
  1.625E+02  9.76858E-01  7.41766E-25  2.64889E-08  0.00000E+00  1.0E-07
  1.630E+02  9.78152E-01  7.07312E-25  2.52586E-08  0.00000E+00  1.0E-07
  1.635E+02  9.79410E-01  6.73919E-25  2.40661E-08  0.00000E+00  1.0E-07
  1.640E+02  9.80631E-01  6.41584E-25  2.29114E-08  0.00000E+00  1.0E-07
  1.645E+02  9.81815E-01  6.10299E-25  2.17942E-08  0.00000E+00  1.0E-07
  1.650E+02  9.82963E-01  5.80059E-25  2.07143E-08  0.00000E+00  1.0E-07
  1.655E+02  9.84074E-01  5.50860E-25  1.96716E-08  0.00000E+00  1.0E-07
  1.660E+02  9.85148E-01  5.22696E-25  1.86658E-08  0.00000E+00  1.0E-07
  1.665E+02  9.86185E-01  4.95562E-25  1.76969E-08  0.00000E+00  1.0E-07
  1.670E+02  9.87185E-01  4.69455E-25  1.67645E-08  0.00000E+00  1.0E-07
  1.675E+02  9.88148E-01  4.44369E-25  1.58687E-08  0.00000E+00  1.0E-07
  1.680E+02  9.89074E-01  4.20300E-25  1.50092E-08  0.00000E+00  1.0E-07
  1.685E+02  9.89962E-01  3.97244E-25  1.41858E-08  0.00000E+00  1.0E-07
  1.690E+02  9.90814E-01  3.75198E-25  1.33986E-08  0.00000E+00  1.0E-07
  1.695E+02  9.91627E-01  3.54157E-25  1.26472E-08  0.00000E+00  1.0E-07
  1.700E+02  9.92404E-01  3.34118E-25  1.19316E-08  0.00000E+00  1.0E-07
  1.705E+02  9.93143E-01  3.15078E-25  1.12516E-08  0.00000E+00  1.0E-07
  1.710E+02  9.93844E-01  2.97033E-25  1.06072E-08  0.00000E+00  1.0E-07
  1.715E+02  9.94508E-01  2.79981E-25  9.99829E-09  0.00000E+00  1.0E-07
  1.720E+02  9.95134E-01  2.63918E-25  9.42467E-09  0.00000E+00  1.0E-07
  1.725E+02  9.95722E-01  2.48842E-25  8.88630E-09  0.00000E+00  1.0E-07
  1.730E+02  9.96273E-01  2.34750E-25  8.38308E-09  0.00000E+00  1.0E-07
  1.735E+02  9.96786E-01  2.21641E-25  7.91493E-09  0.00000E+00  1.0E-07
  1.740E+02  9.97261E-01  2.09511E-25  7.48176E-09  0.00000E+00  1.0E-07
  1.745E+02  9.97698E-01  1.98359E-25  7.08352E-09  0.00000E+00  1.0E-07
  1.750E+02  9.98097E-01  1.88183E-25  6.72013E-09  0.00000E+00  1.0E-07
  1.755E+02  9.98459E-01  1.78981E-25  6.39152E-09  0.00000E+00  1.0E-07
  1.760E+02  9.98782E-01  1.70752E-25  6.09765E-09  0.00000E+00  1.0E-07
  1.765E+02  9.99067E-01  1.63494E-25  5.83847E-09  0.00000E+00  1.0E-07
  1.770E+02  9.99315E-01  1.57206E-25  5.61394E-09  0.00000E+00  1.0E-07
  1.775E+02  9.99524E-01  1.51888E-25  5.42401E-09  0.00000E+00  1.0E-07
  1.780E+02  9.99695E-01  1.47537E-25  5.26866E-09  0.00000E+00  1.0E-07
  1.785E+02  9.99829E-01  1.44155E-25  5.14785E-09  0.00000E+00  1.0E-07
  1.790E+02  9.99924E-01  1.41739E-25  5.06158E-09  0.00000E+00  1.0E-07
  1.795E+02  9.99981E-01  1.40289E-25  5.00982E-09  0.00000E+00  1.0E-07
  1.800E+02  1.00000E+00  1.39806E-25  4.99257E-09  0.00000E+00  1.0E-07
