 #
 # Subroutine ELSEPA. Elastic scattering of electrons and positrons
 #                    by neutral atoms and positive ions
 #
 # Projectile: electron
 # Kinetic energy = 3.70000E+06 eV = 1.35973E+05 a.u.
 #
 # WARNING: High-energy factorization with free-atom DF screening.
 #          Absorption, polarization and exchange corrections are
 #          switched off.
 #          Phase shifts are calculated for the bare nucleus.
 #          Scattering amplitudes are not evaluated.
 #
 # Element: Er,  Z =  68,  atomic weight = 1.67260E+02 g/mol
 #
 # Nuclear model: Fermi distribution
 #                Average radius = 5.89542E-13 cm
 #                Skin thickness = 5.46000E-14 cm
 #
 # Number of electrons = 68
 #
 # Total elastic cross section = 7.16918E-18 cm**2 = 2.56016E-01 a0**2
 # 1st transport cross section = 4.20442E-22 cm**2 = 1.50143E-05 a0**2
 # 2nd transport cross section = 1.14171E-21 cm**2 = 4.07714E-05 a0**2
 #
 #
 # Differential cross section:                       MU=(1-COS(THETA))/2
 #
 #  THETA        MU          DCS          DCS        Sherman      error
 #  (deg)                 (cm**2/sr)   (a0**2/sr)    function
 #----------------------------------------------------------------------
  0.000E+00  0.00000E+00  1.28130E-12  4.57561E+04  0.00000E+00  1.0E-05
  1.000E-04  7.61557E-13  1.28129E-12  4.57557E+04  0.00000E+00  1.0E-05
  1.250E-04  1.18994E-12  1.28129E-12  4.57555E+04  0.00000E+00  1.0E-05
  1.500E-04  1.71346E-12  1.28128E-12  4.57553E+04  0.00000E+00  1.0E-05
  1.750E-04  2.33225E-12  1.28127E-12  4.57550E+04  0.00000E+00  1.0E-05
  2.000E-04  3.04617E-12  1.28126E-12  4.57546E+04  0.00000E+00  1.0E-05
  2.250E-04  3.85530E-12  1.28125E-12  4.57543E+04  0.00000E+00  1.0E-05
  2.500E-04  4.75964E-12  1.28124E-12  4.57538E+04  0.00000E+00  1.0E-05
  2.750E-04  5.75917E-12  1.28122E-12  4.57534E+04  0.00000E+00  1.0E-05
  3.000E-04  6.85391E-12  1.28121E-12  4.57529E+04  0.00000E+00  1.0E-05
  3.250E-04  8.04379E-12  1.28119E-12  4.57523E+04  0.00000E+00  1.0E-05
  3.500E-04  9.32893E-12  1.28118E-12  4.57517E+04  0.00000E+00  1.0E-05
  3.750E-04  1.07092E-11  1.28116E-12  4.57510E+04  0.00000E+00  1.0E-05
  4.000E-04  1.21847E-11  1.28114E-12  4.57504E+04  0.00000E+00  1.0E-05
  4.250E-04  1.37554E-11  1.28112E-12  4.57496E+04  0.00000E+00  1.0E-05
  4.500E-04  1.54213E-11  1.28110E-12  4.57488E+04  0.00000E+00  1.0E-05
  4.750E-04  1.71823E-11  1.28107E-12  4.57480E+04  0.00000E+00  1.0E-05
  5.000E-04  1.90386E-11  1.28105E-12  4.57471E+04  0.00000E+00  1.0E-05
  5.250E-04  2.09900E-11  1.28102E-12  4.57462E+04  0.00000E+00  1.0E-05
  5.500E-04  2.30367E-11  1.28100E-12  4.57453E+04  0.00000E+00  1.0E-05
  5.750E-04  2.51785E-11  1.28097E-12  4.57442E+04  0.00000E+00  1.0E-05
  6.000E-04  2.74156E-11  1.28094E-12  4.57432E+04  0.00000E+00  1.0E-05
  6.250E-04  2.97478E-11  1.28091E-12  4.57421E+04  0.00000E+00  1.0E-05
  6.500E-04  3.21752E-11  1.28088E-12  4.57410E+04  0.00000E+00  1.0E-05
  6.750E-04  3.46979E-11  1.28084E-12  4.57398E+04  0.00000E+00  1.0E-05
  7.000E-04  3.73157E-11  1.28081E-12  4.57385E+04  0.00000E+00  1.0E-05
  7.250E-04  4.00286E-11  1.28077E-12  4.57373E+04  0.00000E+00  1.0E-05
  7.500E-04  4.28368E-11  1.28074E-12  4.57359E+04  0.00000E+00  1.0E-05
  7.750E-04  4.57402E-11  1.28070E-12  4.57346E+04  0.00000E+00  1.0E-05
  8.000E-04  4.87388E-11  1.28066E-12  4.57332E+04  0.00000E+00  1.0E-05
  8.250E-04  5.18325E-11  1.28062E-12  4.57317E+04  0.00000E+00  1.0E-05
  8.500E-04  5.50215E-11  1.28058E-12  4.57302E+04  0.00000E+00  1.0E-05
  8.750E-04  5.83057E-11  1.28053E-12  4.57287E+04  0.00000E+00  1.0E-05
  9.000E-04  6.16850E-11  1.28049E-12  4.57271E+04  0.00000E+00  1.0E-05
  9.250E-04  6.51595E-11  1.28044E-12  4.57254E+04  0.00000E+00  1.0E-05
  9.500E-04  6.87293E-11  1.28040E-12  4.57238E+04  0.00000E+00  1.0E-05
  9.750E-04  7.23943E-11  1.28035E-12  4.57220E+04  0.00000E+00  1.0E-05
  1.000E-03  7.61544E-11  1.28030E-12  4.57203E+04  0.00000E+00  1.0E-05
  1.250E-03  1.18991E-10  1.27973E-12  4.57001E+04  0.00000E+00  1.0E-05
  1.500E-03  1.71347E-10  1.27905E-12  4.56756E+04  0.00000E+00  1.0E-05
  1.750E-03  2.33223E-10  1.27823E-12  4.56465E+04  0.00000E+00  1.0E-05
  2.000E-03  3.04617E-10  1.27730E-12  4.56130E+04  0.00000E+00  1.0E-05
  2.250E-03  3.85531E-10  1.27623E-12  4.55752E+04  0.00000E+00  1.0E-05
  2.500E-03  4.75965E-10  1.27505E-12  4.55329E+04  0.00000E+00  1.0E-05
  2.750E-03  5.75917E-10  1.27374E-12  4.54862E+04  0.00000E+00  1.0E-05
  3.000E-03  6.85389E-10  1.27232E-12  4.54352E+04  0.00000E+00  1.0E-05
  3.250E-03  8.04380E-10  1.27077E-12  4.53799E+04  0.00000E+00  1.0E-05
  3.500E-03  9.32891E-10  1.26910E-12  4.53202E+04  0.00000E+00  1.0E-05
  3.750E-03  1.07092E-09  1.26731E-12  4.52563E+04  0.00000E+00  1.0E-05
  4.000E-03  1.21847E-09  1.26540E-12  4.51881E+04  0.00000E+00  1.0E-05
  4.250E-03  1.37554E-09  1.26337E-12  4.51158E+04  0.00000E+00  1.0E-05
  4.500E-03  1.54213E-09  1.26123E-12  4.50392E+04  0.00000E+00  1.0E-05
  4.750E-03  1.71823E-09  1.25897E-12  4.49586E+04  0.00000E+00  1.0E-05
  5.000E-03  1.90386E-09  1.25659E-12  4.48738E+04  0.00000E+00  1.0E-05
  5.250E-03  2.09900E-09  1.25411E-12  4.47850E+04  0.00000E+00  1.0E-05
  5.500E-03  2.30367E-09  1.25151E-12  4.46921E+04  0.00000E+00  1.0E-05
  5.750E-03  2.51785E-09  1.24880E-12  4.45953E+04  0.00000E+00  1.0E-05
  6.000E-03  2.74156E-09  1.24597E-12  4.44946E+04  0.00000E+00  1.0E-05
  6.250E-03  2.97478E-09  1.24304E-12  4.43899E+04  0.00000E+00  1.0E-05
  6.500E-03  3.21752E-09  1.24001E-12  4.42815E+04  0.00000E+00  1.0E-05
  6.750E-03  3.46978E-09  1.23687E-12  4.41693E+04  0.00000E+00  1.0E-05
  7.000E-03  3.73156E-09  1.23362E-12  4.40533E+04  0.00000E+00  1.0E-05
  7.250E-03  4.00286E-09  1.23027E-12  4.39337E+04  0.00000E+00  1.0E-05
  7.500E-03  4.28368E-09  1.22682E-12  4.38104E+04  0.00000E+00  1.0E-05
  7.750E-03  4.57402E-09  1.22327E-12  4.36836E+04  0.00000E+00  1.0E-05
  8.000E-03  4.87388E-09  1.21962E-12  4.35533E+04  0.00000E+00  1.0E-05
  8.250E-03  5.18326E-09  1.21587E-12  4.34195E+04  0.00000E+00  1.0E-05
  8.500E-03  5.50215E-09  1.21203E-12  4.32823E+04  0.00000E+00  1.0E-05
  8.750E-03  5.83057E-09  1.20809E-12  4.31418E+04  0.00000E+00  1.0E-05
  9.000E-03  6.16850E-09  1.20407E-12  4.29981E+04  0.00000E+00  1.0E-05
  9.250E-03  6.51596E-09  1.19995E-12  4.28511E+04  0.00000E+00  1.0E-05
  9.500E-03  6.87293E-09  1.19575E-12  4.27010E+04  0.00000E+00  1.0E-05
  9.750E-03  7.23942E-09  1.19146E-12  4.25479E+04  0.00000E+00  1.0E-05
  1.000E-02  7.61544E-09  1.18709E-12  4.23917E+04  0.00000E+00  1.0E-05
  1.250E-02  1.18991E-08  1.13914E-12  4.06795E+04  0.00000E+00  1.0E-05
  1.500E-02  1.71347E-08  1.08505E-12  3.87480E+04  0.00000E+00  1.0E-05
  1.750E-02  2.33223E-08  1.02654E-12  3.66584E+04  0.00000E+00  1.0E-05
  2.000E-02  3.04617E-08  9.65506E-13  3.44788E+04  0.00000E+00  1.0E-05
  2.250E-02  3.85531E-08  9.03883E-13  3.22783E+04  0.00000E+00  1.0E-05
  2.500E-02  4.75965E-08  8.43063E-13  3.01063E+04  0.00000E+00  1.0E-05
  2.750E-02  5.75917E-08  7.83996E-13  2.79970E+04  0.00000E+00  1.0E-05
  3.000E-02  6.85389E-08  7.27518E-13  2.59801E+04  0.00000E+00  1.0E-05
  3.250E-02  8.04380E-08  6.74396E-13  2.40831E+04  0.00000E+00  1.0E-05
  3.500E-02  9.32891E-08  6.25037E-13  2.23205E+04  0.00000E+00  1.0E-05
  3.750E-02  1.07092E-07  5.79318E-13  2.06878E+04  0.00000E+00  1.0E-05
  4.000E-02  1.21847E-07  5.37256E-13  1.91858E+04  0.00000E+00  1.0E-05
  4.250E-02  1.37554E-07  4.98830E-13  1.78135E+04  0.00000E+00  1.0E-05
  4.500E-02  1.54213E-07  4.63991E-13  1.65694E+04  0.00000E+00  1.0E-05
  4.750E-02  1.71823E-07  4.32262E-13  1.54364E+04  0.00000E+00  1.0E-05
  5.000E-02  1.90386E-07  4.03416E-13  1.44063E+04  0.00000E+00  1.0E-05
  5.250E-02  2.09900E-07  3.77219E-13  1.34707E+04  0.00000E+00  1.0E-05
  5.500E-02  2.30367E-07  3.53522E-13  1.26245E+04  0.00000E+00  1.0E-05
  5.750E-02  2.51785E-07  3.31931E-13  1.18535E+04  0.00000E+00  1.0E-05
  6.000E-02  2.74156E-07  3.12242E-13  1.11504E+04  0.00000E+00  1.0E-05
  6.250E-02  2.97478E-07  2.94265E-13  1.05084E+04  0.00000E+00  1.0E-05
  6.500E-02  3.21752E-07  2.77822E-13  9.92120E+03  0.00000E+00  1.0E-05
  6.750E-02  3.46978E-07  2.62715E-13  9.38174E+03  0.00000E+00  1.0E-05
  7.000E-02  3.73156E-07  2.48807E-13  8.88508E+03  0.00000E+00  1.0E-05
  7.250E-02  4.00286E-07  2.35976E-13  8.42685E+03  0.00000E+00  1.0E-05
  7.500E-02  4.28368E-07  2.24082E-13  8.00213E+03  0.00000E+00  1.0E-05
  7.750E-02  4.57402E-07  2.13026E-13  7.60728E+03  0.00000E+00  1.0E-05
  8.000E-02  4.87388E-07  2.02738E-13  7.23991E+03  0.00000E+00  1.0E-05
  8.250E-02  5.18325E-07  1.93147E-13  6.89741E+03  0.00000E+00  1.0E-05
  8.500E-02  5.50215E-07  1.84162E-13  6.57653E+03  0.00000E+00  1.0E-05
  8.750E-02  5.83057E-07  1.75711E-13  6.27475E+03  0.00000E+00  1.0E-05
  9.000E-02  6.16850E-07  1.67780E-13  5.99152E+03  0.00000E+00  1.0E-05
  9.250E-02  6.51596E-07  1.60324E-13  5.72528E+03  0.00000E+00  1.0E-05
  9.500E-02  6.87293E-07  1.53291E-13  5.47412E+03  0.00000E+00  1.0E-05
  9.750E-02  7.23942E-07  1.46614E-13  5.23568E+03  0.00000E+00  1.0E-05
  1.000E-01  7.61543E-07  1.40309E-13  5.01052E+03  0.00000E+00  1.0E-05
  1.250E-01  1.18991E-06  9.23244E-14  3.29696E+03  0.00000E+00  1.0E-05
  1.500E-01  1.71347E-06  6.16718E-14  2.20234E+03  0.00000E+00  1.0E-05
  1.750E-01  2.33223E-06  4.31397E-14  1.54055E+03  0.00000E+00  1.0E-05
  2.000E-01  3.04617E-06  3.10172E-14  1.10765E+03  0.00000E+00  1.0E-05
  2.250E-01  3.85531E-06  2.27056E-14  8.10833E+02  0.00000E+00  1.0E-05
  2.500E-01  4.75964E-06  1.69752E-14  6.06195E+02  0.00000E+00  1.0E-05
  2.750E-01  5.75916E-06  1.29576E-14  4.62723E+02  0.00000E+00  1.0E-05
  3.000E-01  6.85388E-06  1.00577E-14  3.59168E+02  0.00000E+00  1.0E-05
  3.250E-01  8.04378E-06  7.89679E-15  2.81999E+02  0.00000E+00  1.0E-05
  3.500E-01  9.32888E-06  6.26107E-15  2.23587E+02  0.00000E+00  1.0E-05
  3.750E-01  1.07092E-05  5.02272E-15  1.79365E+02  0.00000E+00  1.0E-05
  4.000E-01  1.21846E-05  4.07078E-15  1.45370E+02  0.00000E+00  1.0E-05
  4.250E-01  1.37553E-05  3.32807E-15  1.18847E+02  0.00000E+00  1.0E-05
  4.500E-01  1.54212E-05  2.74110E-15  9.78866E+01  0.00000E+00  1.0E-05
  4.750E-01  1.71822E-05  2.27820E-15  8.13559E+01  0.00000E+00  1.0E-05
  5.000E-01  1.90385E-05  1.90835E-15  6.81486E+01  0.00000E+00  1.0E-05
  5.250E-01  2.09899E-05  1.61273E-15  5.75916E+01  0.00000E+00  1.0E-05
  5.500E-01  2.30365E-05  1.37166E-15  4.89829E+01  0.00000E+00  1.0E-05
  5.750E-01  2.51783E-05  1.17472E-15  4.19501E+01  0.00000E+00  1.0E-05
  6.000E-01  2.74153E-05  1.01250E-15  3.61570E+01  0.00000E+00  1.0E-05
  6.250E-01  2.97475E-05  8.77961E-16  3.13526E+01  0.00000E+00  1.0E-05
  6.500E-01  3.21749E-05  7.65630E-16  2.73411E+01  0.00000E+00  1.0E-05
  6.750E-01  3.46974E-05  6.70841E-16  2.39562E+01  0.00000E+00  1.0E-05
  7.000E-01  3.73152E-05  5.90667E-16  2.10931E+01  0.00000E+00  1.0E-05
  7.250E-01  4.00281E-05  5.22543E-16  1.86604E+01  0.00000E+00  1.0E-05
  7.500E-01  4.28362E-05  4.64192E-16  1.65766E+01  0.00000E+00  1.0E-05
  7.750E-01  4.57395E-05  4.13935E-16  1.47819E+01  0.00000E+00  1.0E-05
  8.000E-01  4.87380E-05  3.70444E-16  1.32288E+01  0.00000E+00  1.0E-05
  8.250E-01  5.18317E-05  3.32609E-16  1.18777E+01  0.00000E+00  1.0E-05
  8.500E-01  5.50205E-05  2.99483E-16  1.06947E+01  0.00000E+00  1.0E-05
  8.750E-01  5.83045E-05  2.70345E-16  9.65419E+00  0.00000E+00  1.0E-05
  9.000E-01  6.16838E-05  2.44684E-16  8.73783E+00  0.00000E+00  1.0E-05
  9.250E-01  6.51582E-05  2.22010E-16  7.92810E+00  0.00000E+00  1.0E-05
  9.500E-01  6.87277E-05  2.01891E-16  7.20966E+00  0.00000E+00  1.0E-05
  9.750E-01  7.23925E-05  1.83959E-16  6.56931E+00  0.00000E+00  1.0E-05
  1.000E+00  7.61524E-05  1.67980E-16  5.99869E+00  0.00000E+00  8.5E-06
  1.100E+00  9.21439E-05  1.19015E-16  4.25009E+00  0.00000E+00  6.4E-06
  1.200E+00  1.09658E-04  8.65920E-17  3.09226E+00  0.00000E+00  3.5E-06
  1.300E+00  1.28695E-04  6.44397E-17  2.30118E+00  0.00000E+00  7.4E-07
  1.400E+00  1.49255E-04  4.88830E-17  1.74564E+00  0.00000E+00  1.3E-06
  1.500E+00  1.71338E-04  3.77784E-17  1.34909E+00  0.00000E+00  2.4E-06
  1.600E+00  1.94942E-04  2.96621E-17  1.05925E+00  0.00000E+00  2.6E-06
  1.700E+00  2.20070E-04  2.36131E-17  8.43240E-01  0.00000E+00  2.1E-06
  1.800E+00  2.46720E-04  1.90272E-17  6.79475E-01  0.00000E+00  1.2E-06
  1.900E+00  2.74892E-04  1.55078E-17  5.53795E-01  0.00000E+00  2.2E-07
  2.000E+00  3.04586E-04  1.27695E-17  4.56009E-01  0.00000E+00  6.0E-07
  2.100E+00  3.35803E-04  1.06124E-17  3.78975E-01  0.00000E+00  1.1E-06
  2.200E+00  3.68542E-04  8.89047E-18  3.17485E-01  0.00000E+00  1.2E-06
  2.300E+00  4.02802E-04  7.50584E-18  2.68038E-01  0.00000E+00  9.7E-07
  2.400E+00  4.38585E-04  6.38180E-18  2.27898E-01  0.00000E+00  5.5E-07
  2.500E+00  4.75889E-04  5.46141E-18  1.95030E-01  0.00000E+00  1.0E-07
  2.600E+00  5.14715E-04  4.70068E-18  1.67864E-01  0.00000E+00  3.4E-07
  2.700E+00  5.55063E-04  4.06833E-18  1.45283E-01  0.00000E+00  5.9E-07
  2.800E+00  5.96931E-04  3.53924E-18  1.26388E-01  0.00000E+00  6.5E-07
  2.900E+00  6.40321E-04  3.09371E-18  1.10478E-01  0.00000E+00  5.3E-07
  3.000E+00  6.85233E-04  2.71603E-18  9.69913E-02  0.00000E+00  3.0E-07
  3.100E+00  7.31665E-04  2.39431E-18  8.55024E-02  0.00000E+00  1.0E-07
  3.200E+00  7.79618E-04  2.11899E-18  7.56705E-02  0.00000E+00  2.2E-07
  3.300E+00  8.29092E-04  1.88224E-18  6.72159E-02  0.00000E+00  3.7E-07
  3.400E+00  8.80086E-04  1.67763E-18  5.99091E-02  0.00000E+00  4.0E-07
  3.500E+00  9.32601E-04  1.50005E-18  5.35676E-02  0.00000E+00  3.2E-07
  3.600E+00  9.86636E-04  1.34541E-18  4.80456E-02  0.00000E+00  1.7E-07
  3.700E+00  1.04219E-03  1.21025E-18  4.32189E-02  0.00000E+00  1.0E-07
  3.800E+00  1.09927E-03  1.09166E-18  3.89837E-02  0.00000E+00  1.5E-07
  3.900E+00  1.15786E-03  9.87204E-19  3.52537E-02  0.00000E+00  2.5E-07
  4.000E+00  1.21797E-03  8.94986E-19  3.19605E-02  0.00000E+00  2.7E-07
  4.100E+00  1.27961E-03  8.13315E-19  2.90440E-02  0.00000E+00  2.1E-07
  4.200E+00  1.34276E-03  7.40773E-19  2.64535E-02  0.00000E+00  1.1E-07
  4.300E+00  1.40743E-03  6.76120E-19  2.41447E-02  0.00000E+00  1.0E-07
  4.400E+00  1.47362E-03  6.18390E-19  2.20831E-02  0.00000E+00  1.1E-07
  4.500E+00  1.54133E-03  5.66713E-19  2.02377E-02  0.00000E+00  1.8E-07
  4.600E+00  1.61056E-03  5.20339E-19  1.85816E-02  0.00000E+00  1.9E-07
  4.700E+00  1.68131E-03  4.78608E-19  1.70914E-02  0.00000E+00  1.5E-07
  4.800E+00  1.75357E-03  4.40992E-19  1.57481E-02  0.00000E+00  1.0E-07
  4.900E+00  1.82735E-03  4.07014E-19  1.45347E-02  0.00000E+00  1.0E-07
  5.000E+00  1.90265E-03  3.76259E-19  1.34364E-02  0.00000E+00  1.0E-07
  5.100E+00  1.97947E-03  3.48358E-19  1.24401E-02  0.00000E+00  1.3E-07
  5.200E+00  2.05780E-03  3.23004E-19  1.15347E-02  0.00000E+00  1.4E-07
  5.300E+00  2.13765E-03  2.99927E-19  1.07106E-02  0.00000E+00  1.0E-07
  5.400E+00  2.21902E-03  2.78883E-19  9.95911E-03  0.00000E+00  1.0E-07
  5.500E+00  2.30190E-03  2.59660E-19  9.27262E-03  0.00000E+00  1.0E-07
  5.600E+00  2.38630E-03  2.42070E-19  8.64447E-03  0.00000E+00  1.0E-07
  5.700E+00  2.47222E-03  2.25953E-19  8.06891E-03  0.00000E+00  1.0E-07
  5.800E+00  2.55965E-03  2.11162E-19  7.54075E-03  0.00000E+00  1.0E-07
  5.900E+00  2.64859E-03  1.97569E-19  7.05530E-03  0.00000E+00  1.0E-07
  6.000E+00  2.73905E-03  1.85055E-19  6.60845E-03  0.00000E+00  1.0E-07
  6.100E+00  2.83103E-03  1.73524E-19  6.19664E-03  0.00000E+00  1.0E-07
  6.200E+00  2.92452E-03  1.62882E-19  5.81663E-03  0.00000E+00  1.0E-07
  6.300E+00  3.01952E-03  1.53049E-19  5.46548E-03  0.00000E+00  1.0E-07
  6.400E+00  3.11604E-03  1.43950E-19  5.14055E-03  0.00000E+00  1.0E-07
  6.500E+00  3.21407E-03  1.35522E-19  4.83959E-03  0.00000E+00  1.0E-07
  6.600E+00  3.31362E-03  1.27707E-19  4.56049E-03  0.00000E+00  1.0E-07
  6.700E+00  3.41468E-03  1.20451E-19  4.30137E-03  0.00000E+00  1.0E-07
  6.800E+00  3.51725E-03  1.13705E-19  4.06049E-03  0.00000E+00  1.0E-07
  6.900E+00  3.62133E-03  1.07429E-19  3.83636E-03  0.00000E+00  1.0E-07
  7.000E+00  3.72692E-03  1.01584E-19  3.62762E-03  0.00000E+00  1.0E-07
  7.100E+00  3.83403E-03  9.61335E-20  3.43299E-03  0.00000E+00  1.0E-07
  7.200E+00  3.94265E-03  9.10464E-20  3.25133E-03  0.00000E+00  1.0E-07
  7.300E+00  4.05278E-03  8.62940E-20  3.08162E-03  0.00000E+00  1.0E-07
  7.400E+00  4.16442E-03  8.18504E-20  2.92293E-03  0.00000E+00  1.0E-07
  7.500E+00  4.27757E-03  7.76916E-20  2.77442E-03  0.00000E+00  1.0E-07
  7.600E+00  4.39223E-03  7.37957E-20  2.63529E-03  0.00000E+00  1.0E-07
  7.700E+00  4.50840E-03  7.01429E-20  2.50485E-03  0.00000E+00  1.0E-07
  7.800E+00  4.62608E-03  6.67155E-20  2.38245E-03  0.00000E+00  1.0E-07
  7.900E+00  4.74527E-03  6.34968E-20  2.26751E-03  0.00000E+00  1.0E-07
  8.000E+00  4.86597E-03  6.04716E-20  2.15948E-03  0.00000E+00  1.0E-07
  8.100E+00  4.98817E-03  5.76260E-20  2.05786E-03  0.00000E+00  1.0E-07
  8.200E+00  5.11188E-03  5.49474E-20  1.96221E-03  0.00000E+00  1.0E-07
  8.300E+00  5.23711E-03  5.24242E-20  1.87210E-03  0.00000E+00  1.0E-07
  8.400E+00  5.36383E-03  5.00457E-20  1.78716E-03  0.00000E+00  1.0E-07
  8.500E+00  5.49207E-03  4.78016E-20  1.70703E-03  0.00000E+00  1.0E-07
  8.600E+00  5.62181E-03  4.56833E-20  1.63138E-03  0.00000E+00  1.0E-07
  8.700E+00  5.75306E-03  4.36823E-20  1.55992E-03  0.00000E+00  1.0E-07
  8.800E+00  5.88581E-03  4.17908E-20  1.49238E-03  0.00000E+00  1.0E-07
  8.900E+00  6.02007E-03  4.00016E-20  1.42848E-03  0.00000E+00  1.0E-07
  9.000E+00  6.15583E-03  3.83081E-20  1.36801E-03  0.00000E+00  1.0E-07
  9.100E+00  6.29310E-03  3.67043E-20  1.31073E-03  0.00000E+00  1.0E-07
  9.200E+00  6.43187E-03  3.51845E-20  1.25646E-03  0.00000E+00  1.0E-07
  9.300E+00  6.57214E-03  3.37434E-20  1.20500E-03  0.00000E+00  1.0E-07
  9.400E+00  6.71392E-03  3.23761E-20  1.15617E-03  0.00000E+00  1.0E-07
  9.500E+00  6.85720E-03  3.10782E-20  1.10982E-03  0.00000E+00  1.0E-07
  9.600E+00  7.00198E-03  2.98455E-20  1.06580E-03  0.00000E+00  1.0E-07
  9.700E+00  7.14827E-03  2.86740E-20  1.02397E-03  0.00000E+00  1.0E-07
  9.800E+00  7.29605E-03  2.75600E-20  9.84185E-04  0.00000E+00  1.0E-07
  9.900E+00  7.44534E-03  2.65003E-20  9.46342E-04  0.00000E+00  1.0E-07
  1.000E+01  7.59612E-03  2.54917E-20  9.10325E-04  0.00000E+00  1.0E-07
  1.025E+01  7.97965E-03  2.31747E-20  8.27584E-04  0.00000E+00  1.0E-07
  1.050E+01  8.37255E-03  2.11181E-20  7.54143E-04  0.00000E+00  1.0E-07
  1.075E+01  8.77480E-03  1.92875E-20  6.88768E-04  0.00000E+00  1.0E-07
  1.100E+01  9.18641E-03  1.76534E-20  6.30415E-04  0.00000E+00  1.0E-07
  1.125E+01  9.60736E-03  1.61910E-20  5.78192E-04  0.00000E+00  1.0E-07
  1.150E+01  1.00376E-02  1.48790E-20  5.31339E-04  0.00000E+00  1.0E-07
  1.175E+01  1.04773E-02  1.36990E-20  4.89201E-04  0.00000E+00  1.0E-07
  1.200E+01  1.09262E-02  1.26354E-20  4.51218E-04  0.00000E+00  1.0E-07
  1.225E+01  1.13844E-02  1.16745E-20  4.16904E-04  0.00000E+00  1.0E-07
  1.250E+01  1.18520E-02  1.08046E-20  3.85839E-04  0.00000E+00  1.0E-07
  1.275E+01  1.23288E-02  1.00155E-20  3.57659E-04  0.00000E+00  1.0E-07
  1.300E+01  1.28150E-02  9.29822E-21  3.32046E-04  0.00000E+00  1.0E-07
  1.325E+01  1.33104E-02  8.64504E-21  3.08720E-04  0.00000E+00  1.0E-07
  1.350E+01  1.38150E-02  8.04923E-21  2.87443E-04  0.00000E+00  1.0E-07
  1.375E+01  1.43290E-02  7.50472E-21  2.67998E-04  0.00000E+00  1.0E-07
  1.400E+01  1.48521E-02  7.00627E-21  2.50199E-04  0.00000E+00  1.0E-07
  1.425E+01  1.53845E-02  6.54929E-21  2.33879E-04  0.00000E+00  1.0E-07
  1.450E+01  1.59262E-02  6.12965E-21  2.18894E-04  0.00000E+00  1.0E-07
  1.475E+01  1.64770E-02  5.74371E-21  2.05112E-04  0.00000E+00  1.0E-07
  1.500E+01  1.70371E-02  5.38824E-21  1.92417E-04  0.00000E+00  1.0E-07
  1.525E+01  1.76063E-02  5.06039E-21  1.80710E-04  0.00000E+00  1.0E-07
  1.550E+01  1.81848E-02  4.75761E-21  1.69897E-04  0.00000E+00  1.0E-07
  1.575E+01  1.87724E-02  4.47760E-21  1.59898E-04  0.00000E+00  1.0E-07
  1.600E+01  1.93692E-02  4.21830E-21  1.50638E-04  0.00000E+00  1.0E-07
  1.625E+01  1.99751E-02  3.97792E-21  1.42054E-04  0.00000E+00  1.0E-07
  1.650E+01  2.05901E-02  3.75479E-21  1.34086E-04  0.00000E+00  1.0E-07
  1.675E+01  2.12143E-02  3.54743E-21  1.26681E-04  0.00000E+00  1.0E-07
  1.700E+01  2.18476E-02  3.35450E-21  1.19792E-04  0.00000E+00  1.0E-07
  1.725E+01  2.24900E-02  3.17482E-21  1.13375E-04  0.00000E+00  1.0E-07
  1.750E+01  2.31415E-02  3.00730E-21  1.07392E-04  0.00000E+00  1.0E-07
  1.775E+01  2.38021E-02  2.85094E-21  1.01809E-04  0.00000E+00  1.0E-07
  1.800E+01  2.44717E-02  2.70485E-21  9.65919E-05  0.00000E+00  1.0E-07
  1.825E+01  2.51504E-02  2.56823E-21  9.17132E-05  0.00000E+00  1.0E-07
  1.850E+01  2.58382E-02  2.44035E-21  8.71464E-05  0.00000E+00  1.0E-07
  1.875E+01  2.65349E-02  2.32053E-21  8.28677E-05  0.00000E+00  1.0E-07
  1.900E+01  2.72407E-02  2.20816E-21  7.88549E-05  0.00000E+00  1.0E-07
  1.925E+01  2.79555E-02  2.10269E-21  7.50885E-05  0.00000E+00  1.0E-07
  1.950E+01  2.86793E-02  2.00361E-21  7.15503E-05  0.00000E+00  1.0E-07
  1.975E+01  2.94120E-02  1.91046E-21  6.82237E-05  0.00000E+00  1.0E-07
  2.000E+01  3.01537E-02  1.82280E-21  6.50934E-05  0.00000E+00  1.0E-07
  2.025E+01  3.09043E-02  1.74025E-21  6.21456E-05  0.00000E+00  1.0E-07
  2.050E+01  3.16639E-02  1.66246E-21  5.93675E-05  0.00000E+00  1.0E-07
  2.075E+01  3.24324E-02  1.58909E-21  5.67473E-05  0.00000E+00  1.0E-07
  2.100E+01  3.32098E-02  1.51983E-21  5.42742E-05  0.00000E+00  1.0E-07
  2.125E+01  3.39961E-02  1.45442E-21  5.19383E-05  0.00000E+00  1.0E-07
  2.150E+01  3.47912E-02  1.39259E-21  4.97305E-05  0.00000E+00  1.0E-07
  2.175E+01  3.55952E-02  1.33412E-21  4.76422E-05  0.00000E+00  1.0E-07
  2.200E+01  3.64081E-02  1.27877E-21  4.56657E-05  0.00000E+00  1.0E-07
  2.225E+01  3.72297E-02  1.22635E-21  4.37938E-05  0.00000E+00  1.0E-07
  2.250E+01  3.80602E-02  1.17667E-21  4.20197E-05  0.00000E+00  1.0E-07
  2.275E+01  3.88995E-02  1.12956E-21  4.03375E-05  0.00000E+00  1.0E-07
  2.300E+01  3.97476E-02  1.08486E-21  3.87412E-05  0.00000E+00  1.0E-07
  2.325E+01  4.06044E-02  1.04242E-21  3.72255E-05  0.00000E+00  1.0E-07
  2.350E+01  4.14700E-02  1.00210E-21  3.57857E-05  0.00000E+00  1.0E-07
  2.375E+01  4.23443E-02  9.63777E-22  3.44171E-05  0.00000E+00  1.0E-07
  2.400E+01  4.32273E-02  9.27325E-22  3.31154E-05  0.00000E+00  1.0E-07
  2.425E+01  4.41190E-02  8.92638E-22  3.18767E-05  0.00000E+00  1.0E-07
  2.450E+01  4.50194E-02  8.59611E-22  3.06973E-05  0.00000E+00  1.0E-07
  2.475E+01  4.59284E-02  8.28150E-22  2.95738E-05  0.00000E+00  1.0E-07
  2.500E+01  4.68461E-02  7.98163E-22  2.85029E-05  0.00000E+00  1.0E-07
  2.550E+01  4.87074E-02  7.42285E-22  2.65075E-05  0.00000E+00  1.0E-07
  2.600E+01  5.06030E-02  6.91373E-22  2.46894E-05  0.00000E+00  1.0E-07
  2.650E+01  5.25328E-02  6.44896E-22  2.30297E-05  0.00000E+00  1.0E-07
  2.700E+01  5.44967E-02  6.02392E-22  2.15118E-05  0.00000E+00  1.0E-07
  2.750E+01  5.64946E-02  5.63452E-22  2.01212E-05  0.00000E+00  1.0E-07
  2.800E+01  5.85262E-02  5.27717E-22  1.88451E-05  0.00000E+00  1.0E-07
  2.850E+01  6.05914E-02  4.94869E-22  1.76721E-05  0.00000E+00  1.0E-07
  2.900E+01  6.26901E-02  4.64628E-22  1.65922E-05  0.00000E+00  1.0E-07
  2.950E+01  6.48222E-02  4.36745E-22  1.55964E-05  0.00000E+00  1.0E-07
  3.000E+01  6.69873E-02  4.10997E-22  1.46770E-05  0.00000E+00  1.0E-07
  3.050E+01  6.91854E-02  3.87187E-22  1.38267E-05  0.00000E+00  1.0E-07
  3.100E+01  7.14163E-02  3.65141E-22  1.30394E-05  0.00000E+00  1.0E-07
  3.150E+01  7.36799E-02  3.44698E-22  1.23094E-05  0.00000E+00  1.0E-07
  3.200E+01  7.59760E-02  3.25720E-22  1.16317E-05  0.00000E+00  1.0E-07
  3.250E+01  7.83043E-02  3.08078E-22  1.10017E-05  0.00000E+00  1.0E-07
  3.300E+01  8.06647E-02  2.91659E-22  1.04153E-05  0.00000E+00  1.0E-07
  3.350E+01  8.30571E-02  2.76360E-22  9.86899E-06  0.00000E+00  1.0E-07
  3.400E+01  8.54812E-02  2.62089E-22  9.35935E-06  0.00000E+00  1.0E-07
  3.450E+01  8.79369E-02  2.48761E-22  8.88343E-06  0.00000E+00  1.0E-07
  3.500E+01  9.04240E-02  2.36302E-22  8.43851E-06  0.00000E+00  1.0E-07
  3.550E+01  9.29422E-02  2.24643E-22  8.02213E-06  0.00000E+00  1.0E-07
  3.600E+01  9.54915E-02  2.13720E-22  7.63209E-06  0.00000E+00  1.0E-07
  3.650E+01  9.80716E-02  2.03479E-22  7.26636E-06  0.00000E+00  1.0E-07
  3.700E+01  1.00682E-01  1.93866E-22  6.92310E-06  0.00000E+00  1.0E-07
  3.750E+01  1.03323E-01  1.84836E-22  6.60061E-06  0.00000E+00  1.0E-07
  3.800E+01  1.05995E-01  1.76345E-22  6.29739E-06  0.00000E+00  1.0E-07
  3.850E+01  1.08696E-01  1.68354E-22  6.01201E-06  0.00000E+00  1.0E-07
  3.900E+01  1.11427E-01  1.60826E-22  5.74322E-06  0.00000E+00  1.0E-07
  3.950E+01  1.14188E-01  1.53731E-22  5.48982E-06  0.00000E+00  1.0E-07
  4.000E+01  1.16978E-01  1.47036E-22  5.25076E-06  0.00000E+00  1.0E-07
  4.050E+01  1.19797E-01  1.40715E-22  5.02503E-06  0.00000E+00  1.0E-07
  4.100E+01  1.22645E-01  1.34743E-22  4.81174E-06  0.00000E+00  1.0E-07
  4.150E+01  1.25522E-01  1.29094E-22  4.61005E-06  0.00000E+00  1.0E-07
  4.200E+01  1.28428E-01  1.23750E-22  4.41918E-06  0.00000E+00  1.0E-07
  4.250E+01  1.31361E-01  1.18688E-22  4.23843E-06  0.00000E+00  1.0E-07
  4.300E+01  1.34323E-01  1.13891E-22  4.06714E-06  0.00000E+00  1.0E-07
  4.350E+01  1.37313E-01  1.09343E-22  3.90470E-06  0.00000E+00  1.0E-07
  4.400E+01  1.40330E-01  1.05026E-22  3.75056E-06  0.00000E+00  1.0E-07
  4.450E+01  1.43375E-01  1.00928E-22  3.60420E-06  0.00000E+00  1.0E-07
  4.500E+01  1.46447E-01  9.70340E-23  3.46515E-06  0.00000E+00  1.0E-07
  4.550E+01  1.49545E-01  9.33319E-23  3.33294E-06  0.00000E+00  1.0E-07
  4.600E+01  1.52671E-01  8.98102E-23  3.20718E-06  0.00000E+00  1.0E-07
  4.650E+01  1.55823E-01  8.64581E-23  3.08747E-06  0.00000E+00  1.0E-07
  4.700E+01  1.59001E-01  8.32655E-23  2.97346E-06  0.00000E+00  1.0E-07
  4.750E+01  1.62205E-01  8.02232E-23  2.86482E-06  0.00000E+00  1.0E-07
  4.800E+01  1.65435E-01  7.73225E-23  2.76124E-06  0.00000E+00  1.0E-07
  4.850E+01  1.68690E-01  7.45553E-23  2.66242E-06  0.00000E+00  1.0E-07
  4.900E+01  1.71970E-01  7.19141E-23  2.56810E-06  0.00000E+00  1.0E-07
  4.950E+01  1.75276E-01  6.93920E-23  2.47803E-06  0.00000E+00  1.0E-07
  5.000E+01  1.78606E-01  6.69822E-23  2.39198E-06  0.00000E+00  1.0E-07
  5.050E+01  1.81961E-01  6.46788E-23  2.30972E-06  0.00000E+00  1.0E-07
  5.100E+01  1.85340E-01  6.24758E-23  2.23105E-06  0.00000E+00  1.0E-07
  5.150E+01  1.88743E-01  6.03680E-23  2.15578E-06  0.00000E+00  1.0E-07
  5.200E+01  1.92169E-01  5.83502E-23  2.08372E-06  0.00000E+00  1.0E-07
  5.250E+01  1.95619E-01  5.64178E-23  2.01472E-06  0.00000E+00  1.0E-07
  5.300E+01  1.99092E-01  5.45663E-23  1.94860E-06  0.00000E+00  1.0E-07
  5.350E+01  2.02589E-01  5.27916E-23  1.88522E-06  0.00000E+00  1.0E-07
  5.400E+01  2.06107E-01  5.10898E-23  1.82445E-06  0.00000E+00  1.0E-07
  5.450E+01  2.09649E-01  4.94571E-23  1.76615E-06  0.00000E+00  1.0E-07
  5.500E+01  2.13212E-01  4.78903E-23  1.71019E-06  0.00000E+00  1.0E-07
  5.550E+01  2.16797E-01  4.63859E-23  1.65647E-06  0.00000E+00  1.0E-07
  5.600E+01  2.20404E-01  4.49409E-23  1.60487E-06  0.00000E+00  1.0E-07
  5.650E+01  2.24032E-01  4.35525E-23  1.55529E-06  0.00000E+00  1.0E-07
  5.700E+01  2.27680E-01  4.22179E-23  1.50763E-06  0.00000E+00  1.0E-07
  5.750E+01  2.31350E-01  4.09345E-23  1.46180E-06  0.00000E+00  1.0E-07
  5.800E+01  2.35040E-01  3.97000E-23  1.41771E-06  0.00000E+00  1.0E-07
  5.850E+01  2.38751E-01  3.85120E-23  1.37529E-06  0.00000E+00  1.0E-07
  5.900E+01  2.42481E-01  3.73685E-23  1.33445E-06  0.00000E+00  1.0E-07
  5.950E+01  2.46231E-01  3.62673E-23  1.29513E-06  0.00000E+00  1.0E-07
  6.000E+01  2.50000E-01  3.52065E-23  1.25725E-06  0.00000E+00  1.0E-07
  6.050E+01  2.53788E-01  3.41844E-23  1.22075E-06  0.00000E+00  1.0E-07
  6.100E+01  2.57595E-01  3.31992E-23  1.18556E-06  0.00000E+00  1.0E-07
  6.150E+01  2.61421E-01  3.22492E-23  1.15164E-06  0.00000E+00  1.0E-07
  6.200E+01  2.65264E-01  3.13329E-23  1.11892E-06  0.00000E+00  1.0E-07
  6.250E+01  2.69126E-01  3.04488E-23  1.08735E-06  0.00000E+00  1.0E-07
  6.300E+01  2.73005E-01  2.95955E-23  1.05688E-06  0.00000E+00  1.0E-07
  6.350E+01  2.76901E-01  2.87718E-23  1.02746E-06  0.00000E+00  1.0E-07
  6.400E+01  2.80814E-01  2.79764E-23  9.99054E-07  0.00000E+00  1.0E-07
  6.450E+01  2.84744E-01  2.72080E-23  9.71614E-07  0.00000E+00  1.0E-07
  6.500E+01  2.88691E-01  2.64655E-23  9.45101E-07  0.00000E+00  1.0E-07
  6.550E+01  2.92653E-01  2.57480E-23  9.19476E-07  0.00000E+00  1.0E-07
  6.600E+01  2.96632E-01  2.50542E-23  8.94702E-07  0.00000E+00  1.0E-07
  6.650E+01  3.00625E-01  2.43833E-23  8.70745E-07  0.00000E+00  1.0E-07
  6.700E+01  3.04634E-01  2.37344E-23  8.47571E-07  0.00000E+00  1.0E-07
  6.750E+01  3.08658E-01  2.31065E-23  8.25150E-07  0.00000E+00  1.0E-07
  6.800E+01  3.12697E-01  2.24989E-23  8.03450E-07  0.00000E+00  1.0E-07
  6.850E+01  3.16749E-01  2.19107E-23  7.82444E-07  0.00000E+00  1.0E-07
  6.900E+01  3.20816E-01  2.13411E-23  7.62105E-07  0.00000E+00  1.0E-07
  6.950E+01  3.24896E-01  2.07895E-23  7.42406E-07  0.00000E+00  1.0E-07
  7.000E+01  3.28990E-01  2.02551E-23  7.23323E-07  0.00000E+00  1.0E-07
  7.050E+01  3.33097E-01  1.97373E-23  7.04832E-07  0.00000E+00  1.0E-07
  7.100E+01  3.37216E-01  1.92355E-23  6.86911E-07  0.00000E+00  1.0E-07
  7.150E+01  3.41348E-01  1.87490E-23  6.69538E-07  0.00000E+00  1.0E-07
  7.200E+01  3.45492E-01  1.82772E-23  6.52692E-07  0.00000E+00  1.0E-07
  7.250E+01  3.49647E-01  1.78197E-23  6.36354E-07  0.00000E+00  1.0E-07
  7.300E+01  3.53814E-01  1.73759E-23  6.20506E-07  0.00000E+00  1.0E-07
  7.350E+01  3.57992E-01  1.69453E-23  6.05128E-07  0.00000E+00  1.0E-07
  7.400E+01  3.62181E-01  1.65274E-23  5.90204E-07  0.00000E+00  1.0E-07
  7.450E+01  3.66381E-01  1.61218E-23  5.75719E-07  0.00000E+00  1.0E-07
  7.500E+01  3.70590E-01  1.57279E-23  5.61655E-07  0.00000E+00  1.0E-07
  7.550E+01  3.74810E-01  1.53455E-23  5.47998E-07  0.00000E+00  1.0E-07
  7.600E+01  3.79039E-01  1.49741E-23  5.34734E-07  0.00000E+00  1.0E-07
  7.650E+01  3.83277E-01  1.46132E-23  5.21848E-07  0.00000E+00  1.0E-07
  7.700E+01  3.87524E-01  1.42626E-23  5.09327E-07  0.00000E+00  1.0E-07
  7.750E+01  3.91780E-01  1.39219E-23  4.97160E-07  0.00000E+00  1.0E-07
  7.800E+01  3.96044E-01  1.35907E-23  4.85333E-07  0.00000E+00  1.0E-07
  7.850E+01  4.00316E-01  1.32687E-23  4.73835E-07  0.00000E+00  1.0E-07
  7.900E+01  4.04596E-01  1.29556E-23  4.62654E-07  0.00000E+00  1.0E-07
  7.950E+01  4.08882E-01  1.26512E-23  4.51781E-07  0.00000E+00  1.0E-07
  8.000E+01  4.13176E-01  1.23550E-23  4.41205E-07  0.00000E+00  1.0E-07
  8.050E+01  4.17476E-01  1.20669E-23  4.30916E-07  0.00000E+00  1.0E-07
  8.100E+01  4.21783E-01  1.17865E-23  4.20904E-07  0.00000E+00  1.0E-07
  8.150E+01  4.26095E-01  1.15137E-23  4.11160E-07  0.00000E+00  1.0E-07
  8.200E+01  4.30413E-01  1.12481E-23  4.01676E-07  0.00000E+00  1.0E-07
  8.250E+01  4.34737E-01  1.09895E-23  3.92443E-07  0.00000E+00  1.0E-07
  8.300E+01  4.39065E-01  1.07378E-23  3.83453E-07  0.00000E+00  1.0E-07
  8.350E+01  4.43398E-01  1.04926E-23  3.74698E-07  0.00000E+00  1.0E-07
  8.400E+01  4.47736E-01  1.02538E-23  3.66171E-07  0.00000E+00  1.0E-07
  8.450E+01  4.52077E-01  1.00212E-23  3.57865E-07  0.00000E+00  1.0E-07
  8.500E+01  4.56422E-01  9.79462E-24  3.49772E-07  0.00000E+00  1.0E-07
  8.550E+01  4.60770E-01  9.57379E-24  3.41886E-07  0.00000E+00  1.0E-07
  8.600E+01  4.65122E-01  9.35858E-24  3.34201E-07  0.00000E+00  1.0E-07
  8.650E+01  4.69476E-01  9.14881E-24  3.26710E-07  0.00000E+00  1.0E-07
  8.700E+01  4.73832E-01  8.94432E-24  3.19407E-07  0.00000E+00  1.0E-07
  8.750E+01  4.78190E-01  8.74494E-24  3.12287E-07  0.00000E+00  1.0E-07
  8.800E+01  4.82550E-01  8.55051E-24  3.05344E-07  0.00000E+00  1.0E-07
  8.850E+01  4.86912E-01  8.36090E-24  2.98573E-07  0.00000E+00  1.0E-07
  8.900E+01  4.91274E-01  8.17595E-24  2.91969E-07  0.00000E+00  1.0E-07
  8.950E+01  4.95637E-01  7.99553E-24  2.85526E-07  0.00000E+00  1.0E-07
  9.000E+01  5.00000E-01  7.81951E-24  2.79240E-07  0.00000E+00  1.0E-07
  9.050E+01  5.04363E-01  7.64774E-24  2.73106E-07  0.00000E+00  1.0E-07
  9.100E+01  5.08726E-01  7.48012E-24  2.67120E-07  0.00000E+00  1.0E-07
  9.150E+01  5.13088E-01  7.31652E-24  2.61278E-07  0.00000E+00  1.0E-07
  9.200E+01  5.17450E-01  7.15682E-24  2.55575E-07  0.00000E+00  1.0E-07
  9.250E+01  5.21810E-01  7.00091E-24  2.50007E-07  0.00000E+00  1.0E-07
  9.300E+01  5.26168E-01  6.84868E-24  2.44571E-07  0.00000E+00  1.0E-07
  9.350E+01  5.30524E-01  6.70003E-24  2.39262E-07  0.00000E+00  1.0E-07
  9.400E+01  5.34878E-01  6.55485E-24  2.34078E-07  0.00000E+00  1.0E-07
  9.450E+01  5.39230E-01  6.41305E-24  2.29014E-07  0.00000E+00  1.0E-07
  9.500E+01  5.43578E-01  6.27454E-24  2.24068E-07  0.00000E+00  1.0E-07
  9.550E+01  5.47923E-01  6.13923E-24  2.19236E-07  0.00000E+00  1.0E-07
  9.600E+01  5.52264E-01  6.00701E-24  2.14514E-07  0.00000E+00  1.0E-07
  9.650E+01  5.56602E-01  5.87782E-24  2.09901E-07  0.00000E+00  1.0E-07
  9.700E+01  5.60935E-01  5.75157E-24  2.05392E-07  0.00000E+00  1.0E-07
  9.750E+01  5.65263E-01  5.62817E-24  2.00986E-07  0.00000E+00  1.0E-07
  9.800E+01  5.69587E-01  5.50756E-24  1.96678E-07  0.00000E+00  1.0E-07
  9.850E+01  5.73905E-01  5.38964E-24  1.92468E-07  0.00000E+00  1.0E-07
  9.900E+01  5.78217E-01  5.27437E-24  1.88351E-07  0.00000E+00  1.0E-07
  9.950E+01  5.82524E-01  5.16165E-24  1.84326E-07  0.00000E+00  1.0E-07
  1.000E+02  5.86824E-01  5.05144E-24  1.80390E-07  0.00000E+00  1.0E-07
  1.005E+02  5.91118E-01  4.94365E-24  1.76541E-07  0.00000E+00  1.0E-07
  1.010E+02  5.95404E-01  4.83823E-24  1.72776E-07  0.00000E+00  1.0E-07
  1.015E+02  5.99684E-01  4.73511E-24  1.69094E-07  0.00000E+00  1.0E-07
  1.020E+02  6.03956E-01  4.63424E-24  1.65492E-07  0.00000E+00  1.0E-07
  1.025E+02  6.08220E-01  4.53556E-24  1.61968E-07  0.00000E+00  1.0E-07
  1.030E+02  6.12476E-01  4.43900E-24  1.58520E-07  0.00000E+00  1.0E-07
  1.035E+02  6.16723E-01  4.34453E-24  1.55146E-07  0.00000E+00  1.0E-07
  1.040E+02  6.20961E-01  4.25208E-24  1.51845E-07  0.00000E+00  1.0E-07
  1.045E+02  6.25190E-01  4.16161E-24  1.48614E-07  0.00000E+00  1.0E-07
  1.050E+02  6.29410E-01  4.07306E-24  1.45452E-07  0.00000E+00  1.0E-07
  1.055E+02  6.33619E-01  3.98638E-24  1.42356E-07  0.00000E+00  1.0E-07
  1.060E+02  6.37819E-01  3.90154E-24  1.39326E-07  0.00000E+00  1.0E-07
  1.065E+02  6.42008E-01  3.81848E-24  1.36360E-07  0.00000E+00  1.0E-07
  1.070E+02  6.46186E-01  3.73716E-24  1.33456E-07  0.00000E+00  1.0E-07
  1.075E+02  6.50353E-01  3.65754E-24  1.30613E-07  0.00000E+00  1.0E-07
  1.080E+02  6.54508E-01  3.57957E-24  1.27829E-07  0.00000E+00  1.0E-07
  1.085E+02  6.58652E-01  3.50322E-24  1.25102E-07  0.00000E+00  1.0E-07
  1.090E+02  6.62784E-01  3.42845E-24  1.22432E-07  0.00000E+00  1.0E-07
  1.095E+02  6.66903E-01  3.35523E-24  1.19817E-07  0.00000E+00  1.0E-07
  1.100E+02  6.71010E-01  3.28350E-24  1.17256E-07  0.00000E+00  1.0E-07
  1.105E+02  6.75104E-01  3.21324E-24  1.14747E-07  0.00000E+00  1.0E-07
  1.110E+02  6.79184E-01  3.14442E-24  1.12289E-07  0.00000E+00  1.0E-07
  1.115E+02  6.83251E-01  3.07699E-24  1.09881E-07  0.00000E+00  1.0E-07
  1.120E+02  6.87303E-01  3.01094E-24  1.07523E-07  0.00000E+00  1.0E-07
  1.125E+02  6.91342E-01  2.94622E-24  1.05211E-07  0.00000E+00  1.0E-07
  1.130E+02  6.95366E-01  2.88280E-24  1.02947E-07  0.00000E+00  1.0E-07
  1.135E+02  6.99375E-01  2.82066E-24  1.00728E-07  0.00000E+00  1.0E-07
  1.140E+02  7.03368E-01  2.75976E-24  9.85529E-08  0.00000E+00  1.0E-07
  1.145E+02  7.07347E-01  2.70008E-24  9.64217E-08  0.00000E+00  1.0E-07
  1.150E+02  7.11309E-01  2.64159E-24  9.43330E-08  0.00000E+00  1.0E-07
  1.155E+02  7.15256E-01  2.58427E-24  9.22859E-08  0.00000E+00  1.0E-07
  1.160E+02  7.19186E-01  2.52808E-24  9.02794E-08  0.00000E+00  1.0E-07
  1.165E+02  7.23099E-01  2.47300E-24  8.83125E-08  0.00000E+00  1.0E-07
  1.170E+02  7.26995E-01  2.41901E-24  8.63845E-08  0.00000E+00  1.0E-07
  1.175E+02  7.30874E-01  2.36609E-24  8.44945E-08  0.00000E+00  1.0E-07
  1.180E+02  7.34736E-01  2.31420E-24  8.26415E-08  0.00000E+00  1.0E-07
  1.185E+02  7.38579E-01  2.26333E-24  8.08249E-08  0.00000E+00  1.0E-07
  1.190E+02  7.42405E-01  2.21345E-24  7.90439E-08  0.00000E+00  1.0E-07
  1.195E+02  7.46212E-01  2.16455E-24  7.72976E-08  0.00000E+00  1.0E-07
  1.200E+02  7.50000E-01  2.11660E-24  7.55853E-08  0.00000E+00  1.0E-07
  1.205E+02  7.53769E-01  2.06959E-24  7.39064E-08  0.00000E+00  1.0E-07
  1.210E+02  7.57519E-01  2.02349E-24  7.22600E-08  0.00000E+00  1.0E-07
  1.215E+02  7.61249E-01  1.97828E-24  7.06455E-08  0.00000E+00  1.0E-07
  1.220E+02  7.64960E-01  1.93394E-24  6.90623E-08  0.00000E+00  1.0E-07
  1.225E+02  7.68650E-01  1.89046E-24  6.75096E-08  0.00000E+00  1.0E-07
  1.230E+02  7.72320E-01  1.84782E-24  6.59869E-08  0.00000E+00  1.0E-07
  1.235E+02  7.75968E-01  1.80600E-24  6.44935E-08  0.00000E+00  1.0E-07
  1.240E+02  7.79596E-01  1.76499E-24  6.30288E-08  0.00000E+00  1.0E-07
  1.245E+02  7.83203E-01  1.72476E-24  6.15922E-08  0.00000E+00  1.0E-07
  1.250E+02  7.86788E-01  1.68530E-24  6.01833E-08  0.00000E+00  1.0E-07
  1.255E+02  7.90351E-01  1.64660E-24  5.88013E-08  0.00000E+00  1.0E-07
  1.260E+02  7.93893E-01  1.60864E-24  5.74457E-08  0.00000E+00  1.0E-07
  1.265E+02  7.97411E-01  1.57141E-24  5.61162E-08  0.00000E+00  1.0E-07
  1.270E+02  8.00908E-01  1.53489E-24  5.48120E-08  0.00000E+00  1.0E-07
  1.275E+02  8.04381E-01  1.49907E-24  5.35327E-08  0.00000E+00  1.0E-07
  1.280E+02  8.07831E-01  1.46393E-24  5.22779E-08  0.00000E+00  1.0E-07
  1.285E+02  8.11257E-01  1.42946E-24  5.10470E-08  0.00000E+00  1.0E-07
  1.290E+02  8.14660E-01  1.39565E-24  4.98396E-08  0.00000E+00  1.0E-07
  1.295E+02  8.18039E-01  1.36248E-24  4.86552E-08  0.00000E+00  1.0E-07
  1.300E+02  8.21394E-01  1.32995E-24  4.74934E-08  0.00000E+00  1.0E-07
  1.305E+02  8.24724E-01  1.29804E-24  4.63537E-08  0.00000E+00  1.0E-07
  1.310E+02  8.28030E-01  1.26673E-24  4.52358E-08  0.00000E+00  1.0E-07
  1.315E+02  8.31310E-01  1.23602E-24  4.41392E-08  0.00000E+00  1.0E-07
  1.320E+02  8.34565E-01  1.20590E-24  4.30635E-08  0.00000E+00  1.0E-07
  1.325E+02  8.37795E-01  1.17635E-24  4.20084E-08  0.00000E+00  1.0E-07
  1.330E+02  8.40999E-01  1.14737E-24  4.09734E-08  0.00000E+00  1.0E-07
  1.335E+02  8.44177E-01  1.11894E-24  3.99582E-08  0.00000E+00  1.0E-07
  1.340E+02  8.47329E-01  1.09106E-24  3.89624E-08  0.00000E+00  1.0E-07
  1.345E+02  8.50455E-01  1.06371E-24  3.79857E-08  0.00000E+00  1.0E-07
  1.350E+02  8.53553E-01  1.03688E-24  3.70277E-08  0.00000E+00  1.0E-07
  1.355E+02  8.56625E-01  1.01057E-24  3.60881E-08  0.00000E+00  1.0E-07
  1.360E+02  8.59670E-01  9.84765E-25  3.51666E-08  0.00000E+00  1.0E-07
  1.365E+02  8.62687E-01  9.59456E-25  3.42628E-08  0.00000E+00  1.0E-07
  1.370E+02  8.65677E-01  9.34636E-25  3.33764E-08  0.00000E+00  1.0E-07
  1.375E+02  8.68639E-01  9.10295E-25  3.25072E-08  0.00000E+00  1.0E-07
  1.380E+02  8.71572E-01  8.86425E-25  3.16548E-08  0.00000E+00  1.0E-07
  1.385E+02  8.74478E-01  8.63019E-25  3.08190E-08  0.00000E+00  1.0E-07
  1.390E+02  8.77355E-01  8.40068E-25  2.99994E-08  0.00000E+00  1.0E-07
  1.395E+02  8.80203E-01  8.17565E-25  2.91958E-08  0.00000E+00  1.0E-07
  1.400E+02  8.83022E-01  7.95502E-25  2.84079E-08  0.00000E+00  1.0E-07
  1.405E+02  8.85812E-01  7.73872E-25  2.76355E-08  0.00000E+00  1.0E-07
  1.410E+02  8.88573E-01  7.52667E-25  2.68782E-08  0.00000E+00  1.0E-07
  1.415E+02  8.91304E-01  7.31882E-25  2.61360E-08  0.00000E+00  1.0E-07
  1.420E+02  8.94005E-01  7.11508E-25  2.54084E-08  0.00000E+00  1.0E-07
  1.425E+02  8.96677E-01  6.91539E-25  2.46953E-08  0.00000E+00  1.0E-07
  1.430E+02  8.99318E-01  6.71970E-25  2.39965E-08  0.00000E+00  1.0E-07
  1.435E+02  9.01928E-01  6.52793E-25  2.33116E-08  0.00000E+00  1.0E-07
  1.440E+02  9.04508E-01  6.34002E-25  2.26406E-08  0.00000E+00  1.0E-07
  1.445E+02  9.07058E-01  6.15591E-25  2.19832E-08  0.00000E+00  1.0E-07
  1.450E+02  9.09576E-01  5.97556E-25  2.13391E-08  0.00000E+00  1.0E-07
  1.455E+02  9.12063E-01  5.79888E-25  2.07082E-08  0.00000E+00  1.0E-07
  1.460E+02  9.14519E-01  5.62585E-25  2.00903E-08  0.00000E+00  1.0E-07
  1.465E+02  9.16943E-01  5.45638E-25  1.94851E-08  0.00000E+00  1.0E-07
  1.470E+02  9.19335E-01  5.29045E-25  1.88925E-08  0.00000E+00  1.0E-07
  1.475E+02  9.21696E-01  5.12798E-25  1.83124E-08  0.00000E+00  1.0E-07
  1.480E+02  9.24024E-01  4.96894E-25  1.77444E-08  0.00000E+00  1.0E-07
  1.485E+02  9.26320E-01  4.81327E-25  1.71885E-08  0.00000E+00  1.0E-07
  1.490E+02  9.28584E-01  4.66093E-25  1.66445E-08  0.00000E+00  1.0E-07
  1.495E+02  9.30815E-01  4.51187E-25  1.61122E-08  0.00000E+00  1.0E-07
  1.500E+02  9.33013E-01  4.36604E-25  1.55914E-08  0.00000E+00  1.0E-07
  1.505E+02  9.35178E-01  4.22340E-25  1.50820E-08  0.00000E+00  1.0E-07
  1.510E+02  9.37310E-01  4.08391E-25  1.45839E-08  0.00000E+00  1.0E-07
  1.515E+02  9.39409E-01  3.94752E-25  1.40968E-08  0.00000E+00  1.0E-07
  1.520E+02  9.41474E-01  3.81419E-25  1.36207E-08  0.00000E+00  1.0E-07
  1.525E+02  9.43505E-01  3.68388E-25  1.31554E-08  0.00000E+00  1.0E-07
  1.530E+02  9.45503E-01  3.55656E-25  1.27007E-08  0.00000E+00  1.0E-07
  1.535E+02  9.47467E-01  3.43219E-25  1.22566E-08  0.00000E+00  1.0E-07
  1.540E+02  9.49397E-01  3.31072E-25  1.18228E-08  0.00000E+00  1.0E-07
  1.545E+02  9.51293E-01  3.19213E-25  1.13993E-08  0.00000E+00  1.0E-07
  1.550E+02  9.53154E-01  3.07638E-25  1.09860E-08  0.00000E+00  1.0E-07
  1.555E+02  9.54981E-01  2.96343E-25  1.05826E-08  0.00000E+00  1.0E-07
  1.560E+02  9.56773E-01  2.85326E-25  1.01892E-08  0.00000E+00  1.0E-07
  1.565E+02  9.58530E-01  2.74582E-25  9.80549E-09  0.00000E+00  1.0E-07
  1.570E+02  9.60252E-01  2.64109E-25  9.43150E-09  0.00000E+00  1.0E-07
  1.575E+02  9.61940E-01  2.53904E-25  9.06706E-09  0.00000E+00  1.0E-07
  1.580E+02  9.63592E-01  2.43963E-25  8.71209E-09  0.00000E+00  1.0E-07
  1.585E+02  9.65209E-01  2.34285E-25  8.36647E-09  0.00000E+00  1.0E-07
  1.590E+02  9.66790E-01  2.24866E-25  8.03010E-09  0.00000E+00  1.0E-07
  1.595E+02  9.68336E-01  2.15703E-25  7.70289E-09  0.00000E+00  1.0E-07
  1.600E+02  9.69846E-01  2.06794E-25  7.38475E-09  0.00000E+00  1.0E-07
  1.605E+02  9.71321E-01  1.98137E-25  7.07558E-09  0.00000E+00  1.0E-07
  1.610E+02  9.72759E-01  1.89728E-25  6.77530E-09  0.00000E+00  1.0E-07
  1.615E+02  9.74162E-01  1.81566E-25  6.48383E-09  0.00000E+00  1.0E-07
  1.620E+02  9.75528E-01  1.73648E-25  6.20107E-09  0.00000E+00  1.0E-07
  1.625E+02  9.76858E-01  1.65971E-25  5.92695E-09  0.00000E+00  1.0E-07
  1.630E+02  9.78152E-01  1.58535E-25  5.66139E-09  0.00000E+00  1.0E-07
  1.635E+02  9.79410E-01  1.51336E-25  5.40432E-09  0.00000E+00  1.0E-07
  1.640E+02  9.80631E-01  1.44373E-25  5.15567E-09  0.00000E+00  1.0E-07
  1.645E+02  9.81815E-01  1.37644E-25  4.91536E-09  0.00000E+00  1.0E-07
  1.650E+02  9.82963E-01  1.31147E-25  4.68333E-09  0.00000E+00  1.0E-07
  1.655E+02  9.84074E-01  1.24879E-25  4.45952E-09  0.00000E+00  1.0E-07
  1.660E+02  9.85148E-01  1.18840E-25  4.24385E-09  0.00000E+00  1.0E-07
  1.665E+02  9.86185E-01  1.13027E-25  4.03628E-09  0.00000E+00  1.0E-07
  1.670E+02  9.87185E-01  1.07440E-25  3.83675E-09  0.00000E+00  1.0E-07
  1.675E+02  9.88148E-01  1.02076E-25  3.64519E-09  0.00000E+00  1.0E-07
  1.680E+02  9.89074E-01  9.69336E-26  3.46156E-09  0.00000E+00  1.0E-07
  1.685E+02  9.89962E-01  9.20119E-26  3.28581E-09  0.00000E+00  1.0E-07
  1.690E+02  9.90814E-01  8.73095E-26  3.11788E-09  0.00000E+00  1.0E-07
  1.695E+02  9.91627E-01  8.28250E-26  2.95774E-09  0.00000E+00  1.0E-07
  1.700E+02  9.92404E-01  7.85572E-26  2.80533E-09  0.00000E+00  1.0E-07
  1.705E+02  9.93143E-01  7.45048E-26  2.66062E-09  0.00000E+00  1.0E-07
  1.710E+02  9.93844E-01  7.06669E-26  2.52356E-09  0.00000E+00  1.0E-07
  1.715E+02  9.94508E-01  6.70423E-26  2.39412E-09  0.00000E+00  1.0E-07
  1.720E+02  9.95134E-01  6.36300E-26  2.27227E-09  0.00000E+00  1.0E-07
  1.725E+02  9.95722E-01  6.04292E-26  2.15797E-09  0.00000E+00  1.0E-07
  1.730E+02  9.96273E-01  5.74389E-26  2.05118E-09  0.00000E+00  1.0E-07
  1.735E+02  9.96786E-01  5.46584E-26  1.95189E-09  0.00000E+00  1.0E-07
  1.740E+02  9.97261E-01  5.20868E-26  1.86005E-09  0.00000E+00  1.0E-07
  1.745E+02  9.97698E-01  4.97236E-26  1.77566E-09  0.00000E+00  1.0E-07
  1.750E+02  9.98097E-01  4.75679E-26  1.69868E-09  0.00000E+00  1.0E-07
  1.755E+02  9.98459E-01  4.56193E-26  1.62910E-09  0.00000E+00  1.0E-07
  1.760E+02  9.98782E-01  4.38773E-26  1.56689E-09  0.00000E+00  1.0E-07
  1.765E+02  9.99067E-01  4.23413E-26  1.51203E-09  0.00000E+00  1.0E-07
  1.770E+02  9.99315E-01  4.10109E-26  1.46453E-09  0.00000E+00  1.0E-07
  1.775E+02  9.99524E-01  3.98858E-26  1.42435E-09  0.00000E+00  1.0E-07
  1.780E+02  9.99695E-01  3.89657E-26  1.39149E-09  0.00000E+00  1.0E-07
  1.785E+02  9.99829E-01  3.82504E-26  1.36595E-09  0.00000E+00  1.0E-07
  1.790E+02  9.99924E-01  3.77395E-26  1.34770E-09  0.00000E+00  1.0E-07
  1.795E+02  9.99981E-01  3.74331E-26  1.33676E-09  0.00000E+00  1.0E-07
  1.800E+02  1.00000E+00  3.73309E-26  1.33311E-09  0.00000E+00  1.0E-07
