 #
 # Subroutine ELSEPA. Elastic scattering of electrons and positrons
 #                    by neutral atoms and positive ions
 #
 # Projectile: electron
 # Kinetic energy = 3.70000E+06 eV = 1.35973E+05 a.u.
 #
 # WARNING: High-energy factorization with free-atom DF screening.
 #          Absorption, polarization and exchange corrections are
 #          switched off.
 #          Phase shifts are calculated for the bare nucleus.
 #          Scattering amplitudes are not evaluated.
 #
 # Element: Es,  Z =  99,  atomic weight = 2.52000E+02 g/mol
 #
 # Nuclear model: Fermi distribution
 #                Average radius = 6.75850E-13 cm
 #                Skin thickness = 5.46000E-14 cm
 #
 # Number of electrons = 99
 #
 # Total elastic cross section = 1.16069E-17 cm**2 = 4.14491E-01 a0**2
 # 1st transport cross section = 9.39639E-22 cm**2 = 3.35551E-05 a0**2
 # 2nd transport cross section = 2.40494E-21 cm**2 = 8.58818E-05 a0**2
 #
 #
 # Differential cross section:                       MU=(1-COS(THETA))/2
 #
 #  THETA        MU          DCS          DCS        Sherman      error
 #  (deg)                 (cm**2/sr)   (a0**2/sr)    function
 #----------------------------------------------------------------------
  0.000E+00  0.00000E+00  1.69181E-12  6.04156E+04  0.00000E+00  1.0E-05
  1.000E-04  7.61557E-13  1.69180E-12  6.04153E+04  0.00000E+00  1.0E-05
  1.250E-04  1.18994E-12  1.69179E-12  6.04151E+04  0.00000E+00  1.0E-05
  1.500E-04  1.71346E-12  1.69179E-12  6.04148E+04  0.00000E+00  1.0E-05
  1.750E-04  2.33225E-12  1.69178E-12  6.04145E+04  0.00000E+00  1.0E-05
  2.000E-04  3.04617E-12  1.69177E-12  6.04141E+04  0.00000E+00  1.0E-05
  2.250E-04  3.85530E-12  1.69176E-12  6.04137E+04  0.00000E+00  1.0E-05
  2.500E-04  4.75964E-12  1.69174E-12  6.04133E+04  0.00000E+00  1.0E-05
  2.750E-04  5.75917E-12  1.69173E-12  6.04128E+04  0.00000E+00  1.0E-05
  3.000E-04  6.85391E-12  1.69172E-12  6.04122E+04  0.00000E+00  1.0E-05
  3.250E-04  8.04379E-12  1.69170E-12  6.04117E+04  0.00000E+00  1.0E-05
  3.500E-04  9.32893E-12  1.69168E-12  6.04110E+04  0.00000E+00  1.0E-05
  3.750E-04  1.07092E-11  1.69166E-12  6.04103E+04  0.00000E+00  1.0E-05
  4.000E-04  1.21847E-11  1.69164E-12  6.04096E+04  0.00000E+00  1.0E-05
  4.250E-04  1.37554E-11  1.69162E-12  6.04088E+04  0.00000E+00  1.0E-05
  4.500E-04  1.54213E-11  1.69160E-12  6.04080E+04  0.00000E+00  1.0E-05
  4.750E-04  1.71823E-11  1.69157E-12  6.04071E+04  0.00000E+00  1.0E-05
  5.000E-04  1.90386E-11  1.69155E-12  6.04062E+04  0.00000E+00  1.0E-05
  5.250E-04  2.09900E-11  1.69152E-12  6.04052E+04  0.00000E+00  1.0E-05
  5.500E-04  2.30367E-11  1.69149E-12  6.04042E+04  0.00000E+00  1.0E-05
  5.750E-04  2.51785E-11  1.69146E-12  6.04032E+04  0.00000E+00  1.0E-05
  6.000E-04  2.74156E-11  1.69143E-12  6.04021E+04  0.00000E+00  1.0E-05
  6.250E-04  2.97478E-11  1.69140E-12  6.04009E+04  0.00000E+00  1.0E-05
  6.500E-04  3.21752E-11  1.69136E-12  6.03997E+04  0.00000E+00  1.0E-05
  6.750E-04  3.46979E-11  1.69133E-12  6.03985E+04  0.00000E+00  1.0E-05
  7.000E-04  3.73157E-11  1.69129E-12  6.03972E+04  0.00000E+00  1.0E-05
  7.250E-04  4.00286E-11  1.69125E-12  6.03958E+04  0.00000E+00  1.0E-05
  7.500E-04  4.28368E-11  1.69122E-12  6.03944E+04  0.00000E+00  1.0E-05
  7.750E-04  4.57402E-11  1.69118E-12  6.03930E+04  0.00000E+00  1.0E-05
  8.000E-04  4.87388E-11  1.69113E-12  6.03915E+04  0.00000E+00  1.0E-05
  8.250E-04  5.18325E-11  1.69109E-12  6.03900E+04  0.00000E+00  1.0E-05
  8.500E-04  5.50215E-11  1.69105E-12  6.03884E+04  0.00000E+00  1.0E-05
  8.750E-04  5.83057E-11  1.69100E-12  6.03868E+04  0.00000E+00  1.0E-05
  9.000E-04  6.16850E-11  1.69095E-12  6.03851E+04  0.00000E+00  1.0E-05
  9.250E-04  6.51595E-11  1.69091E-12  6.03834E+04  0.00000E+00  1.0E-05
  9.500E-04  6.87293E-11  1.69086E-12  6.03816E+04  0.00000E+00  1.0E-05
  9.750E-04  7.23943E-11  1.69081E-12  6.03798E+04  0.00000E+00  1.0E-05
  1.000E-03  7.61544E-11  1.69075E-12  6.03779E+04  0.00000E+00  1.0E-05
  1.250E-03  1.18991E-10  1.69016E-12  6.03567E+04  0.00000E+00  1.0E-05
  1.500E-03  1.71347E-10  1.68943E-12  6.03307E+04  0.00000E+00  1.0E-05
  1.750E-03  2.33223E-10  1.68857E-12  6.03001E+04  0.00000E+00  1.0E-05
  2.000E-03  3.04617E-10  1.68759E-12  6.02648E+04  0.00000E+00  1.0E-05
  2.250E-03  3.85531E-10  1.68647E-12  6.02248E+04  0.00000E+00  1.0E-05
  2.500E-03  4.75965E-10  1.68522E-12  6.01802E+04  0.00000E+00  1.0E-05
  2.750E-03  5.75917E-10  1.68384E-12  6.01309E+04  0.00000E+00  1.0E-05
  3.000E-03  6.85389E-10  1.68233E-12  6.00770E+04  0.00000E+00  1.0E-05
  3.250E-03  8.04380E-10  1.68069E-12  6.00186E+04  0.00000E+00  1.0E-05
  3.500E-03  9.32891E-10  1.67893E-12  5.99556E+04  0.00000E+00  1.0E-05
  3.750E-03  1.07092E-09  1.67704E-12  5.98880E+04  0.00000E+00  1.0E-05
  4.000E-03  1.21847E-09  1.67502E-12  5.98160E+04  0.00000E+00  1.0E-05
  4.250E-03  1.37554E-09  1.67287E-12  5.97394E+04  0.00000E+00  1.0E-05
  4.500E-03  1.54213E-09  1.67061E-12  5.96584E+04  0.00000E+00  1.0E-05
  4.750E-03  1.71823E-09  1.66822E-12  5.95731E+04  0.00000E+00  1.0E-05
  5.000E-03  1.90386E-09  1.66570E-12  5.94833E+04  0.00000E+00  1.0E-05
  5.250E-03  2.09900E-09  1.66307E-12  5.93892E+04  0.00000E+00  1.0E-05
  5.500E-03  2.30367E-09  1.66031E-12  5.92908E+04  0.00000E+00  1.0E-05
  5.750E-03  2.51785E-09  1.65744E-12  5.91881E+04  0.00000E+00  1.0E-05
  6.000E-03  2.74156E-09  1.65444E-12  5.90813E+04  0.00000E+00  1.0E-05
  6.250E-03  2.97478E-09  1.65133E-12  5.89702E+04  0.00000E+00  1.0E-05
  6.500E-03  3.21752E-09  1.64811E-12  5.88550E+04  0.00000E+00  1.0E-05
  6.750E-03  3.46978E-09  1.64477E-12  5.87358E+04  0.00000E+00  1.0E-05
  7.000E-03  3.73156E-09  1.64132E-12  5.86125E+04  0.00000E+00  1.0E-05
  7.250E-03  4.00286E-09  1.63775E-12  5.84852E+04  0.00000E+00  1.0E-05
  7.500E-03  4.28368E-09  1.63408E-12  5.83540E+04  0.00000E+00  1.0E-05
  7.750E-03  4.57402E-09  1.63030E-12  5.82189E+04  0.00000E+00  1.0E-05
  8.000E-03  4.87388E-09  1.62641E-12  5.80800E+04  0.00000E+00  1.0E-05
  8.250E-03  5.18326E-09  1.62241E-12  5.79374E+04  0.00000E+00  1.0E-05
  8.500E-03  5.50215E-09  1.61831E-12  5.77910E+04  0.00000E+00  1.0E-05
  8.750E-03  5.83057E-09  1.61411E-12  5.76409E+04  0.00000E+00  1.0E-05
  9.000E-03  6.16850E-09  1.60981E-12  5.74873E+04  0.00000E+00  1.0E-05
  9.250E-03  6.51596E-09  1.60541E-12  5.73301E+04  0.00000E+00  1.0E-05
  9.500E-03  6.87293E-09  1.60091E-12  5.71694E+04  0.00000E+00  1.0E-05
  9.750E-03  7.23942E-09  1.59631E-12  5.70053E+04  0.00000E+00  1.0E-05
  1.000E-02  7.61544E-09  1.59162E-12  5.68378E+04  0.00000E+00  1.0E-05
  1.250E-02  1.18991E-08  1.53995E-12  5.49927E+04  0.00000E+00  1.0E-05
  1.500E-02  1.71347E-08  1.48098E-12  5.28866E+04  0.00000E+00  1.0E-05
  1.750E-02  2.33223E-08  1.41650E-12  5.05840E+04  0.00000E+00  1.0E-05
  2.000E-02  3.04617E-08  1.34839E-12  4.81520E+04  0.00000E+00  1.0E-05
  2.250E-02  3.85531E-08  1.27852E-12  4.56567E+04  0.00000E+00  1.0E-05
  2.500E-02  4.75965E-08  1.20838E-12  4.31520E+04  0.00000E+00  1.0E-05
  2.750E-02  5.75917E-08  1.13915E-12  4.06797E+04  0.00000E+00  1.0E-05
  3.000E-02  6.85389E-08  1.07182E-12  3.82755E+04  0.00000E+00  1.0E-05
  3.250E-02  8.04380E-08  1.00725E-12  3.59696E+04  0.00000E+00  1.0E-05
  3.500E-02  9.32891E-08  9.45970E-13  3.37812E+04  0.00000E+00  1.0E-05
  3.750E-02  1.07092E-07  8.88155E-13  3.17166E+04  0.00000E+00  1.0E-05
  4.000E-02  1.21847E-07  8.33967E-13  2.97815E+04  0.00000E+00  1.0E-05
  4.250E-02  1.37554E-07  7.83469E-13  2.79782E+04  0.00000E+00  1.0E-05
  4.500E-02  1.54213E-07  7.36615E-13  2.63050E+04  0.00000E+00  1.0E-05
  4.750E-02  1.71823E-07  6.93163E-13  2.47533E+04  0.00000E+00  1.0E-05
  5.000E-02  1.90386E-07  6.52945E-13  2.33171E+04  0.00000E+00  1.0E-05
  5.250E-02  2.09900E-07  6.15765E-13  2.19894E+04  0.00000E+00  1.0E-05
  5.500E-02  2.30367E-07  5.81361E-13  2.07608E+04  0.00000E+00  1.0E-05
  5.750E-02  2.51785E-07  5.49511E-13  1.96234E+04  0.00000E+00  1.0E-05
  6.000E-02  2.74156E-07  5.20013E-13  1.85700E+04  0.00000E+00  1.0E-05
  6.250E-02  2.97478E-07  4.92674E-13  1.75937E+04  0.00000E+00  1.0E-05
  6.500E-02  3.21752E-07  4.67209E-13  1.66843E+04  0.00000E+00  1.0E-05
  6.750E-02  3.46978E-07  4.43495E-13  1.58375E+04  0.00000E+00  1.0E-05
  7.000E-02  3.73156E-07  4.21400E-13  1.50485E+04  0.00000E+00  1.0E-05
  7.250E-02  4.00286E-07  4.00784E-13  1.43123E+04  0.00000E+00  1.0E-05
  7.500E-02  4.28368E-07  3.81430E-13  1.36211E+04  0.00000E+00  1.0E-05
  7.750E-02  4.57402E-07  3.63250E-13  1.29719E+04  0.00000E+00  1.0E-05
  8.000E-02  4.87388E-07  3.46195E-13  1.23629E+04  0.00000E+00  1.0E-05
  8.250E-02  5.18325E-07  3.30175E-13  1.17908E+04  0.00000E+00  1.0E-05
  8.500E-02  5.50215E-07  3.15047E-13  1.12505E+04  0.00000E+00  1.0E-05
  8.750E-02  5.83057E-07  3.00717E-13  1.07388E+04  0.00000E+00  1.0E-05
  9.000E-02  6.16850E-07  2.87201E-13  1.02562E+04  0.00000E+00  1.0E-05
  9.250E-02  6.51596E-07  2.74440E-13  9.80041E+03  0.00000E+00  1.0E-05
  9.500E-02  6.87293E-07  2.62349E-13  9.36865E+03  0.00000E+00  1.0E-05
  9.750E-02  7.23942E-07  2.50820E-13  8.95695E+03  0.00000E+00  1.0E-05
  1.000E-01  7.61543E-07  2.39905E-13  8.56717E+03  0.00000E+00  1.0E-05
  1.250E-01  1.18991E-06  1.56226E-13  5.57893E+03  0.00000E+00  1.0E-05
  1.500E-01  1.71347E-06  1.02831E-13  3.67218E+03  0.00000E+00  1.0E-05
  1.750E-01  2.33223E-06  7.08664E-14  2.53068E+03  0.00000E+00  1.0E-05
  2.000E-01  3.04617E-06  5.01967E-14  1.79256E+03  0.00000E+00  1.0E-05
  2.250E-01  3.85531E-06  3.62410E-14  1.29419E+03  0.00000E+00  1.0E-05
  2.500E-01  4.75964E-06  2.67867E-14  9.56569E+02  0.00000E+00  1.0E-05
  2.750E-01  5.75916E-06  2.02681E-14  7.23787E+02  0.00000E+00  1.0E-05
  3.000E-01  6.85388E-06  1.56414E-14  5.58564E+02  0.00000E+00  1.0E-05
  3.250E-01  8.04378E-06  1.22583E-14  4.37753E+02  0.00000E+00  1.0E-05
  3.500E-01  9.32888E-06  9.74174E-15  3.47884E+02  0.00000E+00  1.0E-05
  3.750E-01  1.07092E-05  7.85555E-15  2.80527E+02  0.00000E+00  1.0E-05
  4.000E-01  1.21846E-05  6.41597E-15  2.29118E+02  0.00000E+00  1.0E-05
  4.250E-01  1.37553E-05  5.29774E-15  1.89186E+02  0.00000E+00  1.0E-05
  4.500E-01  1.54212E-05  4.41364E-15  1.57614E+02  0.00000E+00  1.0E-05
  4.750E-01  1.71822E-05  3.71219E-15  1.32565E+02  0.00000E+00  1.0E-05
  5.000E-01  1.90385E-05  3.14603E-15  1.12347E+02  0.00000E+00  1.0E-05
  5.250E-01  2.09899E-05  2.69080E-15  9.60903E+01  0.00000E+00  1.0E-05
  5.500E-01  2.30365E-05  2.31323E-15  8.26070E+01  0.00000E+00  1.0E-05
  5.750E-01  2.51783E-05  2.00017E-15  7.14274E+01  0.00000E+00  1.0E-05
  6.000E-01  2.74153E-05  1.73857E-15  6.20856E+01  0.00000E+00  1.0E-05
  6.250E-01  2.97475E-05  1.51865E-15  5.42320E+01  0.00000E+00  1.0E-05
  6.500E-01  3.21749E-05  1.33241E-15  4.75813E+01  0.00000E+00  1.0E-05
  6.750E-01  3.46974E-05  1.17297E-15  4.18875E+01  0.00000E+00  1.0E-05
  7.000E-01  3.73152E-05  1.03672E-15  3.70219E+01  0.00000E+00  1.0E-05
  7.250E-01  4.00281E-05  9.20009E-16  3.28541E+01  0.00000E+00  1.0E-05
  7.500E-01  4.28362E-05  8.19238E-16  2.92555E+01  0.00000E+00  1.0E-05
  7.750E-01  4.57395E-05  7.31955E-16  2.61386E+01  0.00000E+00  1.0E-05
  8.000E-01  4.87380E-05  6.56127E-16  2.34307E+01  0.00000E+00  1.0E-05
  8.250E-01  5.18317E-05  5.89950E-16  2.10675E+01  0.00000E+00  1.0E-05
  8.500E-01  5.50205E-05  5.31858E-16  1.89930E+01  0.00000E+00  1.0E-05
  8.750E-01  5.83045E-05  4.80675E-16  1.71652E+01  0.00000E+00  1.0E-05
  9.000E-01  6.16838E-05  4.35559E-16  1.55541E+01  0.00000E+00  1.0E-05
  9.250E-01  6.51582E-05  3.95663E-16  1.41294E+01  0.00000E+00  1.0E-05
  9.500E-01  6.87277E-05  3.60250E-16  1.28648E+01  0.00000E+00  1.0E-05
  9.750E-01  7.23925E-05  3.28689E-16  1.17377E+01  0.00000E+00  1.0E-05
  1.000E+00  7.61524E-05  3.00563E-16  1.07333E+01  0.00000E+00  1.5E-05
  1.100E+00  9.21439E-05  2.14389E-16  7.65597E+00  0.00000E+00  1.1E-05
  1.200E+00  1.09658E-04  1.57174E-16  5.61277E+00  0.00000E+00  5.9E-06
  1.300E+00  1.28695E-04  1.17857E-16  4.20874E+00  0.00000E+00  1.2E-06
  1.400E+00  1.49255E-04  9.00262E-17  3.21489E+00  0.00000E+00  2.3E-06
  1.500E+00  1.71338E-04  7.00095E-17  2.50009E+00  0.00000E+00  4.2E-06
  1.600E+00  1.94942E-04  5.52852E-17  1.97427E+00  0.00000E+00  4.5E-06
  1.700E+00  2.20070E-04  4.42445E-17  1.58000E+00  0.00000E+00  3.6E-06
  1.800E+00  2.46720E-04  3.58220E-17  1.27923E+00  0.00000E+00  2.0E-06
  1.900E+00  2.74892E-04  2.93347E-17  1.04756E+00  0.00000E+00  3.3E-07
  2.000E+00  3.04586E-04  2.42659E-17  8.66552E-01  0.00000E+00  1.1E-06
  2.100E+00  3.35803E-04  2.02573E-17  7.23401E-01  0.00000E+00  1.9E-06
  2.200E+00  3.68542E-04  1.70419E-17  6.08579E-01  0.00000E+00  2.0E-06
  2.300E+00  4.02802E-04  1.44460E-17  5.15874E-01  0.00000E+00  1.7E-06
  2.400E+00  4.38585E-04  1.23297E-17  4.40300E-01  0.00000E+00  9.2E-07
  2.500E+00  4.75889E-04  1.05888E-17  3.78135E-01  0.00000E+00  1.0E-07
  2.600E+00  5.14715E-04  9.14316E-18  3.26508E-01  0.00000E+00  6.1E-07
  2.700E+00  5.55063E-04  7.93590E-18  2.83396E-01  0.00000E+00  1.0E-06
  2.800E+00  5.96931E-04  6.92194E-18  2.47187E-01  0.00000E+00  1.1E-06
  2.900E+00  6.40321E-04  6.06500E-18  2.16585E-01  0.00000E+00  9.0E-07
  3.000E+00  6.85233E-04  5.33557E-18  1.90537E-01  0.00000E+00  4.9E-07
  3.100E+00  7.31665E-04  4.71217E-18  1.68275E-01  0.00000E+00  1.0E-07
  3.200E+00  7.79618E-04  4.17723E-18  1.49172E-01  0.00000E+00  4.0E-07
  3.300E+00  8.29092E-04  3.71615E-18  1.32706E-01  0.00000E+00  6.4E-07
  3.400E+00  8.80086E-04  3.31662E-18  1.18439E-01  0.00000E+00  6.8E-07
  3.500E+00  9.32601E-04  2.96919E-18  1.06032E-01  0.00000E+00  5.5E-07
  3.600E+00  9.86636E-04  2.66617E-18  9.52107E-02  0.00000E+00  2.9E-07
  3.700E+00  1.04219E-03  2.40090E-18  8.57378E-02  0.00000E+00  1.0E-07
  3.800E+00  1.09927E-03  2.16784E-18  7.74151E-02  0.00000E+00  2.8E-07
  3.900E+00  1.15786E-03  1.96231E-18  7.00755E-02  0.00000E+00  4.3E-07
  4.000E+00  1.21797E-03  1.78067E-18  6.35891E-02  0.00000E+00  4.5E-07
  4.100E+00  1.27961E-03  1.61966E-18  5.78392E-02  0.00000E+00  3.6E-07
  4.200E+00  1.34276E-03  1.47652E-18  5.27276E-02  0.00000E+00  1.8E-07
  4.300E+00  1.40743E-03  1.34883E-18  4.81675E-02  0.00000E+00  1.0E-07
  4.400E+00  1.47362E-03  1.23472E-18  4.40926E-02  0.00000E+00  2.1E-07
  4.500E+00  1.54133E-03  1.13250E-18  4.04422E-02  0.00000E+00  3.1E-07
  4.600E+00  1.61056E-03  1.04070E-18  3.71639E-02  0.00000E+00  3.2E-07
  4.700E+00  1.68131E-03  9.58014E-19  3.42113E-02  0.00000E+00  2.4E-07
  4.800E+00  1.75357E-03  8.83429E-19  3.15478E-02  0.00000E+00  1.1E-07
  4.900E+00  1.82735E-03  8.16004E-19  2.91400E-02  0.00000E+00  1.0E-07
  5.000E+00  1.90265E-03  7.54928E-19  2.69590E-02  0.00000E+00  1.6E-07
  5.100E+00  1.97947E-03  6.99472E-19  2.49786E-02  0.00000E+00  2.3E-07
  5.200E+00  2.05780E-03  6.49036E-19  2.31775E-02  0.00000E+00  2.3E-07
  5.300E+00  2.13765E-03  6.03090E-19  2.15367E-02  0.00000E+00  1.7E-07
  5.400E+00  2.21902E-03  5.61161E-19  2.00394E-02  0.00000E+00  1.0E-07
  5.500E+00  2.30190E-03  5.22823E-19  1.86704E-02  0.00000E+00  1.0E-07
  5.600E+00  2.38630E-03  4.87710E-19  1.74164E-02  0.00000E+00  1.3E-07
  5.700E+00  2.47222E-03  4.55512E-19  1.62666E-02  0.00000E+00  1.8E-07
  5.800E+00  2.55965E-03  4.25940E-19  1.52106E-02  0.00000E+00  1.7E-07
  5.900E+00  2.64859E-03  3.98736E-19  1.42391E-02  0.00000E+00  1.3E-07
  6.000E+00  2.73905E-03  3.73671E-19  1.33440E-02  0.00000E+00  1.0E-07
  6.100E+00  2.83103E-03  3.50554E-19  1.25185E-02  0.00000E+00  1.0E-07
  6.200E+00  2.92452E-03  3.29205E-19  1.17561E-02  0.00000E+00  1.0E-07
  6.300E+00  3.01952E-03  3.09462E-19  1.10511E-02  0.00000E+00  1.4E-07
  6.400E+00  3.11604E-03  2.91175E-19  1.03981E-02  0.00000E+00  1.3E-07
  6.500E+00  3.21407E-03  2.74225E-19  9.79274E-03  0.00000E+00  1.0E-07
  6.600E+00  3.31362E-03  2.58495E-19  9.23101E-03  0.00000E+00  1.0E-07
  6.700E+00  3.41468E-03  2.43881E-19  8.70914E-03  0.00000E+00  1.0E-07
  6.800E+00  3.51725E-03  2.30283E-19  8.22356E-03  0.00000E+00  1.0E-07
  6.900E+00  3.62133E-03  2.17623E-19  7.77147E-03  0.00000E+00  1.1E-07
  7.000E+00  3.72692E-03  2.05825E-19  7.35013E-03  0.00000E+00  1.1E-07
  7.100E+00  3.83403E-03  1.94818E-19  6.95706E-03  0.00000E+00  1.0E-07
  7.200E+00  3.94265E-03  1.84536E-19  6.58990E-03  0.00000E+00  1.0E-07
  7.300E+00  4.05278E-03  1.74925E-19  6.24670E-03  0.00000E+00  1.0E-07
  7.400E+00  4.16442E-03  1.65934E-19  5.92562E-03  0.00000E+00  1.0E-07
  7.500E+00  4.27757E-03  1.57516E-19  5.62499E-03  0.00000E+00  1.0E-07
  7.600E+00  4.39223E-03  1.49624E-19  5.34319E-03  0.00000E+00  1.0E-07
  7.700E+00  4.50840E-03  1.42222E-19  5.07883E-03  0.00000E+00  1.0E-07
  7.800E+00  4.62608E-03  1.35273E-19  4.83069E-03  0.00000E+00  1.0E-07
  7.900E+00  4.74527E-03  1.28745E-19  4.59757E-03  0.00000E+00  1.0E-07
  8.000E+00  4.86597E-03  1.22607E-19  4.37837E-03  0.00000E+00  1.0E-07
  8.100E+00  4.98817E-03  1.16830E-19  4.17208E-03  0.00000E+00  1.0E-07
  8.200E+00  5.11188E-03  1.11391E-19  3.97786E-03  0.00000E+00  1.0E-07
  8.300E+00  5.23711E-03  1.06266E-19  3.79484E-03  0.00000E+00  1.0E-07
  8.400E+00  5.36383E-03  1.01434E-19  3.62227E-03  0.00000E+00  1.0E-07
  8.500E+00  5.49207E-03  9.68730E-20  3.45940E-03  0.00000E+00  1.0E-07
  8.600E+00  5.62181E-03  9.25667E-20  3.30562E-03  0.00000E+00  1.0E-07
  8.700E+00  5.75306E-03  8.84981E-20  3.16032E-03  0.00000E+00  1.0E-07
  8.800E+00  5.88581E-03  8.46516E-20  3.02296E-03  0.00000E+00  1.0E-07
  8.900E+00  6.02007E-03  8.10119E-20  2.89299E-03  0.00000E+00  1.0E-07
  9.000E+00  6.15583E-03  7.75666E-20  2.76995E-03  0.00000E+00  1.0E-07
  9.100E+00  6.29310E-03  7.43035E-20  2.65343E-03  0.00000E+00  1.0E-07
  9.200E+00  6.43187E-03  7.12111E-20  2.54299E-03  0.00000E+00  1.0E-07
  9.300E+00  6.57214E-03  6.82782E-20  2.43826E-03  0.00000E+00  1.0E-07
  9.400E+00  6.71392E-03  6.54954E-20  2.33888E-03  0.00000E+00  1.0E-07
  9.500E+00  6.85720E-03  6.28538E-20  2.24455E-03  0.00000E+00  1.0E-07
  9.600E+00  7.00198E-03  6.03448E-20  2.15495E-03  0.00000E+00  1.0E-07
  9.700E+00  7.14827E-03  5.79602E-20  2.06980E-03  0.00000E+00  1.0E-07
  9.800E+00  7.29605E-03  5.56928E-20  1.98883E-03  0.00000E+00  1.0E-07
  9.900E+00  7.44534E-03  5.35360E-20  1.91180E-03  0.00000E+00  1.0E-07
  1.000E+01  7.59612E-03  5.14832E-20  1.83850E-03  0.00000E+00  1.0E-07
  1.025E+01  7.97965E-03  4.67679E-20  1.67011E-03  0.00000E+00  1.0E-07
  1.050E+01  8.37255E-03  4.25834E-20  1.52068E-03  0.00000E+00  1.0E-07
  1.075E+01  8.77480E-03  3.88596E-20  1.38770E-03  0.00000E+00  1.0E-07
  1.100E+01  9.18641E-03  3.55370E-20  1.26905E-03  0.00000E+00  1.0E-07
  1.125E+01  9.60736E-03  3.25648E-20  1.16291E-03  0.00000E+00  1.0E-07
  1.150E+01  1.00376E-02  2.98995E-20  1.06773E-03  0.00000E+00  1.0E-07
  1.175E+01  1.04773E-02  2.75038E-20  9.82178E-04  0.00000E+00  1.0E-07
  1.200E+01  1.09262E-02  2.53456E-20  9.05107E-04  0.00000E+00  1.0E-07
  1.225E+01  1.13844E-02  2.33971E-20  8.35527E-04  0.00000E+00  1.0E-07
  1.250E+01  1.18520E-02  2.16344E-20  7.72578E-04  0.00000E+00  1.0E-07
  1.275E+01  1.23288E-02  2.00365E-20  7.15517E-04  0.00000E+00  1.0E-07
  1.300E+01  1.28150E-02  1.85853E-20  6.63691E-04  0.00000E+00  1.0E-07
  1.325E+01  1.33104E-02  1.72646E-20  6.16531E-04  0.00000E+00  1.0E-07
  1.350E+01  1.38150E-02  1.60611E-20  5.73551E-04  0.00000E+00  1.0E-07
  1.375E+01  1.43290E-02  1.49620E-20  5.34302E-04  0.00000E+00  1.0E-07
  1.400E+01  1.48521E-02  1.39568E-20  4.98405E-04  0.00000E+00  1.0E-07
  1.425E+01  1.53845E-02  1.30360E-20  4.65523E-04  0.00000E+00  1.0E-07
  1.450E+01  1.59262E-02  1.21912E-20  4.35356E-04  0.00000E+00  1.0E-07
  1.475E+01  1.64770E-02  1.14150E-20  4.07636E-04  0.00000E+00  1.0E-07
  1.500E+01  1.70371E-02  1.07006E-20  3.82127E-04  0.00000E+00  1.0E-07
  1.525E+01  1.76063E-02  1.00425E-20  3.58623E-04  0.00000E+00  1.0E-07
  1.550E+01  1.81848E-02  9.43518E-21  3.36937E-04  0.00000E+00  1.0E-07
  1.575E+01  1.87724E-02  8.87410E-21  3.16900E-04  0.00000E+00  1.0E-07
  1.600E+01  1.93692E-02  8.35501E-21  2.98363E-04  0.00000E+00  1.0E-07
  1.625E+01  1.99751E-02  7.87424E-21  2.81194E-04  0.00000E+00  1.0E-07
  1.650E+01  2.05901E-02  7.42841E-21  2.65273E-04  0.00000E+00  1.0E-07
  1.675E+01  2.12143E-02  7.01451E-21  2.50493E-04  0.00000E+00  1.0E-07
  1.700E+01  2.18476E-02  6.62976E-21  2.36753E-04  0.00000E+00  1.0E-07
  1.725E+01  2.24900E-02  6.27178E-21  2.23969E-04  0.00000E+00  1.0E-07
  1.750E+01  2.31415E-02  5.93834E-21  2.12062E-04  0.00000E+00  1.0E-07
  1.775E+01  2.38021E-02  5.62744E-21  2.00959E-04  0.00000E+00  1.0E-07
  1.800E+01  2.44717E-02  5.33722E-21  1.90595E-04  0.00000E+00  1.0E-07
  1.825E+01  2.51504E-02  5.06608E-21  1.80913E-04  0.00000E+00  1.0E-07
  1.850E+01  2.58382E-02  4.81252E-21  1.71858E-04  0.00000E+00  1.0E-07
  1.875E+01  2.65349E-02  4.57517E-21  1.63382E-04  0.00000E+00  1.0E-07
  1.900E+01  2.72407E-02  4.35279E-21  1.55441E-04  0.00000E+00  1.0E-07
  1.925E+01  2.79555E-02  4.14426E-21  1.47994E-04  0.00000E+00  1.0E-07
  1.950E+01  2.86793E-02  3.94854E-21  1.41005E-04  0.00000E+00  1.0E-07
  1.975E+01  2.94120E-02  3.76471E-21  1.34440E-04  0.00000E+00  1.0E-07
  2.000E+01  3.01537E-02  3.59187E-21  1.28268E-04  0.00000E+00  1.0E-07
  2.025E+01  3.09043E-02  3.42926E-21  1.22461E-04  0.00000E+00  1.0E-07
  2.050E+01  3.16639E-02  3.27615E-21  1.16993E-04  0.00000E+00  1.0E-07
  2.075E+01  3.24324E-02  3.13187E-21  1.11841E-04  0.00000E+00  1.0E-07
  2.100E+01  3.32098E-02  2.99580E-21  1.06982E-04  0.00000E+00  1.0E-07
  2.125E+01  3.39961E-02  2.86740E-21  1.02397E-04  0.00000E+00  1.0E-07
  2.150E+01  3.47912E-02  2.74614E-21  9.80663E-05  0.00000E+00  1.0E-07
  2.175E+01  3.55952E-02  2.63154E-21  9.39740E-05  0.00000E+00  1.0E-07
  2.200E+01  3.64081E-02  2.52316E-21  9.01037E-05  0.00000E+00  1.0E-07
  2.225E+01  3.72297E-02  2.42060E-21  8.64412E-05  0.00000E+00  1.0E-07
  2.250E+01  3.80602E-02  2.32348E-21  8.29731E-05  0.00000E+00  1.0E-07
  2.275E+01  3.88995E-02  2.23146E-21  7.96868E-05  0.00000E+00  1.0E-07
  2.300E+01  3.97476E-02  2.14421E-21  7.65710E-05  0.00000E+00  1.0E-07
  2.325E+01  4.06044E-02  2.06142E-21  7.36147E-05  0.00000E+00  1.0E-07
  2.350E+01  4.14700E-02  1.98284E-21  7.08084E-05  0.00000E+00  1.0E-07
  2.375E+01  4.23443E-02  1.90820E-21  6.81429E-05  0.00000E+00  1.0E-07
  2.400E+01  4.32273E-02  1.83725E-21  6.56094E-05  0.00000E+00  1.0E-07
  2.425E+01  4.41190E-02  1.76978E-21  6.32002E-05  0.00000E+00  1.0E-07
  2.450E+01  4.50194E-02  1.70559E-21  6.09078E-05  0.00000E+00  1.0E-07
  2.475E+01  4.59284E-02  1.64448E-21  5.87255E-05  0.00000E+00  1.0E-07
  2.500E+01  4.68461E-02  1.58627E-21  5.66468E-05  0.00000E+00  1.0E-07
  2.550E+01  4.87074E-02  1.47790E-21  5.27766E-05  0.00000E+00  1.0E-07
  2.600E+01  5.06030E-02  1.37927E-21  4.92545E-05  0.00000E+00  1.0E-07
  2.650E+01  5.25328E-02  1.28932E-21  4.60425E-05  0.00000E+00  1.0E-07
  2.700E+01  5.44967E-02  1.20714E-21  4.31079E-05  0.00000E+00  1.0E-07
  2.750E+01  5.64946E-02  1.13192E-21  4.04217E-05  0.00000E+00  1.0E-07
  2.800E+01  5.85262E-02  1.06295E-21  3.79586E-05  0.00000E+00  1.0E-07
  2.850E+01  6.05914E-02  9.99591E-22  3.56960E-05  0.00000E+00  1.0E-07
  2.900E+01  6.26901E-02  9.41297E-22  3.36143E-05  0.00000E+00  1.0E-07
  2.950E+01  6.48222E-02  8.87572E-22  3.16958E-05  0.00000E+00  1.0E-07
  3.000E+01  6.69873E-02  8.37983E-22  2.99249E-05  0.00000E+00  1.0E-07
  3.050E+01  6.91854E-02  7.92141E-22  2.82879E-05  0.00000E+00  1.0E-07
  3.100E+01  7.14163E-02  7.49701E-22  2.67723E-05  0.00000E+00  1.0E-07
  3.150E+01  7.36799E-02  7.10352E-22  2.53671E-05  0.00000E+00  1.0E-07
  3.200E+01  7.59760E-02  6.73821E-22  2.40626E-05  0.00000E+00  1.0E-07
  3.250E+01  7.83043E-02  6.39858E-22  2.28498E-05  0.00000E+00  1.0E-07
  3.300E+01  8.06647E-02  6.08243E-22  2.17208E-05  0.00000E+00  1.0E-07
  3.350E+01  8.30571E-02  5.78774E-22  2.06684E-05  0.00000E+00  1.0E-07
  3.400E+01  8.54812E-02  5.51272E-22  1.96863E-05  0.00000E+00  1.0E-07
  3.450E+01  8.79369E-02  5.25577E-22  1.87687E-05  0.00000E+00  1.0E-07
  3.500E+01  9.04240E-02  5.01539E-22  1.79103E-05  0.00000E+00  1.0E-07
  3.550E+01  9.29422E-02  4.79025E-22  1.71063E-05  0.00000E+00  1.0E-07
  3.600E+01  9.54915E-02  4.57917E-22  1.63525E-05  0.00000E+00  1.0E-07
  3.650E+01  9.80716E-02  4.38104E-22  1.56450E-05  0.00000E+00  1.0E-07
  3.700E+01  1.00682E-01  4.19488E-22  1.49802E-05  0.00000E+00  1.0E-07
  3.750E+01  1.03323E-01  4.01978E-22  1.43549E-05  0.00000E+00  1.0E-07
  3.800E+01  1.05995E-01  3.85491E-22  1.37661E-05  0.00000E+00  1.0E-07
  3.850E+01  1.08696E-01  3.69954E-22  1.32113E-05  0.00000E+00  1.0E-07
  3.900E+01  1.11427E-01  3.55296E-22  1.26878E-05  0.00000E+00  1.0E-07
  3.950E+01  1.14188E-01  3.41455E-22  1.21936E-05  0.00000E+00  1.0E-07
  4.000E+01  1.16978E-01  3.28374E-22  1.17264E-05  0.00000E+00  1.0E-07
  4.050E+01  1.19797E-01  3.15999E-22  1.12845E-05  0.00000E+00  1.0E-07
  4.100E+01  1.22645E-01  3.04283E-22  1.08662E-05  0.00000E+00  1.0E-07
  4.150E+01  1.25522E-01  2.93181E-22  1.04697E-05  0.00000E+00  1.0E-07
  4.200E+01  1.28428E-01  2.82652E-22  1.00937E-05  0.00000E+00  1.0E-07
  4.250E+01  1.31361E-01  2.72658E-22  9.73680E-06  0.00000E+00  1.0E-07
  4.300E+01  1.34323E-01  2.63165E-22  9.39779E-06  0.00000E+00  1.0E-07
  4.350E+01  1.37313E-01  2.54140E-22  9.07551E-06  0.00000E+00  1.0E-07
  4.400E+01  1.40330E-01  2.45554E-22  8.76891E-06  0.00000E+00  1.0E-07
  4.450E+01  1.43375E-01  2.37380E-22  8.47700E-06  0.00000E+00  1.0E-07
  4.500E+01  1.46447E-01  2.29592E-22  8.19886E-06  0.00000E+00  1.0E-07
  4.550E+01  1.49545E-01  2.22165E-22  7.93367E-06  0.00000E+00  1.0E-07
  4.600E+01  1.52671E-01  2.15080E-22  7.68065E-06  0.00000E+00  1.0E-07
  4.650E+01  1.55823E-01  2.08315E-22  7.43908E-06  0.00000E+00  1.0E-07
  4.700E+01  1.59001E-01  2.01852E-22  7.20827E-06  0.00000E+00  1.0E-07
  4.750E+01  1.62205E-01  1.95673E-22  6.98763E-06  0.00000E+00  1.0E-07
  4.800E+01  1.65435E-01  1.89763E-22  6.77656E-06  0.00000E+00  1.0E-07
  4.850E+01  1.68690E-01  1.84105E-22  6.57451E-06  0.00000E+00  1.0E-07
  4.900E+01  1.71970E-01  1.78686E-22  6.38099E-06  0.00000E+00  1.0E-07
  4.950E+01  1.75276E-01  1.73492E-22  6.19552E-06  0.00000E+00  1.0E-07
  5.000E+01  1.78606E-01  1.68512E-22  6.01767E-06  0.00000E+00  1.0E-07
  5.050E+01  1.81961E-01  1.63733E-22  5.84701E-06  0.00000E+00  1.0E-07
  5.100E+01  1.85340E-01  1.59145E-22  5.68318E-06  0.00000E+00  1.0E-07
  5.150E+01  1.88743E-01  1.54739E-22  5.52581E-06  0.00000E+00  1.0E-07
  5.200E+01  1.92169E-01  1.50504E-22  5.37458E-06  0.00000E+00  1.0E-07
  5.250E+01  1.95619E-01  1.46431E-22  5.22915E-06  0.00000E+00  1.0E-07
  5.300E+01  1.99092E-01  1.42514E-22  5.08925E-06  0.00000E+00  1.0E-07
  5.350E+01  2.02589E-01  1.38743E-22  4.95459E-06  0.00000E+00  1.0E-07
  5.400E+01  2.06107E-01  1.35111E-22  4.82490E-06  0.00000E+00  1.0E-07
  5.450E+01  2.09649E-01  1.31612E-22  4.69995E-06  0.00000E+00  1.0E-07
  5.500E+01  2.13212E-01  1.28239E-22  4.57950E-06  0.00000E+00  1.0E-07
  5.550E+01  2.16797E-01  1.24986E-22  4.46334E-06  0.00000E+00  1.0E-07
  5.600E+01  2.20404E-01  1.21848E-22  4.35126E-06  0.00000E+00  1.0E-07
  5.650E+01  2.24032E-01  1.18818E-22  4.24308E-06  0.00000E+00  1.0E-07
  5.700E+01  2.27680E-01  1.15893E-22  4.13862E-06  0.00000E+00  1.0E-07
  5.750E+01  2.31350E-01  1.13067E-22  4.03770E-06  0.00000E+00  1.0E-07
  5.800E+01  2.35040E-01  1.10336E-22  3.94017E-06  0.00000E+00  1.0E-07
  5.850E+01  2.38751E-01  1.07695E-22  3.84586E-06  0.00000E+00  1.0E-07
  5.900E+01  2.42481E-01  1.05141E-22  3.75464E-06  0.00000E+00  1.0E-07
  5.950E+01  2.46231E-01  1.02669E-22  3.66637E-06  0.00000E+00  1.0E-07
  6.000E+01  2.50000E-01  1.00276E-22  3.58091E-06  0.00000E+00  1.0E-07
  6.050E+01  2.53788E-01  9.79586E-23  3.49817E-06  0.00000E+00  1.0E-07
  6.100E+01  2.57595E-01  9.57138E-23  3.41800E-06  0.00000E+00  1.0E-07
  6.150E+01  2.61421E-01  9.35384E-23  3.34032E-06  0.00000E+00  1.0E-07
  6.200E+01  2.65264E-01  9.14295E-23  3.26501E-06  0.00000E+00  1.0E-07
  6.250E+01  2.69126E-01  8.93844E-23  3.19198E-06  0.00000E+00  1.0E-07
  6.300E+01  2.73005E-01  8.74004E-23  3.12113E-06  0.00000E+00  1.0E-07
  6.350E+01  2.76901E-01  8.54751E-23  3.05237E-06  0.00000E+00  1.0E-07
  6.400E+01  2.80814E-01  8.36061E-23  2.98563E-06  0.00000E+00  1.0E-07
  6.450E+01  2.84744E-01  8.17912E-23  2.92082E-06  0.00000E+00  1.0E-07
  6.500E+01  2.88691E-01  8.00281E-23  2.85786E-06  0.00000E+00  1.0E-07
  6.550E+01  2.92653E-01  7.83150E-23  2.79668E-06  0.00000E+00  1.0E-07
  6.600E+01  2.96632E-01  7.66500E-23  2.73722E-06  0.00000E+00  1.0E-07
  6.650E+01  3.00625E-01  7.50312E-23  2.67941E-06  0.00000E+00  1.0E-07
  6.700E+01  3.04634E-01  7.34569E-23  2.62319E-06  0.00000E+00  1.0E-07
  6.750E+01  3.08658E-01  7.19254E-23  2.56850E-06  0.00000E+00  1.0E-07
  6.800E+01  3.12697E-01  7.04352E-23  2.51529E-06  0.00000E+00  1.0E-07
  6.850E+01  3.16749E-01  6.89847E-23  2.46349E-06  0.00000E+00  1.0E-07
  6.900E+01  3.20816E-01  6.75725E-23  2.41306E-06  0.00000E+00  1.0E-07
  6.950E+01  3.24896E-01  6.61971E-23  2.36394E-06  0.00000E+00  1.0E-07
  7.000E+01  3.28990E-01  6.48573E-23  2.31610E-06  0.00000E+00  1.0E-07
  7.050E+01  3.33097E-01  6.35519E-23  2.26948E-06  0.00000E+00  1.0E-07
  7.100E+01  3.37216E-01  6.22796E-23  2.22405E-06  0.00000E+00  1.0E-07
  7.150E+01  3.41348E-01  6.10394E-23  2.17976E-06  0.00000E+00  1.0E-07
  7.200E+01  3.45492E-01  5.98301E-23  2.13657E-06  0.00000E+00  1.0E-07
  7.250E+01  3.49647E-01  5.86506E-23  2.09445E-06  0.00000E+00  1.0E-07
  7.300E+01  3.53814E-01  5.75001E-23  2.05337E-06  0.00000E+00  1.0E-07
  7.350E+01  3.57992E-01  5.63775E-23  2.01328E-06  0.00000E+00  1.0E-07
  7.400E+01  3.62181E-01  5.52818E-23  1.97415E-06  0.00000E+00  1.0E-07
  7.450E+01  3.66381E-01  5.42122E-23  1.93595E-06  0.00000E+00  1.0E-07
  7.500E+01  3.70590E-01  5.31679E-23  1.89866E-06  0.00000E+00  1.0E-07
  7.550E+01  3.74810E-01  5.21480E-23  1.86224E-06  0.00000E+00  1.0E-07
  7.600E+01  3.79039E-01  5.11518E-23  1.82666E-06  0.00000E+00  1.0E-07
  7.650E+01  3.83277E-01  5.01786E-23  1.79191E-06  0.00000E+00  1.0E-07
  7.700E+01  3.87524E-01  4.92275E-23  1.75795E-06  0.00000E+00  1.0E-07
  7.750E+01  3.91780E-01  4.82981E-23  1.72476E-06  0.00000E+00  1.0E-07
  7.800E+01  3.96044E-01  4.73895E-23  1.69231E-06  0.00000E+00  1.0E-07
  7.850E+01  4.00316E-01  4.65011E-23  1.66059E-06  0.00000E+00  1.0E-07
  7.900E+01  4.04596E-01  4.56324E-23  1.62956E-06  0.00000E+00  1.0E-07
  7.950E+01  4.08882E-01  4.47827E-23  1.59922E-06  0.00000E+00  1.0E-07
  8.000E+01  4.13176E-01  4.39515E-23  1.56954E-06  0.00000E+00  1.0E-07
  8.050E+01  4.17476E-01  4.31382E-23  1.54049E-06  0.00000E+00  1.0E-07
  8.100E+01  4.21783E-01  4.23423E-23  1.51207E-06  0.00000E+00  1.0E-07
  8.150E+01  4.26095E-01  4.15633E-23  1.48425E-06  0.00000E+00  1.0E-07
  8.200E+01  4.30413E-01  4.08008E-23  1.45702E-06  0.00000E+00  1.0E-07
  8.250E+01  4.34737E-01  4.00542E-23  1.43036E-06  0.00000E+00  1.0E-07
  8.300E+01  4.39065E-01  3.93232E-23  1.40426E-06  0.00000E+00  1.0E-07
  8.350E+01  4.43398E-01  3.86072E-23  1.37869E-06  0.00000E+00  1.0E-07
  8.400E+01  4.47736E-01  3.79060E-23  1.35365E-06  0.00000E+00  1.0E-07
  8.450E+01  4.52077E-01  3.72190E-23  1.32911E-06  0.00000E+00  1.0E-07
  8.500E+01  4.56422E-01  3.65458E-23  1.30508E-06  0.00000E+00  1.0E-07
  8.550E+01  4.60770E-01  3.58862E-23  1.28152E-06  0.00000E+00  1.0E-07
  8.600E+01  4.65122E-01  3.52397E-23  1.25843E-06  0.00000E+00  1.0E-07
  8.650E+01  4.69476E-01  3.46060E-23  1.23580E-06  0.00000E+00  1.0E-07
  8.700E+01  4.73832E-01  3.39847E-23  1.21362E-06  0.00000E+00  1.0E-07
  8.750E+01  4.78190E-01  3.33756E-23  1.19186E-06  0.00000E+00  1.0E-07
  8.800E+01  4.82550E-01  3.27783E-23  1.17053E-06  0.00000E+00  1.0E-07
  8.850E+01  4.86912E-01  3.21925E-23  1.14962E-06  0.00000E+00  1.0E-07
  8.900E+01  4.91274E-01  3.16180E-23  1.12910E-06  0.00000E+00  1.0E-07
  8.950E+01  4.95637E-01  3.10544E-23  1.10897E-06  0.00000E+00  1.0E-07
  9.000E+01  5.00000E-01  3.05015E-23  1.08923E-06  0.00000E+00  1.0E-07
  9.050E+01  5.04363E-01  2.99589E-23  1.06985E-06  0.00000E+00  1.0E-07
  9.100E+01  5.08726E-01  2.94265E-23  1.05084E-06  0.00000E+00  1.0E-07
  9.150E+01  5.13088E-01  2.89040E-23  1.03218E-06  0.00000E+00  1.0E-07
  9.200E+01  5.17450E-01  2.83911E-23  1.01386E-06  0.00000E+00  1.0E-07
  9.250E+01  5.21810E-01  2.78877E-23  9.95886E-07  0.00000E+00  1.0E-07
  9.300E+01  5.26168E-01  2.73934E-23  9.78236E-07  0.00000E+00  1.0E-07
  9.350E+01  5.30524E-01  2.69081E-23  9.60907E-07  0.00000E+00  1.0E-07
  9.400E+01  5.34878E-01  2.64317E-23  9.43892E-07  0.00000E+00  1.0E-07
  9.450E+01  5.39230E-01  2.59637E-23  9.27182E-07  0.00000E+00  1.0E-07
  9.500E+01  5.43578E-01  2.55042E-23  9.10771E-07  0.00000E+00  1.0E-07
  9.550E+01  5.47923E-01  2.50528E-23  8.94652E-07  0.00000E+00  1.0E-07
  9.600E+01  5.52264E-01  2.46094E-23  8.78818E-07  0.00000E+00  1.0E-07
  9.650E+01  5.56602E-01  2.41738E-23  8.63261E-07  0.00000E+00  1.0E-07
  9.700E+01  5.60935E-01  2.37458E-23  8.47977E-07  0.00000E+00  1.0E-07
  9.750E+01  5.65263E-01  2.33252E-23  8.32959E-07  0.00000E+00  1.0E-07
  9.800E+01  5.69587E-01  2.29120E-23  8.18201E-07  0.00000E+00  1.0E-07
  9.850E+01  5.73905E-01  2.25058E-23  8.03698E-07  0.00000E+00  1.0E-07
  9.900E+01  5.78217E-01  2.21067E-23  7.89445E-07  0.00000E+00  1.0E-07
  9.950E+01  5.82524E-01  2.17144E-23  7.75436E-07  0.00000E+00  1.0E-07
  1.000E+02  5.86824E-01  2.13288E-23  7.61666E-07  0.00000E+00  1.0E-07
  1.005E+02  5.91118E-01  2.09497E-23  7.48129E-07  0.00000E+00  1.0E-07
  1.010E+02  5.95404E-01  2.05771E-23  7.34820E-07  0.00000E+00  1.0E-07
  1.015E+02  5.99684E-01  2.02106E-23  7.21734E-07  0.00000E+00  1.0E-07
  1.020E+02  6.03956E-01  1.98503E-23  7.08867E-07  0.00000E+00  1.0E-07
  1.025E+02  6.08220E-01  1.94960E-23  6.96214E-07  0.00000E+00  1.0E-07
  1.030E+02  6.12476E-01  1.91475E-23  6.83771E-07  0.00000E+00  1.0E-07
  1.035E+02  6.16723E-01  1.88049E-23  6.71533E-07  0.00000E+00  1.0E-07
  1.040E+02  6.20961E-01  1.84678E-23  6.59498E-07  0.00000E+00  1.0E-07
  1.045E+02  6.25190E-01  1.81363E-23  6.47661E-07  0.00000E+00  1.0E-07
  1.050E+02  6.29410E-01  1.78103E-23  6.36017E-07  0.00000E+00  1.0E-07
  1.055E+02  6.33619E-01  1.74895E-23  6.24563E-07  0.00000E+00  1.0E-07
  1.060E+02  6.37819E-01  1.71740E-23  6.13294E-07  0.00000E+00  1.0E-07
  1.065E+02  6.42008E-01  1.68635E-23  6.02208E-07  0.00000E+00  1.0E-07
  1.070E+02  6.46186E-01  1.65581E-23  5.91300E-07  0.00000E+00  1.0E-07
  1.075E+02  6.50353E-01  1.62575E-23  5.80568E-07  0.00000E+00  1.0E-07
  1.080E+02  6.54508E-01  1.59618E-23  5.70007E-07  0.00000E+00  1.0E-07
  1.085E+02  6.58652E-01  1.56708E-23  5.59615E-07  0.00000E+00  1.0E-07
  1.090E+02  6.62784E-01  1.53844E-23  5.49388E-07  0.00000E+00  1.0E-07
  1.095E+02  6.66903E-01  1.51026E-23  5.39324E-07  0.00000E+00  1.0E-07
  1.100E+02  6.71010E-01  1.48253E-23  5.29420E-07  0.00000E+00  1.0E-07
  1.105E+02  6.75104E-01  1.45523E-23  5.19672E-07  0.00000E+00  1.0E-07
  1.110E+02  6.79184E-01  1.42836E-23  5.10078E-07  0.00000E+00  1.0E-07
  1.115E+02  6.83251E-01  1.40192E-23  5.00634E-07  0.00000E+00  1.0E-07
  1.120E+02  6.87303E-01  1.37589E-23  4.91339E-07  0.00000E+00  1.0E-07
  1.125E+02  6.91342E-01  1.35026E-23  4.82188E-07  0.00000E+00  1.0E-07
  1.130E+02  6.95366E-01  1.32504E-23  4.73181E-07  0.00000E+00  1.0E-07
  1.135E+02  6.99375E-01  1.30021E-23  4.64314E-07  0.00000E+00  1.0E-07
  1.140E+02  7.03368E-01  1.27577E-23  4.55584E-07  0.00000E+00  1.0E-07
  1.145E+02  7.07347E-01  1.25170E-23  4.46990E-07  0.00000E+00  1.0E-07
  1.150E+02  7.11309E-01  1.22801E-23  4.38529E-07  0.00000E+00  1.0E-07
  1.155E+02  7.15256E-01  1.20468E-23  4.30199E-07  0.00000E+00  1.0E-07
  1.160E+02  7.19186E-01  1.18171E-23  4.21997E-07  0.00000E+00  1.0E-07
  1.165E+02  7.23099E-01  1.15910E-23  4.13922E-07  0.00000E+00  1.0E-07
  1.170E+02  7.26995E-01  1.13684E-23  4.05971E-07  0.00000E+00  1.0E-07
  1.175E+02  7.30874E-01  1.11491E-23  3.98143E-07  0.00000E+00  1.0E-07
  1.180E+02  7.34736E-01  1.09333E-23  3.90435E-07  0.00000E+00  1.0E-07
  1.185E+02  7.38579E-01  1.07207E-23  3.82844E-07  0.00000E+00  1.0E-07
  1.190E+02  7.42405E-01  1.05114E-23  3.75370E-07  0.00000E+00  1.0E-07
  1.195E+02  7.46212E-01  1.03054E-23  3.68011E-07  0.00000E+00  1.0E-07
  1.200E+02  7.50000E-01  1.01024E-23  3.60764E-07  0.00000E+00  1.0E-07
  1.205E+02  7.53769E-01  9.90258E-24  3.53628E-07  0.00000E+00  1.0E-07
  1.210E+02  7.57519E-01  9.70580E-24  3.46600E-07  0.00000E+00  1.0E-07
  1.215E+02  7.61249E-01  9.51202E-24  3.39680E-07  0.00000E+00  1.0E-07
  1.220E+02  7.64960E-01  9.32120E-24  3.32866E-07  0.00000E+00  1.0E-07
  1.225E+02  7.68650E-01  9.13330E-24  3.26156E-07  0.00000E+00  1.0E-07
  1.230E+02  7.72320E-01  8.94826E-24  3.19548E-07  0.00000E+00  1.0E-07
  1.235E+02  7.75968E-01  8.76604E-24  3.13041E-07  0.00000E+00  1.0E-07
  1.240E+02  7.79596E-01  8.58661E-24  3.06634E-07  0.00000E+00  1.0E-07
  1.245E+02  7.83203E-01  8.40992E-24  3.00324E-07  0.00000E+00  1.0E-07
  1.250E+02  7.86788E-01  8.23593E-24  2.94111E-07  0.00000E+00  1.0E-07
  1.255E+02  7.90351E-01  8.06460E-24  2.87992E-07  0.00000E+00  1.0E-07
  1.260E+02  7.93893E-01  7.89590E-24  2.81968E-07  0.00000E+00  1.0E-07
  1.265E+02  7.97411E-01  7.72977E-24  2.76035E-07  0.00000E+00  1.0E-07
  1.270E+02  8.00908E-01  7.56619E-24  2.70193E-07  0.00000E+00  1.0E-07
  1.275E+02  8.04381E-01  7.40512E-24  2.64442E-07  0.00000E+00  1.0E-07
  1.280E+02  8.07831E-01  7.24652E-24  2.58778E-07  0.00000E+00  1.0E-07
  1.285E+02  8.11257E-01  7.09036E-24  2.53201E-07  0.00000E+00  1.0E-07
  1.290E+02  8.14660E-01  6.93661E-24  2.47711E-07  0.00000E+00  1.0E-07
  1.295E+02  8.18039E-01  6.78523E-24  2.42305E-07  0.00000E+00  1.0E-07
  1.300E+02  8.21394E-01  6.63619E-24  2.36983E-07  0.00000E+00  1.0E-07
  1.305E+02  8.24724E-01  6.48946E-24  2.31743E-07  0.00000E+00  1.0E-07
  1.310E+02  8.28030E-01  6.34500E-24  2.26584E-07  0.00000E+00  1.0E-07
  1.315E+02  8.31310E-01  6.20279E-24  2.21506E-07  0.00000E+00  1.0E-07
  1.320E+02  8.34565E-01  6.06280E-24  2.16507E-07  0.00000E+00  1.0E-07
  1.325E+02  8.37795E-01  5.92500E-24  2.11586E-07  0.00000E+00  1.0E-07
  1.330E+02  8.40999E-01  5.78936E-24  2.06742E-07  0.00000E+00  1.0E-07
  1.335E+02  8.44177E-01  5.65585E-24  2.01974E-07  0.00000E+00  1.0E-07
  1.340E+02  8.47329E-01  5.52445E-24  1.97282E-07  0.00000E+00  1.0E-07
  1.345E+02  8.50455E-01  5.39513E-24  1.92663E-07  0.00000E+00  1.0E-07
  1.350E+02  8.53553E-01  5.26785E-24  1.88119E-07  0.00000E+00  1.0E-07
  1.355E+02  8.56625E-01  5.14261E-24  1.83646E-07  0.00000E+00  1.0E-07
  1.360E+02  8.59670E-01  5.01937E-24  1.79245E-07  0.00000E+00  1.0E-07
  1.365E+02  8.62687E-01  4.89810E-24  1.74914E-07  0.00000E+00  1.0E-07
  1.370E+02  8.65677E-01  4.77879E-24  1.70654E-07  0.00000E+00  1.0E-07
  1.375E+02  8.68639E-01  4.66142E-24  1.66462E-07  0.00000E+00  1.0E-07
  1.380E+02  8.71572E-01  4.54595E-24  1.62339E-07  0.00000E+00  1.0E-07
  1.385E+02  8.74478E-01  4.43236E-24  1.58283E-07  0.00000E+00  1.0E-07
  1.390E+02  8.77355E-01  4.32064E-24  1.54293E-07  0.00000E+00  1.0E-07
  1.395E+02  8.80203E-01  4.21077E-24  1.50369E-07  0.00000E+00  1.0E-07
  1.400E+02  8.83022E-01  4.10272E-24  1.46511E-07  0.00000E+00  1.0E-07
  1.405E+02  8.85812E-01  3.99646E-24  1.42716E-07  0.00000E+00  1.0E-07
  1.410E+02  8.88573E-01  3.89200E-24  1.38986E-07  0.00000E+00  1.0E-07
  1.415E+02  8.91304E-01  3.78929E-24  1.35318E-07  0.00000E+00  1.0E-07
  1.420E+02  8.94005E-01  3.68833E-24  1.31713E-07  0.00000E+00  1.0E-07
  1.425E+02  8.96677E-01  3.58909E-24  1.28169E-07  0.00000E+00  1.0E-07
  1.430E+02  8.99318E-01  3.49156E-24  1.24686E-07  0.00000E+00  1.0E-07
  1.435E+02  9.01928E-01  3.39572E-24  1.21263E-07  0.00000E+00  1.0E-07
  1.440E+02  9.04508E-01  3.30156E-24  1.17901E-07  0.00000E+00  1.0E-07
  1.445E+02  9.07058E-01  3.20904E-24  1.14597E-07  0.00000E+00  1.0E-07
  1.450E+02  9.09576E-01  3.11817E-24  1.11352E-07  0.00000E+00  1.0E-07
  1.455E+02  9.12063E-01  3.02891E-24  1.08164E-07  0.00000E+00  1.0E-07
  1.460E+02  9.14519E-01  2.94126E-24  1.05034E-07  0.00000E+00  1.0E-07
  1.465E+02  9.16943E-01  2.85521E-24  1.01961E-07  0.00000E+00  1.0E-07
  1.470E+02  9.19335E-01  2.77072E-24  9.89443E-08  0.00000E+00  1.0E-07
  1.475E+02  9.21696E-01  2.68780E-24  9.59831E-08  0.00000E+00  1.0E-07
  1.480E+02  9.24024E-01  2.60642E-24  9.30771E-08  0.00000E+00  1.0E-07
  1.485E+02  9.26320E-01  2.52658E-24  9.02257E-08  0.00000E+00  1.0E-07
  1.490E+02  9.28584E-01  2.44825E-24  8.74286E-08  0.00000E+00  1.0E-07
  1.495E+02  9.30815E-01  2.37143E-24  8.46852E-08  0.00000E+00  1.0E-07
  1.500E+02  9.33013E-01  2.29609E-24  8.19950E-08  0.00000E+00  1.0E-07
  1.505E+02  9.35178E-01  2.22224E-24  7.93576E-08  0.00000E+00  1.0E-07
  1.510E+02  9.37310E-01  2.14985E-24  7.67726E-08  0.00000E+00  1.0E-07
  1.515E+02  9.39409E-01  2.07892E-24  7.42394E-08  0.00000E+00  1.0E-07
  1.520E+02  9.41474E-01  2.00942E-24  7.17577E-08  0.00000E+00  1.0E-07
  1.525E+02  9.43505E-01  1.94136E-24  6.93271E-08  0.00000E+00  1.0E-07
  1.530E+02  9.45503E-01  1.87471E-24  6.69471E-08  0.00000E+00  1.0E-07
  1.535E+02  9.47467E-01  1.80947E-24  6.46173E-08  0.00000E+00  1.0E-07
  1.540E+02  9.49397E-01  1.74562E-24  6.23373E-08  0.00000E+00  1.0E-07
  1.545E+02  9.51293E-01  1.68316E-24  6.01069E-08  0.00000E+00  1.0E-07
  1.550E+02  9.53154E-01  1.62208E-24  5.79255E-08  0.00000E+00  1.0E-07
  1.555E+02  9.54981E-01  1.56236E-24  5.57929E-08  0.00000E+00  1.0E-07
  1.560E+02  9.56773E-01  1.50399E-24  5.37086E-08  0.00000E+00  1.0E-07
  1.565E+02  9.58530E-01  1.44698E-24  5.16724E-08  0.00000E+00  1.0E-07
  1.570E+02  9.60252E-01  1.39129E-24  4.96839E-08  0.00000E+00  1.0E-07
  1.575E+02  9.61940E-01  1.33693E-24  4.77428E-08  0.00000E+00  1.0E-07
  1.580E+02  9.63592E-01  1.28390E-24  4.58488E-08  0.00000E+00  1.0E-07
  1.585E+02  9.65209E-01  1.23217E-24  4.40015E-08  0.00000E+00  1.0E-07
  1.590E+02  9.66790E-01  1.18174E-24  4.22007E-08  0.00000E+00  1.0E-07
  1.595E+02  9.68336E-01  1.13260E-24  4.04460E-08  0.00000E+00  1.0E-07
  1.600E+02  9.69846E-01  1.08475E-24  3.87373E-08  0.00000E+00  1.0E-07
  1.605E+02  9.71321E-01  1.03818E-24  3.70741E-08  0.00000E+00  1.0E-07
  1.610E+02  9.72759E-01  9.92879E-25  3.54564E-08  0.00000E+00  1.0E-07
  1.615E+02  9.74162E-01  9.48839E-25  3.38837E-08  0.00000E+00  1.0E-07
  1.620E+02  9.75528E-01  9.06055E-25  3.23558E-08  0.00000E+00  1.0E-07
  1.625E+02  9.76858E-01  8.64520E-25  3.08726E-08  0.00000E+00  1.0E-07
  1.630E+02  9.78152E-01  8.24227E-25  2.94337E-08  0.00000E+00  1.0E-07
  1.635E+02  9.79410E-01  7.85170E-25  2.80389E-08  0.00000E+00  1.0E-07
  1.640E+02  9.80631E-01  7.47343E-25  2.66881E-08  0.00000E+00  1.0E-07
  1.645E+02  9.81815E-01  7.10740E-25  2.53810E-08  0.00000E+00  1.0E-07
  1.650E+02  9.82963E-01  6.75355E-25  2.41174E-08  0.00000E+00  1.0E-07
  1.655E+02  9.84074E-01  6.41182E-25  2.28970E-08  0.00000E+00  1.0E-07
  1.660E+02  9.85148E-01  6.08217E-25  2.17198E-08  0.00000E+00  1.0E-07
  1.665E+02  9.86185E-01  5.76454E-25  2.05855E-08  0.00000E+00  1.0E-07
  1.670E+02  9.87185E-01  5.45888E-25  1.94940E-08  0.00000E+00  1.0E-07
  1.675E+02  9.88148E-01  5.16514E-25  1.84451E-08  0.00000E+00  1.0E-07
  1.680E+02  9.89074E-01  4.88329E-25  1.74385E-08  0.00000E+00  1.0E-07
  1.685E+02  9.89962E-01  4.61326E-25  1.64743E-08  0.00000E+00  1.0E-07
  1.690E+02  9.90814E-01  4.35503E-25  1.55521E-08  0.00000E+00  1.0E-07
  1.695E+02  9.91627E-01  4.10856E-25  1.46719E-08  0.00000E+00  1.0E-07
  1.700E+02  9.92404E-01  3.87379E-25  1.38336E-08  0.00000E+00  1.0E-07
  1.705E+02  9.93143E-01  3.65071E-25  1.30369E-08  0.00000E+00  1.0E-07
  1.710E+02  9.93844E-01  3.43927E-25  1.22819E-08  0.00000E+00  1.0E-07
  1.715E+02  9.94508E-01  3.23944E-25  1.15683E-08  0.00000E+00  1.0E-07
  1.720E+02  9.95134E-01  3.05120E-25  1.08960E-08  0.00000E+00  1.0E-07
  1.725E+02  9.95722E-01  2.87450E-25  1.02650E-08  0.00000E+00  1.0E-07
  1.730E+02  9.96273E-01  2.70934E-25  9.67522E-09  0.00000E+00  1.0E-07
  1.735E+02  9.96786E-01  2.55567E-25  9.12646E-09  0.00000E+00  1.0E-07
  1.740E+02  9.97261E-01  2.41348E-25  8.61869E-09  0.00000E+00  1.0E-07
  1.745E+02  9.97698E-01  2.28274E-25  8.15182E-09  0.00000E+00  1.0E-07
  1.750E+02  9.98097E-01  2.16344E-25  7.72579E-09  0.00000E+00  1.0E-07
  1.755E+02  9.98459E-01  2.05556E-25  7.34052E-09  0.00000E+00  1.0E-07
  1.760E+02  9.98782E-01  1.95907E-25  6.99597E-09  0.00000E+00  1.0E-07
  1.765E+02  9.99067E-01  1.87397E-25  6.69208E-09  0.00000E+00  1.0E-07
  1.770E+02  9.99315E-01  1.80025E-25  6.42880E-09  0.00000E+00  1.0E-07
  1.775E+02  9.99524E-01  1.73788E-25  6.20609E-09  0.00000E+00  1.0E-07
  1.780E+02  9.99695E-01  1.68687E-25  6.02392E-09  0.00000E+00  1.0E-07
  1.785E+02  9.99829E-01  1.64720E-25  5.88226E-09  0.00000E+00  1.0E-07
  1.790E+02  9.99924E-01  1.61887E-25  5.78109E-09  0.00000E+00  1.0E-07
  1.795E+02  9.99981E-01  1.60187E-25  5.72040E-09  0.00000E+00  1.0E-07
  1.800E+02  1.00000E+00  1.59621E-25  5.70016E-09  0.00000E+00  1.0E-07
