 #
 # Subroutine ELSEPA. Elastic scattering of electrons and positrons
 #                    by neutral atoms and positive ions
 #
 # Projectile: electron
 # Kinetic energy = 3.70000E+06 eV = 1.35973E+05 a.u.
 #
 # WARNING: High-energy factorization with free-atom DF screening.
 #          Absorption, polarization and exchange corrections are
 #          switched off.
 #          Phase shifts are calculated for the bare nucleus.
 #          Scattering amplitudes are not evaluated.
 #
 # Element: Gd,  Z =  64,  atomic weight = 1.57250E+02 g/mol
 #
 # Nuclear model: Fermi distribution
 #                Average radius = 5.77538E-13 cm
 #                Skin thickness = 5.46000E-14 cm
 #
 # Number of electrons = 64
 #
 # Total elastic cross section = 7.51883E-18 cm**2 = 2.68502E-01 a0**2
 # 1st transport cross section = 3.70330E-22 cm**2 = 1.32247E-05 a0**2
 # 2nd transport cross section = 1.01145E-21 cm**2 = 3.61194E-05 a0**2
 #
 #
 # Differential cross section:                       MU=(1-COS(THETA))/2
 #
 #  THETA        MU          DCS          DCS        Sherman      error
 #  (deg)                 (cm**2/sr)   (a0**2/sr)    function
 #----------------------------------------------------------------------
  0.000E+00  0.00000E+00  1.52388E-12  5.44186E+04  0.00000E+00  1.0E-05
  1.000E-04  7.61557E-13  1.52386E-12  5.44182E+04  0.00000E+00  1.0E-05
  1.250E-04  1.18994E-12  1.52386E-12  5.44180E+04  0.00000E+00  1.0E-05
  1.500E-04  1.71346E-12  1.52385E-12  5.44177E+04  0.00000E+00  1.0E-05
  1.750E-04  2.33225E-12  1.52384E-12  5.44174E+04  0.00000E+00  1.0E-05
  2.000E-04  3.04617E-12  1.52383E-12  5.44170E+04  0.00000E+00  1.0E-05
  2.250E-04  3.85530E-12  1.52382E-12  5.44165E+04  0.00000E+00  1.0E-05
  2.500E-04  4.75964E-12  1.52381E-12  5.44161E+04  0.00000E+00  1.0E-05
  2.750E-04  5.75917E-12  1.52379E-12  5.44155E+04  0.00000E+00  1.0E-05
  3.000E-04  6.85391E-12  1.52377E-12  5.44150E+04  0.00000E+00  1.0E-05
  3.250E-04  8.04379E-12  1.52376E-12  5.44143E+04  0.00000E+00  1.0E-05
  3.500E-04  9.32893E-12  1.52374E-12  5.44136E+04  0.00000E+00  1.0E-05
  3.750E-04  1.07092E-11  1.52372E-12  5.44129E+04  0.00000E+00  1.0E-05
  4.000E-04  1.21847E-11  1.52369E-12  5.44121E+04  0.00000E+00  1.0E-05
  4.250E-04  1.37554E-11  1.52367E-12  5.44113E+04  0.00000E+00  1.0E-05
  4.500E-04  1.54213E-11  1.52365E-12  5.44104E+04  0.00000E+00  1.0E-05
  4.750E-04  1.71823E-11  1.52362E-12  5.44094E+04  0.00000E+00  1.0E-05
  5.000E-04  1.90386E-11  1.52359E-12  5.44084E+04  0.00000E+00  1.0E-05
  5.250E-04  2.09900E-11  1.52356E-12  5.44074E+04  0.00000E+00  1.0E-05
  5.500E-04  2.30367E-11  1.52353E-12  5.44063E+04  0.00000E+00  1.0E-05
  5.750E-04  2.51785E-11  1.52350E-12  5.44052E+04  0.00000E+00  1.0E-05
  6.000E-04  2.74156E-11  1.52347E-12  5.44040E+04  0.00000E+00  1.0E-05
  6.250E-04  2.97478E-11  1.52343E-12  5.44027E+04  0.00000E+00  1.0E-05
  6.500E-04  3.21752E-11  1.52340E-12  5.44014E+04  0.00000E+00  1.0E-05
  6.750E-04  3.46979E-11  1.52336E-12  5.44001E+04  0.00000E+00  1.0E-05
  7.000E-04  3.73157E-11  1.52332E-12  5.43987E+04  0.00000E+00  1.0E-05
  7.250E-04  4.00286E-11  1.52328E-12  5.43972E+04  0.00000E+00  1.0E-05
  7.500E-04  4.28368E-11  1.52324E-12  5.43957E+04  0.00000E+00  1.0E-05
  7.750E-04  4.57402E-11  1.52319E-12  5.43942E+04  0.00000E+00  1.0E-05
  8.000E-04  4.87388E-11  1.52315E-12  5.43926E+04  0.00000E+00  1.0E-05
  8.250E-04  5.18325E-11  1.52310E-12  5.43909E+04  0.00000E+00  1.0E-05
  8.500E-04  5.50215E-11  1.52305E-12  5.43892E+04  0.00000E+00  1.0E-05
  8.750E-04  5.83057E-11  1.52300E-12  5.43875E+04  0.00000E+00  1.0E-05
  9.000E-04  6.16850E-11  1.52295E-12  5.43857E+04  0.00000E+00  1.0E-05
  9.250E-04  6.51595E-11  1.52290E-12  5.43838E+04  0.00000E+00  1.0E-05
  9.500E-04  6.87293E-11  1.52285E-12  5.43819E+04  0.00000E+00  1.0E-05
  9.750E-04  7.23943E-11  1.52279E-12  5.43800E+04  0.00000E+00  1.0E-05
  1.000E-03  7.61544E-11  1.52274E-12  5.43779E+04  0.00000E+00  1.0E-05
  1.250E-03  1.18991E-10  1.52210E-12  5.43551E+04  0.00000E+00  1.0E-05
  1.500E-03  1.71347E-10  1.52131E-12  5.43271E+04  0.00000E+00  1.0E-05
  1.750E-03  2.33223E-10  1.52039E-12  5.42942E+04  0.00000E+00  1.0E-05
  2.000E-03  3.04617E-10  1.51933E-12  5.42561E+04  0.00000E+00  1.0E-05
  2.250E-03  3.85531E-10  1.51812E-12  5.42131E+04  0.00000E+00  1.0E-05
  2.500E-03  4.75965E-10  1.51678E-12  5.41650E+04  0.00000E+00  1.0E-05
  2.750E-03  5.75917E-10  1.51529E-12  5.41120E+04  0.00000E+00  1.0E-05
  3.000E-03  6.85389E-10  1.51367E-12  5.40540E+04  0.00000E+00  1.0E-05
  3.250E-03  8.04380E-10  1.51191E-12  5.39911E+04  0.00000E+00  1.0E-05
  3.500E-03  9.32891E-10  1.51001E-12  5.39233E+04  0.00000E+00  1.0E-05
  3.750E-03  1.07092E-09  1.50797E-12  5.38506E+04  0.00000E+00  1.0E-05
  4.000E-03  1.21847E-09  1.50580E-12  5.37731E+04  0.00000E+00  1.0E-05
  4.250E-03  1.37554E-09  1.50350E-12  5.36908E+04  0.00000E+00  1.0E-05
  4.500E-03  1.54213E-09  1.50106E-12  5.36037E+04  0.00000E+00  1.0E-05
  4.750E-03  1.71823E-09  1.49849E-12  5.35119E+04  0.00000E+00  1.0E-05
  5.000E-03  1.90386E-09  1.49578E-12  5.34155E+04  0.00000E+00  1.0E-05
  5.250E-03  2.09900E-09  1.49295E-12  5.33143E+04  0.00000E+00  1.0E-05
  5.500E-03  2.30367E-09  1.48999E-12  5.32086E+04  0.00000E+00  1.0E-05
  5.750E-03  2.51785E-09  1.48690E-12  5.30983E+04  0.00000E+00  1.0E-05
  6.000E-03  2.74156E-09  1.48369E-12  5.29836E+04  0.00000E+00  1.0E-05
  6.250E-03  2.97478E-09  1.48035E-12  5.28643E+04  0.00000E+00  1.0E-05
  6.500E-03  3.21752E-09  1.47689E-12  5.27407E+04  0.00000E+00  1.0E-05
  6.750E-03  3.46978E-09  1.47331E-12  5.26127E+04  0.00000E+00  1.0E-05
  7.000E-03  3.73156E-09  1.46960E-12  5.24805E+04  0.00000E+00  1.0E-05
  7.250E-03  4.00286E-09  1.46578E-12  5.23440E+04  0.00000E+00  1.0E-05
  7.500E-03  4.28368E-09  1.46184E-12  5.22033E+04  0.00000E+00  1.0E-05
  7.750E-03  4.57402E-09  1.45779E-12  5.20585E+04  0.00000E+00  1.0E-05
  8.000E-03  4.87388E-09  1.45362E-12  5.19097E+04  0.00000E+00  1.0E-05
  8.250E-03  5.18326E-09  1.44934E-12  5.17569E+04  0.00000E+00  1.0E-05
  8.500E-03  5.50215E-09  1.44495E-12  5.16001E+04  0.00000E+00  1.0E-05
  8.750E-03  5.83057E-09  1.44045E-12  5.14395E+04  0.00000E+00  1.0E-05
  9.000E-03  6.16850E-09  1.43585E-12  5.12751E+04  0.00000E+00  1.0E-05
  9.250E-03  6.51596E-09  1.43114E-12  5.11070E+04  0.00000E+00  1.0E-05
  9.500E-03  6.87293E-09  1.42633E-12  5.09352E+04  0.00000E+00  1.0E-05
  9.750E-03  7.23942E-09  1.42142E-12  5.07598E+04  0.00000E+00  1.0E-05
  1.000E-02  7.61544E-09  1.41641E-12  5.05809E+04  0.00000E+00  1.0E-05
  1.250E-02  1.18991E-08  1.36135E-12  4.86145E+04  0.00000E+00  1.0E-05
  1.500E-02  1.71347E-08  1.29884E-12  4.63824E+04  0.00000E+00  1.0E-05
  1.750E-02  2.33223E-08  1.23089E-12  4.39560E+04  0.00000E+00  1.0E-05
  2.000E-02  3.04617E-08  1.15961E-12  4.14105E+04  0.00000E+00  1.0E-05
  2.250E-02  3.85531E-08  1.08708E-12  3.88205E+04  0.00000E+00  1.0E-05
  2.500E-02  4.75965E-08  1.01495E-12  3.62444E+04  0.00000E+00  1.0E-05
  2.750E-02  5.75917E-08  9.44418E-13  3.37258E+04  0.00000E+00  1.0E-05
  3.000E-02  6.85389E-08  8.76527E-13  3.13014E+04  0.00000E+00  1.0E-05
  3.250E-02  8.04380E-08  8.12169E-13  2.90031E+04  0.00000E+00  1.0E-05
  3.500E-02  9.32891E-08  7.51883E-13  2.68502E+04  0.00000E+00  1.0E-05
  3.750E-02  1.07092E-07  6.95714E-13  2.48444E+04  0.00000E+00  1.0E-05
  4.000E-02  1.21847E-07  6.43750E-13  2.29887E+04  0.00000E+00  1.0E-05
  4.250E-02  1.37554E-07  5.96004E-13  2.12837E+04  0.00000E+00  1.0E-05
  4.500E-02  1.54213E-07  5.52436E-13  1.97279E+04  0.00000E+00  1.0E-05
  4.750E-02  1.71823E-07  5.12618E-13  1.83059E+04  0.00000E+00  1.0E-05
  5.000E-02  1.90386E-07  4.76309E-13  1.70093E+04  0.00000E+00  1.0E-05
  5.250E-02  2.09900E-07  4.43252E-13  1.58288E+04  0.00000E+00  1.0E-05
  5.500E-02  2.30367E-07  4.13255E-13  1.47576E+04  0.00000E+00  1.0E-05
  5.750E-02  2.51785E-07  3.85914E-13  1.37812E+04  0.00000E+00  1.0E-05
  6.000E-02  2.74156E-07  3.60985E-13  1.28910E+04  0.00000E+00  1.0E-05
  6.250E-02  2.97478E-07  3.38239E-13  1.20787E+04  0.00000E+00  1.0E-05
  6.500E-02  3.21752E-07  3.17457E-13  1.13366E+04  0.00000E+00  1.0E-05
  6.750E-02  3.46978E-07  2.98411E-13  1.06565E+04  0.00000E+00  1.0E-05
  7.000E-02  3.73156E-07  2.80929E-13  1.00322E+04  0.00000E+00  1.0E-05
  7.250E-02  4.00286E-07  2.64856E-13  9.45818E+03  0.00000E+00  1.0E-05
  7.500E-02  4.28368E-07  2.50022E-13  8.92846E+03  0.00000E+00  1.0E-05
  7.750E-02  4.57402E-07  2.36300E-13  8.43842E+03  0.00000E+00  1.0E-05
  8.000E-02  4.87388E-07  2.23596E-13  7.98475E+03  0.00000E+00  1.0E-05
  8.250E-02  5.18325E-07  2.11814E-13  7.56401E+03  0.00000E+00  1.0E-05
  8.500E-02  5.50215E-07  2.00842E-13  7.17219E+03  0.00000E+00  1.0E-05
  8.750E-02  5.83057E-07  1.90591E-13  6.80613E+03  0.00000E+00  1.0E-05
  9.000E-02  6.16850E-07  1.81027E-13  6.46460E+03  0.00000E+00  1.0E-05
  9.250E-02  6.51596E-07  1.72091E-13  6.14548E+03  0.00000E+00  1.0E-05
  9.500E-02  6.87293E-07  1.63715E-13  5.84638E+03  0.00000E+00  1.0E-05
  9.750E-02  7.23942E-07  1.55822E-13  5.56451E+03  0.00000E+00  1.0E-05
  1.000E-01  7.61543E-07  1.48414E-13  5.29997E+03  0.00000E+00  1.0E-05
  1.250E-01  1.18991E-06  9.37811E-14  3.34898E+03  0.00000E+00  1.0E-05
  1.500E-01  1.71347E-06  6.09068E-14  2.17502E+03  0.00000E+00  1.0E-05
  1.750E-01  2.33223E-06  4.16834E-14  1.48854E+03  0.00000E+00  1.0E-05
  2.000E-01  3.04617E-06  2.94928E-14  1.05321E+03  0.00000E+00  1.0E-05
  2.250E-01  3.85531E-06  2.13529E-14  7.62528E+02  0.00000E+00  1.0E-05
  2.500E-01  4.75964E-06  1.58298E-14  5.65293E+02  0.00000E+00  1.0E-05
  2.750E-01  5.75916E-06  1.19984E-14  4.28471E+02  0.00000E+00  1.0E-05
  3.000E-01  6.85388E-06  9.25660E-15  3.30559E+02  0.00000E+00  1.0E-05
  3.250E-01  8.04378E-06  7.22896E-15  2.58151E+02  0.00000E+00  1.0E-05
  3.500E-01  9.32888E-06  5.70513E-15  2.03734E+02  0.00000E+00  1.0E-05
  3.750E-01  1.07092E-05  4.55846E-15  1.62785E+02  0.00000E+00  1.0E-05
  4.000E-01  1.21846E-05  3.68221E-15  1.31494E+02  0.00000E+00  1.0E-05
  4.250E-01  1.37553E-05  3.00276E-15  1.07230E+02  0.00000E+00  1.0E-05
  4.500E-01  1.54212E-05  2.46937E-15  8.81829E+01  0.00000E+00  1.0E-05
  4.750E-01  1.71822E-05  2.05055E-15  7.32266E+01  0.00000E+00  1.0E-05
  5.000E-01  1.90385E-05  1.71724E-15  6.13236E+01  0.00000E+00  1.0E-05
  5.250E-01  2.09899E-05  1.45151E-15  5.18343E+01  0.00000E+00  1.0E-05
  5.500E-01  2.30365E-05  1.23547E-15  4.41196E+01  0.00000E+00  1.0E-05
  5.750E-01  2.51783E-05  1.05915E-15  3.78229E+01  0.00000E+00  1.0E-05
  6.000E-01  2.74153E-05  9.13958E-16  3.26380E+01  0.00000E+00  1.0E-05
  6.250E-01  2.97475E-05  7.93510E-16  2.83368E+01  0.00000E+00  1.0E-05
  6.500E-01  3.21749E-05  6.92816E-16  2.47409E+01  0.00000E+00  1.0E-05
  6.750E-01  3.46974E-05  6.07736E-16  2.17026E+01  0.00000E+00  1.0E-05
  7.000E-01  3.73152E-05  5.35654E-16  1.91286E+01  0.00000E+00  1.0E-05
  7.250E-01  4.00281E-05  4.74289E-16  1.69372E+01  0.00000E+00  1.0E-05
  7.500E-01  4.28362E-05  4.21601E-16  1.50557E+01  0.00000E+00  1.0E-05
  7.750E-01  4.57395E-05  3.76128E-16  1.34318E+01  0.00000E+00  1.0E-05
  8.000E-01  4.87380E-05  3.36711E-16  1.20242E+01  0.00000E+00  1.0E-05
  8.250E-01  5.18317E-05  3.02368E-16  1.07978E+01  0.00000E+00  1.0E-05
  8.500E-01  5.50205E-05  2.72252E-16  9.72231E+00  0.00000E+00  1.0E-05
  8.750E-01  5.83045E-05  2.45726E-16  8.77504E+00  0.00000E+00  1.0E-05
  9.000E-01  6.16838E-05  2.22346E-16  7.94012E+00  0.00000E+00  1.0E-05
  9.250E-01  6.51582E-05  2.01672E-16  7.20185E+00  0.00000E+00  1.0E-05
  9.500E-01  6.87277E-05  1.83318E-16  6.54642E+00  0.00000E+00  1.0E-05
  9.750E-01  7.23925E-05  1.66952E-16  5.96197E+00  0.00000E+00  1.0E-05
  1.000E+00  7.61524E-05  1.52368E-16  5.44115E+00  0.00000E+00  4.9E-06
  1.100E+00  9.21439E-05  1.07690E-16  3.84566E+00  0.00000E+00  3.6E-06
  1.200E+00  1.09658E-04  7.81638E-17  2.79128E+00  0.00000E+00  2.0E-06
  1.300E+00  1.28695E-04  5.80500E-17  2.07300E+00  0.00000E+00  4.1E-07
  1.400E+00  1.49255E-04  4.39696E-17  1.57018E+00  0.00000E+00  7.9E-07
  1.500E+00  1.71338E-04  3.39408E-17  1.21205E+00  0.00000E+00  1.4E-06
  1.600E+00  1.94942E-04  2.66254E-17  9.50811E-01  0.00000E+00  1.5E-06
  1.700E+00  2.20070E-04  2.11828E-17  7.56450E-01  0.00000E+00  1.2E-06
  1.800E+00  2.46720E-04  1.70624E-17  6.09309E-01  0.00000E+00  6.8E-07
  1.900E+00  2.74892E-04  1.39024E-17  4.96464E-01  0.00000E+00  1.1E-07
  2.000E+00  3.04586E-04  1.14452E-17  4.08714E-01  0.00000E+00  3.6E-07
  2.100E+00  3.35803E-04  9.51009E-18  3.39612E-01  0.00000E+00  6.3E-07
  2.200E+00  3.68542E-04  7.96589E-18  2.84467E-01  0.00000E+00  6.8E-07
  2.300E+00  4.02802E-04  6.72422E-18  2.40126E-01  0.00000E+00  5.5E-07
  2.400E+00  4.38585E-04  5.71629E-18  2.04132E-01  0.00000E+00  3.1E-07
  2.500E+00  4.75889E-04  4.89100E-18  1.74661E-01  0.00000E+00  1.0E-07
  2.600E+00  5.14715E-04  4.20884E-18  1.50300E-01  0.00000E+00  2.1E-07
  2.700E+00  5.55063E-04  3.64181E-18  1.30052E-01  0.00000E+00  3.5E-07
  2.800E+00  5.96931E-04  3.16740E-18  1.13110E-01  0.00000E+00  3.7E-07
  2.900E+00  6.40321E-04  2.76795E-18  9.88451E-02  0.00000E+00  3.0E-07
  3.000E+00  6.85233E-04  2.42935E-18  8.67537E-02  0.00000E+00  1.7E-07
  3.100E+00  7.31665E-04  2.14096E-18  7.64552E-02  0.00000E+00  1.0E-07
  3.200E+00  7.79618E-04  1.89421E-18  6.76436E-02  0.00000E+00  1.3E-07
  3.300E+00  8.29092E-04  1.68207E-18  6.00677E-02  0.00000E+00  2.2E-07
  3.400E+00  8.80086E-04  1.49877E-18  5.35220E-02  0.00000E+00  2.3E-07
  3.500E+00  9.32601E-04  1.33973E-18  4.78426E-02  0.00000E+00  1.8E-07
  3.600E+00  9.86636E-04  1.20128E-18  4.28985E-02  0.00000E+00  1.0E-07
  3.700E+00  1.04219E-03  1.08030E-18  3.85781E-02  0.00000E+00  1.0E-07
  3.800E+00  1.09927E-03  9.74174E-19  3.47884E-02  0.00000E+00  1.0E-07
  3.900E+00  1.15786E-03  8.80742E-19  3.14519E-02  0.00000E+00  1.5E-07
  4.000E+00  1.21797E-03  7.98277E-19  2.85070E-02  0.00000E+00  1.5E-07
  4.100E+00  1.27961E-03  7.25266E-19  2.58997E-02  0.00000E+00  1.2E-07
  4.200E+00  1.34276E-03  6.60434E-19  2.35845E-02  0.00000E+00  1.0E-07
  4.300E+00  1.40743E-03  6.02674E-19  2.15219E-02  0.00000E+00  1.0E-07
  4.400E+00  1.47362E-03  5.51115E-19  1.96807E-02  0.00000E+00  1.0E-07
  4.500E+00  1.54133E-03  5.04972E-19  1.80329E-02  0.00000E+00  1.0E-07
  4.600E+00  1.61056E-03  4.63576E-19  1.65546E-02  0.00000E+00  1.1E-07
  4.700E+00  1.68131E-03  4.26336E-19  1.52247E-02  0.00000E+00  1.0E-07
  4.800E+00  1.75357E-03  3.92776E-19  1.40263E-02  0.00000E+00  1.0E-07
  4.900E+00  1.82735E-03  3.62468E-19  1.29440E-02  0.00000E+00  1.0E-07
  5.000E+00  1.90265E-03  3.35041E-19  1.19645E-02  0.00000E+00  1.0E-07
  5.100E+00  1.97947E-03  3.10165E-19  1.10762E-02  0.00000E+00  1.0E-07
  5.200E+00  2.05780E-03  2.87565E-19  1.02691E-02  0.00000E+00  1.0E-07
  5.300E+00  2.13765E-03  2.66997E-19  9.53463E-03  0.00000E+00  1.0E-07
  5.400E+00  2.21902E-03  2.48245E-19  8.86499E-03  0.00000E+00  1.0E-07
  5.500E+00  2.30190E-03  2.31117E-19  8.25335E-03  0.00000E+00  1.0E-07
  5.600E+00  2.38630E-03  2.15447E-19  7.69377E-03  0.00000E+00  1.0E-07
  5.700E+00  2.47222E-03  2.01092E-19  7.18111E-03  0.00000E+00  1.0E-07
  5.800E+00  2.55965E-03  1.87919E-19  6.71071E-03  0.00000E+00  1.0E-07
  5.900E+00  2.64859E-03  1.75813E-19  6.27841E-03  0.00000E+00  1.0E-07
  6.000E+00  2.73905E-03  1.64671E-19  5.88052E-03  0.00000E+00  1.0E-07
  6.100E+00  2.83103E-03  1.54404E-19  5.51387E-03  0.00000E+00  1.0E-07
  6.200E+00  2.92452E-03  1.44930E-19  5.17555E-03  0.00000E+00  1.0E-07
  6.300E+00  3.01952E-03  1.36177E-19  4.86296E-03  0.00000E+00  1.0E-07
  6.400E+00  3.11604E-03  1.28077E-19  4.57373E-03  0.00000E+00  1.0E-07
  6.500E+00  3.21407E-03  1.20576E-19  4.30584E-03  0.00000E+00  1.0E-07
  6.600E+00  3.31362E-03  1.13620E-19  4.05743E-03  0.00000E+00  1.0E-07
  6.700E+00  3.41468E-03  1.07162E-19  3.82681E-03  0.00000E+00  1.0E-07
  6.800E+00  3.51725E-03  1.01159E-19  3.61244E-03  0.00000E+00  1.0E-07
  6.900E+00  3.62133E-03  9.55732E-20  3.41298E-03  0.00000E+00  1.0E-07
  7.000E+00  3.72692E-03  9.03713E-20  3.22722E-03  0.00000E+00  1.0E-07
  7.100E+00  3.83403E-03  8.55213E-20  3.05402E-03  0.00000E+00  1.0E-07
  7.200E+00  3.94265E-03  8.09945E-20  2.89237E-03  0.00000E+00  1.0E-07
  7.300E+00  4.05278E-03  7.67657E-20  2.74135E-03  0.00000E+00  1.0E-07
  7.400E+00  4.16442E-03  7.28117E-20  2.60015E-03  0.00000E+00  1.0E-07
  7.500E+00  4.27757E-03  6.91112E-20  2.46801E-03  0.00000E+00  1.0E-07
  7.600E+00  4.39223E-03  6.56446E-20  2.34421E-03  0.00000E+00  1.0E-07
  7.700E+00  4.50840E-03  6.23944E-20  2.22815E-03  0.00000E+00  1.0E-07
  7.800E+00  4.62608E-03  5.93448E-20  2.11924E-03  0.00000E+00  1.0E-07
  7.900E+00  4.74527E-03  5.64809E-20  2.01697E-03  0.00000E+00  1.0E-07
  8.000E+00  4.86597E-03  5.37892E-20  1.92085E-03  0.00000E+00  1.0E-07
  8.100E+00  4.98817E-03  5.12572E-20  1.83043E-03  0.00000E+00  1.0E-07
  8.200E+00  5.11188E-03  4.88740E-20  1.74532E-03  0.00000E+00  1.0E-07
  8.300E+00  5.23711E-03  4.66290E-20  1.66515E-03  0.00000E+00  1.0E-07
  8.400E+00  5.36383E-03  4.45126E-20  1.58957E-03  0.00000E+00  1.0E-07
  8.500E+00  5.49207E-03  4.25160E-20  1.51827E-03  0.00000E+00  1.0E-07
  8.600E+00  5.62181E-03  4.06312E-20  1.45097E-03  0.00000E+00  1.0E-07
  8.700E+00  5.75306E-03  3.88508E-20  1.38739E-03  0.00000E+00  1.0E-07
  8.800E+00  5.88581E-03  3.71678E-20  1.32729E-03  0.00000E+00  1.0E-07
  8.900E+00  6.02007E-03  3.55758E-20  1.27044E-03  0.00000E+00  1.0E-07
  9.000E+00  6.15583E-03  3.40691E-20  1.21663E-03  0.00000E+00  1.0E-07
  9.100E+00  6.29310E-03  3.26421E-20  1.16567E-03  0.00000E+00  1.0E-07
  9.200E+00  6.43187E-03  3.12898E-20  1.11738E-03  0.00000E+00  1.0E-07
  9.300E+00  6.57214E-03  3.00076E-20  1.07159E-03  0.00000E+00  1.0E-07
  9.400E+00  6.71392E-03  2.87910E-20  1.02815E-03  0.00000E+00  1.0E-07
  9.500E+00  6.85720E-03  2.76362E-20  9.86905E-04  0.00000E+00  1.0E-07
  9.600E+00  7.00198E-03  2.65394E-20  9.47738E-04  0.00000E+00  1.0E-07
  9.700E+00  7.14827E-03  2.54970E-20  9.10514E-04  0.00000E+00  1.0E-07
  9.800E+00  7.29605E-03  2.45058E-20  8.75118E-04  0.00000E+00  1.0E-07
  9.900E+00  7.44534E-03  2.35629E-20  8.41447E-04  0.00000E+00  1.0E-07
  1.000E+01  7.59612E-03  2.26655E-20  8.09400E-04  0.00000E+00  1.0E-07
  1.025E+01  7.97965E-03  2.06039E-20  7.35779E-04  0.00000E+00  1.0E-07
  1.050E+01  8.37255E-03  1.87741E-20  6.70435E-04  0.00000E+00  1.0E-07
  1.075E+01  8.77480E-03  1.71452E-20  6.12267E-04  0.00000E+00  1.0E-07
  1.100E+01  9.18641E-03  1.56913E-20  5.60348E-04  0.00000E+00  1.0E-07
  1.125E+01  9.60736E-03  1.43902E-20  5.13883E-04  0.00000E+00  1.0E-07
  1.150E+01  1.00376E-02  1.32228E-20  4.72196E-04  0.00000E+00  1.0E-07
  1.175E+01  1.04773E-02  1.21730E-20  4.34706E-04  0.00000E+00  1.0E-07
  1.200E+01  1.09262E-02  1.12267E-20  4.00912E-04  0.00000E+00  1.0E-07
  1.225E+01  1.13844E-02  1.03718E-20  3.70384E-04  0.00000E+00  1.0E-07
  1.250E+01  1.18520E-02  9.59792E-21  3.42748E-04  0.00000E+00  1.0E-07
  1.275E+01  1.23288E-02  8.89589E-21  3.17678E-04  0.00000E+00  1.0E-07
  1.300E+01  1.28150E-02  8.25783E-21  2.94893E-04  0.00000E+00  1.0E-07
  1.325E+01  1.33104E-02  7.67679E-21  2.74143E-04  0.00000E+00  1.0E-07
  1.350E+01  1.38150E-02  7.14680E-21  2.55217E-04  0.00000E+00  1.0E-07
  1.375E+01  1.43290E-02  6.66246E-21  2.37921E-04  0.00000E+00  1.0E-07
  1.400E+01  1.48521E-02  6.21912E-21  2.22089E-04  0.00000E+00  1.0E-07
  1.425E+01  1.53845E-02  5.81267E-21  2.07574E-04  0.00000E+00  1.0E-07
  1.450E+01  1.59262E-02  5.43945E-21  1.94246E-04  0.00000E+00  1.0E-07
  1.475E+01  1.64770E-02  5.09622E-21  1.81989E-04  0.00000E+00  1.0E-07
  1.500E+01  1.70371E-02  4.78011E-21  1.70701E-04  0.00000E+00  1.0E-07
  1.525E+01  1.76063E-02  4.48857E-21  1.60290E-04  0.00000E+00  1.0E-07
  1.550E+01  1.81848E-02  4.21935E-21  1.50676E-04  0.00000E+00  1.0E-07
  1.575E+01  1.87724E-02  3.97038E-21  1.41785E-04  0.00000E+00  1.0E-07
  1.600E+01  1.93692E-02  3.73985E-21  1.33552E-04  0.00000E+00  1.0E-07
  1.625E+01  1.99751E-02  3.52614E-21  1.25921E-04  0.00000E+00  1.0E-07
  1.650E+01  2.05901E-02  3.32778E-21  1.18837E-04  0.00000E+00  1.0E-07
  1.675E+01  2.12143E-02  3.14346E-21  1.12255E-04  0.00000E+00  1.0E-07
  1.700E+01  2.18476E-02  2.97198E-21  1.06131E-04  0.00000E+00  1.0E-07
  1.725E+01  2.24900E-02  2.81228E-21  1.00428E-04  0.00000E+00  1.0E-07
  1.750E+01  2.31415E-02  2.66340E-21  9.51116E-05  0.00000E+00  1.0E-07
  1.775E+01  2.38021E-02  2.52445E-21  9.01498E-05  0.00000E+00  1.0E-07
  1.800E+01  2.44717E-02  2.39464E-21  8.55141E-05  0.00000E+00  1.0E-07
  1.825E+01  2.51504E-02  2.27325E-21  8.11793E-05  0.00000E+00  1.0E-07
  1.850E+01  2.58382E-02  2.15963E-21  7.71219E-05  0.00000E+00  1.0E-07
  1.875E+01  2.65349E-02  2.05319E-21  7.33208E-05  0.00000E+00  1.0E-07
  1.900E+01  2.72407E-02  1.95338E-21  6.97563E-05  0.00000E+00  1.0E-07
  1.925E+01  2.79555E-02  1.85969E-21  6.64109E-05  0.00000E+00  1.0E-07
  1.950E+01  2.86793E-02  1.77170E-21  6.32685E-05  0.00000E+00  1.0E-07
  1.975E+01  2.94120E-02  1.68897E-21  6.03143E-05  0.00000E+00  1.0E-07
  2.000E+01  3.01537E-02  1.61113E-21  5.75347E-05  0.00000E+00  1.0E-07
  2.025E+01  3.09043E-02  1.53784E-21  5.49173E-05  0.00000E+00  1.0E-07
  2.050E+01  3.16639E-02  1.46877E-21  5.24509E-05  0.00000E+00  1.0E-07
  2.075E+01  3.24324E-02  1.40364E-21  5.01249E-05  0.00000E+00  1.0E-07
  2.100E+01  3.32098E-02  1.34217E-21  4.79297E-05  0.00000E+00  1.0E-07
  2.125E+01  3.39961E-02  1.28411E-21  4.58565E-05  0.00000E+00  1.0E-07
  2.150E+01  3.47912E-02  1.22924E-21  4.38971E-05  0.00000E+00  1.0E-07
  2.175E+01  3.55952E-02  1.17736E-21  4.20441E-05  0.00000E+00  1.0E-07
  2.200E+01  3.64081E-02  1.12825E-21  4.02904E-05  0.00000E+00  1.0E-07
  2.225E+01  3.72297E-02  1.08174E-21  3.86297E-05  0.00000E+00  1.0E-07
  2.250E+01  3.80602E-02  1.03767E-21  3.70560E-05  0.00000E+00  1.0E-07
  2.275E+01  3.88995E-02  9.95891E-22  3.55639E-05  0.00000E+00  1.0E-07
  2.300E+01  3.97476E-02  9.56247E-22  3.41482E-05  0.00000E+00  1.0E-07
  2.325E+01  4.06044E-02  9.18612E-22  3.28042E-05  0.00000E+00  1.0E-07
  2.350E+01  4.14700E-02  8.82862E-22  3.15276E-05  0.00000E+00  1.0E-07
  2.375E+01  4.23443E-02  8.48885E-22  3.03142E-05  0.00000E+00  1.0E-07
  2.400E+01  4.32273E-02  8.16573E-22  2.91604E-05  0.00000E+00  1.0E-07
  2.425E+01  4.41190E-02  7.85829E-22  2.80625E-05  0.00000E+00  1.0E-07
  2.450E+01  4.50194E-02  7.56560E-22  2.70173E-05  0.00000E+00  1.0E-07
  2.475E+01  4.59284E-02  7.28682E-22  2.60217E-05  0.00000E+00  1.0E-07
  2.500E+01  4.68461E-02  7.02114E-22  2.50730E-05  0.00000E+00  1.0E-07
  2.550E+01  4.87074E-02  6.52616E-22  2.33054E-05  0.00000E+00  1.0E-07
  2.600E+01  5.06030E-02  6.07530E-22  2.16953E-05  0.00000E+00  1.0E-07
  2.650E+01  5.25328E-02  5.66383E-22  2.02259E-05  0.00000E+00  1.0E-07
  2.700E+01  5.44967E-02  5.28764E-22  1.88825E-05  0.00000E+00  1.0E-07
  2.750E+01  5.64946E-02  4.94309E-22  1.76521E-05  0.00000E+00  1.0E-07
  2.800E+01  5.85262E-02  4.62699E-22  1.65233E-05  0.00000E+00  1.0E-07
  2.850E+01  6.05914E-02  4.33653E-22  1.54860E-05  0.00000E+00  1.0E-07
  2.900E+01  6.26901E-02  4.06920E-22  1.45314E-05  0.00000E+00  1.0E-07
  2.950E+01  6.48222E-02  3.82278E-22  1.36514E-05  0.00000E+00  1.0E-07
  3.000E+01  6.69873E-02  3.59531E-22  1.28391E-05  0.00000E+00  1.0E-07
  3.050E+01  6.91854E-02  3.38504E-22  1.20882E-05  0.00000E+00  1.0E-07
  3.100E+01  7.14163E-02  3.19040E-22  1.13931E-05  0.00000E+00  1.0E-07
  3.150E+01  7.36799E-02  3.00999E-22  1.07489E-05  0.00000E+00  1.0E-07
  3.200E+01  7.59760E-02  2.84256E-22  1.01510E-05  0.00000E+00  1.0E-07
  3.250E+01  7.83043E-02  2.68697E-22  9.59536E-06  0.00000E+00  1.0E-07
  3.300E+01  8.06647E-02  2.54223E-22  9.07845E-06  0.00000E+00  1.0E-07
  3.350E+01  8.30571E-02  2.40740E-22  8.59698E-06  0.00000E+00  1.0E-07
  3.400E+01  8.54812E-02  2.28168E-22  8.14802E-06  0.00000E+00  1.0E-07
  3.450E+01  8.79369E-02  2.16432E-22  7.72891E-06  0.00000E+00  1.0E-07
  3.500E+01  9.04240E-02  2.05464E-22  7.33726E-06  0.00000E+00  1.0E-07
  3.550E+01  9.29422E-02  1.95205E-22  6.97089E-06  0.00000E+00  1.0E-07
  3.600E+01  9.54915E-02  1.85598E-22  6.62782E-06  0.00000E+00  1.0E-07
  3.650E+01  9.80716E-02  1.76593E-22  6.30626E-06  0.00000E+00  1.0E-07
  3.700E+01  1.00682E-01  1.68145E-22  6.00458E-06  0.00000E+00  1.0E-07
  3.750E+01  1.03323E-01  1.60212E-22  5.72128E-06  0.00000E+00  1.0E-07
  3.800E+01  1.05995E-01  1.52756E-22  5.45500E-06  0.00000E+00  1.0E-07
  3.850E+01  1.08696E-01  1.45741E-22  5.20451E-06  0.00000E+00  1.0E-07
  3.900E+01  1.11427E-01  1.39137E-22  4.96867E-06  0.00000E+00  1.0E-07
  3.950E+01  1.14188E-01  1.32914E-22  4.74644E-06  0.00000E+00  1.0E-07
  4.000E+01  1.16978E-01  1.27045E-22  4.53686E-06  0.00000E+00  1.0E-07
  4.050E+01  1.19797E-01  1.21506E-22  4.33907E-06  0.00000E+00  1.0E-07
  4.100E+01  1.22645E-01  1.16275E-22  4.15226E-06  0.00000E+00  1.0E-07
  4.150E+01  1.25522E-01  1.11330E-22  3.97568E-06  0.00000E+00  1.0E-07
  4.200E+01  1.28428E-01  1.06653E-22  3.80865E-06  0.00000E+00  1.0E-07
  4.250E+01  1.31361E-01  1.02226E-22  3.65055E-06  0.00000E+00  1.0E-07
  4.300E+01  1.34323E-01  9.80321E-23  3.50079E-06  0.00000E+00  1.0E-07
  4.350E+01  1.37313E-01  9.40570E-23  3.35884E-06  0.00000E+00  1.0E-07
  4.400E+01  1.40330E-01  9.02868E-23  3.22420E-06  0.00000E+00  1.0E-07
  4.450E+01  1.43375E-01  8.67085E-23  3.09642E-06  0.00000E+00  1.0E-07
  4.500E+01  1.46447E-01  8.33103E-23  2.97506E-06  0.00000E+00  1.0E-07
  4.550E+01  1.49545E-01  8.00811E-23  2.85975E-06  0.00000E+00  1.0E-07
  4.600E+01  1.52671E-01  7.70107E-23  2.75010E-06  0.00000E+00  1.0E-07
  4.650E+01  1.55823E-01  7.40895E-23  2.64579E-06  0.00000E+00  1.0E-07
  4.700E+01  1.59001E-01  7.13088E-23  2.54648E-06  0.00000E+00  1.0E-07
  4.750E+01  1.62205E-01  6.86602E-23  2.45190E-06  0.00000E+00  1.0E-07
  4.800E+01  1.65435E-01  6.61360E-23  2.36176E-06  0.00000E+00  1.0E-07
  4.850E+01  1.68690E-01  6.37293E-23  2.27581E-06  0.00000E+00  1.0E-07
  4.900E+01  1.71970E-01  6.14333E-23  2.19382E-06  0.00000E+00  1.0E-07
  4.950E+01  1.75276E-01  5.92418E-23  2.11556E-06  0.00000E+00  1.0E-07
  5.000E+01  1.78606E-01  5.71490E-23  2.04083E-06  0.00000E+00  1.0E-07
  5.050E+01  1.81961E-01  5.51495E-23  1.96942E-06  0.00000E+00  1.0E-07
  5.100E+01  1.85340E-01  5.32382E-23  1.90117E-06  0.00000E+00  1.0E-07
  5.150E+01  1.88743E-01  5.14104E-23  1.83590E-06  0.00000E+00  1.0E-07
  5.200E+01  1.92169E-01  4.96615E-23  1.77345E-06  0.00000E+00  1.0E-07
  5.250E+01  1.95619E-01  4.79875E-23  1.71366E-06  0.00000E+00  1.0E-07
  5.300E+01  1.99092E-01  4.63844E-23  1.65642E-06  0.00000E+00  1.0E-07
  5.350E+01  2.02589E-01  4.48485E-23  1.60157E-06  0.00000E+00  1.0E-07
  5.400E+01  2.06107E-01  4.33764E-23  1.54900E-06  0.00000E+00  1.0E-07
  5.450E+01  2.09649E-01  4.19649E-23  1.49859E-06  0.00000E+00  1.0E-07
  5.500E+01  2.13212E-01  4.06110E-23  1.45024E-06  0.00000E+00  1.0E-07
  5.550E+01  2.16797E-01  3.93117E-23  1.40385E-06  0.00000E+00  1.0E-07
  5.600E+01  2.20404E-01  3.80644E-23  1.35930E-06  0.00000E+00  1.0E-07
  5.650E+01  2.24032E-01  3.68665E-23  1.31653E-06  0.00000E+00  1.0E-07
  5.700E+01  2.27680E-01  3.57156E-23  1.27543E-06  0.00000E+00  1.0E-07
  5.750E+01  2.31350E-01  3.46095E-23  1.23593E-06  0.00000E+00  1.0E-07
  5.800E+01  2.35040E-01  3.35460E-23  1.19795E-06  0.00000E+00  1.0E-07
  5.850E+01  2.38751E-01  3.25232E-23  1.16142E-06  0.00000E+00  1.0E-07
  5.900E+01  2.42481E-01  3.15391E-23  1.12628E-06  0.00000E+00  1.0E-07
  5.950E+01  2.46231E-01  3.05920E-23  1.09246E-06  0.00000E+00  1.0E-07
  6.000E+01  2.50000E-01  2.96801E-23  1.05990E-06  0.00000E+00  1.0E-07
  6.050E+01  2.53788E-01  2.88019E-23  1.02853E-06  0.00000E+00  1.0E-07
  6.100E+01  2.57595E-01  2.79558E-23  9.98321E-07  0.00000E+00  1.0E-07
  6.150E+01  2.61421E-01  2.71404E-23  9.69202E-07  0.00000E+00  1.0E-07
  6.200E+01  2.65264E-01  2.63544E-23  9.41131E-07  0.00000E+00  1.0E-07
  6.250E+01  2.69126E-01  2.55963E-23  9.14061E-07  0.00000E+00  1.0E-07
  6.300E+01  2.73005E-01  2.48651E-23  8.87949E-07  0.00000E+00  1.0E-07
  6.350E+01  2.76901E-01  2.41596E-23  8.62754E-07  0.00000E+00  1.0E-07
  6.400E+01  2.80814E-01  2.34786E-23  8.38436E-07  0.00000E+00  1.0E-07
  6.450E+01  2.84744E-01  2.28211E-23  8.14958E-07  0.00000E+00  1.0E-07
  6.500E+01  2.88691E-01  2.21862E-23  7.92284E-07  0.00000E+00  1.0E-07
  6.550E+01  2.92653E-01  2.15729E-23  7.70382E-07  0.00000E+00  1.0E-07
  6.600E+01  2.96632E-01  2.09802E-23  7.49218E-07  0.00000E+00  1.0E-07
  6.650E+01  3.00625E-01  2.04074E-23  7.28763E-07  0.00000E+00  1.0E-07
  6.700E+01  3.04634E-01  1.98536E-23  7.08986E-07  0.00000E+00  1.0E-07
  6.750E+01  3.08658E-01  1.93181E-23  6.89862E-07  0.00000E+00  1.0E-07
  6.800E+01  3.12697E-01  1.88001E-23  6.71363E-07  0.00000E+00  1.0E-07
  6.850E+01  3.16749E-01  1.82989E-23  6.53464E-07  0.00000E+00  1.0E-07
  6.900E+01  3.20816E-01  1.78138E-23  6.36143E-07  0.00000E+00  1.0E-07
  6.950E+01  3.24896E-01  1.73443E-23  6.19376E-07  0.00000E+00  1.0E-07
  7.000E+01  3.28990E-01  1.68897E-23  6.03142E-07  0.00000E+00  1.0E-07
  7.050E+01  3.33097E-01  1.64494E-23  5.87420E-07  0.00000E+00  1.0E-07
  7.100E+01  3.37216E-01  1.60230E-23  5.72190E-07  0.00000E+00  1.0E-07
  7.150E+01  3.41348E-01  1.56097E-23  5.57433E-07  0.00000E+00  1.0E-07
  7.200E+01  3.45492E-01  1.52093E-23  5.43132E-07  0.00000E+00  1.0E-07
  7.250E+01  3.49647E-01  1.48211E-23  5.29269E-07  0.00000E+00  1.0E-07
  7.300E+01  3.53814E-01  1.44447E-23  5.15828E-07  0.00000E+00  1.0E-07
  7.350E+01  3.57992E-01  1.40797E-23  5.02794E-07  0.00000E+00  1.0E-07
  7.400E+01  3.62181E-01  1.37256E-23  4.90151E-07  0.00000E+00  1.0E-07
  7.450E+01  3.66381E-01  1.33821E-23  4.77885E-07  0.00000E+00  1.0E-07
  7.500E+01  3.70590E-01  1.30488E-23  4.65983E-07  0.00000E+00  1.0E-07
  7.550E+01  3.74810E-01  1.27254E-23  4.54431E-07  0.00000E+00  1.0E-07
  7.600E+01  3.79039E-01  1.24113E-23  4.43217E-07  0.00000E+00  1.0E-07
  7.650E+01  3.83277E-01  1.21064E-23  4.32328E-07  0.00000E+00  1.0E-07
  7.700E+01  3.87524E-01  1.18103E-23  4.21754E-07  0.00000E+00  1.0E-07
  7.750E+01  3.91780E-01  1.15227E-23  4.11483E-07  0.00000E+00  1.0E-07
  7.800E+01  3.96044E-01  1.12433E-23  4.01504E-07  0.00000E+00  1.0E-07
  7.850E+01  4.00316E-01  1.09717E-23  3.91808E-07  0.00000E+00  1.0E-07
  7.900E+01  4.04596E-01  1.07079E-23  3.82385E-07  0.00000E+00  1.0E-07
  7.950E+01  4.08882E-01  1.04514E-23  3.73225E-07  0.00000E+00  1.0E-07
  8.000E+01  4.13176E-01  1.02020E-23  3.64320E-07  0.00000E+00  1.0E-07
  8.050E+01  4.17476E-01  9.95954E-24  3.55662E-07  0.00000E+00  1.0E-07
  8.100E+01  4.21783E-01  9.72372E-24  3.47240E-07  0.00000E+00  1.0E-07
  8.150E+01  4.26095E-01  9.49434E-24  3.39049E-07  0.00000E+00  1.0E-07
  8.200E+01  4.30413E-01  9.27118E-24  3.31080E-07  0.00000E+00  1.0E-07
  8.250E+01  4.34737E-01  9.05404E-24  3.23326E-07  0.00000E+00  1.0E-07
  8.300E+01  4.39065E-01  8.84272E-24  3.15779E-07  0.00000E+00  1.0E-07
  8.350E+01  4.43398E-01  8.63703E-24  3.08434E-07  0.00000E+00  1.0E-07
  8.400E+01  4.47736E-01  8.43679E-24  3.01283E-07  0.00000E+00  1.0E-07
  8.450E+01  4.52077E-01  8.24183E-24  2.94321E-07  0.00000E+00  1.0E-07
  8.500E+01  4.56422E-01  8.05198E-24  2.87541E-07  0.00000E+00  1.0E-07
  8.550E+01  4.60770E-01  7.86707E-24  2.80938E-07  0.00000E+00  1.0E-07
  8.600E+01  4.65122E-01  7.68696E-24  2.74506E-07  0.00000E+00  1.0E-07
  8.650E+01  4.69476E-01  7.51150E-24  2.68240E-07  0.00000E+00  1.0E-07
  8.700E+01  4.73832E-01  7.34052E-24  2.62135E-07  0.00000E+00  1.0E-07
  8.750E+01  4.78190E-01  7.17391E-24  2.56185E-07  0.00000E+00  1.0E-07
  8.800E+01  4.82550E-01  7.01152E-24  2.50386E-07  0.00000E+00  1.0E-07
  8.850E+01  4.86912E-01  6.85322E-24  2.44733E-07  0.00000E+00  1.0E-07
  8.900E+01  4.91274E-01  6.69889E-24  2.39222E-07  0.00000E+00  1.0E-07
  8.950E+01  4.95637E-01  6.54842E-24  2.33848E-07  0.00000E+00  1.0E-07
  9.000E+01  5.00000E-01  6.40168E-24  2.28608E-07  0.00000E+00  1.0E-07
  9.050E+01  5.04363E-01  6.25856E-24  2.23497E-07  0.00000E+00  1.0E-07
  9.100E+01  5.08726E-01  6.11897E-24  2.18512E-07  0.00000E+00  1.0E-07
  9.150E+01  5.13088E-01  5.98278E-24  2.13649E-07  0.00000E+00  1.0E-07
  9.200E+01  5.17450E-01  5.84991E-24  2.08904E-07  0.00000E+00  1.0E-07
  9.250E+01  5.21810E-01  5.72026E-24  2.04274E-07  0.00000E+00  1.0E-07
  9.300E+01  5.26168E-01  5.59373E-24  1.99756E-07  0.00000E+00  1.0E-07
  9.350E+01  5.30524E-01  5.47023E-24  1.95345E-07  0.00000E+00  1.0E-07
  9.400E+01  5.34878E-01  5.34967E-24  1.91040E-07  0.00000E+00  1.0E-07
  9.450E+01  5.39230E-01  5.23198E-24  1.86837E-07  0.00000E+00  1.0E-07
  9.500E+01  5.43578E-01  5.11707E-24  1.82734E-07  0.00000E+00  1.0E-07
  9.550E+01  5.47923E-01  5.00486E-24  1.78727E-07  0.00000E+00  1.0E-07
  9.600E+01  5.52264E-01  4.89528E-24  1.74813E-07  0.00000E+00  1.0E-07
  9.650E+01  5.56602E-01  4.78825E-24  1.70991E-07  0.00000E+00  1.0E-07
  9.700E+01  5.60935E-01  4.68371E-24  1.67258E-07  0.00000E+00  1.0E-07
  9.750E+01  5.65263E-01  4.58158E-24  1.63611E-07  0.00000E+00  1.0E-07
  9.800E+01  5.69587E-01  4.48180E-24  1.60048E-07  0.00000E+00  1.0E-07
  9.850E+01  5.73905E-01  4.38430E-24  1.56566E-07  0.00000E+00  1.0E-07
  9.900E+01  5.78217E-01  4.28902E-24  1.53164E-07  0.00000E+00  1.0E-07
  9.950E+01  5.82524E-01  4.19590E-24  1.49838E-07  0.00000E+00  1.0E-07
  1.000E+02  5.86824E-01  4.10489E-24  1.46588E-07  0.00000E+00  1.0E-07
  1.005E+02  5.91118E-01  4.01592E-24  1.43411E-07  0.00000E+00  1.0E-07
  1.010E+02  5.95404E-01  3.92895E-24  1.40305E-07  0.00000E+00  1.0E-07
  1.015E+02  5.99684E-01  3.84391E-24  1.37269E-07  0.00000E+00  1.0E-07
  1.020E+02  6.03956E-01  3.76077E-24  1.34300E-07  0.00000E+00  1.0E-07
  1.025E+02  6.08220E-01  3.67947E-24  1.31396E-07  0.00000E+00  1.0E-07
  1.030E+02  6.12476E-01  3.59996E-24  1.28557E-07  0.00000E+00  1.0E-07
  1.035E+02  6.16723E-01  3.52220E-24  1.25780E-07  0.00000E+00  1.0E-07
  1.040E+02  6.20961E-01  3.44614E-24  1.23064E-07  0.00000E+00  1.0E-07
  1.045E+02  6.25190E-01  3.37173E-24  1.20407E-07  0.00000E+00  1.0E-07
  1.050E+02  6.29410E-01  3.29894E-24  1.17807E-07  0.00000E+00  1.0E-07
  1.055E+02  6.33619E-01  3.22772E-24  1.15264E-07  0.00000E+00  1.0E-07
  1.060E+02  6.37819E-01  3.15803E-24  1.12775E-07  0.00000E+00  1.0E-07
  1.065E+02  6.42008E-01  3.08984E-24  1.10340E-07  0.00000E+00  1.0E-07
  1.070E+02  6.46186E-01  3.02311E-24  1.07957E-07  0.00000E+00  1.0E-07
  1.075E+02  6.50353E-01  2.95781E-24  1.05625E-07  0.00000E+00  1.0E-07
  1.080E+02  6.54508E-01  2.89388E-24  1.03343E-07  0.00000E+00  1.0E-07
  1.085E+02  6.58652E-01  2.83132E-24  1.01108E-07  0.00000E+00  1.0E-07
  1.090E+02  6.62784E-01  2.77007E-24  9.89209E-08  0.00000E+00  1.0E-07
  1.095E+02  6.66903E-01  2.71011E-24  9.67797E-08  0.00000E+00  1.0E-07
  1.100E+02  6.71010E-01  2.65140E-24  9.46833E-08  0.00000E+00  1.0E-07
  1.105E+02  6.75104E-01  2.59392E-24  9.26306E-08  0.00000E+00  1.0E-07
  1.110E+02  6.79184E-01  2.53764E-24  9.06207E-08  0.00000E+00  1.0E-07
  1.115E+02  6.83251E-01  2.48252E-24  8.86525E-08  0.00000E+00  1.0E-07
  1.120E+02  6.87303E-01  2.42855E-24  8.67250E-08  0.00000E+00  1.0E-07
  1.125E+02  6.91342E-01  2.37569E-24  8.48373E-08  0.00000E+00  1.0E-07
  1.130E+02  6.95366E-01  2.32391E-24  8.29884E-08  0.00000E+00  1.0E-07
  1.135E+02  6.99375E-01  2.27320E-24  8.11774E-08  0.00000E+00  1.0E-07
  1.140E+02  7.03368E-01  2.22352E-24  7.94035E-08  0.00000E+00  1.0E-07
  1.145E+02  7.07347E-01  2.17486E-24  7.76657E-08  0.00000E+00  1.0E-07
  1.150E+02  7.11309E-01  2.12719E-24  7.59633E-08  0.00000E+00  1.0E-07
  1.155E+02  7.15256E-01  2.08048E-24  7.42954E-08  0.00000E+00  1.0E-07
  1.160E+02  7.19186E-01  2.03472E-24  7.26612E-08  0.00000E+00  1.0E-07
  1.165E+02  7.23099E-01  1.98988E-24  7.10600E-08  0.00000E+00  1.0E-07
  1.170E+02  7.26995E-01  1.94595E-24  6.94911E-08  0.00000E+00  1.0E-07
  1.175E+02  7.30874E-01  1.90289E-24  6.79536E-08  0.00000E+00  1.0E-07
  1.180E+02  7.34736E-01  1.86070E-24  6.64469E-08  0.00000E+00  1.0E-07
  1.185E+02  7.38579E-01  1.81936E-24  6.49704E-08  0.00000E+00  1.0E-07
  1.190E+02  7.42405E-01  1.77883E-24  6.35233E-08  0.00000E+00  1.0E-07
  1.195E+02  7.46212E-01  1.73912E-24  6.21050E-08  0.00000E+00  1.0E-07
  1.200E+02  7.50000E-01  1.70019E-24  6.07149E-08  0.00000E+00  1.0E-07
  1.205E+02  7.53769E-01  1.66203E-24  5.93523E-08  0.00000E+00  1.0E-07
  1.210E+02  7.57519E-01  1.62463E-24  5.80167E-08  0.00000E+00  1.0E-07
  1.215E+02  7.61249E-01  1.58797E-24  5.67075E-08  0.00000E+00  1.0E-07
  1.220E+02  7.64960E-01  1.55203E-24  5.54240E-08  0.00000E+00  1.0E-07
  1.225E+02  7.68650E-01  1.51680E-24  5.41659E-08  0.00000E+00  1.0E-07
  1.230E+02  7.72320E-01  1.48226E-24  5.29325E-08  0.00000E+00  1.0E-07
  1.235E+02  7.75968E-01  1.44840E-24  5.17232E-08  0.00000E+00  1.0E-07
  1.240E+02  7.79596E-01  1.41520E-24  5.05377E-08  0.00000E+00  1.0E-07
  1.245E+02  7.83203E-01  1.38265E-24  4.93753E-08  0.00000E+00  1.0E-07
  1.250E+02  7.86788E-01  1.35074E-24  4.82357E-08  0.00000E+00  1.0E-07
  1.255E+02  7.90351E-01  1.31945E-24  4.71183E-08  0.00000E+00  1.0E-07
  1.260E+02  7.93893E-01  1.28877E-24  4.60227E-08  0.00000E+00  1.0E-07
  1.265E+02  7.97411E-01  1.25868E-24  4.49484E-08  0.00000E+00  1.0E-07
  1.270E+02  8.00908E-01  1.22919E-24  4.38951E-08  0.00000E+00  1.0E-07
  1.275E+02  8.04381E-01  1.20026E-24  4.28622E-08  0.00000E+00  1.0E-07
  1.280E+02  8.07831E-01  1.17190E-24  4.18494E-08  0.00000E+00  1.0E-07
  1.285E+02  8.11257E-01  1.14409E-24  4.08563E-08  0.00000E+00  1.0E-07
  1.290E+02  8.14660E-01  1.11682E-24  3.98824E-08  0.00000E+00  1.0E-07
  1.295E+02  8.18039E-01  1.09008E-24  3.89275E-08  0.00000E+00  1.0E-07
  1.300E+02  8.21394E-01  1.06386E-24  3.79911E-08  0.00000E+00  1.0E-07
  1.305E+02  8.24724E-01  1.03814E-24  3.70728E-08  0.00000E+00  1.0E-07
  1.310E+02  8.28030E-01  1.01293E-24  3.61724E-08  0.00000E+00  1.0E-07
  1.315E+02  8.31310E-01  9.88204E-25  3.52894E-08  0.00000E+00  1.0E-07
  1.320E+02  8.34565E-01  9.63958E-25  3.44235E-08  0.00000E+00  1.0E-07
  1.325E+02  8.37795E-01  9.40182E-25  3.35745E-08  0.00000E+00  1.0E-07
  1.330E+02  8.40999E-01  9.16868E-25  3.27420E-08  0.00000E+00  1.0E-07
  1.335E+02  8.44177E-01  8.94007E-25  3.19256E-08  0.00000E+00  1.0E-07
  1.340E+02  8.47329E-01  8.71591E-25  3.11251E-08  0.00000E+00  1.0E-07
  1.345E+02  8.50455E-01  8.49611E-25  3.03402E-08  0.00000E+00  1.0E-07
  1.350E+02  8.53553E-01  8.28059E-25  2.95705E-08  0.00000E+00  1.0E-07
  1.355E+02  8.56625E-01  8.06927E-25  2.88159E-08  0.00000E+00  1.0E-07
  1.360E+02  8.59670E-01  7.86208E-25  2.80760E-08  0.00000E+00  1.0E-07
  1.365E+02  8.62687E-01  7.65894E-25  2.73506E-08  0.00000E+00  1.0E-07
  1.370E+02  8.65677E-01  7.45978E-25  2.66394E-08  0.00000E+00  1.0E-07
  1.375E+02  8.68639E-01  7.26453E-25  2.59421E-08  0.00000E+00  1.0E-07
  1.380E+02  8.71572E-01  7.07311E-25  2.52585E-08  0.00000E+00  1.0E-07
  1.385E+02  8.74478E-01  6.88547E-25  2.45884E-08  0.00000E+00  1.0E-07
  1.390E+02  8.77355E-01  6.70152E-25  2.39316E-08  0.00000E+00  1.0E-07
  1.395E+02  8.80203E-01  6.52122E-25  2.32877E-08  0.00000E+00  1.0E-07
  1.400E+02  8.83022E-01  6.34450E-25  2.26566E-08  0.00000E+00  1.0E-07
  1.405E+02  8.85812E-01  6.17129E-25  2.20381E-08  0.00000E+00  1.0E-07
  1.410E+02  8.88573E-01  6.00154E-25  2.14319E-08  0.00000E+00  1.0E-07
  1.415E+02  8.91304E-01  5.83519E-25  2.08378E-08  0.00000E+00  1.0E-07
  1.420E+02  8.94005E-01  5.67218E-25  2.02557E-08  0.00000E+00  1.0E-07
  1.425E+02  8.96677E-01  5.51245E-25  1.96853E-08  0.00000E+00  1.0E-07
  1.430E+02  8.99318E-01  5.35596E-25  1.91265E-08  0.00000E+00  1.0E-07
  1.435E+02  9.01928E-01  5.20264E-25  1.85790E-08  0.00000E+00  1.0E-07
  1.440E+02  9.04508E-01  5.05246E-25  1.80426E-08  0.00000E+00  1.0E-07
  1.445E+02  9.07058E-01  4.90535E-25  1.75173E-08  0.00000E+00  1.0E-07
  1.450E+02  9.09576E-01  4.76127E-25  1.70028E-08  0.00000E+00  1.0E-07
  1.455E+02  9.12063E-01  4.62017E-25  1.64989E-08  0.00000E+00  1.0E-07
  1.460E+02  9.14519E-01  4.48201E-25  1.60055E-08  0.00000E+00  1.0E-07
  1.465E+02  9.16943E-01  4.34674E-25  1.55225E-08  0.00000E+00  1.0E-07
  1.470E+02  9.19335E-01  4.21431E-25  1.50496E-08  0.00000E+00  1.0E-07
  1.475E+02  9.21696E-01  4.08469E-25  1.45867E-08  0.00000E+00  1.0E-07
  1.480E+02  9.24024E-01  3.95782E-25  1.41336E-08  0.00000E+00  1.0E-07
  1.485E+02  9.26320E-01  3.83368E-25  1.36903E-08  0.00000E+00  1.0E-07
  1.490E+02  9.28584E-01  3.71222E-25  1.32566E-08  0.00000E+00  1.0E-07
  1.495E+02  9.30815E-01  3.59340E-25  1.28323E-08  0.00000E+00  1.0E-07
  1.500E+02  9.33013E-01  3.47718E-25  1.24172E-08  0.00000E+00  1.0E-07
  1.505E+02  9.35178E-01  3.36353E-25  1.20114E-08  0.00000E+00  1.0E-07
  1.510E+02  9.37310E-01  3.25241E-25  1.16146E-08  0.00000E+00  1.0E-07
  1.515E+02  9.39409E-01  3.14378E-25  1.12267E-08  0.00000E+00  1.0E-07
  1.520E+02  9.41474E-01  3.03762E-25  1.08475E-08  0.00000E+00  1.0E-07
  1.525E+02  9.43505E-01  2.93389E-25  1.04771E-08  0.00000E+00  1.0E-07
  1.530E+02  9.45503E-01  2.83255E-25  1.01152E-08  0.00000E+00  1.0E-07
  1.535E+02  9.47467E-01  2.73357E-25  9.76177E-09  0.00000E+00  1.0E-07
  1.540E+02  9.49397E-01  2.63694E-25  9.41667E-09  0.00000E+00  1.0E-07
  1.545E+02  9.51293E-01  2.54260E-25  9.07979E-09  0.00000E+00  1.0E-07
  1.550E+02  9.53154E-01  2.45054E-25  8.75104E-09  0.00000E+00  1.0E-07
  1.555E+02  9.54981E-01  2.36073E-25  8.43032E-09  0.00000E+00  1.0E-07
  1.560E+02  9.56773E-01  2.27314E-25  8.11752E-09  0.00000E+00  1.0E-07
  1.565E+02  9.58530E-01  2.18774E-25  7.81256E-09  0.00000E+00  1.0E-07
  1.570E+02  9.60252E-01  2.10451E-25  7.51533E-09  0.00000E+00  1.0E-07
  1.575E+02  9.61940E-01  2.02342E-25  7.22575E-09  0.00000E+00  1.0E-07
  1.580E+02  9.63592E-01  1.94444E-25  6.94374E-09  0.00000E+00  1.0E-07
  1.585E+02  9.65209E-01  1.86757E-25  6.66920E-09  0.00000E+00  1.0E-07
  1.590E+02  9.66790E-01  1.79276E-25  6.40206E-09  0.00000E+00  1.0E-07
  1.595E+02  9.68336E-01  1.72000E-25  6.14223E-09  0.00000E+00  1.0E-07
  1.600E+02  9.69846E-01  1.64927E-25  5.88965E-09  0.00000E+00  1.0E-07
  1.605E+02  9.71321E-01  1.58054E-25  5.64422E-09  0.00000E+00  1.0E-07
  1.610E+02  9.72759E-01  1.51380E-25  5.40589E-09  0.00000E+00  1.0E-07
  1.615E+02  9.74162E-01  1.44903E-25  5.17457E-09  0.00000E+00  1.0E-07
  1.620E+02  9.75528E-01  1.38620E-25  4.95020E-09  0.00000E+00  1.0E-07
  1.625E+02  9.76858E-01  1.32530E-25  4.73272E-09  0.00000E+00  1.0E-07
  1.630E+02  9.78152E-01  1.26631E-25  4.52207E-09  0.00000E+00  1.0E-07
  1.635E+02  9.79410E-01  1.20921E-25  4.31817E-09  0.00000E+00  1.0E-07
  1.640E+02  9.80631E-01  1.15399E-25  4.12097E-09  0.00000E+00  1.0E-07
  1.645E+02  9.81815E-01  1.10063E-25  3.93041E-09  0.00000E+00  1.0E-07
  1.650E+02  9.82963E-01  1.04911E-25  3.74644E-09  0.00000E+00  1.0E-07
  1.655E+02  9.84074E-01  9.99423E-26  3.56900E-09  0.00000E+00  1.0E-07
  1.660E+02  9.85148E-01  9.51550E-26  3.39805E-09  0.00000E+00  1.0E-07
  1.665E+02  9.86185E-01  9.05479E-26  3.23353E-09  0.00000E+00  1.0E-07
  1.670E+02  9.87185E-01  8.61196E-26  3.07539E-09  0.00000E+00  1.0E-07
  1.675E+02  9.88148E-01  8.18688E-26  2.92359E-09  0.00000E+00  1.0E-07
  1.680E+02  9.89074E-01  7.77943E-26  2.77809E-09  0.00000E+00  1.0E-07
  1.685E+02  9.89962E-01  7.38949E-26  2.63884E-09  0.00000E+00  1.0E-07
  1.690E+02  9.90814E-01  7.01695E-26  2.50580E-09  0.00000E+00  1.0E-07
  1.695E+02  9.91627E-01  6.66170E-26  2.37894E-09  0.00000E+00  1.0E-07
  1.700E+02  9.92404E-01  6.32365E-26  2.25822E-09  0.00000E+00  1.0E-07
  1.705E+02  9.93143E-01  6.00269E-26  2.14360E-09  0.00000E+00  1.0E-07
  1.710E+02  9.93844E-01  5.69873E-26  2.03505E-09  0.00000E+00  1.0E-07
  1.715E+02  9.94508E-01  5.41169E-26  1.93255E-09  0.00000E+00  1.0E-07
  1.720E+02  9.95134E-01  5.14148E-26  1.83606E-09  0.00000E+00  1.0E-07
  1.725E+02  9.95722E-01  4.88803E-26  1.74555E-09  0.00000E+00  1.0E-07
  1.730E+02  9.96273E-01  4.65127E-26  1.66100E-09  0.00000E+00  1.0E-07
  1.735E+02  9.96786E-01  4.43112E-26  1.58238E-09  0.00000E+00  1.0E-07
  1.740E+02  9.97261E-01  4.22754E-26  1.50968E-09  0.00000E+00  1.0E-07
  1.745E+02  9.97698E-01  4.04044E-26  1.44287E-09  0.00000E+00  1.0E-07
  1.750E+02  9.98097E-01  3.86980E-26  1.38193E-09  0.00000E+00  1.0E-07
  1.755E+02  9.98459E-01  3.71555E-26  1.32685E-09  0.00000E+00  1.0E-07
  1.760E+02  9.98782E-01  3.57766E-26  1.27760E-09  0.00000E+00  1.0E-07
  1.765E+02  9.99067E-01  3.45608E-26  1.23419E-09  0.00000E+00  1.0E-07
  1.770E+02  9.99315E-01  3.35077E-26  1.19658E-09  0.00000E+00  1.0E-07
  1.775E+02  9.99524E-01  3.26172E-26  1.16478E-09  0.00000E+00  1.0E-07
  1.780E+02  9.99695E-01  3.18890E-26  1.13878E-09  0.00000E+00  1.0E-07
  1.785E+02  9.99829E-01  3.13228E-26  1.11856E-09  0.00000E+00  1.0E-07
  1.790E+02  9.99924E-01  3.09185E-26  1.10412E-09  0.00000E+00  1.0E-07
  1.795E+02  9.99981E-01  3.06759E-26  1.09546E-09  0.00000E+00  1.0E-07
  1.800E+02  1.00000E+00  3.05951E-26  1.09257E-09  0.00000E+00  1.0E-07
