 #
 # Subroutine ELSEPA. Elastic scattering of electrons and positrons
 #                    by neutral atoms and positive ions
 #
 # Projectile: electron
 # Kinetic energy = 3.70000E+06 eV = 1.35973E+05 a.u.
 #
 # WARNING: High-energy factorization with free-atom DF screening.
 #          Absorption, polarization and exchange corrections are
 #          switched off.
 #          Phase shifts are calculated for the bare nucleus.
 #          Scattering amplitudes are not evaluated.
 #
 # Element: Ge,  Z =  32,  atomic weight = 7.26100E+01 g/mol
 #
 # Nuclear model: Fermi distribution
 #                Average radius = 4.46392E-13 cm
 #                Skin thickness = 5.46000E-14 cm
 #
 # Number of electrons = 32
 #
 # Total elastic cross section = 2.38458E-18 cm**2 = 8.51549E-02 a0**2
 # 1st transport cross section = 8.84571E-23 cm**2 = 3.15886E-06 a0**2
 # 2nd transport cross section = 2.49364E-22 cm**2 = 8.90495E-06 a0**2
 #
 #
 # Differential cross section:                       MU=(1-COS(THETA))/2
 #
 #  THETA        MU          DCS          DCS        Sherman      error
 #  (deg)                 (cm**2/sr)   (a0**2/sr)    function
 #----------------------------------------------------------------------
  0.000E+00  0.00000E+00  3.62977E-13  1.29621E+04  0.00000E+00  1.0E-05
  1.000E-04  7.61557E-13  3.62975E-13  1.29621E+04  0.00000E+00  1.0E-05
  1.250E-04  1.18994E-12  3.62974E-13  1.29620E+04  0.00000E+00  1.0E-05
  1.500E-04  1.71346E-12  3.62973E-13  1.29620E+04  0.00000E+00  1.0E-05
  1.750E-04  2.33225E-12  3.62972E-13  1.29620E+04  0.00000E+00  1.0E-05
  2.000E-04  3.04617E-12  3.62970E-13  1.29619E+04  0.00000E+00  1.0E-05
  2.250E-04  3.85530E-12  3.62969E-13  1.29618E+04  0.00000E+00  1.0E-05
  2.500E-04  4.75964E-12  3.62967E-13  1.29618E+04  0.00000E+00  1.0E-05
  2.750E-04  5.75917E-12  3.62965E-13  1.29617E+04  0.00000E+00  1.0E-05
  3.000E-04  6.85391E-12  3.62962E-13  1.29616E+04  0.00000E+00  1.0E-05
  3.250E-04  8.04379E-12  3.62960E-13  1.29615E+04  0.00000E+00  1.0E-05
  3.500E-04  9.32893E-12  3.62957E-13  1.29614E+04  0.00000E+00  1.0E-05
  3.750E-04  1.07092E-11  3.62954E-13  1.29613E+04  0.00000E+00  1.0E-05
  4.000E-04  1.21847E-11  3.62951E-13  1.29612E+04  0.00000E+00  1.0E-05
  4.250E-04  1.37554E-11  3.62948E-13  1.29611E+04  0.00000E+00  1.0E-05
  4.500E-04  1.54213E-11  3.62944E-13  1.29610E+04  0.00000E+00  1.0E-05
  4.750E-04  1.71823E-11  3.62941E-13  1.29608E+04  0.00000E+00  1.0E-05
  5.000E-04  1.90386E-11  3.62937E-13  1.29607E+04  0.00000E+00  1.0E-05
  5.250E-04  2.09900E-11  3.62933E-13  1.29606E+04  0.00000E+00  1.0E-05
  5.500E-04  2.30367E-11  3.62928E-13  1.29604E+04  0.00000E+00  1.0E-05
  5.750E-04  2.51785E-11  3.62924E-13  1.29602E+04  0.00000E+00  1.0E-05
  6.000E-04  2.74156E-11  3.62919E-13  1.29601E+04  0.00000E+00  1.0E-05
  6.250E-04  2.97478E-11  3.62914E-13  1.29599E+04  0.00000E+00  1.0E-05
  6.500E-04  3.21752E-11  3.62909E-13  1.29597E+04  0.00000E+00  1.0E-05
  6.750E-04  3.46979E-11  3.62904E-13  1.29595E+04  0.00000E+00  1.0E-05
  7.000E-04  3.73157E-11  3.62898E-13  1.29593E+04  0.00000E+00  1.0E-05
  7.250E-04  4.00286E-11  3.62893E-13  1.29591E+04  0.00000E+00  1.0E-05
  7.500E-04  4.28368E-11  3.62887E-13  1.29589E+04  0.00000E+00  1.0E-05
  7.750E-04  4.57402E-11  3.62881E-13  1.29587E+04  0.00000E+00  1.0E-05
  8.000E-04  4.87388E-11  3.62874E-13  1.29585E+04  0.00000E+00  1.0E-05
  8.250E-04  5.18325E-11  3.62868E-13  1.29582E+04  0.00000E+00  1.0E-05
  8.500E-04  5.50215E-11  3.62861E-13  1.29580E+04  0.00000E+00  1.0E-05
  8.750E-04  5.83057E-11  3.62854E-13  1.29578E+04  0.00000E+00  1.0E-05
  9.000E-04  6.16850E-11  3.62847E-13  1.29575E+04  0.00000E+00  1.0E-05
  9.250E-04  6.51595E-11  3.62840E-13  1.29572E+04  0.00000E+00  1.0E-05
  9.500E-04  6.87293E-11  3.62832E-13  1.29570E+04  0.00000E+00  1.0E-05
  9.750E-04  7.23943E-11  3.62824E-13  1.29567E+04  0.00000E+00  1.0E-05
  1.000E-03  7.61544E-11  3.62817E-13  1.29564E+04  0.00000E+00  1.0E-05
  1.250E-03  1.18991E-10  3.62726E-13  1.29532E+04  0.00000E+00  1.0E-05
  1.500E-03  1.71347E-10  3.62616E-13  1.29493E+04  0.00000E+00  1.0E-05
  1.750E-03  2.33223E-10  3.62486E-13  1.29446E+04  0.00000E+00  1.0E-05
  2.000E-03  3.04617E-10  3.62336E-13  1.29393E+04  0.00000E+00  1.0E-05
  2.250E-03  3.85531E-10  3.62166E-13  1.29332E+04  0.00000E+00  1.0E-05
  2.500E-03  4.75965E-10  3.61976E-13  1.29264E+04  0.00000E+00  1.0E-05
  2.750E-03  5.75917E-10  3.61767E-13  1.29189E+04  0.00000E+00  1.0E-05
  3.000E-03  6.85389E-10  3.61537E-13  1.29107E+04  0.00000E+00  1.0E-05
  3.250E-03  8.04380E-10  3.61288E-13  1.29018E+04  0.00000E+00  1.0E-05
  3.500E-03  9.32891E-10  3.61019E-13  1.28922E+04  0.00000E+00  1.0E-05
  3.750E-03  1.07092E-09  3.60731E-13  1.28819E+04  0.00000E+00  1.0E-05
  4.000E-03  1.21847E-09  3.60423E-13  1.28710E+04  0.00000E+00  1.0E-05
  4.250E-03  1.37554E-09  3.60096E-13  1.28593E+04  0.00000E+00  1.0E-05
  4.500E-03  1.54213E-09  3.59750E-13  1.28469E+04  0.00000E+00  1.0E-05
  4.750E-03  1.71823E-09  3.59384E-13  1.28338E+04  0.00000E+00  1.0E-05
  5.000E-03  1.90386E-09  3.58999E-13  1.28201E+04  0.00000E+00  1.0E-05
  5.250E-03  2.09900E-09  3.58595E-13  1.28057E+04  0.00000E+00  1.0E-05
  5.500E-03  2.30367E-09  3.58172E-13  1.27906E+04  0.00000E+00  1.0E-05
  5.750E-03  2.51785E-09  3.57731E-13  1.27748E+04  0.00000E+00  1.0E-05
  6.000E-03  2.74156E-09  3.57270E-13  1.27584E+04  0.00000E+00  1.0E-05
  6.250E-03  2.97478E-09  3.56791E-13  1.27413E+04  0.00000E+00  1.0E-05
  6.500E-03  3.21752E-09  3.56294E-13  1.27235E+04  0.00000E+00  1.0E-05
  6.750E-03  3.46978E-09  3.55778E-13  1.27051E+04  0.00000E+00  1.0E-05
  7.000E-03  3.73156E-09  3.55244E-13  1.26860E+04  0.00000E+00  1.0E-05
  7.250E-03  4.00286E-09  3.54692E-13  1.26663E+04  0.00000E+00  1.0E-05
  7.500E-03  4.28368E-09  3.54122E-13  1.26459E+04  0.00000E+00  1.0E-05
  7.750E-03  4.57402E-09  3.53534E-13  1.26249E+04  0.00000E+00  1.0E-05
  8.000E-03  4.87388E-09  3.52929E-13  1.26033E+04  0.00000E+00  1.0E-05
  8.250E-03  5.18326E-09  3.52306E-13  1.25811E+04  0.00000E+00  1.0E-05
  8.500E-03  5.50215E-09  3.51666E-13  1.25582E+04  0.00000E+00  1.0E-05
  8.750E-03  5.83057E-09  3.51008E-13  1.25347E+04  0.00000E+00  1.0E-05
  9.000E-03  6.16850E-09  3.50334E-13  1.25106E+04  0.00000E+00  1.0E-05
  9.250E-03  6.51596E-09  3.49642E-13  1.24860E+04  0.00000E+00  1.0E-05
  9.500E-03  6.87293E-09  3.48935E-13  1.24607E+04  0.00000E+00  1.0E-05
  9.750E-03  7.23942E-09  3.48210E-13  1.24348E+04  0.00000E+00  1.0E-05
  1.000E-02  7.61544E-09  3.47469E-13  1.24083E+04  0.00000E+00  1.0E-05
  1.250E-02  1.18991E-08  3.39204E-13  1.21132E+04  0.00000E+00  1.0E-05
  1.500E-02  1.71347E-08  3.29480E-13  1.17660E+04  0.00000E+00  1.0E-05
  1.750E-02  2.33223E-08  3.18589E-13  1.13770E+04  0.00000E+00  1.0E-05
  2.000E-02  3.04617E-08  3.06753E-13  1.09543E+04  0.00000E+00  1.0E-05
  2.250E-02  3.85531E-08  2.94136E-13  1.05038E+04  0.00000E+00  1.0E-05
  2.500E-02  4.75965E-08  2.80974E-13  1.00338E+04  0.00000E+00  1.0E-05
  2.750E-02  5.75917E-08  2.67531E-13  9.55369E+03  0.00000E+00  1.0E-05
  3.000E-02  6.85389E-08  2.54001E-13  9.07056E+03  0.00000E+00  1.0E-05
  3.250E-02  8.04380E-08  2.40498E-13  8.58834E+03  0.00000E+00  1.0E-05
  3.500E-02  9.32891E-08  2.27139E-13  8.11128E+03  0.00000E+00  1.0E-05
  3.750E-02  1.07092E-07  2.14127E-13  7.64663E+03  0.00000E+00  1.0E-05
  4.000E-02  1.21847E-07  2.01555E-13  7.19767E+03  0.00000E+00  1.0E-05
  4.250E-02  1.37554E-07  1.89466E-13  6.76596E+03  0.00000E+00  1.0E-05
  4.500E-02  1.54213E-07  1.77853E-13  6.35123E+03  0.00000E+00  1.0E-05
  4.750E-02  1.71823E-07  1.66840E-13  5.95796E+03  0.00000E+00  1.0E-05
  5.000E-02  1.90386E-07  1.56441E-13  5.58663E+03  0.00000E+00  1.0E-05
  5.250E-02  2.09900E-07  1.46656E-13  5.23719E+03  0.00000E+00  1.0E-05
  5.500E-02  2.30367E-07  1.37409E-13  4.90696E+03  0.00000E+00  1.0E-05
  5.750E-02  2.51785E-07  1.28767E-13  4.59836E+03  0.00000E+00  1.0E-05
  6.000E-02  2.74156E-07  1.20707E-13  4.31052E+03  0.00000E+00  1.0E-05
  6.250E-02  2.97478E-07  1.13200E-13  4.04246E+03  0.00000E+00  1.0E-05
  6.500E-02  3.21752E-07  1.06183E-13  3.79186E+03  0.00000E+00  1.0E-05
  6.750E-02  3.46978E-07  9.96614E-14  3.55897E+03  0.00000E+00  1.0E-05
  7.000E-02  3.73156E-07  9.36117E-14  3.34294E+03  0.00000E+00  1.0E-05
  7.250E-02  4.00286E-07  8.80015E-14  3.14259E+03  0.00000E+00  1.0E-05
  7.500E-02  4.28368E-07  8.27829E-14  2.95623E+03  0.00000E+00  1.0E-05
  7.750E-02  4.57402E-07  7.79380E-14  2.78322E+03  0.00000E+00  1.0E-05
  8.000E-02  4.87388E-07  7.34487E-14  2.62290E+03  0.00000E+00  1.0E-05
  8.250E-02  5.18325E-07  6.92871E-14  2.47429E+03  0.00000E+00  1.0E-05
  8.500E-02  5.50215E-07  6.54201E-14  2.33619E+03  0.00000E+00  1.0E-05
  8.750E-02  5.83057E-07  6.18237E-14  2.20776E+03  0.00000E+00  1.0E-05
  9.000E-02  6.16850E-07  5.84861E-14  2.08858E+03  0.00000E+00  1.0E-05
  9.250E-02  6.51596E-07  5.53861E-14  1.97787E+03  0.00000E+00  1.0E-05
  9.500E-02  6.87293E-07  5.25017E-14  1.87487E+03  0.00000E+00  1.0E-05
  9.750E-02  7.23942E-07  4.98097E-14  1.77874E+03  0.00000E+00  1.0E-05
  1.000E-01  7.61543E-07  4.73037E-14  1.68924E+03  0.00000E+00  1.0E-05
  1.250E-01  1.18991E-06  2.96282E-14  1.05804E+03  0.00000E+00  1.0E-05
  1.500E-01  1.71347E-06  1.96980E-14  7.03427E+02  0.00000E+00  1.0E-05
  1.750E-01  2.33223E-06  1.38584E-14  4.94891E+02  0.00000E+00  1.0E-05
  2.000E-01  3.04617E-06  1.00781E-14  3.59897E+02  0.00000E+00  1.0E-05
  2.250E-01  3.85531E-06  7.42281E-15  2.65073E+02  0.00000E+00  1.0E-05
  2.500E-01  4.75964E-06  5.53950E-15  1.97819E+02  0.00000E+00  1.0E-05
  2.750E-01  5.75916E-06  4.19778E-15  1.49905E+02  0.00000E+00  1.0E-05
  3.000E-01  6.85388E-06  3.22036E-15  1.15001E+02  0.00000E+00  1.0E-05
  3.250E-01  8.04378E-06  2.49104E-15  8.89568E+01  0.00000E+00  1.0E-05
  3.500E-01  9.32888E-06  1.94420E-15  6.94287E+01  0.00000E+00  1.0E-05
  3.750E-01  1.07092E-05  1.53567E-15  5.48397E+01  0.00000E+00  1.0E-05
  4.000E-01  1.21846E-05  1.22627E-15  4.37909E+01  0.00000E+00  1.0E-05
  4.250E-01  1.37553E-05  9.88926E-16  3.53152E+01  0.00000E+00  1.0E-05
  4.500E-01  1.54212E-05  8.04883E-16  2.87429E+01  0.00000E+00  1.0E-05
  4.750E-01  1.71822E-05  6.61798E-16  2.36332E+01  0.00000E+00  1.0E-05
  5.000E-01  1.90385E-05  5.49235E-16  1.96135E+01  0.00000E+00  1.0E-05
  5.250E-01  2.09899E-05  4.59933E-16  1.64245E+01  0.00000E+00  1.0E-05
  5.500E-01  2.30365E-05  3.88164E-16  1.38616E+01  0.00000E+00  1.0E-05
  5.750E-01  2.51783E-05  3.30135E-16  1.17893E+01  0.00000E+00  1.0E-05
  6.000E-01  2.74153E-05  2.82782E-16  1.00983E+01  0.00000E+00  1.0E-05
  6.250E-01  2.97475E-05  2.43820E-16  8.70697E+00  0.00000E+00  1.0E-05
  6.500E-01  3.21749E-05  2.11480E-16  7.55208E+00  0.00000E+00  1.0E-05
  6.750E-01  3.46974E-05  1.84435E-16  6.58629E+00  0.00000E+00  1.0E-05
  7.000E-01  3.73152E-05  1.61684E-16  5.77385E+00  0.00000E+00  1.0E-05
  7.250E-01  4.00281E-05  1.42426E-16  5.08612E+00  0.00000E+00  1.0E-05
  7.500E-01  4.28362E-05  1.25999E-16  4.49950E+00  0.00000E+00  1.0E-05
  7.750E-01  4.57395E-05  1.11910E-16  3.99636E+00  0.00000E+00  1.0E-05
  8.000E-01  4.87380E-05  9.97689E-17  3.56281E+00  0.00000E+00  1.0E-05
  8.250E-01  5.18317E-05  8.92533E-17  3.18729E+00  0.00000E+00  1.0E-05
  8.500E-01  5.50205E-05  8.00914E-17  2.86011E+00  0.00000E+00  1.0E-05
  8.750E-01  5.83045E-05  7.20712E-17  2.57371E+00  0.00000E+00  1.0E-05
  9.000E-01  6.16838E-05  6.50352E-17  2.32245E+00  0.00000E+00  1.0E-05
  9.250E-01  6.51582E-05  5.88399E-17  2.10121E+00  0.00000E+00  1.0E-05
  9.500E-01  6.87277E-05  5.33622E-17  1.90560E+00  0.00000E+00  1.0E-05
  9.750E-01  7.23925E-05  4.84968E-17  1.73185E+00  0.00000E+00  1.0E-05
  1.000E+00  7.61524E-05  4.41726E-17  1.57743E+00  0.00000E+00  7.8E-06
  1.100E+00  9.21439E-05  3.09977E-17  1.10695E+00  0.00000E+00  5.8E-06
  1.200E+00  1.09658E-04  2.23481E-17  7.98065E-01  0.00000E+00  3.1E-06
  1.300E+00  1.28695E-04  1.64867E-17  5.88752E-01  0.00000E+00  5.7E-07
  1.400E+00  1.49255E-04  1.24023E-17  4.42896E-01  0.00000E+00  1.3E-06
  1.500E+00  1.71338E-04  9.50582E-18  3.39459E-01  0.00000E+00  2.3E-06
  1.600E+00  1.94942E-04  7.40381E-18  2.64395E-01  0.00000E+00  2.4E-06
  1.700E+00  2.20070E-04  5.84920E-18  2.08879E-01  0.00000E+00  1.9E-06
  1.800E+00  2.46720E-04  4.68045E-18  1.67142E-01  0.00000E+00  1.1E-06
  1.900E+00  2.74892E-04  3.78986E-18  1.35338E-01  0.00000E+00  1.4E-07
  2.000E+00  3.04586E-04  3.10174E-18  1.10765E-01  0.00000E+00  6.2E-07
  2.100E+00  3.35803E-04  2.56330E-18  9.15371E-02  0.00000E+00  1.0E-06
  2.200E+00  3.68542E-04  2.13687E-18  7.63092E-02  0.00000E+00  1.1E-06
  2.300E+00  4.02802E-04  1.79591E-18  6.41330E-02  0.00000E+00  8.7E-07
  2.400E+00  4.38585E-04  1.52060E-18  5.43016E-02  0.00000E+00  4.7E-07
  2.500E+00  4.75889E-04  1.29633E-18  4.62926E-02  0.00000E+00  1.0E-07
  2.600E+00  5.14715E-04  1.11200E-18  3.97102E-02  0.00000E+00  3.6E-07
  2.700E+00  5.55063E-04  9.59444E-19  3.42624E-02  0.00000E+00  5.7E-07
  2.800E+00  5.96931E-04  8.32291E-19  2.97216E-02  0.00000E+00  6.0E-07
  2.900E+00  6.40321E-04  7.25609E-19  2.59120E-02  0.00000E+00  4.7E-07
  3.000E+00  6.85233E-04  6.35527E-19  2.26951E-02  0.00000E+00  2.5E-07
  3.100E+00  7.31665E-04  5.59040E-19  1.99637E-02  0.00000E+00  1.0E-07
  3.200E+00  7.79618E-04  4.93766E-19  1.76327E-02  0.00000E+00  2.3E-07
  3.300E+00  8.29092E-04  4.37780E-19  1.56334E-02  0.00000E+00  3.5E-07
  3.400E+00  8.80086E-04  3.89525E-19  1.39102E-02  0.00000E+00  3.7E-07
  3.500E+00  9.32601E-04  3.47749E-19  1.24183E-02  0.00000E+00  2.8E-07
  3.600E+00  9.86636E-04  3.11443E-19  1.11218E-02  0.00000E+00  1.4E-07
  3.700E+00  1.04219E-03  2.79768E-19  9.99068E-03  0.00000E+00  1.0E-07
  3.800E+00  1.09927E-03  2.52026E-19  9.00001E-03  0.00000E+00  1.7E-07
  3.900E+00  1.15786E-03  2.27640E-19  8.12916E-03  0.00000E+00  2.4E-07
  4.000E+00  1.21797E-03  2.06140E-19  7.36140E-03  0.00000E+00  2.4E-07
  4.100E+00  1.27961E-03  1.87126E-19  6.68239E-03  0.00000E+00  1.8E-07
  4.200E+00  1.34276E-03  1.70259E-19  6.08005E-03  0.00000E+00  1.0E-07
  4.300E+00  1.40743E-03  1.55248E-19  5.54402E-03  0.00000E+00  1.0E-07
  4.400E+00  1.47362E-03  1.41860E-19  5.06591E-03  0.00000E+00  1.2E-07
  4.500E+00  1.54133E-03  1.29887E-19  4.63835E-03  0.00000E+00  1.7E-07
  4.600E+00  1.61056E-03  1.19153E-19  4.25504E-03  0.00000E+00  1.7E-07
  4.700E+00  1.68131E-03  1.09505E-19  3.91050E-03  0.00000E+00  1.2E-07
  4.800E+00  1.75357E-03  1.00816E-19  3.60020E-03  0.00000E+00  1.0E-07
  4.900E+00  1.82735E-03  9.29730E-20  3.32013E-03  0.00000E+00  1.0E-07
  5.000E+00  1.90265E-03  8.58798E-20  3.06682E-03  0.00000E+00  1.0E-07
  5.100E+00  1.97947E-03  7.94502E-20  2.83722E-03  0.00000E+00  1.3E-07
  5.200E+00  2.05780E-03  7.36119E-20  2.62873E-03  0.00000E+00  1.2E-07
  5.300E+00  2.13765E-03  6.83013E-20  2.43908E-03  0.00000E+00  1.0E-07
  5.400E+00  2.21902E-03  6.34620E-20  2.26627E-03  0.00000E+00  1.0E-07
  5.500E+00  2.30190E-03  5.90440E-20  2.10850E-03  0.00000E+00  1.0E-07
  5.600E+00  2.38630E-03  5.50043E-20  1.96424E-03  0.00000E+00  1.0E-07
  5.700E+00  2.47222E-03  5.13049E-20  1.83213E-03  0.00000E+00  1.0E-07
  5.800E+00  2.55965E-03  4.79120E-20  1.71097E-03  0.00000E+00  1.0E-07
  5.900E+00  2.64859E-03  4.47955E-20  1.59968E-03  0.00000E+00  1.0E-07
  6.000E+00  2.73905E-03  4.19284E-20  1.49729E-03  0.00000E+00  1.0E-07
  6.100E+00  2.83103E-03  3.92876E-20  1.40299E-03  0.00000E+00  1.0E-07
  6.200E+00  2.92452E-03  3.68520E-20  1.31601E-03  0.00000E+00  1.0E-07
  6.300E+00  3.01952E-03  3.46026E-20  1.23568E-03  0.00000E+00  1.0E-07
  6.400E+00  3.11604E-03  3.25223E-20  1.16139E-03  0.00000E+00  1.0E-07
  6.500E+00  3.21407E-03  3.05965E-20  1.09262E-03  0.00000E+00  1.0E-07
  6.600E+00  3.31362E-03  2.88115E-20  1.02888E-03  0.00000E+00  1.0E-07
  6.700E+00  3.41468E-03  2.71551E-20  9.69726E-04  0.00000E+00  1.0E-07
  6.800E+00  3.51725E-03  2.56162E-20  9.14770E-04  0.00000E+00  1.0E-07
  6.900E+00  3.62133E-03  2.41850E-20  8.63662E-04  0.00000E+00  1.0E-07
  7.000E+00  3.72692E-03  2.28527E-20  8.16085E-04  0.00000E+00  1.0E-07
  7.100E+00  3.83403E-03  2.16112E-20  7.71748E-04  0.00000E+00  1.0E-07
  7.200E+00  3.94265E-03  2.04529E-20  7.30388E-04  0.00000E+00  1.0E-07
  7.300E+00  4.05278E-03  1.93715E-20  6.91768E-04  0.00000E+00  1.0E-07
  7.400E+00  4.16442E-03  1.83608E-20  6.55675E-04  0.00000E+00  1.0E-07
  7.500E+00  4.27757E-03  1.74153E-20  6.21913E-04  0.00000E+00  1.0E-07
  7.600E+00  4.39223E-03  1.65301E-20  5.90302E-04  0.00000E+00  1.0E-07
  7.700E+00  4.50840E-03  1.57006E-20  5.60679E-04  0.00000E+00  1.0E-07
  7.800E+00  4.62608E-03  1.49226E-20  5.32897E-04  0.00000E+00  1.0E-07
  7.900E+00  4.74527E-03  1.41924E-20  5.06821E-04  0.00000E+00  1.0E-07
  8.000E+00  4.86597E-03  1.35065E-20  4.82325E-04  0.00000E+00  1.0E-07
  8.100E+00  4.98817E-03  1.28616E-20  4.59296E-04  0.00000E+00  1.0E-07
  8.200E+00  5.11188E-03  1.22549E-20  4.37629E-04  0.00000E+00  1.0E-07
  8.300E+00  5.23711E-03  1.16836E-20  4.17230E-04  0.00000E+00  1.0E-07
  8.400E+00  5.36383E-03  1.11454E-20  3.98010E-04  0.00000E+00  1.0E-07
  8.500E+00  5.49207E-03  1.06379E-20  3.79887E-04  0.00000E+00  1.0E-07
  8.600E+00  5.62181E-03  1.01591E-20  3.62787E-04  0.00000E+00  1.0E-07
  8.700E+00  5.75306E-03  9.70700E-21  3.46643E-04  0.00000E+00  1.0E-07
  8.800E+00  5.88581E-03  9.27989E-21  3.31391E-04  0.00000E+00  1.0E-07
  8.900E+00  6.02007E-03  8.87608E-21  3.16971E-04  0.00000E+00  1.0E-07
  9.000E+00  6.15583E-03  8.49409E-21  3.03329E-04  0.00000E+00  1.0E-07
  9.100E+00  6.29310E-03  8.13251E-21  2.90417E-04  0.00000E+00  1.0E-07
  9.200E+00  6.43187E-03  7.79005E-21  2.78188E-04  0.00000E+00  1.0E-07
  9.300E+00  6.57214E-03  7.46549E-21  2.66598E-04  0.00000E+00  1.0E-07
  9.400E+00  6.71392E-03  7.15773E-21  2.55607E-04  0.00000E+00  1.0E-07
  9.500E+00  6.85720E-03  6.86573E-21  2.45180E-04  0.00000E+00  1.0E-07
  9.600E+00  7.00198E-03  6.58854E-21  2.35281E-04  0.00000E+00  1.0E-07
  9.700E+00  7.14827E-03  6.32525E-21  2.25879E-04  0.00000E+00  1.0E-07
  9.800E+00  7.29605E-03  6.07504E-21  2.16943E-04  0.00000E+00  1.0E-07
  9.900E+00  7.44534E-03  5.83713E-21  2.08448E-04  0.00000E+00  1.0E-07
  1.000E+01  7.59612E-03  5.61081E-21  2.00366E-04  0.00000E+00  1.0E-07
  1.025E+01  7.97965E-03  5.09139E-21  1.81817E-04  0.00000E+00  1.0E-07
  1.050E+01  8.37255E-03  4.63097E-21  1.65375E-04  0.00000E+00  1.0E-07
  1.075E+01  8.77480E-03  4.22166E-21  1.50758E-04  0.00000E+00  1.0E-07
  1.100E+01  9.18641E-03  3.85679E-21  1.37728E-04  0.00000E+00  1.0E-07
  1.125E+01  9.60736E-03  3.53068E-21  1.26083E-04  0.00000E+00  1.0E-07
  1.150E+01  1.00376E-02  3.23849E-21  1.15649E-04  0.00000E+00  1.0E-07
  1.175E+01  1.04773E-02  2.97606E-21  1.06277E-04  0.00000E+00  1.0E-07
  1.200E+01  1.09262E-02  2.73981E-21  9.78402E-05  0.00000E+00  1.0E-07
  1.225E+01  1.13844E-02  2.52666E-21  9.02287E-05  0.00000E+00  1.0E-07
  1.250E+01  1.18520E-02  2.33395E-21  8.33469E-05  0.00000E+00  1.0E-07
  1.275E+01  1.23288E-02  2.15937E-21  7.71124E-05  0.00000E+00  1.0E-07
  1.300E+01  1.28150E-02  2.00089E-21  7.14532E-05  0.00000E+00  1.0E-07
  1.325E+01  1.33104E-02  1.85677E-21  6.63065E-05  0.00000E+00  1.0E-07
  1.350E+01  1.38150E-02  1.72547E-21  6.16177E-05  0.00000E+00  1.0E-07
  1.375E+01  1.43290E-02  1.60564E-21  5.73384E-05  0.00000E+00  1.0E-07
  1.400E+01  1.48521E-02  1.49609E-21  5.34263E-05  0.00000E+00  1.0E-07
  1.425E+01  1.53845E-02  1.39578E-21  4.98443E-05  0.00000E+00  1.0E-07
  1.450E+01  1.59262E-02  1.30379E-21  4.65592E-05  0.00000E+00  1.0E-07
  1.475E+01  1.64770E-02  1.21930E-21  4.35420E-05  0.00000E+00  1.0E-07
  1.500E+01  1.70371E-02  1.14159E-21  4.07668E-05  0.00000E+00  1.0E-07
  1.525E+01  1.76063E-02  1.07000E-21  3.82105E-05  0.00000E+00  1.0E-07
  1.550E+01  1.81848E-02  1.00398E-21  3.58528E-05  0.00000E+00  1.0E-07
  1.575E+01  1.87724E-02  9.43002E-22  3.36752E-05  0.00000E+00  1.0E-07
  1.600E+01  1.93692E-02  8.86614E-22  3.16616E-05  0.00000E+00  1.0E-07
  1.625E+01  1.99751E-02  8.34405E-22  2.97971E-05  0.00000E+00  1.0E-07
  1.650E+01  2.05901E-02  7.86008E-22  2.80688E-05  0.00000E+00  1.0E-07
  1.675E+01  2.12143E-02  7.41092E-22  2.64649E-05  0.00000E+00  1.0E-07
  1.700E+01  2.18476E-02  6.99360E-22  2.49746E-05  0.00000E+00  1.0E-07
  1.725E+01  2.24900E-02  6.60543E-22  2.35884E-05  0.00000E+00  1.0E-07
  1.750E+01  2.31415E-02  6.24401E-22  2.22978E-05  0.00000E+00  1.0E-07
  1.775E+01  2.38021E-02  5.90714E-22  2.10948E-05  0.00000E+00  1.0E-07
  1.800E+01  2.44717E-02  5.59283E-22  1.99724E-05  0.00000E+00  1.0E-07
  1.825E+01  2.51504E-02  5.29929E-22  1.89241E-05  0.00000E+00  1.0E-07
  1.850E+01  2.58382E-02  5.02489E-22  1.79442E-05  0.00000E+00  1.0E-07
  1.875E+01  2.65349E-02  4.76815E-22  1.70274E-05  0.00000E+00  1.0E-07
  1.900E+01  2.72407E-02  4.52770E-22  1.61687E-05  0.00000E+00  1.0E-07
  1.925E+01  2.79555E-02  4.30233E-22  1.53639E-05  0.00000E+00  1.0E-07
  1.950E+01  2.86793E-02  4.09090E-22  1.46089E-05  0.00000E+00  1.0E-07
  1.975E+01  2.94120E-02  3.89239E-22  1.39000E-05  0.00000E+00  1.0E-07
  2.000E+01  3.01537E-02  3.70586E-22  1.32339E-05  0.00000E+00  1.0E-07
  2.025E+01  3.09043E-02  3.53045E-22  1.26075E-05  0.00000E+00  1.0E-07
  2.050E+01  3.16639E-02  3.36537E-22  1.20179E-05  0.00000E+00  1.0E-07
  2.075E+01  3.24324E-02  3.20989E-22  1.14627E-05  0.00000E+00  1.0E-07
  2.100E+01  3.32098E-02  3.06334E-22  1.09394E-05  0.00000E+00  1.0E-07
  2.125E+01  3.39961E-02  2.92513E-22  1.04458E-05  0.00000E+00  1.0E-07
  2.150E+01  3.47912E-02  2.79467E-22  9.97996E-06  0.00000E+00  1.0E-07
  2.175E+01  3.55952E-02  2.67146E-22  9.53997E-06  0.00000E+00  1.0E-07
  2.200E+01  3.64081E-02  2.55501E-22  9.12412E-06  0.00000E+00  1.0E-07
  2.225E+01  3.72297E-02  2.44488E-22  8.73084E-06  0.00000E+00  1.0E-07
  2.250E+01  3.80602E-02  2.34067E-22  8.35867E-06  0.00000E+00  1.0E-07
  2.275E+01  3.88995E-02  2.24198E-22  8.00626E-06  0.00000E+00  1.0E-07
  2.300E+01  3.97476E-02  2.14848E-22  7.67235E-06  0.00000E+00  1.0E-07
  2.325E+01  4.06044E-02  2.05983E-22  7.35579E-06  0.00000E+00  1.0E-07
  2.350E+01  4.14700E-02  1.97574E-22  7.05550E-06  0.00000E+00  1.0E-07
  2.375E+01  4.23443E-02  1.89593E-22  6.77048E-06  0.00000E+00  1.0E-07
  2.400E+01  4.32273E-02  1.82013E-22  6.49980E-06  0.00000E+00  1.0E-07
  2.425E+01  4.41190E-02  1.74811E-22  6.24261E-06  0.00000E+00  1.0E-07
  2.450E+01  4.50194E-02  1.67964E-22  5.99810E-06  0.00000E+00  1.0E-07
  2.475E+01  4.59284E-02  1.61451E-22  5.76553E-06  0.00000E+00  1.0E-07
  2.500E+01  4.68461E-02  1.55253E-22  5.54419E-06  0.00000E+00  1.0E-07
  2.550E+01  4.87074E-02  1.43730E-22  5.13268E-06  0.00000E+00  1.0E-07
  2.600E+01  5.06030E-02  1.33262E-22  4.75888E-06  0.00000E+00  1.0E-07
  2.650E+01  5.25328E-02  1.23736E-22  4.41871E-06  0.00000E+00  1.0E-07
  2.700E+01  5.44967E-02  1.15052E-22  4.10857E-06  0.00000E+00  1.0E-07
  2.750E+01  5.64946E-02  1.07120E-22  3.82533E-06  0.00000E+00  1.0E-07
  2.800E+01  5.85262E-02  9.98643E-23  3.56622E-06  0.00000E+00  1.0E-07
  2.850E+01  6.05914E-02  9.32159E-23  3.32880E-06  0.00000E+00  1.0E-07
  2.900E+01  6.26901E-02  8.71147E-23  3.11092E-06  0.00000E+00  1.0E-07
  2.950E+01  6.48222E-02  8.15072E-23  2.91068E-06  0.00000E+00  1.0E-07
  3.000E+01  6.69873E-02  7.63460E-23  2.72637E-06  0.00000E+00  1.0E-07
  3.050E+01  6.91854E-02  7.15890E-23  2.55649E-06  0.00000E+00  1.0E-07
  3.100E+01  7.14163E-02  6.71985E-23  2.39970E-06  0.00000E+00  1.0E-07
  3.150E+01  7.36799E-02  6.31410E-23  2.25480E-06  0.00000E+00  1.0E-07
  3.200E+01  7.59760E-02  5.93865E-23  2.12073E-06  0.00000E+00  1.0E-07
  3.250E+01  7.83043E-02  5.59081E-23  1.99651E-06  0.00000E+00  1.0E-07
  3.300E+01  8.06647E-02  5.26816E-23  1.88130E-06  0.00000E+00  1.0E-07
  3.350E+01  8.30571E-02  4.96855E-23  1.77430E-06  0.00000E+00  1.0E-07
  3.400E+01  8.54812E-02  4.69000E-23  1.67483E-06  0.00000E+00  1.0E-07
  3.450E+01  8.79369E-02  4.43077E-23  1.58226E-06  0.00000E+00  1.0E-07
  3.500E+01  9.04240E-02  4.18925E-23  1.49601E-06  0.00000E+00  1.0E-07
  3.550E+01  9.29422E-02  3.96401E-23  1.41557E-06  0.00000E+00  1.0E-07
  3.600E+01  9.54915E-02  3.75374E-23  1.34049E-06  0.00000E+00  1.0E-07
  3.650E+01  9.80716E-02  3.55726E-23  1.27032E-06  0.00000E+00  1.0E-07
  3.700E+01  1.00682E-01  3.37349E-23  1.20470E-06  0.00000E+00  1.0E-07
  3.750E+01  1.03323E-01  3.20145E-23  1.14326E-06  0.00000E+00  1.0E-07
  3.800E+01  1.05995E-01  3.04025E-23  1.08569E-06  0.00000E+00  1.0E-07
  3.850E+01  1.08696E-01  2.88908E-23  1.03171E-06  0.00000E+00  1.0E-07
  3.900E+01  1.11427E-01  2.74719E-23  9.81038E-07  0.00000E+00  1.0E-07
  3.950E+01  1.14188E-01  2.61390E-23  9.33441E-07  0.00000E+00  1.0E-07
  4.000E+01  1.16978E-01  2.48860E-23  8.88695E-07  0.00000E+00  1.0E-07
  4.050E+01  1.19797E-01  2.37071E-23  8.46596E-07  0.00000E+00  1.0E-07
  4.100E+01  1.22645E-01  2.25971E-23  8.06958E-07  0.00000E+00  1.0E-07
  4.150E+01  1.25522E-01  2.15513E-23  7.69609E-07  0.00000E+00  1.0E-07
  4.200E+01  1.28428E-01  2.05651E-23  7.34392E-07  0.00000E+00  1.0E-07
  4.250E+01  1.31361E-01  1.96345E-23  7.01162E-07  0.00000E+00  1.0E-07
  4.300E+01  1.34323E-01  1.87559E-23  6.69784E-07  0.00000E+00  1.0E-07
  4.350E+01  1.37313E-01  1.79257E-23  6.40137E-07  0.00000E+00  1.0E-07
  4.400E+01  1.40330E-01  1.71407E-23  6.12106E-07  0.00000E+00  1.0E-07
  4.450E+01  1.43375E-01  1.63981E-23  5.85586E-07  0.00000E+00  1.0E-07
  4.500E+01  1.46447E-01  1.56950E-23  5.60479E-07  0.00000E+00  1.0E-07
  4.550E+01  1.49545E-01  1.50291E-23  5.36698E-07  0.00000E+00  1.0E-07
  4.600E+01  1.52671E-01  1.43979E-23  5.14157E-07  0.00000E+00  1.0E-07
  4.650E+01  1.55823E-01  1.37992E-23  4.92780E-07  0.00000E+00  1.0E-07
  4.700E+01  1.59001E-01  1.32312E-23  4.72495E-07  0.00000E+00  1.0E-07
  4.750E+01  1.62205E-01  1.26919E-23  4.53235E-07  0.00000E+00  1.0E-07
  4.800E+01  1.65435E-01  1.21795E-23  4.34939E-07  0.00000E+00  1.0E-07
  4.850E+01  1.68690E-01  1.16926E-23  4.17550E-07  0.00000E+00  1.0E-07
  4.900E+01  1.71970E-01  1.12295E-23  4.01012E-07  0.00000E+00  1.0E-07
  4.950E+01  1.75276E-01  1.07889E-23  3.85278E-07  0.00000E+00  1.0E-07
  5.000E+01  1.78606E-01  1.03695E-23  3.70300E-07  0.00000E+00  1.0E-07
  5.050E+01  1.81961E-01  9.97001E-24  3.56035E-07  0.00000E+00  1.0E-07
  5.100E+01  1.85340E-01  9.58938E-24  3.42443E-07  0.00000E+00  1.0E-07
  5.150E+01  1.88743E-01  9.22654E-24  3.29486E-07  0.00000E+00  1.0E-07
  5.200E+01  1.92169E-01  8.88047E-24  3.17127E-07  0.00000E+00  1.0E-07
  5.250E+01  1.95619E-01  8.55026E-24  3.05335E-07  0.00000E+00  1.0E-07
  5.300E+01  1.99092E-01  8.23505E-24  2.94079E-07  0.00000E+00  1.0E-07
  5.350E+01  2.02589E-01  7.93401E-24  2.83329E-07  0.00000E+00  1.0E-07
  5.400E+01  2.06107E-01  7.64639E-24  2.73058E-07  0.00000E+00  1.0E-07
  5.450E+01  2.09649E-01  7.37149E-24  2.63241E-07  0.00000E+00  1.0E-07
  5.500E+01  2.13212E-01  7.10862E-24  2.53853E-07  0.00000E+00  1.0E-07
  5.550E+01  2.16797E-01  6.85716E-24  2.44874E-07  0.00000E+00  1.0E-07
  5.600E+01  2.20404E-01  6.61652E-24  2.36280E-07  0.00000E+00  1.0E-07
  5.650E+01  2.24032E-01  6.38614E-24  2.28053E-07  0.00000E+00  1.0E-07
  5.700E+01  2.27680E-01  6.16551E-24  2.20174E-07  0.00000E+00  1.0E-07
  5.750E+01  2.31350E-01  5.95412E-24  2.12626E-07  0.00000E+00  1.0E-07
  5.800E+01  2.35040E-01  5.75153E-24  2.05391E-07  0.00000E+00  1.0E-07
  5.850E+01  2.38751E-01  5.55729E-24  1.98454E-07  0.00000E+00  1.0E-07
  5.900E+01  2.42481E-01  5.37099E-24  1.91801E-07  0.00000E+00  1.0E-07
  5.950E+01  2.46231E-01  5.19225E-24  1.85419E-07  0.00000E+00  1.0E-07
  6.000E+01  2.50000E-01  5.02070E-24  1.79292E-07  0.00000E+00  1.0E-07
  6.050E+01  2.53788E-01  4.85600E-24  1.73411E-07  0.00000E+00  1.0E-07
  6.100E+01  2.57595E-01  4.69782E-24  1.67762E-07  0.00000E+00  1.0E-07
  6.150E+01  2.61421E-01  4.54585E-24  1.62335E-07  0.00000E+00  1.0E-07
  6.200E+01  2.65264E-01  4.39981E-24  1.57120E-07  0.00000E+00  1.0E-07
  6.250E+01  2.69126E-01  4.25941E-24  1.52106E-07  0.00000E+00  1.0E-07
  6.300E+01  2.73005E-01  4.12440E-24  1.47285E-07  0.00000E+00  1.0E-07
  6.350E+01  2.76901E-01  3.99453E-24  1.42647E-07  0.00000E+00  1.0E-07
  6.400E+01  2.80814E-01  3.86957E-24  1.38185E-07  0.00000E+00  1.0E-07
  6.450E+01  2.84744E-01  3.74931E-24  1.33890E-07  0.00000E+00  1.0E-07
  6.500E+01  2.88691E-01  3.63352E-24  1.29755E-07  0.00000E+00  1.0E-07
  6.550E+01  2.92653E-01  3.52201E-24  1.25773E-07  0.00000E+00  1.0E-07
  6.600E+01  2.96632E-01  3.41459E-24  1.21937E-07  0.00000E+00  1.0E-07
  6.650E+01  3.00625E-01  3.31109E-24  1.18241E-07  0.00000E+00  1.0E-07
  6.700E+01  3.04634E-01  3.21133E-24  1.14679E-07  0.00000E+00  1.0E-07
  6.750E+01  3.08658E-01  3.11515E-24  1.11244E-07  0.00000E+00  1.0E-07
  6.800E+01  3.12697E-01  3.02240E-24  1.07932E-07  0.00000E+00  1.0E-07
  6.850E+01  3.16749E-01  2.93294E-24  1.04737E-07  0.00000E+00  1.0E-07
  6.900E+01  3.20816E-01  2.84662E-24  1.01655E-07  0.00000E+00  1.0E-07
  6.950E+01  3.24896E-01  2.76332E-24  9.86800E-08  0.00000E+00  1.0E-07
  7.000E+01  3.28990E-01  2.68291E-24  9.58085E-08  0.00000E+00  1.0E-07
  7.050E+01  3.33097E-01  2.60527E-24  9.30359E-08  0.00000E+00  1.0E-07
  7.100E+01  3.37216E-01  2.53029E-24  9.03583E-08  0.00000E+00  1.0E-07
  7.150E+01  3.41348E-01  2.45786E-24  8.77716E-08  0.00000E+00  1.0E-07
  7.200E+01  3.45492E-01  2.38787E-24  8.52723E-08  0.00000E+00  1.0E-07
  7.250E+01  3.49647E-01  2.32023E-24  8.28569E-08  0.00000E+00  1.0E-07
  7.300E+01  3.53814E-01  2.25484E-24  8.05219E-08  0.00000E+00  1.0E-07
  7.350E+01  3.57992E-01  2.19162E-24  7.82643E-08  0.00000E+00  1.0E-07
  7.400E+01  3.62181E-01  2.13049E-24  7.60810E-08  0.00000E+00  1.0E-07
  7.450E+01  3.66381E-01  2.07135E-24  7.39692E-08  0.00000E+00  1.0E-07
  7.500E+01  3.70590E-01  2.01413E-24  7.19260E-08  0.00000E+00  1.0E-07
  7.550E+01  3.74810E-01  1.95876E-24  6.99487E-08  0.00000E+00  1.0E-07
  7.600E+01  3.79039E-01  1.90517E-24  6.80350E-08  0.00000E+00  1.0E-07
  7.650E+01  3.83277E-01  1.85329E-24  6.61823E-08  0.00000E+00  1.0E-07
  7.700E+01  3.87524E-01  1.80306E-24  6.43883E-08  0.00000E+00  1.0E-07
  7.750E+01  3.91780E-01  1.75440E-24  6.26508E-08  0.00000E+00  1.0E-07
  7.800E+01  3.96044E-01  1.70727E-24  6.09677E-08  0.00000E+00  1.0E-07
  7.850E+01  4.00316E-01  1.66161E-24  5.93371E-08  0.00000E+00  1.0E-07
  7.900E+01  4.04596E-01  1.61736E-24  5.77569E-08  0.00000E+00  1.0E-07
  7.950E+01  4.08882E-01  1.57447E-24  5.62254E-08  0.00000E+00  1.0E-07
  8.000E+01  4.13176E-01  1.53290E-24  5.47407E-08  0.00000E+00  1.0E-07
  8.050E+01  4.17476E-01  1.49259E-24  5.33013E-08  0.00000E+00  1.0E-07
  8.100E+01  4.21783E-01  1.45350E-24  5.19053E-08  0.00000E+00  1.0E-07
  8.150E+01  4.26095E-01  1.41558E-24  5.05514E-08  0.00000E+00  1.0E-07
  8.200E+01  4.30413E-01  1.37880E-24  4.92379E-08  0.00000E+00  1.0E-07
  8.250E+01  4.34737E-01  1.34311E-24  4.79635E-08  0.00000E+00  1.0E-07
  8.300E+01  4.39065E-01  1.30848E-24  4.67268E-08  0.00000E+00  1.0E-07
  8.350E+01  4.43398E-01  1.27487E-24  4.55264E-08  0.00000E+00  1.0E-07
  8.400E+01  4.47736E-01  1.24224E-24  4.43611E-08  0.00000E+00  1.0E-07
  8.450E+01  4.52077E-01  1.21056E-24  4.32298E-08  0.00000E+00  1.0E-07
  8.500E+01  4.56422E-01  1.17979E-24  4.21312E-08  0.00000E+00  1.0E-07
  8.550E+01  4.60770E-01  1.14991E-24  4.10642E-08  0.00000E+00  1.0E-07
  8.600E+01  4.65122E-01  1.12089E-24  4.00278E-08  0.00000E+00  1.0E-07
  8.650E+01  4.69476E-01  1.09270E-24  3.90209E-08  0.00000E+00  1.0E-07
  8.700E+01  4.73832E-01  1.06530E-24  3.80425E-08  0.00000E+00  1.0E-07
  8.750E+01  4.78190E-01  1.03867E-24  3.70917E-08  0.00000E+00  1.0E-07
  8.800E+01  4.82550E-01  1.01280E-24  3.61676E-08  0.00000E+00  1.0E-07
  8.850E+01  4.86912E-01  9.87638E-25  3.52692E-08  0.00000E+00  1.0E-07
  8.900E+01  4.91274E-01  9.63180E-25  3.43958E-08  0.00000E+00  1.0E-07
  8.950E+01  4.95637E-01  9.39396E-25  3.35464E-08  0.00000E+00  1.0E-07
  9.000E+01  5.00000E-01  9.16267E-25  3.27205E-08  0.00000E+00  1.0E-07
  9.050E+01  5.04363E-01  8.93770E-25  3.19171E-08  0.00000E+00  1.0E-07
  9.100E+01  5.08726E-01  8.71885E-25  3.11356E-08  0.00000E+00  1.0E-07
  9.150E+01  5.13088E-01  8.50594E-25  3.03753E-08  0.00000E+00  1.0E-07
  9.200E+01  5.17450E-01  8.29877E-25  2.96354E-08  0.00000E+00  1.0E-07
  9.250E+01  5.21810E-01  8.09715E-25  2.89155E-08  0.00000E+00  1.0E-07
  9.300E+01  5.26168E-01  7.90092E-25  2.82147E-08  0.00000E+00  1.0E-07
  9.350E+01  5.30524E-01  7.70989E-25  2.75325E-08  0.00000E+00  1.0E-07
  9.400E+01  5.34878E-01  7.52392E-25  2.68684E-08  0.00000E+00  1.0E-07
  9.450E+01  5.39230E-01  7.34284E-25  2.62218E-08  0.00000E+00  1.0E-07
  9.500E+01  5.43578E-01  7.16650E-25  2.55920E-08  0.00000E+00  1.0E-07
  9.550E+01  5.47923E-01  6.99476E-25  2.49788E-08  0.00000E+00  1.0E-07
  9.600E+01  5.52264E-01  6.82749E-25  2.43814E-08  0.00000E+00  1.0E-07
  9.650E+01  5.56602E-01  6.66454E-25  2.37995E-08  0.00000E+00  1.0E-07
  9.700E+01  5.60935E-01  6.50580E-25  2.32326E-08  0.00000E+00  1.0E-07
  9.750E+01  5.65263E-01  6.35112E-25  2.26803E-08  0.00000E+00  1.0E-07
  9.800E+01  5.69587E-01  6.20039E-25  2.21420E-08  0.00000E+00  1.0E-07
  9.850E+01  5.73905E-01  6.05349E-25  2.16174E-08  0.00000E+00  1.0E-07
  9.900E+01  5.78217E-01  5.91030E-25  2.11061E-08  0.00000E+00  1.0E-07
  9.950E+01  5.82524E-01  5.77071E-25  2.06076E-08  0.00000E+00  1.0E-07
  1.000E+02  5.86824E-01  5.63462E-25  2.01216E-08  0.00000E+00  1.0E-07
  1.005E+02  5.91118E-01  5.50192E-25  1.96477E-08  0.00000E+00  1.0E-07
  1.010E+02  5.95404E-01  5.37253E-25  1.91857E-08  0.00000E+00  1.0E-07
  1.015E+02  5.99684E-01  5.24636E-25  1.87351E-08  0.00000E+00  1.0E-07
  1.020E+02  6.03956E-01  5.12331E-25  1.82957E-08  0.00000E+00  1.0E-07
  1.025E+02  6.08220E-01  5.00328E-25  1.78670E-08  0.00000E+00  1.0E-07
  1.030E+02  6.12476E-01  4.88619E-25  1.74489E-08  0.00000E+00  1.0E-07
  1.035E+02  6.16723E-01  4.77195E-25  1.70409E-08  0.00000E+00  1.0E-07
  1.040E+02  6.20961E-01  4.66047E-25  1.66429E-08  0.00000E+00  1.0E-07
  1.045E+02  6.25190E-01  4.55170E-25  1.62544E-08  0.00000E+00  1.0E-07
  1.050E+02  6.29410E-01  4.44554E-25  1.58753E-08  0.00000E+00  1.0E-07
  1.055E+02  6.33619E-01  4.34194E-25  1.55053E-08  0.00000E+00  1.0E-07
  1.060E+02  6.37819E-01  4.24081E-25  1.51442E-08  0.00000E+00  1.0E-07
  1.065E+02  6.42008E-01  4.14210E-25  1.47917E-08  0.00000E+00  1.0E-07
  1.070E+02  6.46186E-01  4.04574E-25  1.44476E-08  0.00000E+00  1.0E-07
  1.075E+02  6.50353E-01  3.95165E-25  1.41116E-08  0.00000E+00  1.0E-07
  1.080E+02  6.54508E-01  3.85979E-25  1.37835E-08  0.00000E+00  1.0E-07
  1.085E+02  6.58652E-01  3.77008E-25  1.34632E-08  0.00000E+00  1.0E-07
  1.090E+02  6.62784E-01  3.68247E-25  1.31503E-08  0.00000E+00  1.0E-07
  1.095E+02  6.66903E-01  3.59691E-25  1.28448E-08  0.00000E+00  1.0E-07
  1.100E+02  6.71010E-01  3.51333E-25  1.25463E-08  0.00000E+00  1.0E-07
  1.105E+02  6.75104E-01  3.43170E-25  1.22548E-08  0.00000E+00  1.0E-07
  1.110E+02  6.79184E-01  3.35195E-25  1.19700E-08  0.00000E+00  1.0E-07
  1.115E+02  6.83251E-01  3.27403E-25  1.16918E-08  0.00000E+00  1.0E-07
  1.120E+02  6.87303E-01  3.19791E-25  1.14199E-08  0.00000E+00  1.0E-07
  1.125E+02  6.91342E-01  3.12352E-25  1.11543E-08  0.00000E+00  1.0E-07
  1.130E+02  6.95366E-01  3.05084E-25  1.08947E-08  0.00000E+00  1.0E-07
  1.135E+02  6.99375E-01  2.97980E-25  1.06411E-08  0.00000E+00  1.0E-07
  1.140E+02  7.03368E-01  2.91038E-25  1.03932E-08  0.00000E+00  1.0E-07
  1.145E+02  7.07347E-01  2.84253E-25  1.01508E-08  0.00000E+00  1.0E-07
  1.150E+02  7.11309E-01  2.77620E-25  9.91400E-09  0.00000E+00  1.0E-07
  1.155E+02  7.15256E-01  2.71137E-25  9.68247E-09  0.00000E+00  1.0E-07
  1.160E+02  7.19186E-01  2.64799E-25  9.45614E-09  0.00000E+00  1.0E-07
  1.165E+02  7.23099E-01  2.58603E-25  9.23486E-09  0.00000E+00  1.0E-07
  1.170E+02  7.26995E-01  2.52544E-25  9.01852E-09  0.00000E+00  1.0E-07
  1.175E+02  7.30874E-01  2.46621E-25  8.80699E-09  0.00000E+00  1.0E-07
  1.180E+02  7.34736E-01  2.40829E-25  8.60015E-09  0.00000E+00  1.0E-07
  1.185E+02  7.38579E-01  2.35165E-25  8.39788E-09  0.00000E+00  1.0E-07
  1.190E+02  7.42405E-01  2.29626E-25  8.20008E-09  0.00000E+00  1.0E-07
  1.195E+02  7.46212E-01  2.24208E-25  8.00663E-09  0.00000E+00  1.0E-07
  1.200E+02  7.50000E-01  2.18910E-25  7.81742E-09  0.00000E+00  1.0E-07
  1.205E+02  7.53769E-01  2.13728E-25  7.63237E-09  0.00000E+00  1.0E-07
  1.210E+02  7.57519E-01  2.08659E-25  7.45135E-09  0.00000E+00  1.0E-07
  1.215E+02  7.61249E-01  2.03701E-25  7.27429E-09  0.00000E+00  1.0E-07
  1.220E+02  7.64960E-01  1.98851E-25  7.10108E-09  0.00000E+00  1.0E-07
  1.225E+02  7.68650E-01  1.94105E-25  6.93163E-09  0.00000E+00  1.0E-07
  1.230E+02  7.72320E-01  1.89463E-25  6.76586E-09  0.00000E+00  1.0E-07
  1.235E+02  7.75968E-01  1.84922E-25  6.60367E-09  0.00000E+00  1.0E-07
  1.240E+02  7.79596E-01  1.80478E-25  6.44498E-09  0.00000E+00  1.0E-07
  1.245E+02  7.83203E-01  1.76130E-25  6.28972E-09  0.00000E+00  1.0E-07
  1.250E+02  7.86788E-01  1.71876E-25  6.13780E-09  0.00000E+00  1.0E-07
  1.255E+02  7.90351E-01  1.67713E-25  5.98914E-09  0.00000E+00  1.0E-07
  1.260E+02  7.93893E-01  1.63639E-25  5.84367E-09  0.00000E+00  1.0E-07
  1.265E+02  7.97411E-01  1.59653E-25  5.70132E-09  0.00000E+00  1.0E-07
  1.270E+02  8.00908E-01  1.55752E-25  5.56201E-09  0.00000E+00  1.0E-07
  1.275E+02  8.04381E-01  1.51934E-25  5.42568E-09  0.00000E+00  1.0E-07
  1.280E+02  8.07831E-01  1.48198E-25  5.29225E-09  0.00000E+00  1.0E-07
  1.285E+02  8.11257E-01  1.44542E-25  5.16167E-09  0.00000E+00  1.0E-07
  1.290E+02  8.14660E-01  1.40963E-25  5.03387E-09  0.00000E+00  1.0E-07
  1.295E+02  8.18039E-01  1.37460E-25  4.90879E-09  0.00000E+00  1.0E-07
  1.300E+02  8.21394E-01  1.34032E-25  4.78637E-09  0.00000E+00  1.0E-07
  1.305E+02  8.24724E-01  1.30677E-25  4.66655E-09  0.00000E+00  1.0E-07
  1.310E+02  8.28030E-01  1.27393E-25  4.54927E-09  0.00000E+00  1.0E-07
  1.315E+02  8.31310E-01  1.24178E-25  4.43448E-09  0.00000E+00  1.0E-07
  1.320E+02  8.34565E-01  1.21032E-25  4.32212E-09  0.00000E+00  1.0E-07
  1.325E+02  8.37795E-01  1.17952E-25  4.21215E-09  0.00000E+00  1.0E-07
  1.330E+02  8.40999E-01  1.14938E-25  4.10450E-09  0.00000E+00  1.0E-07
  1.335E+02  8.44177E-01  1.11987E-25  3.99913E-09  0.00000E+00  1.0E-07
  1.340E+02  8.47329E-01  1.09099E-25  3.89600E-09  0.00000E+00  1.0E-07
  1.345E+02  8.50455E-01  1.06272E-25  3.79505E-09  0.00000E+00  1.0E-07
  1.350E+02  8.53553E-01  1.03505E-25  3.69624E-09  0.00000E+00  1.0E-07
  1.355E+02  8.56625E-01  1.00797E-25  3.59953E-09  0.00000E+00  1.0E-07
  1.360E+02  8.59670E-01  9.81463E-26  3.50487E-09  0.00000E+00  1.0E-07
  1.365E+02  8.62687E-01  9.55518E-26  3.41222E-09  0.00000E+00  1.0E-07
  1.370E+02  8.65677E-01  9.30123E-26  3.32153E-09  0.00000E+00  1.0E-07
  1.375E+02  8.68639E-01  9.05269E-26  3.23277E-09  0.00000E+00  1.0E-07
  1.380E+02  8.71572E-01  8.80943E-26  3.14591E-09  0.00000E+00  1.0E-07
  1.385E+02  8.74478E-01  8.57136E-26  3.06089E-09  0.00000E+00  1.0E-07
  1.390E+02  8.77355E-01  8.33837E-26  2.97769E-09  0.00000E+00  1.0E-07
  1.395E+02  8.80203E-01  8.11036E-26  2.89626E-09  0.00000E+00  1.0E-07
  1.400E+02  8.83022E-01  7.88723E-26  2.81658E-09  0.00000E+00  1.0E-07
  1.405E+02  8.85812E-01  7.66888E-26  2.73861E-09  0.00000E+00  1.0E-07
  1.410E+02  8.88573E-01  7.45523E-26  2.66231E-09  0.00000E+00  1.0E-07
  1.415E+02  8.91304E-01  7.24618E-26  2.58766E-09  0.00000E+00  1.0E-07
  1.420E+02  8.94005E-01  7.04164E-26  2.51461E-09  0.00000E+00  1.0E-07
  1.425E+02  8.96677E-01  6.84153E-26  2.44315E-09  0.00000E+00  1.0E-07
  1.430E+02  8.99318E-01  6.64576E-26  2.37324E-09  0.00000E+00  1.0E-07
  1.435E+02  9.01928E-01  6.45426E-26  2.30486E-09  0.00000E+00  1.0E-07
  1.440E+02  9.04508E-01  6.26693E-26  2.23796E-09  0.00000E+00  1.0E-07
  1.445E+02  9.07058E-01  6.08372E-26  2.17253E-09  0.00000E+00  1.0E-07
  1.450E+02  9.09576E-01  5.90453E-26  2.10855E-09  0.00000E+00  1.0E-07
  1.455E+02  9.12063E-01  5.72930E-26  2.04597E-09  0.00000E+00  1.0E-07
  1.460E+02  9.14519E-01  5.55796E-26  1.98478E-09  0.00000E+00  1.0E-07
  1.465E+02  9.16943E-01  5.39043E-26  1.92496E-09  0.00000E+00  1.0E-07
  1.470E+02  9.19335E-01  5.22665E-26  1.86647E-09  0.00000E+00  1.0E-07
  1.475E+02  9.21696E-01  5.06656E-26  1.80930E-09  0.00000E+00  1.0E-07
  1.480E+02  9.24024E-01  4.91008E-26  1.75342E-09  0.00000E+00  1.0E-07
  1.485E+02  9.26320E-01  4.75716E-26  1.69881E-09  0.00000E+00  1.0E-07
  1.490E+02  9.28584E-01  4.60773E-26  1.64545E-09  0.00000E+00  1.0E-07
  1.495E+02  9.30815E-01  4.46174E-26  1.59332E-09  0.00000E+00  1.0E-07
  1.500E+02  9.33013E-01  4.31913E-26  1.54239E-09  0.00000E+00  1.0E-07
  1.505E+02  9.35178E-01  4.17984E-26  1.49265E-09  0.00000E+00  1.0E-07
  1.510E+02  9.37310E-01  4.04382E-26  1.44408E-09  0.00000E+00  1.0E-07
  1.515E+02  9.39409E-01  3.91102E-26  1.39665E-09  0.00000E+00  1.0E-07
  1.520E+02  9.41474E-01  3.78138E-26  1.35036E-09  0.00000E+00  1.0E-07
  1.525E+02  9.43505E-01  3.65486E-26  1.30517E-09  0.00000E+00  1.0E-07
  1.530E+02  9.45503E-01  3.53139E-26  1.26108E-09  0.00000E+00  1.0E-07
  1.535E+02  9.47467E-01  3.41095E-26  1.21807E-09  0.00000E+00  1.0E-07
  1.540E+02  9.49397E-01  3.29348E-26  1.17612E-09  0.00000E+00  1.0E-07
  1.545E+02  9.51293E-01  3.17893E-26  1.13522E-09  0.00000E+00  1.0E-07
  1.550E+02  9.53154E-01  3.06727E-26  1.09534E-09  0.00000E+00  1.0E-07
  1.555E+02  9.54981E-01  2.95845E-26  1.05648E-09  0.00000E+00  1.0E-07
  1.560E+02  9.56773E-01  2.85243E-26  1.01862E-09  0.00000E+00  1.0E-07
  1.565E+02  9.58530E-01  2.74917E-26  9.81746E-10  0.00000E+00  1.0E-07
  1.570E+02  9.60252E-01  2.64863E-26  9.45842E-10  0.00000E+00  1.0E-07
  1.575E+02  9.61940E-01  2.55077E-26  9.10897E-10  0.00000E+00  1.0E-07
  1.580E+02  9.63592E-01  2.45556E-26  8.76897E-10  0.00000E+00  1.0E-07
  1.585E+02  9.65209E-01  2.36296E-26  8.43829E-10  0.00000E+00  1.0E-07
  1.590E+02  9.66790E-01  2.27294E-26  8.11682E-10  0.00000E+00  1.0E-07
  1.595E+02  9.68336E-01  2.18546E-26  7.80443E-10  0.00000E+00  1.0E-07
  1.600E+02  9.69846E-01  2.10050E-26  7.50101E-10  0.00000E+00  1.0E-07
  1.605E+02  9.71321E-01  2.01801E-26  7.20645E-10  0.00000E+00  1.0E-07
  1.610E+02  9.72759E-01  1.93798E-26  6.92064E-10  0.00000E+00  1.0E-07
  1.615E+02  9.74162E-01  1.86036E-26  6.64348E-10  0.00000E+00  1.0E-07
  1.620E+02  9.75528E-01  1.78514E-26  6.37486E-10  0.00000E+00  1.0E-07
  1.625E+02  9.76858E-01  1.71228E-26  6.11468E-10  0.00000E+00  1.0E-07
  1.630E+02  9.78152E-01  1.64177E-26  5.86285E-10  0.00000E+00  1.0E-07
  1.635E+02  9.79410E-01  1.57356E-26  5.61929E-10  0.00000E+00  1.0E-07
  1.640E+02  9.80631E-01  1.50764E-26  5.38390E-10  0.00000E+00  1.0E-07
  1.645E+02  9.81815E-01  1.44399E-26  5.15659E-10  0.00000E+00  1.0E-07
  1.650E+02  9.82963E-01  1.38258E-26  4.93729E-10  0.00000E+00  1.0E-07
  1.655E+02  9.84074E-01  1.32339E-26  4.72591E-10  0.00000E+00  1.0E-07
  1.660E+02  9.85148E-01  1.26640E-26  4.52239E-10  0.00000E+00  1.0E-07
  1.665E+02  9.86185E-01  1.21158E-26  4.32664E-10  0.00000E+00  1.0E-07
  1.670E+02  9.87185E-01  1.15893E-26  4.13860E-10  0.00000E+00  1.0E-07
  1.675E+02  9.88148E-01  1.10841E-26  3.95820E-10  0.00000E+00  1.0E-07
  1.680E+02  9.89074E-01  1.06001E-26  3.78538E-10  0.00000E+00  1.0E-07
  1.685E+02  9.89962E-01  1.01372E-26  3.62007E-10  0.00000E+00  1.0E-07
  1.690E+02  9.90814E-01  9.69520E-27  3.46222E-10  0.00000E+00  1.0E-07
  1.695E+02  9.91627E-01  9.27389E-27  3.31177E-10  0.00000E+00  1.0E-07
  1.700E+02  9.92404E-01  8.87315E-27  3.16866E-10  0.00000E+00  1.0E-07
  1.705E+02  9.93143E-01  8.49285E-27  3.03285E-10  0.00000E+00  1.0E-07
  1.710E+02  9.93844E-01  8.13284E-27  2.90429E-10  0.00000E+00  1.0E-07
  1.715E+02  9.94508E-01  7.79301E-27  2.78293E-10  0.00000E+00  1.0E-07
  1.720E+02  9.95134E-01  7.47322E-27  2.66874E-10  0.00000E+00  1.0E-07
  1.725E+02  9.95722E-01  7.17337E-27  2.56166E-10  0.00000E+00  1.0E-07
  1.730E+02  9.96273E-01  6.89336E-27  2.46166E-10  0.00000E+00  1.0E-07
  1.735E+02  9.96786E-01  6.63308E-27  2.36872E-10  0.00000E+00  1.0E-07
  1.740E+02  9.97261E-01  6.39245E-27  2.28278E-10  0.00000E+00  1.0E-07
  1.745E+02  9.97698E-01  6.17137E-27  2.20384E-10  0.00000E+00  1.0E-07
  1.750E+02  9.98097E-01  5.96977E-27  2.13185E-10  0.00000E+00  1.0E-07
  1.755E+02  9.98459E-01  5.78759E-27  2.06679E-10  0.00000E+00  1.0E-07
  1.760E+02  9.98782E-01  5.62475E-27  2.00864E-10  0.00000E+00  1.0E-07
  1.765E+02  9.99067E-01  5.48121E-27  1.95738E-10  0.00000E+00  1.0E-07
  1.770E+02  9.99315E-01  5.35690E-27  1.91299E-10  0.00000E+00  1.0E-07
  1.775E+02  9.99524E-01  5.25180E-27  1.87545E-10  0.00000E+00  1.0E-07
  1.780E+02  9.99695E-01  5.16585E-27  1.84476E-10  0.00000E+00  1.0E-07
  1.785E+02  9.99829E-01  5.09903E-27  1.82090E-10  0.00000E+00  1.0E-07
  1.790E+02  9.99924E-01  5.05132E-27  1.80386E-10  0.00000E+00  1.0E-07
  1.795E+02  9.99981E-01  5.02270E-27  1.79364E-10  0.00000E+00  1.0E-07
  1.800E+02  1.00000E+00  5.01317E-27  1.79023E-10  0.00000E+00  1.0E-07
