 #
 # Subroutine ELSEPA. Elastic scattering of electrons and positrons
 #                    by neutral atoms and positive ions
 #
 # Projectile: electron
 # Kinetic energy = 3.70000E+06 eV = 1.35973E+05 a.u.
 #
 # WARNING: High-energy factorization with free-atom DF screening.
 #          Absorption, polarization and exchange corrections are
 #          switched off.
 #          Phase shifts are calculated for the bare nucleus.
 #          Scattering amplitudes are not evaluated.
 #
 # Element: Hf,  Z =  72,  atomic weight = 1.78490E+02 g/mol
 #
 # Nuclear model: Fermi distribution
 #                Average radius = 6.02451E-13 cm
 #                Skin thickness = 5.46000E-14 cm
 #
 # Number of electrons = 72
 #
 # Total elastic cross section = 7.43606E-18 cm**2 = 2.65547E-01 a0**2
 # 1st transport cross section = 4.74440E-22 cm**2 = 1.69426E-05 a0**2
 # 2nd transport cross section = 1.28047E-21 cm**2 = 4.57264E-05 a0**2
 #
 #
 # Differential cross section:                       MU=(1-COS(THETA))/2
 #
 #  THETA        MU          DCS          DCS        Sherman      error
 #  (deg)                 (cm**2/sr)   (a0**2/sr)    function
 #----------------------------------------------------------------------
  0.000E+00  0.00000E+00  1.12040E-12  4.00101E+04  0.00000E+00  1.0E-05
  1.000E-04  7.61557E-13  1.12039E-12  4.00099E+04  0.00000E+00  1.0E-05
  1.250E-04  1.18994E-12  1.12039E-12  4.00097E+04  0.00000E+00  1.0E-05
  1.500E-04  1.71346E-12  1.12038E-12  4.00096E+04  0.00000E+00  1.0E-05
  1.750E-04  2.33225E-12  1.12038E-12  4.00094E+04  0.00000E+00  1.0E-05
  2.000E-04  3.04617E-12  1.12037E-12  4.00092E+04  0.00000E+00  1.0E-05
  2.250E-04  3.85530E-12  1.12036E-12  4.00089E+04  0.00000E+00  1.0E-05
  2.500E-04  4.75964E-12  1.12036E-12  4.00087E+04  0.00000E+00  1.0E-05
  2.750E-04  5.75917E-12  1.12035E-12  4.00084E+04  0.00000E+00  1.0E-05
  3.000E-04  6.85391E-12  1.12034E-12  4.00081E+04  0.00000E+00  1.0E-05
  3.250E-04  8.04379E-12  1.12033E-12  4.00077E+04  0.00000E+00  1.0E-05
  3.500E-04  9.32893E-12  1.12032E-12  4.00073E+04  0.00000E+00  1.0E-05
  3.750E-04  1.07092E-11  1.12031E-12  4.00069E+04  0.00000E+00  1.0E-05
  4.000E-04  1.21847E-11  1.12030E-12  4.00065E+04  0.00000E+00  1.0E-05
  4.250E-04  1.37554E-11  1.12028E-12  4.00060E+04  0.00000E+00  1.0E-05
  4.500E-04  1.54213E-11  1.12027E-12  4.00056E+04  0.00000E+00  1.0E-05
  4.750E-04  1.71823E-11  1.12026E-12  4.00050E+04  0.00000E+00  1.0E-05
  5.000E-04  1.90386E-11  1.12024E-12  4.00045E+04  0.00000E+00  1.0E-05
  5.250E-04  2.09900E-11  1.12022E-12  4.00039E+04  0.00000E+00  1.0E-05
  5.500E-04  2.30367E-11  1.12021E-12  4.00033E+04  0.00000E+00  1.0E-05
  5.750E-04  2.51785E-11  1.12019E-12  4.00027E+04  0.00000E+00  1.0E-05
  6.000E-04  2.74156E-11  1.12017E-12  4.00020E+04  0.00000E+00  1.0E-05
  6.250E-04  2.97478E-11  1.12015E-12  4.00013E+04  0.00000E+00  1.0E-05
  6.500E-04  3.21752E-11  1.12013E-12  4.00006E+04  0.00000E+00  1.0E-05
  6.750E-04  3.46979E-11  1.12011E-12  3.99999E+04  0.00000E+00  1.0E-05
  7.000E-04  3.73157E-11  1.12009E-12  3.99991E+04  0.00000E+00  1.0E-05
  7.250E-04  4.00286E-11  1.12007E-12  3.99983E+04  0.00000E+00  1.0E-05
  7.500E-04  4.28368E-11  1.12004E-12  3.99975E+04  0.00000E+00  1.0E-05
  7.750E-04  4.57402E-11  1.12002E-12  3.99967E+04  0.00000E+00  1.0E-05
  8.000E-04  4.87388E-11  1.12000E-12  3.99958E+04  0.00000E+00  1.0E-05
  8.250E-04  5.18325E-11  1.11997E-12  3.99949E+04  0.00000E+00  1.0E-05
  8.500E-04  5.50215E-11  1.11994E-12  3.99939E+04  0.00000E+00  1.0E-05
  8.750E-04  5.83057E-11  1.11992E-12  3.99930E+04  0.00000E+00  1.0E-05
  9.000E-04  6.16850E-11  1.11989E-12  3.99920E+04  0.00000E+00  1.0E-05
  9.250E-04  6.51595E-11  1.11986E-12  3.99910E+04  0.00000E+00  1.0E-05
  9.500E-04  6.87293E-11  1.11983E-12  3.99899E+04  0.00000E+00  1.0E-05
  9.750E-04  7.23943E-11  1.11980E-12  3.99888E+04  0.00000E+00  1.0E-05
  1.000E-03  7.61544E-11  1.11977E-12  3.99877E+04  0.00000E+00  1.0E-05
  1.250E-03  1.18991E-10  1.11942E-12  3.99751E+04  0.00000E+00  1.0E-05
  1.500E-03  1.71347E-10  1.11899E-12  3.99598E+04  0.00000E+00  1.0E-05
  1.750E-03  2.33223E-10  1.11848E-12  3.99416E+04  0.00000E+00  1.0E-05
  2.000E-03  3.04617E-10  1.11789E-12  3.99207E+04  0.00000E+00  1.0E-05
  2.250E-03  3.85531E-10  1.11723E-12  3.98970E+04  0.00000E+00  1.0E-05
  2.500E-03  4.75965E-10  1.11649E-12  3.98706E+04  0.00000E+00  1.0E-05
  2.750E-03  5.75917E-10  1.11567E-12  3.98413E+04  0.00000E+00  1.0E-05
  3.000E-03  6.85389E-10  1.11478E-12  3.98094E+04  0.00000E+00  1.0E-05
  3.250E-03  8.04380E-10  1.11381E-12  3.97747E+04  0.00000E+00  1.0E-05
  3.500E-03  9.32891E-10  1.11276E-12  3.97373E+04  0.00000E+00  1.0E-05
  3.750E-03  1.07092E-09  1.11163E-12  3.96972E+04  0.00000E+00  1.0E-05
  4.000E-03  1.21847E-09  1.11044E-12  3.96544E+04  0.00000E+00  1.0E-05
  4.250E-03  1.37554E-09  1.10916E-12  3.96089E+04  0.00000E+00  1.0E-05
  4.500E-03  1.54213E-09  1.10781E-12  3.95607E+04  0.00000E+00  1.0E-05
  4.750E-03  1.71823E-09  1.10639E-12  3.95099E+04  0.00000E+00  1.0E-05
  5.000E-03  1.90386E-09  1.10490E-12  3.94565E+04  0.00000E+00  1.0E-05
  5.250E-03  2.09900E-09  1.10333E-12  3.94005E+04  0.00000E+00  1.0E-05
  5.500E-03  2.30367E-09  1.10168E-12  3.93419E+04  0.00000E+00  1.0E-05
  5.750E-03  2.51785E-09  1.09997E-12  3.92807E+04  0.00000E+00  1.0E-05
  6.000E-03  2.74156E-09  1.09819E-12  3.92169E+04  0.00000E+00  1.0E-05
  6.250E-03  2.97478E-09  1.09633E-12  3.91506E+04  0.00000E+00  1.0E-05
  6.500E-03  3.21752E-09  1.09440E-12  3.90818E+04  0.00000E+00  1.0E-05
  6.750E-03  3.46978E-09  1.09241E-12  3.90106E+04  0.00000E+00  1.0E-05
  7.000E-03  3.73156E-09  1.09034E-12  3.89368E+04  0.00000E+00  1.0E-05
  7.250E-03  4.00286E-09  1.08821E-12  3.88607E+04  0.00000E+00  1.0E-05
  7.500E-03  4.28368E-09  1.08601E-12  3.87821E+04  0.00000E+00  1.0E-05
  7.750E-03  4.57402E-09  1.08374E-12  3.87011E+04  0.00000E+00  1.0E-05
  8.000E-03  4.87388E-09  1.08141E-12  3.86178E+04  0.00000E+00  1.0E-05
  8.250E-03  5.18326E-09  1.07901E-12  3.85321E+04  0.00000E+00  1.0E-05
  8.500E-03  5.50215E-09  1.07655E-12  3.84442E+04  0.00000E+00  1.0E-05
  8.750E-03  5.83057E-09  1.07402E-12  3.83539E+04  0.00000E+00  1.0E-05
  9.000E-03  6.16850E-09  1.07143E-12  3.82614E+04  0.00000E+00  1.0E-05
  9.250E-03  6.51596E-09  1.06878E-12  3.81667E+04  0.00000E+00  1.0E-05
  9.500E-03  6.87293E-09  1.06606E-12  3.80698E+04  0.00000E+00  1.0E-05
  9.750E-03  7.23942E-09  1.06329E-12  3.79708E+04  0.00000E+00  1.0E-05
  1.000E-02  7.61544E-09  1.06046E-12  3.78696E+04  0.00000E+00  1.0E-05
  1.250E-02  1.18991E-08  1.02905E-12  3.67481E+04  0.00000E+00  1.0E-05
  1.500E-02  1.71347E-08  9.92689E-13  3.54496E+04  0.00000E+00  1.0E-05
  1.750E-02  2.33223E-08  9.52488E-13  3.40139E+04  0.00000E+00  1.0E-05
  2.000E-02  3.04617E-08  9.09473E-13  3.24779E+04  0.00000E+00  1.0E-05
  2.250E-02  3.85531E-08  8.64564E-13  3.08742E+04  0.00000E+00  1.0E-05
  2.500E-02  4.75965E-08  8.18711E-13  2.92367E+04  0.00000E+00  1.0E-05
  2.750E-02  5.75917E-08  7.72792E-13  2.75969E+04  0.00000E+00  1.0E-05
  3.000E-02  6.85389E-08  7.27500E-13  2.59795E+04  0.00000E+00  1.0E-05
  3.250E-02  8.04380E-08  6.83349E-13  2.44028E+04  0.00000E+00  1.0E-05
  3.500E-02  9.32891E-08  6.40768E-13  2.28822E+04  0.00000E+00  1.0E-05
  3.750E-02  1.07092E-07  6.00142E-13  2.14315E+04  0.00000E+00  1.0E-05
  4.000E-02  1.21847E-07  5.61677E-13  2.00578E+04  0.00000E+00  1.0E-05
  4.250E-02  1.37554E-07  5.25474E-13  1.87650E+04  0.00000E+00  1.0E-05
  4.500E-02  1.54213E-07  4.91552E-13  1.75536E+04  0.00000E+00  1.0E-05
  4.750E-02  1.71823E-07  4.59951E-13  1.64251E+04  0.00000E+00  1.0E-05
  5.000E-02  1.90386E-07  4.30608E-13  1.53773E+04  0.00000E+00  1.0E-05
  5.250E-02  2.09900E-07  4.03434E-13  1.44069E+04  0.00000E+00  1.0E-05
  5.500E-02  2.30367E-07  3.78274E-13  1.35084E+04  0.00000E+00  1.0E-05
  5.750E-02  2.51785E-07  3.55047E-13  1.26789E+04  0.00000E+00  1.0E-05
  6.000E-02  2.74156E-07  3.33621E-13  1.19138E+04  0.00000E+00  1.0E-05
  6.250E-02  2.97478E-07  3.13865E-13  1.12083E+04  0.00000E+00  1.0E-05
  6.500E-02  3.21752E-07  2.95610E-13  1.05564E+04  0.00000E+00  1.0E-05
  6.750E-02  3.46978E-07  2.78757E-13  9.95460E+03  0.00000E+00  1.0E-05
  7.000E-02  3.73156E-07  2.63196E-13  9.39890E+03  0.00000E+00  1.0E-05
  7.250E-02  4.00286E-07  2.48816E-13  8.88539E+03  0.00000E+00  1.0E-05
  7.500E-02  4.28368E-07  2.35483E-13  8.40926E+03  0.00000E+00  1.0E-05
  7.750E-02  4.57402E-07  2.23112E-13  7.96749E+03  0.00000E+00  1.0E-05
  8.000E-02  4.87388E-07  2.11636E-13  7.55765E+03  0.00000E+00  1.0E-05
  8.250E-02  5.18325E-07  2.00975E-13  7.17693E+03  0.00000E+00  1.0E-05
  8.500E-02  5.50215E-07  1.91036E-13  6.82201E+03  0.00000E+00  1.0E-05
  8.750E-02  5.83057E-07  1.81746E-13  6.49028E+03  0.00000E+00  1.0E-05
  9.000E-02  6.16850E-07  1.73077E-13  6.18068E+03  0.00000E+00  1.0E-05
  9.250E-02  6.51596E-07  1.64974E-13  5.89133E+03  0.00000E+00  1.0E-05
  9.500E-02  6.87293E-07  1.57380E-13  5.62015E+03  0.00000E+00  1.0E-05
  9.750E-02  7.23942E-07  1.50227E-13  5.36470E+03  0.00000E+00  1.0E-05
  1.000E-01  7.61543E-07  1.43512E-13  5.12492E+03  0.00000E+00  1.0E-05
  1.250E-01  1.18991E-06  9.38171E-14  3.35027E+03  0.00000E+00  1.0E-05
  1.500E-01  1.71347E-06  6.30917E-14  2.25305E+03  0.00000E+00  1.0E-05
  1.750E-01  2.33223E-06  4.44955E-14  1.58896E+03  0.00000E+00  1.0E-05
  2.000E-01  3.04617E-06  3.22643E-14  1.15218E+03  0.00000E+00  1.0E-05
  2.250E-01  3.85531E-06  2.37828E-14  8.49301E+02  0.00000E+00  1.0E-05
  2.500E-01  4.75964E-06  1.78876E-14  6.38779E+02  0.00000E+00  1.0E-05
  2.750E-01  5.75916E-06  1.37316E-14  4.90364E+02  0.00000E+00  1.0E-05
  3.000E-01  6.85388E-06  1.07178E-14  3.82740E+02  0.00000E+00  1.0E-05
  3.250E-01  8.04378E-06  8.46197E-15  3.02183E+02  0.00000E+00  1.0E-05
  3.500E-01  9.32888E-06  6.74538E-15  2.40882E+02  0.00000E+00  1.0E-05
  3.750E-01  1.07092E-05  5.43867E-15  1.94219E+02  0.00000E+00  1.0E-05
  4.000E-01  1.21846E-05  4.42834E-15  1.58139E+02  0.00000E+00  1.0E-05
  4.250E-01  1.37553E-05  3.63487E-15  1.29804E+02  0.00000E+00  1.0E-05
  4.500E-01  1.54212E-05  3.00291E-15  1.07236E+02  0.00000E+00  1.0E-05
  4.750E-01  1.71822E-05  2.50168E-15  8.93365E+01  0.00000E+00  1.0E-05
  5.000E-01  1.90385E-05  2.09902E-15  7.49574E+01  0.00000E+00  1.0E-05
  5.250E-01  2.09899E-05  1.77584E-15  6.34163E+01  0.00000E+00  1.0E-05
  5.500E-01  2.30365E-05  1.51093E-15  5.39561E+01  0.00000E+00  1.0E-05
  5.750E-01  2.51783E-05  1.29394E-15  4.62074E+01  0.00000E+00  1.0E-05
  6.000E-01  2.74153E-05  1.11485E-15  3.98121E+01  0.00000E+00  1.0E-05
  6.250E-01  2.97475E-05  9.66130E-16  3.45011E+01  0.00000E+00  1.0E-05
  6.500E-01  3.21749E-05  8.41888E-16  3.00644E+01  0.00000E+00  1.0E-05
  6.750E-01  3.46974E-05  7.37040E-16  2.63202E+01  0.00000E+00  1.0E-05
  7.000E-01  3.73152E-05  6.48406E-16  2.31550E+01  0.00000E+00  1.0E-05
  7.250E-01  4.00281E-05  5.73164E-16  2.04681E+01  0.00000E+00  1.0E-05
  7.500E-01  4.28362E-05  5.08808E-16  1.81698E+01  0.00000E+00  1.0E-05
  7.750E-01  4.57395E-05  4.53460E-16  1.61933E+01  0.00000E+00  1.0E-05
  8.000E-01  4.87380E-05  4.05625E-16  1.44851E+01  0.00000E+00  1.0E-05
  8.250E-01  5.18317E-05  3.64062E-16  1.30009E+01  0.00000E+00  1.0E-05
  8.500E-01  5.50205E-05  3.27723E-16  1.17032E+01  0.00000E+00  1.0E-05
  8.750E-01  5.83045E-05  2.95800E-16  1.05632E+01  0.00000E+00  1.0E-05
  9.000E-01  6.16838E-05  2.67712E-16  9.56018E+00  0.00000E+00  1.0E-05
  9.250E-01  6.51582E-05  2.42914E-16  8.67461E+00  0.00000E+00  1.0E-05
  9.500E-01  6.87277E-05  2.20929E-16  7.88951E+00  0.00000E+00  1.0E-05
  9.750E-01  7.23925E-05  2.01349E-16  7.19031E+00  0.00000E+00  1.0E-05
  1.000E+00  7.61524E-05  1.83908E-16  6.56748E+00  0.00000E+00  8.2E-06
  1.100E+00  9.21439E-05  1.30498E-16  4.66018E+00  0.00000E+00  6.1E-06
  1.200E+00  1.09658E-04  9.51239E-17  3.39694E+00  0.00000E+00  3.3E-06
  1.300E+00  1.28695E-04  7.09191E-17  2.53257E+00  0.00000E+00  6.7E-07
  1.400E+00  1.49255E-04  5.38835E-17  1.92421E+00  0.00000E+00  1.3E-06
  1.500E+00  1.71338E-04  4.17006E-17  1.48915E+00  0.00000E+00  2.4E-06
  1.600E+00  1.94942E-04  3.27798E-17  1.17059E+00  0.00000E+00  2.5E-06
  1.700E+00  2.20070E-04  2.61192E-17  9.32733E-01  0.00000E+00  2.0E-06
  1.800E+00  2.46720E-04  2.10607E-17  7.52091E-01  0.00000E+00  1.1E-06
  1.900E+00  2.74892E-04  1.71744E-17  6.13310E-01  0.00000E+00  1.8E-07
  2.000E+00  3.04586E-04  1.41478E-17  5.05227E-01  0.00000E+00  5.9E-07
  2.100E+00  3.35803E-04  1.17616E-17  4.20013E-01  0.00000E+00  1.1E-06
  2.200E+00  3.68542E-04  9.85543E-18  3.51944E-01  0.00000E+00  1.1E-06
  2.300E+00  4.02802E-04  8.32209E-18  2.97187E-01  0.00000E+00  9.3E-07
  2.400E+00  4.38585E-04  7.07698E-18  2.52724E-01  0.00000E+00  5.2E-07
  2.500E+00  4.75889E-04  6.05721E-18  2.16307E-01  0.00000E+00  1.0E-07
  2.600E+00  5.14715E-04  5.21426E-18  1.86205E-01  0.00000E+00  3.4E-07
  2.700E+00  5.55063E-04  4.51349E-18  1.61180E-01  0.00000E+00  5.8E-07
  2.800E+00  5.96931E-04  3.92713E-18  1.40240E-01  0.00000E+00  6.3E-07
  2.900E+00  6.40321E-04  3.43337E-18  1.22608E-01  0.00000E+00  5.1E-07
  3.000E+00  6.85233E-04  3.01479E-18  1.07660E-01  0.00000E+00  2.8E-07
  3.100E+00  7.31665E-04  2.65821E-18  9.49266E-02  0.00000E+00  1.0E-07
  3.200E+00  7.79618E-04  2.35305E-18  8.40288E-02  0.00000E+00  2.2E-07
  3.300E+00  8.29092E-04  2.09061E-18  7.46570E-02  0.00000E+00  3.6E-07
  3.400E+00  8.80086E-04  1.86377E-18  6.65566E-02  0.00000E+00  3.8E-07
  3.500E+00  9.32601E-04  1.66688E-18  5.95253E-02  0.00000E+00  3.1E-07
  3.600E+00  9.86636E-04  1.49541E-18  5.34019E-02  0.00000E+00  1.6E-07
  3.700E+00  1.04219E-03  1.34549E-18  4.80484E-02  0.00000E+00  1.0E-07
  3.800E+00  1.09927E-03  1.21393E-18  4.33503E-02  0.00000E+00  1.5E-07
  3.900E+00  1.15786E-03  1.09803E-18  3.92115E-02  0.00000E+00  2.4E-07
  4.000E+00  1.21797E-03  9.95686E-19  3.55566E-02  0.00000E+00  2.6E-07
  4.100E+00  1.27961E-03  9.05025E-19  3.23190E-02  0.00000E+00  2.0E-07
  4.200E+00  1.34276E-03  8.24478E-19  2.94426E-02  0.00000E+00  1.0E-07
  4.300E+00  1.40743E-03  7.52669E-19  2.68783E-02  0.00000E+00  1.0E-07
  4.400E+00  1.47362E-03  6.88534E-19  2.45880E-02  0.00000E+00  1.1E-07
  4.500E+00  1.54133E-03  6.31110E-19  2.25373E-02  0.00000E+00  1.7E-07
  4.600E+00  1.61056E-03  5.79566E-19  2.06967E-02  0.00000E+00  1.8E-07
  4.700E+00  1.68131E-03  5.33170E-19  1.90399E-02  0.00000E+00  1.4E-07
  4.800E+00  1.75357E-03  4.91339E-19  1.75460E-02  0.00000E+00  1.0E-07
  4.900E+00  1.82735E-03  4.53544E-19  1.61964E-02  0.00000E+00  1.0E-07
  5.000E+00  1.90265E-03  4.19328E-19  1.49745E-02  0.00000E+00  1.0E-07
  5.100E+00  1.97947E-03  3.88280E-19  1.38657E-02  0.00000E+00  1.3E-07
  5.200E+00  2.05780E-03  3.60060E-19  1.28580E-02  0.00000E+00  1.3E-07
  5.300E+00  2.13765E-03  3.34368E-19  1.19405E-02  0.00000E+00  1.0E-07
  5.400E+00  2.21902E-03  3.10938E-19  1.11038E-02  0.00000E+00  1.0E-07
  5.500E+00  2.30190E-03  2.89529E-19  1.03393E-02  0.00000E+00  1.0E-07
  5.600E+00  2.38630E-03  2.69936E-19  9.63958E-03  0.00000E+00  1.0E-07
  5.700E+00  2.47222E-03  2.51981E-19  8.99839E-03  0.00000E+00  1.0E-07
  5.800E+00  2.55965E-03  2.35502E-19  8.40992E-03  0.00000E+00  1.0E-07
  5.900E+00  2.64859E-03  2.20353E-19  7.86896E-03  0.00000E+00  1.0E-07
  6.000E+00  2.73905E-03  2.06407E-19  7.37094E-03  0.00000E+00  1.0E-07
  6.100E+00  2.83103E-03  1.93554E-19  6.91193E-03  0.00000E+00  1.0E-07
  6.200E+00  2.92452E-03  1.81691E-19  6.48831E-03  0.00000E+00  1.0E-07
  6.300E+00  3.01952E-03  1.70729E-19  6.09684E-03  0.00000E+00  1.0E-07
  6.400E+00  3.11604E-03  1.60584E-19  5.73455E-03  0.00000E+00  1.0E-07
  6.500E+00  3.21407E-03  1.51186E-19  5.39896E-03  0.00000E+00  1.0E-07
  6.600E+00  3.31362E-03  1.42471E-19  5.08772E-03  0.00000E+00  1.0E-07
  6.700E+00  3.41468E-03  1.34379E-19  4.79875E-03  0.00000E+00  1.0E-07
  6.800E+00  3.51725E-03  1.26856E-19  4.53010E-03  0.00000E+00  1.0E-07
  6.900E+00  3.62133E-03  1.19856E-19  4.28012E-03  0.00000E+00  1.0E-07
  7.000E+00  3.72692E-03  1.13335E-19  4.04728E-03  0.00000E+00  1.0E-07
  7.100E+00  3.83403E-03  1.07256E-19  3.83018E-03  0.00000E+00  1.0E-07
  7.200E+00  3.94265E-03  1.01581E-19  3.62753E-03  0.00000E+00  1.0E-07
  7.300E+00  4.05278E-03  9.62798E-20  3.43821E-03  0.00000E+00  1.0E-07
  7.400E+00  4.16442E-03  9.13226E-20  3.26119E-03  0.00000E+00  1.0E-07
  7.500E+00  4.27757E-03  8.66830E-20  3.09551E-03  0.00000E+00  1.0E-07
  7.600E+00  4.39223E-03  8.23365E-20  2.94029E-03  0.00000E+00  1.0E-07
  7.700E+00  4.50840E-03  7.82613E-20  2.79476E-03  0.00000E+00  1.0E-07
  7.800E+00  4.62608E-03  7.44373E-20  2.65820E-03  0.00000E+00  1.0E-07
  7.900E+00  4.74527E-03  7.08463E-20  2.52997E-03  0.00000E+00  1.0E-07
  8.000E+00  4.86597E-03  6.74711E-20  2.40944E-03  0.00000E+00  1.0E-07
  8.100E+00  4.98817E-03  6.42961E-20  2.29606E-03  0.00000E+00  1.0E-07
  8.200E+00  5.11188E-03  6.13076E-20  2.18933E-03  0.00000E+00  1.0E-07
  8.300E+00  5.23711E-03  5.84924E-20  2.08880E-03  0.00000E+00  1.0E-07
  8.400E+00  5.36383E-03  5.58386E-20  1.99403E-03  0.00000E+00  1.0E-07
  8.500E+00  5.49207E-03  5.33349E-20  1.90462E-03  0.00000E+00  1.0E-07
  8.600E+00  5.62181E-03  5.09714E-20  1.82022E-03  0.00000E+00  1.0E-07
  8.700E+00  5.75306E-03  4.87388E-20  1.74049E-03  0.00000E+00  1.0E-07
  8.800E+00  5.88581E-03  4.66285E-20  1.66513E-03  0.00000E+00  1.0E-07
  8.900E+00  6.02007E-03  4.46322E-20  1.59384E-03  0.00000E+00  1.0E-07
  9.000E+00  6.15583E-03  4.27427E-20  1.52637E-03  0.00000E+00  1.0E-07
  9.100E+00  6.29310E-03  4.09534E-20  1.46247E-03  0.00000E+00  1.0E-07
  9.200E+00  6.43187E-03  3.92578E-20  1.40192E-03  0.00000E+00  1.0E-07
  9.300E+00  6.57214E-03  3.76500E-20  1.34450E-03  0.00000E+00  1.0E-07
  9.400E+00  6.71392E-03  3.61245E-20  1.29003E-03  0.00000E+00  1.0E-07
  9.500E+00  6.85720E-03  3.46765E-20  1.23832E-03  0.00000E+00  1.0E-07
  9.600E+00  7.00198E-03  3.33013E-20  1.18921E-03  0.00000E+00  1.0E-07
  9.700E+00  7.14827E-03  3.19943E-20  1.14254E-03  0.00000E+00  1.0E-07
  9.800E+00  7.29605E-03  3.07515E-20  1.09816E-03  0.00000E+00  1.0E-07
  9.900E+00  7.44534E-03  2.95693E-20  1.05594E-03  0.00000E+00  1.0E-07
  1.000E+01  7.59612E-03  2.84441E-20  1.01576E-03  0.00000E+00  1.0E-07
  1.025E+01  7.97965E-03  2.58593E-20  9.23454E-04  0.00000E+00  1.0E-07
  1.050E+01  8.37255E-03  2.35652E-20  8.41528E-04  0.00000E+00  1.0E-07
  1.075E+01  8.77480E-03  2.15230E-20  7.68602E-04  0.00000E+00  1.0E-07
  1.100E+01  9.18641E-03  1.97003E-20  7.03510E-04  0.00000E+00  1.0E-07
  1.125E+01  9.60736E-03  1.80691E-20  6.45258E-04  0.00000E+00  1.0E-07
  1.150E+01  1.00376E-02  1.66056E-20  5.92997E-04  0.00000E+00  1.0E-07
  1.175E+01  1.04773E-02  1.52895E-20  5.45996E-04  0.00000E+00  1.0E-07
  1.200E+01  1.09262E-02  1.41031E-20  5.03631E-04  0.00000E+00  1.0E-07
  1.225E+01  1.13844E-02  1.30314E-20  4.65358E-04  0.00000E+00  1.0E-07
  1.250E+01  1.18520E-02  1.20611E-20  4.30711E-04  0.00000E+00  1.0E-07
  1.275E+01  1.23288E-02  1.11810E-20  3.99280E-04  0.00000E+00  1.0E-07
  1.300E+01  1.28150E-02  1.03810E-20  3.70713E-04  0.00000E+00  1.0E-07
  1.325E+01  1.33104E-02  9.65252E-21  3.44698E-04  0.00000E+00  1.0E-07
  1.350E+01  1.38150E-02  8.98802E-21  3.20968E-04  0.00000E+00  1.0E-07
  1.375E+01  1.43290E-02  8.38073E-21  2.99281E-04  0.00000E+00  1.0E-07
  1.400E+01  1.48521E-02  7.82481E-21  2.79429E-04  0.00000E+00  1.0E-07
  1.425E+01  1.53845E-02  7.31513E-21  2.61228E-04  0.00000E+00  1.0E-07
  1.450E+01  1.59262E-02  6.84711E-21  2.44515E-04  0.00000E+00  1.0E-07
  1.475E+01  1.64770E-02  6.41666E-21  2.29143E-04  0.00000E+00  1.0E-07
  1.500E+01  1.70371E-02  6.02019E-21  2.14985E-04  0.00000E+00  1.0E-07
  1.525E+01  1.76063E-02  5.65453E-21  2.01927E-04  0.00000E+00  1.0E-07
  1.550E+01  1.81848E-02  5.31682E-21  1.89867E-04  0.00000E+00  1.0E-07
  1.575E+01  1.87724E-02  5.00450E-21  1.78714E-04  0.00000E+00  1.0E-07
  1.600E+01  1.93692E-02  4.71529E-21  1.68386E-04  0.00000E+00  1.0E-07
  1.625E+01  1.99751E-02  4.44715E-21  1.58811E-04  0.00000E+00  1.0E-07
  1.650E+01  2.05901E-02  4.19826E-21  1.49923E-04  0.00000E+00  1.0E-07
  1.675E+01  2.12143E-02  3.96696E-21  1.41663E-04  0.00000E+00  1.0E-07
  1.700E+01  2.18476E-02  3.75175E-21  1.33977E-04  0.00000E+00  1.0E-07
  1.725E+01  2.24900E-02  3.55131E-21  1.26819E-04  0.00000E+00  1.0E-07
  1.750E+01  2.31415E-02  3.36442E-21  1.20145E-04  0.00000E+00  1.0E-07
  1.775E+01  2.38021E-02  3.18998E-21  1.13916E-04  0.00000E+00  1.0E-07
  1.800E+01  2.44717E-02  3.02699E-21  1.08096E-04  0.00000E+00  1.0E-07
  1.825E+01  2.51504E-02  2.87457E-21  1.02653E-04  0.00000E+00  1.0E-07
  1.850E+01  2.58382E-02  2.73188E-21  9.75572E-05  0.00000E+00  1.0E-07
  1.875E+01  2.65349E-02  2.59819E-21  9.27830E-05  0.00000E+00  1.0E-07
  1.900E+01  2.72407E-02  2.47280E-21  8.83053E-05  0.00000E+00  1.0E-07
  1.925E+01  2.79555E-02  2.35510E-21  8.41022E-05  0.00000E+00  1.0E-07
  1.950E+01  2.86793E-02  2.24453E-21  8.01537E-05  0.00000E+00  1.0E-07
  1.975E+01  2.94120E-02  2.14057E-21  7.64412E-05  0.00000E+00  1.0E-07
  2.000E+01  3.01537E-02  2.04274E-21  7.29474E-05  0.00000E+00  1.0E-07
  2.025E+01  3.09043E-02  1.95060E-21  6.96572E-05  0.00000E+00  1.0E-07
  2.050E+01  3.16639E-02  1.86376E-21  6.65561E-05  0.00000E+00  1.0E-07
  2.075E+01  3.24324E-02  1.78186E-21  6.36313E-05  0.00000E+00  1.0E-07
  2.100E+01  3.32098E-02  1.70454E-21  6.08704E-05  0.00000E+00  1.0E-07
  2.125E+01  3.39961E-02  1.63151E-21  5.82624E-05  0.00000E+00  1.0E-07
  2.150E+01  3.47912E-02  1.56248E-21  5.57973E-05  0.00000E+00  1.0E-07
  2.175E+01  3.55952E-02  1.49719E-21  5.34656E-05  0.00000E+00  1.0E-07
  2.200E+01  3.64081E-02  1.43538E-21  5.12584E-05  0.00000E+00  1.0E-07
  2.225E+01  3.72297E-02  1.37684E-21  4.91679E-05  0.00000E+00  1.0E-07
  2.250E+01  3.80602E-02  1.32136E-21  4.71865E-05  0.00000E+00  1.0E-07
  2.275E+01  3.88995E-02  1.26874E-21  4.53075E-05  0.00000E+00  1.0E-07
  2.300E+01  3.97476E-02  1.21881E-21  4.35243E-05  0.00000E+00  1.0E-07
  2.325E+01  4.06044E-02  1.17139E-21  4.18311E-05  0.00000E+00  1.0E-07
  2.350E+01  4.14700E-02  1.12634E-21  4.02225E-05  0.00000E+00  1.0E-07
  2.375E+01  4.23443E-02  1.08352E-21  3.86933E-05  0.00000E+00  1.0E-07
  2.400E+01  4.32273E-02  1.04279E-21  3.72387E-05  0.00000E+00  1.0E-07
  2.425E+01  4.41190E-02  1.00402E-21  3.58544E-05  0.00000E+00  1.0E-07
  2.450E+01  4.50194E-02  9.67112E-22  3.45362E-05  0.00000E+00  1.0E-07
  2.475E+01  4.59284E-02  9.31945E-22  3.32804E-05  0.00000E+00  1.0E-07
  2.500E+01  4.68461E-02  8.98423E-22  3.20833E-05  0.00000E+00  1.0E-07
  2.550E+01  4.87074E-02  8.35948E-22  2.98522E-05  0.00000E+00  1.0E-07
  2.600E+01  5.06030E-02  7.79012E-22  2.78190E-05  0.00000E+00  1.0E-07
  2.650E+01  5.25328E-02  7.27025E-22  2.59625E-05  0.00000E+00  1.0E-07
  2.700E+01  5.44967E-02  6.79471E-22  2.42644E-05  0.00000E+00  1.0E-07
  2.750E+01  5.64946E-02  6.35893E-22  2.27082E-05  0.00000E+00  1.0E-07
  2.800E+01  5.85262E-02  5.95893E-22  2.12797E-05  0.00000E+00  1.0E-07
  2.850E+01  6.05914E-02  5.59114E-22  1.99663E-05  0.00000E+00  1.0E-07
  2.900E+01  6.26901E-02  5.25245E-22  1.87568E-05  0.00000E+00  1.0E-07
  2.950E+01  6.48222E-02  4.94007E-22  1.76413E-05  0.00000E+00  1.0E-07
  3.000E+01  6.69873E-02  4.65155E-22  1.66110E-05  0.00000E+00  1.0E-07
  3.050E+01  6.91854E-02  4.38466E-22  1.56579E-05  0.00000E+00  1.0E-07
  3.100E+01  7.14163E-02  4.13746E-22  1.47751E-05  0.00000E+00  1.0E-07
  3.150E+01  7.36799E-02  3.90817E-22  1.39563E-05  0.00000E+00  1.0E-07
  3.200E+01  7.59760E-02  3.69524E-22  1.31959E-05  0.00000E+00  1.0E-07
  3.250E+01  7.83043E-02  3.49724E-22  1.24889E-05  0.00000E+00  1.0E-07
  3.300E+01  8.06647E-02  3.31290E-22  1.18306E-05  0.00000E+00  1.0E-07
  3.350E+01  8.30571E-02  3.14108E-22  1.12170E-05  0.00000E+00  1.0E-07
  3.400E+01  8.54812E-02  2.98074E-22  1.06444E-05  0.00000E+00  1.0E-07
  3.450E+01  8.79369E-02  2.83096E-22  1.01095E-05  0.00000E+00  1.0E-07
  3.500E+01  9.04240E-02  2.69088E-22  9.60932E-06  0.00000E+00  1.0E-07
  3.550E+01  9.29422E-02  2.55975E-22  9.14102E-06  0.00000E+00  1.0E-07
  3.600E+01  9.54915E-02  2.43686E-22  8.70218E-06  0.00000E+00  1.0E-07
  3.650E+01  9.80716E-02  2.32159E-22  8.29053E-06  0.00000E+00  1.0E-07
  3.700E+01  1.00682E-01  2.21335E-22  7.90402E-06  0.00000E+00  1.0E-07
  3.750E+01  1.03323E-01  2.11163E-22  7.54076E-06  0.00000E+00  1.0E-07
  3.800E+01  1.05995E-01  2.01594E-22  7.19906E-06  0.00000E+00  1.0E-07
  3.850E+01  1.08696E-01  1.92585E-22  6.87735E-06  0.00000E+00  1.0E-07
  3.900E+01  1.11427E-01  1.84096E-22  6.57419E-06  0.00000E+00  1.0E-07
  3.950E+01  1.14188E-01  1.76090E-22  6.28829E-06  0.00000E+00  1.0E-07
  4.000E+01  1.16978E-01  1.68534E-22  6.01844E-06  0.00000E+00  1.0E-07
  4.050E+01  1.19797E-01  1.61396E-22  5.76355E-06  0.00000E+00  1.0E-07
  4.100E+01  1.22645E-01  1.54648E-22  5.52258E-06  0.00000E+00  1.0E-07
  4.150E+01  1.25522E-01  1.48264E-22  5.29462E-06  0.00000E+00  1.0E-07
  4.200E+01  1.28428E-01  1.42221E-22  5.07880E-06  0.00000E+00  1.0E-07
  4.250E+01  1.31361E-01  1.36495E-22  4.87432E-06  0.00000E+00  1.0E-07
  4.300E+01  1.34323E-01  1.31066E-22  4.68046E-06  0.00000E+00  1.0E-07
  4.350E+01  1.37313E-01  1.25916E-22  4.49654E-06  0.00000E+00  1.0E-07
  4.400E+01  1.40330E-01  1.21026E-22  4.32193E-06  0.00000E+00  1.0E-07
  4.450E+01  1.43375E-01  1.16381E-22  4.15605E-06  0.00000E+00  1.0E-07
  4.500E+01  1.46447E-01  1.11966E-22  3.99838E-06  0.00000E+00  1.0E-07
  4.550E+01  1.49545E-01  1.07766E-22  3.84840E-06  0.00000E+00  1.0E-07
  4.600E+01  1.52671E-01  1.03769E-22  3.70567E-06  0.00000E+00  1.0E-07
  4.650E+01  1.55823E-01  9.99629E-23  3.56974E-06  0.00000E+00  1.0E-07
  4.700E+01  1.59001E-01  9.63358E-23  3.44021E-06  0.00000E+00  1.0E-07
  4.750E+01  1.62205E-01  9.28778E-23  3.31673E-06  0.00000E+00  1.0E-07
  4.800E+01  1.65435E-01  8.95792E-23  3.19893E-06  0.00000E+00  1.0E-07
  4.850E+01  1.68690E-01  8.64308E-23  3.08650E-06  0.00000E+00  1.0E-07
  4.900E+01  1.71970E-01  8.34243E-23  2.97914E-06  0.00000E+00  1.0E-07
  4.950E+01  1.75276E-01  8.05518E-23  2.87656E-06  0.00000E+00  1.0E-07
  5.000E+01  1.78606E-01  7.78059E-23  2.77850E-06  0.00000E+00  1.0E-07
  5.050E+01  1.81961E-01  7.51797E-23  2.68472E-06  0.00000E+00  1.0E-07
  5.100E+01  1.85340E-01  7.26669E-23  2.59498E-06  0.00000E+00  1.0E-07
  5.150E+01  1.88743E-01  7.02613E-23  2.50908E-06  0.00000E+00  1.0E-07
  5.200E+01  1.92169E-01  6.79573E-23  2.42680E-06  0.00000E+00  1.0E-07
  5.250E+01  1.95619E-01  6.57497E-23  2.34796E-06  0.00000E+00  1.0E-07
  5.300E+01  1.99092E-01  6.36333E-23  2.27239E-06  0.00000E+00  1.0E-07
  5.350E+01  2.02589E-01  6.16037E-23  2.19991E-06  0.00000E+00  1.0E-07
  5.400E+01  2.06107E-01  5.96564E-23  2.13037E-06  0.00000E+00  1.0E-07
  5.450E+01  2.09649E-01  5.77872E-23  2.06362E-06  0.00000E+00  1.0E-07
  5.500E+01  2.13212E-01  5.59924E-23  1.99953E-06  0.00000E+00  1.0E-07
  5.550E+01  2.16797E-01  5.42682E-23  1.93795E-06  0.00000E+00  1.0E-07
  5.600E+01  2.20404E-01  5.26113E-23  1.87878E-06  0.00000E+00  1.0E-07
  5.650E+01  2.24032E-01  5.10183E-23  1.82190E-06  0.00000E+00  1.0E-07
  5.700E+01  2.27680E-01  4.94862E-23  1.76719E-06  0.00000E+00  1.0E-07
  5.750E+01  2.31350E-01  4.80122E-23  1.71455E-06  0.00000E+00  1.0E-07
  5.800E+01  2.35040E-01  4.65935E-23  1.66388E-06  0.00000E+00  1.0E-07
  5.850E+01  2.38751E-01  4.52276E-23  1.61511E-06  0.00000E+00  1.0E-07
  5.900E+01  2.42481E-01  4.39120E-23  1.56813E-06  0.00000E+00  1.0E-07
  5.950E+01  2.46231E-01  4.26444E-23  1.52286E-06  0.00000E+00  1.0E-07
  6.000E+01  2.50000E-01  4.14228E-23  1.47923E-06  0.00000E+00  1.0E-07
  6.050E+01  2.53788E-01  4.02449E-23  1.43717E-06  0.00000E+00  1.0E-07
  6.100E+01  2.57595E-01  3.91090E-23  1.39661E-06  0.00000E+00  1.0E-07
  6.150E+01  2.61421E-01  3.80130E-23  1.35747E-06  0.00000E+00  1.0E-07
  6.200E+01  2.65264E-01  3.69554E-23  1.31970E-06  0.00000E+00  1.0E-07
  6.250E+01  2.69126E-01  3.59343E-23  1.28324E-06  0.00000E+00  1.0E-07
  6.300E+01  2.73005E-01  3.49484E-23  1.24803E-06  0.00000E+00  1.0E-07
  6.350E+01  2.76901E-01  3.39960E-23  1.21402E-06  0.00000E+00  1.0E-07
  6.400E+01  2.80814E-01  3.30758E-23  1.18116E-06  0.00000E+00  1.0E-07
  6.450E+01  2.84744E-01  3.21864E-23  1.14940E-06  0.00000E+00  1.0E-07
  6.500E+01  2.88691E-01  3.13266E-23  1.11869E-06  0.00000E+00  1.0E-07
  6.550E+01  2.92653E-01  3.04951E-23  1.08900E-06  0.00000E+00  1.0E-07
  6.600E+01  2.96632E-01  2.96908E-23  1.06028E-06  0.00000E+00  1.0E-07
  6.650E+01  3.00625E-01  2.89125E-23  1.03248E-06  0.00000E+00  1.0E-07
  6.700E+01  3.04634E-01  2.81593E-23  1.00559E-06  0.00000E+00  1.0E-07
  6.750E+01  3.08658E-01  2.74301E-23  9.79547E-07  0.00000E+00  1.0E-07
  6.800E+01  3.12697E-01  2.67240E-23  9.54332E-07  0.00000E+00  1.0E-07
  6.850E+01  3.16749E-01  2.60401E-23  9.29910E-07  0.00000E+00  1.0E-07
  6.900E+01  3.20816E-01  2.53776E-23  9.06249E-07  0.00000E+00  1.0E-07
  6.950E+01  3.24896E-01  2.47355E-23  8.83320E-07  0.00000E+00  1.0E-07
  7.000E+01  3.28990E-01  2.41131E-23  8.61096E-07  0.00000E+00  1.0E-07
  7.050E+01  3.33097E-01  2.35098E-23  8.39549E-07  0.00000E+00  1.0E-07
  7.100E+01  3.37216E-01  2.29247E-23  8.18655E-07  0.00000E+00  1.0E-07
  7.150E+01  3.41348E-01  2.23571E-23  7.98388E-07  0.00000E+00  1.0E-07
  7.200E+01  3.45492E-01  2.18065E-23  7.78725E-07  0.00000E+00  1.0E-07
  7.250E+01  3.49647E-01  2.12722E-23  7.59645E-07  0.00000E+00  1.0E-07
  7.300E+01  3.53814E-01  2.07536E-23  7.41126E-07  0.00000E+00  1.0E-07
  7.350E+01  3.57992E-01  2.02502E-23  7.23147E-07  0.00000E+00  1.0E-07
  7.400E+01  3.62181E-01  1.97613E-23  7.05689E-07  0.00000E+00  1.0E-07
  7.450E+01  3.66381E-01  1.92865E-23  6.88734E-07  0.00000E+00  1.0E-07
  7.500E+01  3.70590E-01  1.88253E-23  6.72263E-07  0.00000E+00  1.0E-07
  7.550E+01  3.74810E-01  1.83772E-23  6.56260E-07  0.00000E+00  1.0E-07
  7.600E+01  3.79039E-01  1.79417E-23  6.40708E-07  0.00000E+00  1.0E-07
  7.650E+01  3.83277E-01  1.75184E-23  6.25592E-07  0.00000E+00  1.0E-07
  7.700E+01  3.87524E-01  1.71068E-23  6.10897E-07  0.00000E+00  1.0E-07
  7.750E+01  3.91780E-01  1.67067E-23  5.96607E-07  0.00000E+00  1.0E-07
  7.800E+01  3.96044E-01  1.63175E-23  5.82710E-07  0.00000E+00  1.0E-07
  7.850E+01  4.00316E-01  1.59390E-23  5.69192E-07  0.00000E+00  1.0E-07
  7.900E+01  4.04596E-01  1.55707E-23  5.56041E-07  0.00000E+00  1.0E-07
  7.950E+01  4.08882E-01  1.52124E-23  5.43243E-07  0.00000E+00  1.0E-07
  8.000E+01  4.13176E-01  1.48636E-23  5.30789E-07  0.00000E+00  1.0E-07
  8.050E+01  4.17476E-01  1.45241E-23  5.18665E-07  0.00000E+00  1.0E-07
  8.100E+01  4.21783E-01  1.41936E-23  5.06862E-07  0.00000E+00  1.0E-07
  8.150E+01  4.26095E-01  1.38717E-23  4.95368E-07  0.00000E+00  1.0E-07
  8.200E+01  4.30413E-01  1.35583E-23  4.84175E-07  0.00000E+00  1.0E-07
  8.250E+01  4.34737E-01  1.32530E-23  4.73272E-07  0.00000E+00  1.0E-07
  8.300E+01  4.39065E-01  1.29555E-23  4.62651E-07  0.00000E+00  1.0E-07
  8.350E+01  4.43398E-01  1.26657E-23  4.52301E-07  0.00000E+00  1.0E-07
  8.400E+01  4.47736E-01  1.23833E-23  4.42216E-07  0.00000E+00  1.0E-07
  8.450E+01  4.52077E-01  1.21080E-23  4.32386E-07  0.00000E+00  1.0E-07
  8.500E+01  4.56422E-01  1.18397E-23  4.22803E-07  0.00000E+00  1.0E-07
  8.550E+01  4.60770E-01  1.15781E-23  4.13461E-07  0.00000E+00  1.0E-07
  8.600E+01  4.65122E-01  1.13230E-23  4.04351E-07  0.00000E+00  1.0E-07
  8.650E+01  4.69476E-01  1.10742E-23  3.95467E-07  0.00000E+00  1.0E-07
  8.700E+01  4.73832E-01  1.08315E-23  3.86801E-07  0.00000E+00  1.0E-07
  8.750E+01  4.78190E-01  1.05948E-23  3.78348E-07  0.00000E+00  1.0E-07
  8.800E+01  4.82550E-01  1.03639E-23  3.70101E-07  0.00000E+00  1.0E-07
  8.850E+01  4.86912E-01  1.01385E-23  3.62053E-07  0.00000E+00  1.0E-07
  8.900E+01  4.91274E-01  9.91859E-24  3.54199E-07  0.00000E+00  1.0E-07
  8.950E+01  4.95637E-01  9.70393E-24  3.46534E-07  0.00000E+00  1.0E-07
  9.000E+01  5.00000E-01  9.49439E-24  3.39051E-07  0.00000E+00  1.0E-07
  9.050E+01  5.04363E-01  9.28982E-24  3.31745E-07  0.00000E+00  1.0E-07
  9.100E+01  5.08726E-01  9.09007E-24  3.24612E-07  0.00000E+00  1.0E-07
  9.150E+01  5.13088E-01  8.89500E-24  3.17646E-07  0.00000E+00  1.0E-07
  9.200E+01  5.17450E-01  8.70449E-24  3.10843E-07  0.00000E+00  1.0E-07
  9.250E+01  5.21810E-01  8.51841E-24  3.04198E-07  0.00000E+00  1.0E-07
  9.300E+01  5.26168E-01  8.33662E-24  2.97706E-07  0.00000E+00  1.0E-07
  9.350E+01  5.30524E-01  8.15902E-24  2.91364E-07  0.00000E+00  1.0E-07
  9.400E+01  5.34878E-01  7.98548E-24  2.85167E-07  0.00000E+00  1.0E-07
  9.450E+01  5.39230E-01  7.81589E-24  2.79110E-07  0.00000E+00  1.0E-07
  9.500E+01  5.43578E-01  7.65015E-24  2.73192E-07  0.00000E+00  1.0E-07
  9.550E+01  5.47923E-01  7.48814E-24  2.67406E-07  0.00000E+00  1.0E-07
  9.600E+01  5.52264E-01  7.32977E-24  2.61751E-07  0.00000E+00  1.0E-07
  9.650E+01  5.56602E-01  7.17494E-24  2.56222E-07  0.00000E+00  1.0E-07
  9.700E+01  5.60935E-01  7.02355E-24  2.50816E-07  0.00000E+00  1.0E-07
  9.750E+01  5.65263E-01  6.87551E-24  2.45529E-07  0.00000E+00  1.0E-07
  9.800E+01  5.69587E-01  6.73073E-24  2.40359E-07  0.00000E+00  1.0E-07
  9.850E+01  5.73905E-01  6.58913E-24  2.35302E-07  0.00000E+00  1.0E-07
  9.900E+01  5.78217E-01  6.45063E-24  2.30356E-07  0.00000E+00  1.0E-07
  9.950E+01  5.82524E-01  6.31514E-24  2.25518E-07  0.00000E+00  1.0E-07
  1.000E+02  5.86824E-01  6.18259E-24  2.20784E-07  0.00000E+00  1.0E-07
  1.005E+02  5.91118E-01  6.05289E-24  2.16153E-07  0.00000E+00  1.0E-07
  1.010E+02  5.95404E-01  5.92599E-24  2.11621E-07  0.00000E+00  1.0E-07
  1.015E+02  5.99684E-01  5.80178E-24  2.07185E-07  0.00000E+00  1.0E-07
  1.020E+02  6.03956E-01  5.68022E-24  2.02844E-07  0.00000E+00  1.0E-07
  1.025E+02  6.08220E-01  5.56123E-24  1.98595E-07  0.00000E+00  1.0E-07
  1.030E+02  6.12476E-01  5.44477E-24  1.94436E-07  0.00000E+00  1.0E-07
  1.035E+02  6.16723E-01  5.33075E-24  1.90365E-07  0.00000E+00  1.0E-07
  1.040E+02  6.20961E-01  5.21913E-24  1.86378E-07  0.00000E+00  1.0E-07
  1.045E+02  6.25190E-01  5.10984E-24  1.82476E-07  0.00000E+00  1.0E-07
  1.050E+02  6.29410E-01  5.00282E-24  1.78654E-07  0.00000E+00  1.0E-07
  1.055E+02  6.33619E-01  4.89802E-24  1.74911E-07  0.00000E+00  1.0E-07
  1.060E+02  6.37819E-01  4.79538E-24  1.71246E-07  0.00000E+00  1.0E-07
  1.065E+02  6.42008E-01  4.69485E-24  1.67656E-07  0.00000E+00  1.0E-07
  1.070E+02  6.46186E-01  4.59638E-24  1.64140E-07  0.00000E+00  1.0E-07
  1.075E+02  6.50353E-01  4.49992E-24  1.60695E-07  0.00000E+00  1.0E-07
  1.080E+02  6.54508E-01  4.40542E-24  1.57320E-07  0.00000E+00  1.0E-07
  1.085E+02  6.58652E-01  4.31284E-24  1.54014E-07  0.00000E+00  1.0E-07
  1.090E+02  6.62784E-01  4.22214E-24  1.50775E-07  0.00000E+00  1.0E-07
  1.095E+02  6.66903E-01  4.13326E-24  1.47601E-07  0.00000E+00  1.0E-07
  1.100E+02  6.71010E-01  4.04616E-24  1.44491E-07  0.00000E+00  1.0E-07
  1.105E+02  6.75104E-01  3.96081E-24  1.41443E-07  0.00000E+00  1.0E-07
  1.110E+02  6.79184E-01  3.87716E-24  1.38456E-07  0.00000E+00  1.0E-07
  1.115E+02  6.83251E-01  3.79518E-24  1.35528E-07  0.00000E+00  1.0E-07
  1.120E+02  6.87303E-01  3.71482E-24  1.32659E-07  0.00000E+00  1.0E-07
  1.125E+02  6.91342E-01  3.63606E-24  1.29846E-07  0.00000E+00  1.0E-07
  1.130E+02  6.95366E-01  3.55884E-24  1.27089E-07  0.00000E+00  1.0E-07
  1.135E+02  6.99375E-01  3.48314E-24  1.24385E-07  0.00000E+00  1.0E-07
  1.140E+02  7.03368E-01  3.40893E-24  1.21735E-07  0.00000E+00  1.0E-07
  1.145E+02  7.07347E-01  3.33617E-24  1.19137E-07  0.00000E+00  1.0E-07
  1.150E+02  7.11309E-01  3.26483E-24  1.16589E-07  0.00000E+00  1.0E-07
  1.155E+02  7.15256E-01  3.19487E-24  1.14091E-07  0.00000E+00  1.0E-07
  1.160E+02  7.19186E-01  3.12628E-24  1.11641E-07  0.00000E+00  1.0E-07
  1.165E+02  7.23099E-01  3.05901E-24  1.09239E-07  0.00000E+00  1.0E-07
  1.170E+02  7.26995E-01  2.99304E-24  1.06883E-07  0.00000E+00  1.0E-07
  1.175E+02  7.30874E-01  2.92834E-24  1.04573E-07  0.00000E+00  1.0E-07
  1.180E+02  7.34736E-01  2.86489E-24  1.02307E-07  0.00000E+00  1.0E-07
  1.185E+02  7.38579E-01  2.80266E-24  1.00085E-07  0.00000E+00  1.0E-07
  1.190E+02  7.42405E-01  2.74161E-24  9.79047E-08  0.00000E+00  1.0E-07
  1.195E+02  7.46212E-01  2.68173E-24  9.57665E-08  0.00000E+00  1.0E-07
  1.200E+02  7.50000E-01  2.62300E-24  9.36690E-08  0.00000E+00  1.0E-07
  1.205E+02  7.53769E-01  2.56538E-24  9.16115E-08  0.00000E+00  1.0E-07
  1.210E+02  7.57519E-01  2.50886E-24  8.95930E-08  0.00000E+00  1.0E-07
  1.215E+02  7.61249E-01  2.45341E-24  8.76129E-08  0.00000E+00  1.0E-07
  1.220E+02  7.64960E-01  2.39901E-24  8.56703E-08  0.00000E+00  1.0E-07
  1.225E+02  7.68650E-01  2.34564E-24  8.37644E-08  0.00000E+00  1.0E-07
  1.230E+02  7.72320E-01  2.29328E-24  8.18945E-08  0.00000E+00  1.0E-07
  1.235E+02  7.75968E-01  2.24191E-24  8.00599E-08  0.00000E+00  1.0E-07
  1.240E+02  7.79596E-01  2.19150E-24  7.82599E-08  0.00000E+00  1.0E-07
  1.245E+02  7.83203E-01  2.14204E-24  7.64938E-08  0.00000E+00  1.0E-07
  1.250E+02  7.86788E-01  2.09352E-24  7.47608E-08  0.00000E+00  1.0E-07
  1.255E+02  7.90351E-01  2.04590E-24  7.30604E-08  0.00000E+00  1.0E-07
  1.260E+02  7.93893E-01  1.99918E-24  7.13920E-08  0.00000E+00  1.0E-07
  1.265E+02  7.97411E-01  1.95333E-24  6.97548E-08  0.00000E+00  1.0E-07
  1.270E+02  8.00908E-01  1.90835E-24  6.81483E-08  0.00000E+00  1.0E-07
  1.275E+02  8.04381E-01  1.86420E-24  6.65718E-08  0.00000E+00  1.0E-07
  1.280E+02  8.07831E-01  1.82088E-24  6.50249E-08  0.00000E+00  1.0E-07
  1.285E+02  8.11257E-01  1.77838E-24  6.35070E-08  0.00000E+00  1.0E-07
  1.290E+02  8.14660E-01  1.73666E-24  6.20174E-08  0.00000E+00  1.0E-07
  1.295E+02  8.18039E-01  1.69573E-24  6.05557E-08  0.00000E+00  1.0E-07
  1.300E+02  8.21394E-01  1.65557E-24  5.91214E-08  0.00000E+00  1.0E-07
  1.305E+02  8.24724E-01  1.61615E-24  5.77139E-08  0.00000E+00  1.0E-07
  1.310E+02  8.28030E-01  1.57748E-24  5.63327E-08  0.00000E+00  1.0E-07
  1.315E+02  8.31310E-01  1.53953E-24  5.49774E-08  0.00000E+00  1.0E-07
  1.320E+02  8.34565E-01  1.50228E-24  5.36475E-08  0.00000E+00  1.0E-07
  1.325E+02  8.37795E-01  1.46574E-24  5.23426E-08  0.00000E+00  1.0E-07
  1.330E+02  8.40999E-01  1.42988E-24  5.10621E-08  0.00000E+00  1.0E-07
  1.335E+02  8.44177E-01  1.39470E-24  4.98056E-08  0.00000E+00  1.0E-07
  1.340E+02  8.47329E-01  1.36018E-24  4.85728E-08  0.00000E+00  1.0E-07
  1.345E+02  8.50455E-01  1.32630E-24  4.73631E-08  0.00000E+00  1.0E-07
  1.350E+02  8.53553E-01  1.29307E-24  4.61763E-08  0.00000E+00  1.0E-07
  1.355E+02  8.56625E-01  1.26046E-24  4.50118E-08  0.00000E+00  1.0E-07
  1.360E+02  8.59670E-01  1.22847E-24  4.38694E-08  0.00000E+00  1.0E-07
  1.365E+02  8.62687E-01  1.19708E-24  4.27486E-08  0.00000E+00  1.0E-07
  1.370E+02  8.65677E-01  1.16629E-24  4.16490E-08  0.00000E+00  1.0E-07
  1.375E+02  8.68639E-01  1.13609E-24  4.05703E-08  0.00000E+00  1.0E-07
  1.380E+02  8.71572E-01  1.10646E-24  3.95122E-08  0.00000E+00  1.0E-07
  1.385E+02  8.74478E-01  1.07739E-24  3.84743E-08  0.00000E+00  1.0E-07
  1.390E+02  8.77355E-01  1.04888E-24  3.74563E-08  0.00000E+00  1.0E-07
  1.395E+02  8.80203E-01  1.02092E-24  3.64578E-08  0.00000E+00  1.0E-07
  1.400E+02  8.83022E-01  9.93502E-25  3.54786E-08  0.00000E+00  1.0E-07
  1.405E+02  8.85812E-01  9.66610E-25  3.45183E-08  0.00000E+00  1.0E-07
  1.410E+02  8.88573E-01  9.40240E-25  3.35766E-08  0.00000E+00  1.0E-07
  1.415E+02  8.91304E-01  9.14382E-25  3.26532E-08  0.00000E+00  1.0E-07
  1.420E+02  8.94005E-01  8.89030E-25  3.17478E-08  0.00000E+00  1.0E-07
  1.425E+02  8.96677E-01  8.64175E-25  3.08602E-08  0.00000E+00  1.0E-07
  1.430E+02  8.99318E-01  8.39809E-25  2.99901E-08  0.00000E+00  1.0E-07
  1.435E+02  9.01928E-01  8.15925E-25  2.91372E-08  0.00000E+00  1.0E-07
  1.440E+02  9.04508E-01  7.92516E-25  2.83013E-08  0.00000E+00  1.0E-07
  1.445E+02  9.07058E-01  7.69575E-25  2.74820E-08  0.00000E+00  1.0E-07
  1.450E+02  9.09576E-01  7.47093E-25  2.66792E-08  0.00000E+00  1.0E-07
  1.455E+02  9.12063E-01  7.25066E-25  2.58926E-08  0.00000E+00  1.0E-07
  1.460E+02  9.14519E-01  7.03486E-25  2.51219E-08  0.00000E+00  1.0E-07
  1.465E+02  9.16943E-01  6.82346E-25  2.43670E-08  0.00000E+00  1.0E-07
  1.470E+02  9.19335E-01  6.61640E-25  2.36276E-08  0.00000E+00  1.0E-07
  1.475E+02  9.21696E-01  6.41363E-25  2.29035E-08  0.00000E+00  1.0E-07
  1.480E+02  9.24024E-01  6.21508E-25  2.21944E-08  0.00000E+00  1.0E-07
  1.485E+02  9.26320E-01  6.02069E-25  2.15003E-08  0.00000E+00  1.0E-07
  1.490E+02  9.28584E-01  5.83040E-25  2.08208E-08  0.00000E+00  1.0E-07
  1.495E+02  9.30815E-01  5.64417E-25  2.01557E-08  0.00000E+00  1.0E-07
  1.500E+02  9.33013E-01  5.46194E-25  1.95049E-08  0.00000E+00  1.0E-07
  1.505E+02  9.35178E-01  5.28364E-25  1.88682E-08  0.00000E+00  1.0E-07
  1.510E+02  9.37310E-01  5.10924E-25  1.82454E-08  0.00000E+00  1.0E-07
  1.515E+02  9.39409E-01  4.93868E-25  1.76364E-08  0.00000E+00  1.0E-07
  1.520E+02  9.41474E-01  4.77192E-25  1.70408E-08  0.00000E+00  1.0E-07
  1.525E+02  9.43505E-01  4.60889E-25  1.64587E-08  0.00000E+00  1.0E-07
  1.530E+02  9.45503E-01  4.44957E-25  1.58897E-08  0.00000E+00  1.0E-07
  1.535E+02  9.47467E-01  4.29390E-25  1.53338E-08  0.00000E+00  1.0E-07
  1.540E+02  9.49397E-01  4.14184E-25  1.47908E-08  0.00000E+00  1.0E-07
  1.545E+02  9.51293E-01  3.99335E-25  1.42605E-08  0.00000E+00  1.0E-07
  1.550E+02  9.53154E-01  3.84838E-25  1.37428E-08  0.00000E+00  1.0E-07
  1.555E+02  9.54981E-01  3.70689E-25  1.32375E-08  0.00000E+00  1.0E-07
  1.560E+02  9.56773E-01  3.56885E-25  1.27446E-08  0.00000E+00  1.0E-07
  1.565E+02  9.58530E-01  3.43422E-25  1.22638E-08  0.00000E+00  1.0E-07
  1.570E+02  9.60252E-01  3.30295E-25  1.17951E-08  0.00000E+00  1.0E-07
  1.575E+02  9.61940E-01  3.17502E-25  1.13382E-08  0.00000E+00  1.0E-07
  1.580E+02  9.63592E-01  3.05038E-25  1.08931E-08  0.00000E+00  1.0E-07
  1.585E+02  9.65209E-01  2.92901E-25  1.04597E-08  0.00000E+00  1.0E-07
  1.590E+02  9.66790E-01  2.81087E-25  1.00378E-08  0.00000E+00  1.0E-07
  1.595E+02  9.68336E-01  2.69592E-25  9.62731E-09  0.00000E+00  1.0E-07
  1.600E+02  9.69846E-01  2.58414E-25  9.22814E-09  0.00000E+00  1.0E-07
  1.605E+02  9.71321E-01  2.47550E-25  8.84017E-09  0.00000E+00  1.0E-07
  1.610E+02  9.72759E-01  2.36996E-25  8.46329E-09  0.00000E+00  1.0E-07
  1.615E+02  9.74162E-01  2.26750E-25  8.09740E-09  0.00000E+00  1.0E-07
  1.620E+02  9.75528E-01  2.16809E-25  7.74240E-09  0.00000E+00  1.0E-07
  1.625E+02  9.76858E-01  2.07171E-25  7.39820E-09  0.00000E+00  1.0E-07
  1.630E+02  9.78152E-01  1.97832E-25  7.06470E-09  0.00000E+00  1.0E-07
  1.635E+02  9.79410E-01  1.88790E-25  6.74181E-09  0.00000E+00  1.0E-07
  1.640E+02  9.80631E-01  1.80043E-25  6.42946E-09  0.00000E+00  1.0E-07
  1.645E+02  9.81815E-01  1.71589E-25  6.12755E-09  0.00000E+00  1.0E-07
  1.650E+02  9.82963E-01  1.63425E-25  5.83600E-09  0.00000E+00  1.0E-07
  1.655E+02  9.84074E-01  1.55549E-25  5.55474E-09  0.00000E+00  1.0E-07
  1.660E+02  9.85148E-01  1.47959E-25  5.28370E-09  0.00000E+00  1.0E-07
  1.665E+02  9.86185E-01  1.40652E-25  5.02279E-09  0.00000E+00  1.0E-07
  1.670E+02  9.87185E-01  1.33628E-25  4.77195E-09  0.00000E+00  1.0E-07
  1.675E+02  9.88148E-01  1.26884E-25  4.53112E-09  0.00000E+00  1.0E-07
  1.680E+02  9.89074E-01  1.20419E-25  4.30023E-09  0.00000E+00  1.0E-07
  1.685E+02  9.89962E-01  1.14230E-25  4.07923E-09  0.00000E+00  1.0E-07
  1.690E+02  9.90814E-01  1.08316E-25  3.86804E-09  0.00000E+00  1.0E-07
  1.695E+02  9.91627E-01  1.02676E-25  3.66663E-09  0.00000E+00  1.0E-07
  1.700E+02  9.92404E-01  9.73078E-26  3.47492E-09  0.00000E+00  1.0E-07
  1.705E+02  9.93143E-01  9.22102E-26  3.29289E-09  0.00000E+00  1.0E-07
  1.710E+02  9.93844E-01  8.73820E-26  3.12047E-09  0.00000E+00  1.0E-07
  1.715E+02  9.94508E-01  8.28218E-26  2.95762E-09  0.00000E+00  1.0E-07
  1.720E+02  9.95134E-01  7.85285E-26  2.80430E-09  0.00000E+00  1.0E-07
  1.725E+02  9.95722E-01  7.45009E-26  2.66048E-09  0.00000E+00  1.0E-07
  1.730E+02  9.96273E-01  7.07381E-26  2.52610E-09  0.00000E+00  1.0E-07
  1.735E+02  9.96786E-01  6.72389E-26  2.40115E-09  0.00000E+00  1.0E-07
  1.740E+02  9.97261E-01  6.40026E-26  2.28557E-09  0.00000E+00  1.0E-07
  1.745E+02  9.97698E-01  6.10283E-26  2.17936E-09  0.00000E+00  1.0E-07
  1.750E+02  9.98097E-01  5.83151E-26  2.08247E-09  0.00000E+00  1.0E-07
  1.755E+02  9.98459E-01  5.58625E-26  1.99489E-09  0.00000E+00  1.0E-07
  1.760E+02  9.98782E-01  5.36697E-26  1.91658E-09  0.00000E+00  1.0E-07
  1.765E+02  9.99067E-01  5.17362E-26  1.84753E-09  0.00000E+00  1.0E-07
  1.770E+02  9.99315E-01  5.00616E-26  1.78773E-09  0.00000E+00  1.0E-07
  1.775E+02  9.99524E-01  4.86453E-26  1.73715E-09  0.00000E+00  1.0E-07
  1.780E+02  9.99695E-01  4.74870E-26  1.69579E-09  0.00000E+00  1.0E-07
  1.785E+02  9.99829E-01  4.65864E-26  1.66363E-09  0.00000E+00  1.0E-07
  1.790E+02  9.99924E-01  4.59433E-26  1.64067E-09  0.00000E+00  1.0E-07
  1.795E+02  9.99981E-01  4.55575E-26  1.62689E-09  0.00000E+00  1.0E-07
  1.800E+02  1.00000E+00  4.54289E-26  1.62230E-09  0.00000E+00  1.0E-07
