 #
 # Subroutine ELSEPA. Elastic scattering of electrons and positrons
 #                    by neutral atoms and positive ions
 #
 # Projectile: electron
 # Kinetic energy = 3.70000E+06 eV = 1.35973E+05 a.u.
 #
 # WARNING: High-energy factorization with free-atom DF screening.
 #          Absorption, polarization and exchange corrections are
 #          switched off.
 #          Phase shifts are calculated for the bare nucleus.
 #          Scattering amplitudes are not evaluated.
 #
 # Element: Ho,  Z =  67,  atomic weight = 1.64930E+02 g/mol
 #
 # Nuclear model: Fermi distribution
 #                Average radius = 5.86792E-13 cm
 #                Skin thickness = 5.46000E-14 cm
 #
 # Number of electrons = 67
 #
 # Total elastic cross section = 7.20109E-18 cm**2 = 2.57156E-01 a0**2
 # 1st transport cross section = 4.07556E-22 cm**2 = 1.45541E-05 a0**2
 # 2nd transport cross section = 1.10836E-21 cm**2 = 3.95802E-05 a0**2
 #
 #
 # Differential cross section:                       MU=(1-COS(THETA))/2
 #
 #  THETA        MU          DCS          DCS        Sherman      error
 #  (deg)                 (cm**2/sr)   (a0**2/sr)    function
 #----------------------------------------------------------------------
  0.000E+00  0.00000E+00  1.33409E-12  4.76411E+04  0.00000E+00  1.0E-05
  1.000E-04  7.61557E-13  1.33408E-12  4.76408E+04  0.00000E+00  1.0E-05
  1.250E-04  1.18994E-12  1.33407E-12  4.76406E+04  0.00000E+00  1.0E-05
  1.500E-04  1.71346E-12  1.33406E-12  4.76403E+04  0.00000E+00  1.0E-05
  1.750E-04  2.33225E-12  1.33406E-12  4.76400E+04  0.00000E+00  1.0E-05
  2.000E-04  3.04617E-12  1.33405E-12  4.76396E+04  0.00000E+00  1.0E-05
  2.250E-04  3.85530E-12  1.33403E-12  4.76392E+04  0.00000E+00  1.0E-05
  2.500E-04  4.75964E-12  1.33402E-12  4.76388E+04  0.00000E+00  1.0E-05
  2.750E-04  5.75917E-12  1.33401E-12  4.76383E+04  0.00000E+00  1.0E-05
  3.000E-04  6.85391E-12  1.33399E-12  4.76377E+04  0.00000E+00  1.0E-05
  3.250E-04  8.04379E-12  1.33398E-12  4.76371E+04  0.00000E+00  1.0E-05
  3.500E-04  9.32893E-12  1.33396E-12  4.76365E+04  0.00000E+00  1.0E-05
  3.750E-04  1.07092E-11  1.33394E-12  4.76358E+04  0.00000E+00  1.0E-05
  4.000E-04  1.21847E-11  1.33392E-12  4.76351E+04  0.00000E+00  1.0E-05
  4.250E-04  1.37554E-11  1.33390E-12  4.76343E+04  0.00000E+00  1.0E-05
  4.500E-04  1.54213E-11  1.33387E-12  4.76334E+04  0.00000E+00  1.0E-05
  4.750E-04  1.71823E-11  1.33385E-12  4.76326E+04  0.00000E+00  1.0E-05
  5.000E-04  1.90386E-11  1.33382E-12  4.76316E+04  0.00000E+00  1.0E-05
  5.250E-04  2.09900E-11  1.33379E-12  4.76307E+04  0.00000E+00  1.0E-05
  5.500E-04  2.30367E-11  1.33377E-12  4.76296E+04  0.00000E+00  1.0E-05
  5.750E-04  2.51785E-11  1.33374E-12  4.76286E+04  0.00000E+00  1.0E-05
  6.000E-04  2.74156E-11  1.33370E-12  4.76274E+04  0.00000E+00  1.0E-05
  6.250E-04  2.97478E-11  1.33367E-12  4.76263E+04  0.00000E+00  1.0E-05
  6.500E-04  3.21752E-11  1.33364E-12  4.76251E+04  0.00000E+00  1.0E-05
  6.750E-04  3.46979E-11  1.33360E-12  4.76238E+04  0.00000E+00  1.0E-05
  7.000E-04  3.73157E-11  1.33357E-12  4.76225E+04  0.00000E+00  1.0E-05
  7.250E-04  4.00286E-11  1.33353E-12  4.76211E+04  0.00000E+00  1.0E-05
  7.500E-04  4.28368E-11  1.33349E-12  4.76197E+04  0.00000E+00  1.0E-05
  7.750E-04  4.57402E-11  1.33345E-12  4.76183E+04  0.00000E+00  1.0E-05
  8.000E-04  4.87388E-11  1.33341E-12  4.76168E+04  0.00000E+00  1.0E-05
  8.250E-04  5.18325E-11  1.33336E-12  4.76152E+04  0.00000E+00  1.0E-05
  8.500E-04  5.50215E-11  1.33332E-12  4.76136E+04  0.00000E+00  1.0E-05
  8.750E-04  5.83057E-11  1.33327E-12  4.76120E+04  0.00000E+00  1.0E-05
  9.000E-04  6.16850E-11  1.33322E-12  4.76103E+04  0.00000E+00  1.0E-05
  9.250E-04  6.51595E-11  1.33318E-12  4.76086E+04  0.00000E+00  1.0E-05
  9.500E-04  6.87293E-11  1.33313E-12  4.76068E+04  0.00000E+00  1.0E-05
  9.750E-04  7.23943E-11  1.33307E-12  4.76049E+04  0.00000E+00  1.0E-05
  1.000E-03  7.61544E-11  1.33302E-12  4.76031E+04  0.00000E+00  1.0E-05
  1.250E-03  1.18991E-10  1.33242E-12  4.75816E+04  0.00000E+00  1.0E-05
  1.500E-03  1.71347E-10  1.33169E-12  4.75555E+04  0.00000E+00  1.0E-05
  1.750E-03  2.33223E-10  1.33082E-12  4.75246E+04  0.00000E+00  1.0E-05
  2.000E-03  3.04617E-10  1.32983E-12  4.74889E+04  0.00000E+00  1.0E-05
  2.250E-03  3.85531E-10  1.32870E-12  4.74486E+04  0.00000E+00  1.0E-05
  2.500E-03  4.75965E-10  1.32744E-12  4.74036E+04  0.00000E+00  1.0E-05
  2.750E-03  5.75917E-10  1.32605E-12  4.73540E+04  0.00000E+00  1.0E-05
  3.000E-03  6.85389E-10  1.32453E-12  4.72997E+04  0.00000E+00  1.0E-05
  3.250E-03  8.04380E-10  1.32288E-12  4.72409E+04  0.00000E+00  1.0E-05
  3.500E-03  9.32891E-10  1.32110E-12  4.71774E+04  0.00000E+00  1.0E-05
  3.750E-03  1.07092E-09  1.31920E-12  4.71094E+04  0.00000E+00  1.0E-05
  4.000E-03  1.21847E-09  1.31717E-12  4.70369E+04  0.00000E+00  1.0E-05
  4.250E-03  1.37554E-09  1.31501E-12  4.69599E+04  0.00000E+00  1.0E-05
  4.500E-03  1.54213E-09  1.31273E-12  4.68785E+04  0.00000E+00  1.0E-05
  4.750E-03  1.71823E-09  1.31033E-12  4.67927E+04  0.00000E+00  1.0E-05
  5.000E-03  1.90386E-09  1.30781E-12  4.67026E+04  0.00000E+00  1.0E-05
  5.250E-03  2.09900E-09  1.30516E-12  4.66081E+04  0.00000E+00  1.0E-05
  5.500E-03  2.30367E-09  1.30239E-12  4.65094E+04  0.00000E+00  1.0E-05
  5.750E-03  2.51785E-09  1.29951E-12  4.64064E+04  0.00000E+00  1.0E-05
  6.000E-03  2.74156E-09  1.29651E-12  4.62993E+04  0.00000E+00  1.0E-05
  6.250E-03  2.97478E-09  1.29340E-12  4.61881E+04  0.00000E+00  1.0E-05
  6.500E-03  3.21752E-09  1.29017E-12  4.60728E+04  0.00000E+00  1.0E-05
  6.750E-03  3.46978E-09  1.28683E-12  4.59535E+04  0.00000E+00  1.0E-05
  7.000E-03  3.73156E-09  1.28338E-12  4.58302E+04  0.00000E+00  1.0E-05
  7.250E-03  4.00286E-09  1.27982E-12  4.57030E+04  0.00000E+00  1.0E-05
  7.500E-03  4.28368E-09  1.27615E-12  4.55721E+04  0.00000E+00  1.0E-05
  7.750E-03  4.57402E-09  1.27237E-12  4.54373E+04  0.00000E+00  1.0E-05
  8.000E-03  4.87388E-09  1.26850E-12  4.52988E+04  0.00000E+00  1.0E-05
  8.250E-03  5.18326E-09  1.26452E-12  4.51567E+04  0.00000E+00  1.0E-05
  8.500E-03  5.50215E-09  1.26044E-12  4.50110E+04  0.00000E+00  1.0E-05
  8.750E-03  5.83057E-09  1.25626E-12  4.48618E+04  0.00000E+00  1.0E-05
  9.000E-03  6.16850E-09  1.25198E-12  4.47091E+04  0.00000E+00  1.0E-05
  9.250E-03  6.51596E-09  1.24761E-12  4.45530E+04  0.00000E+00  1.0E-05
  9.500E-03  6.87293E-09  1.24315E-12  4.43936E+04  0.00000E+00  1.0E-05
  9.750E-03  7.23942E-09  1.23859E-12  4.42310E+04  0.00000E+00  1.0E-05
  1.000E-02  7.61544E-09  1.23395E-12  4.40652E+04  0.00000E+00  1.0E-05
  1.250E-02  1.18991E-08  1.18308E-12  4.22486E+04  0.00000E+00  1.0E-05
  1.500E-02  1.71347E-08  1.12578E-12  4.02025E+04  0.00000E+00  1.0E-05
  1.750E-02  2.33223E-08  1.06388E-12  3.79920E+04  0.00000E+00  1.0E-05
  2.000E-02  3.04617E-08  9.99420E-13  3.56900E+04  0.00000E+00  1.0E-05
  2.250E-02  3.85531E-08  9.34467E-13  3.33704E+04  0.00000E+00  1.0E-05
  2.500E-02  4.75965E-08  8.70489E-13  3.10857E+04  0.00000E+00  1.0E-05
  2.750E-02  5.75917E-08  8.08470E-13  2.88710E+04  0.00000E+00  1.0E-05
  3.000E-02  6.85389E-08  7.49280E-13  2.67573E+04  0.00000E+00  1.0E-05
  3.250E-02  8.04380E-08  6.93726E-13  2.47734E+04  0.00000E+00  1.0E-05
  3.500E-02  9.32891E-08  6.42218E-13  2.29340E+04  0.00000E+00  1.0E-05
  3.750E-02  1.07092E-07  5.94591E-13  2.12332E+04  0.00000E+00  1.0E-05
  4.000E-02  1.21847E-07  5.50847E-13  1.96711E+04  0.00000E+00  1.0E-05
  4.250E-02  1.37554E-07  5.10953E-13  1.82465E+04  0.00000E+00  1.0E-05
  4.500E-02  1.54213E-07  4.74848E-13  1.69571E+04  0.00000E+00  1.0E-05
  4.750E-02  1.71823E-07  4.42008E-13  1.57844E+04  0.00000E+00  1.0E-05
  5.000E-02  1.90386E-07  4.12187E-13  1.47195E+04  0.00000E+00  1.0E-05
  5.250E-02  2.09900E-07  3.85135E-13  1.37534E+04  0.00000E+00  1.0E-05
  5.500E-02  2.30367E-07  3.60694E-13  1.28806E+04  0.00000E+00  1.0E-05
  5.750E-02  2.51785E-07  3.38443E-13  1.20860E+04  0.00000E+00  1.0E-05
  6.000E-02  2.74156E-07  3.18166E-13  1.13619E+04  0.00000E+00  1.0E-05
  6.250E-02  2.97478E-07  2.99662E-13  1.07011E+04  0.00000E+00  1.0E-05
  6.500E-02  3.21752E-07  2.82747E-13  1.00971E+04  0.00000E+00  1.0E-05
  6.750E-02  3.46978E-07  2.67214E-13  9.54238E+03  0.00000E+00  1.0E-05
  7.000E-02  3.73156E-07  2.52917E-13  9.03184E+03  0.00000E+00  1.0E-05
  7.250E-02  4.00286E-07  2.39732E-13  8.56097E+03  0.00000E+00  1.0E-05
  7.500E-02  4.28368E-07  2.27513E-13  8.12463E+03  0.00000E+00  1.0E-05
  7.750E-02  4.57402E-07  2.16156E-13  7.71907E+03  0.00000E+00  1.0E-05
  8.000E-02  4.87388E-07  2.05592E-13  7.34182E+03  0.00000E+00  1.0E-05
  8.250E-02  5.18325E-07  1.95745E-13  6.99018E+03  0.00000E+00  1.0E-05
  8.500E-02  5.50215E-07  1.86522E-13  6.66083E+03  0.00000E+00  1.0E-05
  8.750E-02  5.83057E-07  1.77850E-13  6.35115E+03  0.00000E+00  1.0E-05
  9.000E-02  6.16850E-07  1.69714E-13  6.06059E+03  0.00000E+00  1.0E-05
  9.250E-02  6.51596E-07  1.62067E-13  5.78753E+03  0.00000E+00  1.0E-05
  9.500E-02  6.87293E-07  1.54857E-13  5.53005E+03  0.00000E+00  1.0E-05
  9.750E-02  7.23942E-07  1.48014E-13  5.28569E+03  0.00000E+00  1.0E-05
  1.000E-01  7.61543E-07  1.41555E-13  5.05503E+03  0.00000E+00  1.0E-05
  1.250E-01  1.18991E-06  9.25393E-14  3.30464E+03  0.00000E+00  1.0E-05
  1.500E-01  1.71347E-06  6.14761E-14  2.19535E+03  0.00000E+00  1.0E-05
  1.750E-01  2.33223E-06  4.28108E-14  1.52880E+03  0.00000E+00  1.0E-05
  2.000E-01  3.04617E-06  3.06746E-14  1.09541E+03  0.00000E+00  1.0E-05
  2.250E-01  3.85531E-06  2.23994E-14  7.99898E+02  0.00000E+00  1.0E-05
  2.500E-01  4.75964E-06  1.67133E-14  5.96843E+02  0.00000E+00  1.0E-05
  2.750E-01  5.75916E-06  1.27358E-14  4.54804E+02  0.00000E+00  1.0E-05
  3.000E-01  6.85388E-06  9.87030E-15  3.52475E+02  0.00000E+00  1.0E-05
  3.250E-01  8.04378E-06  7.73862E-15  2.76351E+02  0.00000E+00  1.0E-05
  3.500E-01  9.32888E-06  6.12785E-15  2.18830E+02  0.00000E+00  1.0E-05
  3.750E-01  1.07092E-05  4.91028E-15  1.75349E+02  0.00000E+00  1.0E-05
  4.000E-01  1.21846E-05  3.97575E-15  1.41977E+02  0.00000E+00  1.0E-05
  4.250E-01  1.37553E-05  3.24782E-15  1.15982E+02  0.00000E+00  1.0E-05
  4.500E-01  1.54212E-05  2.67359E-15  9.54757E+01  0.00000E+00  1.0E-05
  4.750E-01  1.71822E-05  2.22129E-15  7.93236E+01  0.00000E+00  1.0E-05
  5.000E-01  1.90385E-05  1.86032E-15  6.64331E+01  0.00000E+00  1.0E-05
  5.250E-01  2.09899E-05  1.57202E-15  5.61380E+01  0.00000E+00  1.0E-05
  5.500E-01  2.30365E-05  1.33716E-15  4.77510E+01  0.00000E+00  1.0E-05
  5.750E-01  2.51783E-05  1.14537E-15  4.09019E+01  0.00000E+00  1.0E-05
  6.000E-01  2.74153E-05  9.87425E-16  3.52616E+01  0.00000E+00  1.0E-05
  6.250E-01  2.97475E-05  8.56443E-16  3.05841E+01  0.00000E+00  1.0E-05
  6.500E-01  3.21749E-05  7.47066E-16  2.66782E+01  0.00000E+00  1.0E-05
  6.750E-01  3.46974E-05  6.54749E-16  2.33815E+01  0.00000E+00  1.0E-05
  7.000E-01  3.73152E-05  5.76641E-16  2.05922E+01  0.00000E+00  1.0E-05
  7.250E-01  4.00281E-05  5.10247E-16  1.82212E+01  0.00000E+00  1.0E-05
  7.500E-01  4.28362E-05  4.53348E-16  1.61893E+01  0.00000E+00  1.0E-05
  7.750E-01  4.57395E-05  4.04319E-16  1.44385E+01  0.00000E+00  1.0E-05
  8.000E-01  4.87380E-05  3.61875E-16  1.29228E+01  0.00000E+00  1.0E-05
  8.250E-01  5.18317E-05  3.24937E-16  1.16037E+01  0.00000E+00  1.0E-05
  8.500E-01  5.50205E-05  2.92585E-16  1.04484E+01  0.00000E+00  1.0E-05
  8.750E-01  5.83045E-05  2.64117E-16  9.43177E+00  0.00000E+00  1.0E-05
  9.000E-01  6.16838E-05  2.39040E-16  8.53628E+00  0.00000E+00  1.0E-05
  9.250E-01  6.51582E-05  2.16877E-16  7.74482E+00  0.00000E+00  1.0E-05
  9.500E-01  6.87277E-05  1.97209E-16  7.04247E+00  0.00000E+00  1.0E-05
  9.750E-01  7.23925E-05  1.79676E-16  6.41635E+00  0.00000E+00  1.0E-05
  1.000E+00  7.61524E-05  1.64051E-16  5.85838E+00  0.00000E+00  8.8E-06
  1.100E+00  9.21439E-05  1.16170E-16  4.14850E+00  0.00000E+00  6.6E-06
  1.200E+00  1.09658E-04  8.44749E-17  3.01665E+00  0.00000E+00  3.6E-06
  1.300E+00  1.28695E-04  6.28329E-17  2.24380E+00  0.00000E+00  6.9E-07
  1.400E+00  1.49255E-04  4.76452E-17  1.70144E+00  0.00000E+00  1.4E-06
  1.500E+00  1.71338E-04  3.68098E-17  1.31450E+00  0.00000E+00  2.6E-06
  1.600E+00  1.94942E-04  2.88942E-17  1.03183E+00  0.00000E+00  2.7E-06
  1.700E+00  2.20070E-04  2.29975E-17  8.21257E-01  0.00000E+00  2.2E-06
  1.800E+00  2.46720E-04  1.85290E-17  6.61681E-01  0.00000E+00  1.2E-06
  1.900E+00  2.74892E-04  1.51003E-17  5.39241E-01  0.00000E+00  1.8E-07
  2.000E+00  3.04586E-04  1.24331E-17  4.43994E-01  0.00000E+00  6.6E-07
  2.100E+00  3.35803E-04  1.03322E-17  3.68970E-01  0.00000E+00  1.1E-06
  2.200E+00  3.68542E-04  8.65542E-18  3.09091E-01  0.00000E+00  1.2E-06
  2.300E+00  4.02802E-04  7.30712E-18  2.60942E-01  0.00000E+00  9.9E-07
  2.400E+00  4.38585E-04  6.21261E-18  2.21856E-01  0.00000E+00  5.5E-07
  2.500E+00  4.75889E-04  5.31641E-18  1.89853E-01  0.00000E+00  1.0E-07
  2.600E+00  5.14715E-04  4.57568E-18  1.63401E-01  0.00000E+00  3.8E-07
  2.700E+00  5.55063E-04  3.95996E-18  1.41413E-01  0.00000E+00  6.3E-07
  2.800E+00  5.96931E-04  3.44478E-18  1.23015E-01  0.00000E+00  6.7E-07
  2.900E+00  6.40321E-04  3.01097E-18  1.07524E-01  0.00000E+00  5.4E-07
  3.000E+00  6.85233E-04  2.64324E-18  9.43917E-02  0.00000E+00  2.9E-07
  3.100E+00  7.31665E-04  2.32999E-18  8.32054E-02  0.00000E+00  1.0E-07
  3.200E+00  7.79618E-04  2.06193E-18  7.36328E-02  0.00000E+00  2.5E-07
  3.300E+00  8.29092E-04  1.83142E-18  6.54013E-02  0.00000E+00  3.9E-07
  3.400E+00  8.80086E-04  1.63223E-18  5.82878E-02  0.00000E+00  4.1E-07
  3.500E+00  9.32601E-04  1.45935E-18  5.21143E-02  0.00000E+00  3.3E-07
  3.600E+00  9.86636E-04  1.30883E-18  4.67390E-02  0.00000E+00  1.7E-07
  3.700E+00  1.04219E-03  1.17726E-18  4.20407E-02  0.00000E+00  1.0E-07
  3.800E+00  1.09927E-03  1.06183E-18  3.79186E-02  0.00000E+00  1.7E-07
  3.900E+00  1.15786E-03  9.60171E-19  3.42883E-02  0.00000E+00  2.6E-07
  4.000E+00  1.21797E-03  8.70426E-19  3.10835E-02  0.00000E+00  2.7E-07
  4.100E+00  1.27961E-03  7.90952E-19  2.82454E-02  0.00000E+00  2.1E-07
  4.200E+00  1.34276E-03  7.20364E-19  2.57247E-02  0.00000E+00  1.0E-07
  4.300E+00  1.40743E-03  6.57459E-19  2.34783E-02  0.00000E+00  1.0E-07
  4.400E+00  1.47362E-03  6.01295E-19  2.14726E-02  0.00000E+00  1.3E-07
  4.500E+00  1.54133E-03  5.51021E-19  1.96773E-02  0.00000E+00  1.9E-07
  4.600E+00  1.61056E-03  5.05910E-19  1.80664E-02  0.00000E+00  1.9E-07
  4.700E+00  1.68131E-03  4.65320E-19  1.66169E-02  0.00000E+00  1.4E-07
  4.800E+00  1.75357E-03  4.28733E-19  1.53103E-02  0.00000E+00  1.0E-07
  4.900E+00  1.82735E-03  3.95686E-19  1.41302E-02  0.00000E+00  1.0E-07
  5.000E+00  1.90265E-03  3.65776E-19  1.30621E-02  0.00000E+00  1.0E-07
  5.100E+00  1.97947E-03  3.38643E-19  1.20932E-02  0.00000E+00  1.4E-07
  5.200E+00  2.05780E-03  3.13989E-19  1.12127E-02  0.00000E+00  1.4E-07
  5.300E+00  2.13765E-03  2.91549E-19  1.04114E-02  0.00000E+00  1.0E-07
  5.400E+00  2.21902E-03  2.71088E-19  9.68071E-03  0.00000E+00  1.0E-07
  5.500E+00  2.30190E-03  2.52397E-19  9.01325E-03  0.00000E+00  1.0E-07
  5.600E+00  2.38630E-03  2.35295E-19  8.40252E-03  0.00000E+00  1.0E-07
  5.700E+00  2.47222E-03  2.19625E-19  7.84296E-03  0.00000E+00  1.1E-07
  5.800E+00  2.55965E-03  2.05246E-19  7.32948E-03  0.00000E+00  1.0E-07
  5.900E+00  2.64859E-03  1.92031E-19  6.85755E-03  0.00000E+00  1.0E-07
  6.000E+00  2.73905E-03  1.79867E-19  6.42315E-03  0.00000E+00  1.0E-07
  6.100E+00  2.83103E-03  1.68656E-19  6.02283E-03  0.00000E+00  1.0E-07
  6.200E+00  2.92452E-03  1.58312E-19  5.65343E-03  0.00000E+00  1.0E-07
  6.300E+00  3.01952E-03  1.48754E-19  5.31209E-03  0.00000E+00  1.0E-07
  6.400E+00  3.11604E-03  1.39909E-19  4.99625E-03  0.00000E+00  1.0E-07
  6.500E+00  3.21407E-03  1.31717E-19  4.70370E-03  0.00000E+00  1.0E-07
  6.600E+00  3.31362E-03  1.24120E-19  4.43241E-03  0.00000E+00  1.0E-07
  6.700E+00  3.41468E-03  1.17067E-19  4.18055E-03  0.00000E+00  1.0E-07
  6.800E+00  3.51725E-03  1.10511E-19  3.94642E-03  0.00000E+00  1.0E-07
  6.900E+00  3.62133E-03  1.04411E-19  3.72857E-03  0.00000E+00  1.0E-07
  7.000E+00  3.72692E-03  9.87290E-20  3.52568E-03  0.00000E+00  1.0E-07
  7.100E+00  3.83403E-03  9.34318E-20  3.33651E-03  0.00000E+00  1.0E-07
  7.200E+00  3.94265E-03  8.84873E-20  3.15994E-03  0.00000E+00  1.0E-07
  7.300E+00  4.05278E-03  8.38683E-20  2.99499E-03  0.00000E+00  1.0E-07
  7.400E+00  4.16442E-03  7.95494E-20  2.84076E-03  0.00000E+00  1.0E-07
  7.500E+00  4.27757E-03  7.55073E-20  2.69642E-03  0.00000E+00  1.0E-07
  7.600E+00  4.39223E-03  7.17208E-20  2.56119E-03  0.00000E+00  1.0E-07
  7.700E+00  4.50840E-03  6.81705E-20  2.43441E-03  0.00000E+00  1.0E-07
  7.800E+00  4.62608E-03  6.48393E-20  2.31545E-03  0.00000E+00  1.0E-07
  7.900E+00  4.74527E-03  6.17110E-20  2.20374E-03  0.00000E+00  1.0E-07
  8.000E+00  4.86597E-03  5.87708E-20  2.09874E-03  0.00000E+00  1.0E-07
  8.100E+00  4.98817E-03  5.60050E-20  1.99998E-03  0.00000E+00  1.0E-07
  8.200E+00  5.11188E-03  5.34017E-20  1.90701E-03  0.00000E+00  1.0E-07
  8.300E+00  5.23711E-03  5.09494E-20  1.81944E-03  0.00000E+00  1.0E-07
  8.400E+00  5.36383E-03  4.86376E-20  1.73688E-03  0.00000E+00  1.0E-07
  8.500E+00  5.49207E-03  4.64566E-20  1.65900E-03  0.00000E+00  1.0E-07
  8.600E+00  5.62181E-03  4.43978E-20  1.58547E-03  0.00000E+00  1.0E-07
  8.700E+00  5.75306E-03  4.24529E-20  1.51602E-03  0.00000E+00  1.0E-07
  8.800E+00  5.88581E-03  4.06145E-20  1.45037E-03  0.00000E+00  1.0E-07
  8.900E+00  6.02007E-03  3.88755E-20  1.38827E-03  0.00000E+00  1.0E-07
  9.000E+00  6.15583E-03  3.72296E-20  1.32949E-03  0.00000E+00  1.0E-07
  9.100E+00  6.29310E-03  3.56708E-20  1.27383E-03  0.00000E+00  1.0E-07
  9.200E+00  6.43187E-03  3.41937E-20  1.22108E-03  0.00000E+00  1.0E-07
  9.300E+00  6.57214E-03  3.27931E-20  1.17106E-03  0.00000E+00  1.0E-07
  9.400E+00  6.71392E-03  3.14642E-20  1.12361E-03  0.00000E+00  1.0E-07
  9.500E+00  6.85720E-03  3.02027E-20  1.07856E-03  0.00000E+00  1.0E-07
  9.600E+00  7.00198E-03  2.90046E-20  1.03577E-03  0.00000E+00  1.0E-07
  9.700E+00  7.14827E-03  2.78660E-20  9.95111E-04  0.00000E+00  1.0E-07
  9.800E+00  7.29605E-03  2.67833E-20  9.56447E-04  0.00000E+00  1.0E-07
  9.900E+00  7.44534E-03  2.57533E-20  9.19667E-04  0.00000E+00  1.0E-07
  1.000E+01  7.59612E-03  2.47730E-20  8.84660E-04  0.00000E+00  1.0E-07
  1.025E+01  7.97965E-03  2.25210E-20  8.04241E-04  0.00000E+00  1.0E-07
  1.050E+01  8.37255E-03  2.05222E-20  7.32861E-04  0.00000E+00  1.0E-07
  1.075E+01  8.77480E-03  1.87429E-20  6.69321E-04  0.00000E+00  1.0E-07
  1.100E+01  9.18641E-03  1.71547E-20  6.12605E-04  0.00000E+00  1.0E-07
  1.125E+01  9.60736E-03  1.57333E-20  5.61848E-04  0.00000E+00  1.0E-07
  1.150E+01  1.00376E-02  1.44581E-20  5.16309E-04  0.00000E+00  1.0E-07
  1.175E+01  1.04773E-02  1.33113E-20  4.75353E-04  0.00000E+00  1.0E-07
  1.200E+01  1.09262E-02  1.22775E-20  4.38436E-04  0.00000E+00  1.0E-07
  1.225E+01  1.13844E-02  1.13435E-20  4.05085E-04  0.00000E+00  1.0E-07
  1.250E+01  1.18520E-02  1.04980E-20  3.74892E-04  0.00000E+00  1.0E-07
  1.275E+01  1.23288E-02  9.73107E-21  3.47503E-04  0.00000E+00  1.0E-07
  1.300E+01  1.28150E-02  9.03396E-21  3.22608E-04  0.00000E+00  1.0E-07
  1.325E+01  1.33104E-02  8.39911E-21  2.99938E-04  0.00000E+00  1.0E-07
  1.350E+01  1.38150E-02  7.82003E-21  2.79258E-04  0.00000E+00  1.0E-07
  1.375E+01  1.43290E-02  7.29082E-21  2.60360E-04  0.00000E+00  1.0E-07
  1.400E+01  1.48521E-02  6.80637E-21  2.43060E-04  0.00000E+00  1.0E-07
  1.425E+01  1.53845E-02  6.36223E-21  2.27199E-04  0.00000E+00  1.0E-07
  1.450E+01  1.59262E-02  5.95439E-21  2.12635E-04  0.00000E+00  1.0E-07
  1.475E+01  1.64770E-02  5.57930E-21  1.99240E-04  0.00000E+00  1.0E-07
  1.500E+01  1.70371E-02  5.23382E-21  1.86903E-04  0.00000E+00  1.0E-07
  1.525E+01  1.76063E-02  4.91520E-21  1.75525E-04  0.00000E+00  1.0E-07
  1.550E+01  1.81848E-02  4.62094E-21  1.65017E-04  0.00000E+00  1.0E-07
  1.575E+01  1.87724E-02  4.34882E-21  1.55299E-04  0.00000E+00  1.0E-07
  1.600E+01  1.93692E-02  4.09682E-21  1.46300E-04  0.00000E+00  1.0E-07
  1.625E+01  1.99751E-02  3.86321E-21  1.37958E-04  0.00000E+00  1.0E-07
  1.650E+01  2.05901E-02  3.64637E-21  1.30214E-04  0.00000E+00  1.0E-07
  1.675E+01  2.12143E-02  3.44486E-21  1.23018E-04  0.00000E+00  1.0E-07
  1.700E+01  2.18476E-02  3.25738E-21  1.16323E-04  0.00000E+00  1.0E-07
  1.725E+01  2.24900E-02  3.08277E-21  1.10088E-04  0.00000E+00  1.0E-07
  1.750E+01  2.31415E-02  2.91998E-21  1.04274E-04  0.00000E+00  1.0E-07
  1.775E+01  2.38021E-02  2.76804E-21  9.88484E-05  0.00000E+00  1.0E-07
  1.800E+01  2.44717E-02  2.62608E-21  9.37790E-05  0.00000E+00  1.0E-07
  1.825E+01  2.51504E-02  2.49333E-21  8.90383E-05  0.00000E+00  1.0E-07
  1.850E+01  2.58382E-02  2.36906E-21  8.46008E-05  0.00000E+00  1.0E-07
  1.875E+01  2.65349E-02  2.25264E-21  8.04433E-05  0.00000E+00  1.0E-07
  1.900E+01  2.72407E-02  2.14346E-21  7.65442E-05  0.00000E+00  1.0E-07
  1.925E+01  2.79555E-02  2.04098E-21  7.28846E-05  0.00000E+00  1.0E-07
  1.950E+01  2.86793E-02  1.94471E-21  6.94468E-05  0.00000E+00  1.0E-07
  1.975E+01  2.94120E-02  1.85420E-21  6.62147E-05  0.00000E+00  1.0E-07
  2.000E+01  3.01537E-02  1.76903E-21  6.31734E-05  0.00000E+00  1.0E-07
  2.025E+01  3.09043E-02  1.68883E-21  6.03093E-05  0.00000E+00  1.0E-07
  2.050E+01  3.16639E-02  1.61325E-21  5.76103E-05  0.00000E+00  1.0E-07
  2.075E+01  3.24324E-02  1.54197E-21  5.50647E-05  0.00000E+00  1.0E-07
  2.100E+01  3.32098E-02  1.47469E-21  5.26621E-05  0.00000E+00  1.0E-07
  2.125E+01  3.39961E-02  1.41114E-21  5.03928E-05  0.00000E+00  1.0E-07
  2.150E+01  3.47912E-02  1.35108E-21  4.82480E-05  0.00000E+00  1.0E-07
  2.175E+01  3.55952E-02  1.29428E-21  4.62194E-05  0.00000E+00  1.0E-07
  2.200E+01  3.64081E-02  1.24051E-21  4.42994E-05  0.00000E+00  1.0E-07
  2.225E+01  3.72297E-02  1.18959E-21  4.24810E-05  0.00000E+00  1.0E-07
  2.250E+01  3.80602E-02  1.14134E-21  4.07578E-05  0.00000E+00  1.0E-07
  2.275E+01  3.88995E-02  1.09558E-21  3.91237E-05  0.00000E+00  1.0E-07
  2.300E+01  3.97476E-02  1.05216E-21  3.75732E-05  0.00000E+00  1.0E-07
  2.325E+01  4.06044E-02  1.01093E-21  3.61011E-05  0.00000E+00  1.0E-07
  2.350E+01  4.14700E-02  9.71774E-22  3.47027E-05  0.00000E+00  1.0E-07
  2.375E+01  4.23443E-02  9.34552E-22  3.33734E-05  0.00000E+00  1.0E-07
  2.400E+01  4.32273E-02  8.99150E-22  3.21092E-05  0.00000E+00  1.0E-07
  2.425E+01  4.41190E-02  8.65462E-22  3.09062E-05  0.00000E+00  1.0E-07
  2.450E+01  4.50194E-02  8.33389E-22  2.97609E-05  0.00000E+00  1.0E-07
  2.475E+01  4.59284E-02  8.02836E-22  2.86698E-05  0.00000E+00  1.0E-07
  2.500E+01  4.68461E-02  7.73716E-22  2.76299E-05  0.00000E+00  1.0E-07
  2.550E+01  4.87074E-02  7.19455E-22  2.56922E-05  0.00000E+00  1.0E-07
  2.600E+01  5.06030E-02  6.70020E-22  2.39269E-05  0.00000E+00  1.0E-07
  2.650E+01  5.25328E-02  6.24895E-22  2.23154E-05  0.00000E+00  1.0E-07
  2.700E+01  5.44967E-02  5.83630E-22  2.08418E-05  0.00000E+00  1.0E-07
  2.750E+01  5.64946E-02  5.45827E-22  1.94918E-05  0.00000E+00  1.0E-07
  2.800E+01  5.85262E-02  5.11139E-22  1.82531E-05  0.00000E+00  1.0E-07
  2.850E+01  6.05914E-02  4.79255E-22  1.71145E-05  0.00000E+00  1.0E-07
  2.900E+01  6.26901E-02  4.49904E-22  1.60664E-05  0.00000E+00  1.0E-07
  2.950E+01  6.48222E-02  4.22842E-22  1.51000E-05  0.00000E+00  1.0E-07
  3.000E+01  6.69873E-02  3.97856E-22  1.42077E-05  0.00000E+00  1.0E-07
  3.050E+01  6.91854E-02  3.74753E-22  1.33827E-05  0.00000E+00  1.0E-07
  3.100E+01  7.14163E-02  3.53361E-22  1.26188E-05  0.00000E+00  1.0E-07
  3.150E+01  7.36799E-02  3.33528E-22  1.19105E-05  0.00000E+00  1.0E-07
  3.200E+01  7.59760E-02  3.15117E-22  1.12530E-05  0.00000E+00  1.0E-07
  3.250E+01  7.83043E-02  2.98004E-22  1.06419E-05  0.00000E+00  1.0E-07
  3.300E+01  8.06647E-02  2.82079E-22  1.00732E-05  0.00000E+00  1.0E-07
  3.350E+01  8.30571E-02  2.67241E-22  9.54335E-06  0.00000E+00  1.0E-07
  3.400E+01  8.54812E-02  2.53401E-22  9.04912E-06  0.00000E+00  1.0E-07
  3.450E+01  8.79369E-02  2.40478E-22  8.58763E-06  0.00000E+00  1.0E-07
  3.500E+01  9.04240E-02  2.28398E-22  8.15624E-06  0.00000E+00  1.0E-07
  3.550E+01  9.29422E-02  2.17094E-22  7.75258E-06  0.00000E+00  1.0E-07
  3.600E+01  9.54915E-02  2.06506E-22  7.37448E-06  0.00000E+00  1.0E-07
  3.650E+01  9.80716E-02  1.96579E-22  7.01998E-06  0.00000E+00  1.0E-07
  3.700E+01  1.00682E-01  1.87263E-22  6.68728E-06  0.00000E+00  1.0E-07
  3.750E+01  1.03323E-01  1.78512E-22  6.37476E-06  0.00000E+00  1.0E-07
  3.800E+01  1.05995E-01  1.70284E-22  6.08094E-06  0.00000E+00  1.0E-07
  3.850E+01  1.08696E-01  1.62541E-22  5.80444E-06  0.00000E+00  1.0E-07
  3.900E+01  1.11427E-01  1.55249E-22  5.54403E-06  0.00000E+00  1.0E-07
  3.950E+01  1.14188E-01  1.48375E-22  5.29857E-06  0.00000E+00  1.0E-07
  4.000E+01  1.16978E-01  1.41891E-22  5.06701E-06  0.00000E+00  1.0E-07
  4.050E+01  1.19797E-01  1.35769E-22  4.84840E-06  0.00000E+00  1.0E-07
  4.100E+01  1.22645E-01  1.29985E-22  4.64186E-06  0.00000E+00  1.0E-07
  4.150E+01  1.25522E-01  1.24516E-22  4.44656E-06  0.00000E+00  1.0E-07
  4.200E+01  1.28428E-01  1.19342E-22  4.26177E-06  0.00000E+00  1.0E-07
  4.250E+01  1.31361E-01  1.14442E-22  4.08680E-06  0.00000E+00  1.0E-07
  4.300E+01  1.34323E-01  1.09799E-22  3.92100E-06  0.00000E+00  1.0E-07
  4.350E+01  1.37313E-01  1.05397E-22  3.76379E-06  0.00000E+00  1.0E-07
  4.400E+01  1.40330E-01  1.01220E-22  3.61462E-06  0.00000E+00  1.0E-07
  4.450E+01  1.43375E-01  9.72541E-23  3.47301E-06  0.00000E+00  1.0E-07
  4.500E+01  1.46447E-01  9.34867E-23  3.33847E-06  0.00000E+00  1.0E-07
  4.550E+01  1.49545E-01  8.99054E-23  3.21058E-06  0.00000E+00  1.0E-07
  4.600E+01  1.52671E-01  8.64990E-23  3.08894E-06  0.00000E+00  1.0E-07
  4.650E+01  1.55823E-01  8.32570E-23  2.97316E-06  0.00000E+00  1.0E-07
  4.700E+01  1.59001E-01  8.01697E-23  2.86291E-06  0.00000E+00  1.0E-07
  4.750E+01  1.62205E-01  7.72281E-23  2.75787E-06  0.00000E+00  1.0E-07
  4.800E+01  1.65435E-01  7.44238E-23  2.65772E-06  0.00000E+00  1.0E-07
  4.850E+01  1.68690E-01  7.17488E-23  2.56220E-06  0.00000E+00  1.0E-07
  4.900E+01  1.71970E-01  6.91960E-23  2.47103E-06  0.00000E+00  1.0E-07
  4.950E+01  1.75276E-01  6.67585E-23  2.38399E-06  0.00000E+00  1.0E-07
  5.000E+01  1.78606E-01  6.44300E-23  2.30084E-06  0.00000E+00  1.0E-07
  5.050E+01  1.81961E-01  6.22044E-23  2.22136E-06  0.00000E+00  1.0E-07
  5.100E+01  1.85340E-01  6.00762E-23  2.14536E-06  0.00000E+00  1.0E-07
  5.150E+01  1.88743E-01  5.80401E-23  2.07265E-06  0.00000E+00  1.0E-07
  5.200E+01  1.92169E-01  5.60914E-23  2.00306E-06  0.00000E+00  1.0E-07
  5.250E+01  1.95619E-01  5.42252E-23  1.93642E-06  0.00000E+00  1.0E-07
  5.300E+01  1.99092E-01  5.24375E-23  1.87258E-06  0.00000E+00  1.0E-07
  5.350E+01  2.02589E-01  5.07241E-23  1.81139E-06  0.00000E+00  1.0E-07
  5.400E+01  2.06107E-01  4.90813E-23  1.75273E-06  0.00000E+00  1.0E-07
  5.450E+01  2.09649E-01  4.75055E-23  1.69645E-06  0.00000E+00  1.0E-07
  5.500E+01  2.13212E-01  4.59933E-23  1.64245E-06  0.00000E+00  1.0E-07
  5.550E+01  2.16797E-01  4.45417E-23  1.59061E-06  0.00000E+00  1.0E-07
  5.600E+01  2.20404E-01  4.31476E-23  1.54083E-06  0.00000E+00  1.0E-07
  5.650E+01  2.24032E-01  4.18082E-23  1.49300E-06  0.00000E+00  1.0E-07
  5.700E+01  2.27680E-01  4.05208E-23  1.44703E-06  0.00000E+00  1.0E-07
  5.750E+01  2.31350E-01  3.92831E-23  1.40283E-06  0.00000E+00  1.0E-07
  5.800E+01  2.35040E-01  3.80926E-23  1.36031E-06  0.00000E+00  1.0E-07
  5.850E+01  2.38751E-01  3.69472E-23  1.31941E-06  0.00000E+00  1.0E-07
  5.900E+01  2.42481E-01  3.58448E-23  1.28004E-06  0.00000E+00  1.0E-07
  5.950E+01  2.46231E-01  3.47833E-23  1.24214E-06  0.00000E+00  1.0E-07
  6.000E+01  2.50000E-01  3.37610E-23  1.20563E-06  0.00000E+00  1.0E-07
  6.050E+01  2.53788E-01  3.27760E-23  1.17045E-06  0.00000E+00  1.0E-07
  6.100E+01  2.57595E-01  3.18267E-23  1.13655E-06  0.00000E+00  1.0E-07
  6.150E+01  2.61421E-01  3.09114E-23  1.10387E-06  0.00000E+00  1.0E-07
  6.200E+01  2.65264E-01  3.00288E-23  1.07235E-06  0.00000E+00  1.0E-07
  6.250E+01  2.69126E-01  2.91772E-23  1.04194E-06  0.00000E+00  1.0E-07
  6.300E+01  2.73005E-01  2.83555E-23  1.01259E-06  0.00000E+00  1.0E-07
  6.350E+01  2.76901E-01  2.75624E-23  9.84270E-07  0.00000E+00  1.0E-07
  6.400E+01  2.80814E-01  2.67965E-23  9.56921E-07  0.00000E+00  1.0E-07
  6.450E+01  2.84744E-01  2.60568E-23  9.30507E-07  0.00000E+00  1.0E-07
  6.500E+01  2.88691E-01  2.53422E-23  9.04988E-07  0.00000E+00  1.0E-07
  6.550E+01  2.92653E-01  2.46517E-23  8.80327E-07  0.00000E+00  1.0E-07
  6.600E+01  2.96632E-01  2.39841E-23  8.56488E-07  0.00000E+00  1.0E-07
  6.650E+01  3.00625E-01  2.33386E-23  8.33438E-07  0.00000E+00  1.0E-07
  6.700E+01  3.04634E-01  2.27144E-23  8.11145E-07  0.00000E+00  1.0E-07
  6.750E+01  3.08658E-01  2.21105E-23  7.89579E-07  0.00000E+00  1.0E-07
  6.800E+01  3.12697E-01  2.15260E-23  7.68709E-07  0.00000E+00  1.0E-07
  6.850E+01  3.16749E-01  2.09604E-23  7.48510E-07  0.00000E+00  1.0E-07
  6.900E+01  3.20816E-01  2.04128E-23  7.28954E-07  0.00000E+00  1.0E-07
  6.950E+01  3.24896E-01  1.98825E-23  7.10016E-07  0.00000E+00  1.0E-07
  7.000E+01  3.28990E-01  1.93688E-23  6.91673E-07  0.00000E+00  1.0E-07
  7.050E+01  3.33097E-01  1.88712E-23  6.73902E-07  0.00000E+00  1.0E-07
  7.100E+01  3.37216E-01  1.83889E-23  6.56681E-07  0.00000E+00  1.0E-07
  7.150E+01  3.41348E-01  1.79215E-23  6.39988E-07  0.00000E+00  1.0E-07
  7.200E+01  3.45492E-01  1.74683E-23  6.23804E-07  0.00000E+00  1.0E-07
  7.250E+01  3.49647E-01  1.70288E-23  6.08110E-07  0.00000E+00  1.0E-07
  7.300E+01  3.53814E-01  1.66026E-23  5.92888E-07  0.00000E+00  1.0E-07
  7.350E+01  3.57992E-01  1.61890E-23  5.78121E-07  0.00000E+00  1.0E-07
  7.400E+01  3.62181E-01  1.57878E-23  5.63791E-07  0.00000E+00  1.0E-07
  7.450E+01  3.66381E-01  1.53983E-23  5.49884E-07  0.00000E+00  1.0E-07
  7.500E+01  3.70590E-01  1.50203E-23  5.36384E-07  0.00000E+00  1.0E-07
  7.550E+01  3.74810E-01  1.46532E-23  5.23276E-07  0.00000E+00  1.0E-07
  7.600E+01  3.79039E-01  1.42967E-23  5.10546E-07  0.00000E+00  1.0E-07
  7.650E+01  3.83277E-01  1.39505E-23  4.98181E-07  0.00000E+00  1.0E-07
  7.700E+01  3.87524E-01  1.36141E-23  4.86169E-07  0.00000E+00  1.0E-07
  7.750E+01  3.91780E-01  1.32873E-23  4.74497E-07  0.00000E+00  1.0E-07
  7.800E+01  3.96044E-01  1.29696E-23  4.63152E-07  0.00000E+00  1.0E-07
  7.850E+01  4.00316E-01  1.26608E-23  4.52125E-07  0.00000E+00  1.0E-07
  7.900E+01  4.04596E-01  1.23606E-23  4.41404E-07  0.00000E+00  1.0E-07
  7.950E+01  4.08882E-01  1.20686E-23  4.30979E-07  0.00000E+00  1.0E-07
  8.000E+01  4.13176E-01  1.17847E-23  4.20840E-07  0.00000E+00  1.0E-07
  8.050E+01  4.17476E-01  1.15085E-23  4.10977E-07  0.00000E+00  1.0E-07
  8.100E+01  4.21783E-01  1.12398E-23  4.01382E-07  0.00000E+00  1.0E-07
  8.150E+01  4.26095E-01  1.09784E-23  3.92045E-07  0.00000E+00  1.0E-07
  8.200E+01  4.30413E-01  1.07239E-23  3.82957E-07  0.00000E+00  1.0E-07
  8.250E+01  4.34737E-01  1.04762E-23  3.74112E-07  0.00000E+00  1.0E-07
  8.300E+01  4.39065E-01  1.02350E-23  3.65500E-07  0.00000E+00  1.0E-07
  8.350E+01  4.43398E-01  1.00002E-23  3.57115E-07  0.00000E+00  1.0E-07
  8.400E+01  4.47736E-01  9.77155E-24  3.48948E-07  0.00000E+00  1.0E-07
  8.450E+01  4.52077E-01  9.54882E-24  3.40995E-07  0.00000E+00  1.0E-07
  8.500E+01  4.56422E-01  9.33185E-24  3.33246E-07  0.00000E+00  1.0E-07
  8.550E+01  4.60770E-01  9.12045E-24  3.25697E-07  0.00000E+00  1.0E-07
  8.600E+01  4.65122E-01  8.91446E-24  3.18341E-07  0.00000E+00  1.0E-07
  8.650E+01  4.69476E-01  8.71370E-24  3.11172E-07  0.00000E+00  1.0E-07
  8.700E+01  4.73832E-01  8.51801E-24  3.04184E-07  0.00000E+00  1.0E-07
  8.750E+01  4.78190E-01  8.32724E-24  2.97371E-07  0.00000E+00  1.0E-07
  8.800E+01  4.82550E-01  8.14124E-24  2.90729E-07  0.00000E+00  1.0E-07
  8.850E+01  4.86912E-01  7.95986E-24  2.84252E-07  0.00000E+00  1.0E-07
  8.900E+01  4.91274E-01  7.78297E-24  2.77935E-07  0.00000E+00  1.0E-07
  8.950E+01  4.95637E-01  7.61043E-24  2.71773E-07  0.00000E+00  1.0E-07
  9.000E+01  5.00000E-01  7.44211E-24  2.65763E-07  0.00000E+00  1.0E-07
  9.050E+01  5.04363E-01  7.27789E-24  2.59898E-07  0.00000E+00  1.0E-07
  9.100E+01  5.08726E-01  7.11765E-24  2.54176E-07  0.00000E+00  1.0E-07
  9.150E+01  5.13088E-01  6.96127E-24  2.48591E-07  0.00000E+00  1.0E-07
  9.200E+01  5.17450E-01  6.80864E-24  2.43141E-07  0.00000E+00  1.0E-07
  9.250E+01  5.21810E-01  6.65965E-24  2.37820E-07  0.00000E+00  1.0E-07
  9.300E+01  5.26168E-01  6.51420E-24  2.32626E-07  0.00000E+00  1.0E-07
  9.350E+01  5.30524E-01  6.37218E-24  2.27555E-07  0.00000E+00  1.0E-07
  9.400E+01  5.34878E-01  6.23350E-24  2.22602E-07  0.00000E+00  1.0E-07
  9.450E+01  5.39230E-01  6.09807E-24  2.17766E-07  0.00000E+00  1.0E-07
  9.500E+01  5.43578E-01  5.96578E-24  2.13042E-07  0.00000E+00  1.0E-07
  9.550E+01  5.47923E-01  5.83657E-24  2.08428E-07  0.00000E+00  1.0E-07
  9.600E+01  5.52264E-01  5.71033E-24  2.03920E-07  0.00000E+00  1.0E-07
  9.650E+01  5.56602E-01  5.58700E-24  1.99515E-07  0.00000E+00  1.0E-07
  9.700E+01  5.60935E-01  5.46648E-24  1.95212E-07  0.00000E+00  1.0E-07
  9.750E+01  5.65263E-01  5.34871E-24  1.91006E-07  0.00000E+00  1.0E-07
  9.800E+01  5.69587E-01  5.23360E-24  1.86895E-07  0.00000E+00  1.0E-07
  9.850E+01  5.73905E-01  5.12109E-24  1.82878E-07  0.00000E+00  1.0E-07
  9.900E+01  5.78217E-01  5.01111E-24  1.78950E-07  0.00000E+00  1.0E-07
  9.950E+01  5.82524E-01  4.90358E-24  1.75110E-07  0.00000E+00  1.0E-07
  1.000E+02  5.86824E-01  4.79844E-24  1.71356E-07  0.00000E+00  1.0E-07
  1.005E+02  5.91118E-01  4.69564E-24  1.67684E-07  0.00000E+00  1.0E-07
  1.010E+02  5.95404E-01  4.59511E-24  1.64094E-07  0.00000E+00  1.0E-07
  1.015E+02  5.99684E-01  4.49678E-24  1.60583E-07  0.00000E+00  1.0E-07
  1.020E+02  6.03956E-01  4.40061E-24  1.57149E-07  0.00000E+00  1.0E-07
  1.025E+02  6.08220E-01  4.30654E-24  1.53789E-07  0.00000E+00  1.0E-07
  1.030E+02  6.12476E-01  4.21450E-24  1.50503E-07  0.00000E+00  1.0E-07
  1.035E+02  6.16723E-01  4.12446E-24  1.47287E-07  0.00000E+00  1.0E-07
  1.040E+02  6.20961E-01  4.03636E-24  1.44141E-07  0.00000E+00  1.0E-07
  1.045E+02  6.25190E-01  3.95015E-24  1.41062E-07  0.00000E+00  1.0E-07
  1.050E+02  6.29410E-01  3.86578E-24  1.38050E-07  0.00000E+00  1.0E-07
  1.055E+02  6.33619E-01  3.78321E-24  1.35101E-07  0.00000E+00  1.0E-07
  1.060E+02  6.37819E-01  3.70239E-24  1.32215E-07  0.00000E+00  1.0E-07
  1.065E+02  6.42008E-01  3.62328E-24  1.29390E-07  0.00000E+00  1.0E-07
  1.070E+02  6.46186E-01  3.54584E-24  1.26624E-07  0.00000E+00  1.0E-07
  1.075E+02  6.50353E-01  3.47002E-24  1.23917E-07  0.00000E+00  1.0E-07
  1.080E+02  6.54508E-01  3.39579E-24  1.21266E-07  0.00000E+00  1.0E-07
  1.085E+02  6.58652E-01  3.32311E-24  1.18670E-07  0.00000E+00  1.0E-07
  1.090E+02  6.62784E-01  3.25194E-24  1.16129E-07  0.00000E+00  1.0E-07
  1.095E+02  6.66903E-01  3.18224E-24  1.13640E-07  0.00000E+00  1.0E-07
  1.100E+02  6.71010E-01  3.11398E-24  1.11202E-07  0.00000E+00  1.0E-07
  1.105E+02  6.75104E-01  3.04712E-24  1.08815E-07  0.00000E+00  1.0E-07
  1.110E+02  6.79184E-01  2.98163E-24  1.06476E-07  0.00000E+00  1.0E-07
  1.115E+02  6.83251E-01  2.91749E-24  1.04185E-07  0.00000E+00  1.0E-07
  1.120E+02  6.87303E-01  2.85465E-24  1.01941E-07  0.00000E+00  1.0E-07
  1.125E+02  6.91342E-01  2.79309E-24  9.97430E-08  0.00000E+00  1.0E-07
  1.130E+02  6.95366E-01  2.73278E-24  9.75892E-08  0.00000E+00  1.0E-07
  1.135E+02  6.99375E-01  2.67368E-24  9.54788E-08  0.00000E+00  1.0E-07
  1.140E+02  7.03368E-01  2.61578E-24  9.34110E-08  0.00000E+00  1.0E-07
  1.145E+02  7.07347E-01  2.55903E-24  9.13848E-08  0.00000E+00  1.0E-07
  1.150E+02  7.11309E-01  2.50343E-24  8.93991E-08  0.00000E+00  1.0E-07
  1.155E+02  7.15256E-01  2.44894E-24  8.74532E-08  0.00000E+00  1.0E-07
  1.160E+02  7.19186E-01  2.39553E-24  8.55460E-08  0.00000E+00  1.0E-07
  1.165E+02  7.23099E-01  2.34319E-24  8.36768E-08  0.00000E+00  1.0E-07
  1.170E+02  7.26995E-01  2.29188E-24  8.18446E-08  0.00000E+00  1.0E-07
  1.175E+02  7.30874E-01  2.24159E-24  8.00487E-08  0.00000E+00  1.0E-07
  1.180E+02  7.34736E-01  2.19230E-24  7.82883E-08  0.00000E+00  1.0E-07
  1.185E+02  7.38579E-01  2.14397E-24  7.65626E-08  0.00000E+00  1.0E-07
  1.190E+02  7.42405E-01  2.09659E-24  7.48708E-08  0.00000E+00  1.0E-07
  1.195E+02  7.46212E-01  2.05015E-24  7.32121E-08  0.00000E+00  1.0E-07
  1.200E+02  7.50000E-01  2.00461E-24  7.15860E-08  0.00000E+00  1.0E-07
  1.205E+02  7.53769E-01  1.95997E-24  6.99916E-08  0.00000E+00  1.0E-07
  1.210E+02  7.57519E-01  1.91619E-24  6.84284E-08  0.00000E+00  1.0E-07
  1.215E+02  7.61249E-01  1.87327E-24  6.68956E-08  0.00000E+00  1.0E-07
  1.220E+02  7.64960E-01  1.83118E-24  6.53925E-08  0.00000E+00  1.0E-07
  1.225E+02  7.68650E-01  1.78991E-24  6.39187E-08  0.00000E+00  1.0E-07
  1.230E+02  7.72320E-01  1.74943E-24  6.24734E-08  0.00000E+00  1.0E-07
  1.235E+02  7.75968E-01  1.70974E-24  6.10561E-08  0.00000E+00  1.0E-07
  1.240E+02  7.79596E-01  1.67082E-24  5.96661E-08  0.00000E+00  1.0E-07
  1.245E+02  7.83203E-01  1.63265E-24  5.83030E-08  0.00000E+00  1.0E-07
  1.250E+02  7.86788E-01  1.59522E-24  5.69662E-08  0.00000E+00  1.0E-07
  1.255E+02  7.90351E-01  1.55850E-24  5.56551E-08  0.00000E+00  1.0E-07
  1.260E+02  7.93893E-01  1.52249E-24  5.43693E-08  0.00000E+00  1.0E-07
  1.265E+02  7.97411E-01  1.48718E-24  5.31081E-08  0.00000E+00  1.0E-07
  1.270E+02  8.00908E-01  1.45254E-24  5.18712E-08  0.00000E+00  1.0E-07
  1.275E+02  8.04381E-01  1.41857E-24  5.06580E-08  0.00000E+00  1.0E-07
  1.280E+02  8.07831E-01  1.38525E-24  4.94681E-08  0.00000E+00  1.0E-07
  1.285E+02  8.11257E-01  1.35256E-24  4.83009E-08  0.00000E+00  1.0E-07
  1.290E+02  8.14660E-01  1.32051E-24  4.71562E-08  0.00000E+00  1.0E-07
  1.295E+02  8.18039E-01  1.28907E-24  4.60334E-08  0.00000E+00  1.0E-07
  1.300E+02  8.21394E-01  1.25823E-24  4.49321E-08  0.00000E+00  1.0E-07
  1.305E+02  8.24724E-01  1.22798E-24  4.38519E-08  0.00000E+00  1.0E-07
  1.310E+02  8.28030E-01  1.19831E-24  4.27923E-08  0.00000E+00  1.0E-07
  1.315E+02  8.31310E-01  1.16921E-24  4.17531E-08  0.00000E+00  1.0E-07
  1.320E+02  8.34565E-01  1.14066E-24  4.07338E-08  0.00000E+00  1.0E-07
  1.325E+02  8.37795E-01  1.11267E-24  3.97340E-08  0.00000E+00  1.0E-07
  1.330E+02  8.40999E-01  1.08521E-24  3.87534E-08  0.00000E+00  1.0E-07
  1.335E+02  8.44177E-01  1.05827E-24  3.77917E-08  0.00000E+00  1.0E-07
  1.340E+02  8.47329E-01  1.03186E-24  3.68484E-08  0.00000E+00  1.0E-07
  1.345E+02  8.50455E-01  1.00595E-24  3.59232E-08  0.00000E+00  1.0E-07
  1.350E+02  8.53553E-01  9.80544E-25  3.50159E-08  0.00000E+00  1.0E-07
  1.355E+02  8.56625E-01  9.55625E-25  3.41260E-08  0.00000E+00  1.0E-07
  1.360E+02  8.59670E-01  9.31188E-25  3.32533E-08  0.00000E+00  1.0E-07
  1.365E+02  8.62687E-01  9.07223E-25  3.23975E-08  0.00000E+00  1.0E-07
  1.370E+02  8.65677E-01  8.83722E-25  3.15583E-08  0.00000E+00  1.0E-07
  1.375E+02  8.68639E-01  8.60676E-25  3.07353E-08  0.00000E+00  1.0E-07
  1.380E+02  8.71572E-01  8.38079E-25  2.99284E-08  0.00000E+00  1.0E-07
  1.385E+02  8.74478E-01  8.15922E-25  2.91371E-08  0.00000E+00  1.0E-07
  1.390E+02  8.77355E-01  7.94198E-25  2.83613E-08  0.00000E+00  1.0E-07
  1.395E+02  8.80203E-01  7.72900E-25  2.76007E-08  0.00000E+00  1.0E-07
  1.400E+02  8.83022E-01  7.52019E-25  2.68551E-08  0.00000E+00  1.0E-07
  1.405E+02  8.85812E-01  7.31549E-25  2.61241E-08  0.00000E+00  1.0E-07
  1.410E+02  8.88573E-01  7.11484E-25  2.54076E-08  0.00000E+00  1.0E-07
  1.415E+02  8.91304E-01  6.91817E-25  2.47052E-08  0.00000E+00  1.0E-07
  1.420E+02  8.94005E-01  6.72540E-25  2.40168E-08  0.00000E+00  1.0E-07
  1.425E+02  8.96677E-01  6.53649E-25  2.33422E-08  0.00000E+00  1.0E-07
  1.430E+02  8.99318E-01  6.35136E-25  2.26811E-08  0.00000E+00  1.0E-07
  1.435E+02  9.01928E-01  6.16995E-25  2.20333E-08  0.00000E+00  1.0E-07
  1.440E+02  9.04508E-01  5.99221E-25  2.13986E-08  0.00000E+00  1.0E-07
  1.445E+02  9.07058E-01  5.81808E-25  2.07768E-08  0.00000E+00  1.0E-07
  1.450E+02  9.09576E-01  5.64751E-25  2.01676E-08  0.00000E+00  1.0E-07
  1.455E+02  9.12063E-01  5.48043E-25  1.95710E-08  0.00000E+00  1.0E-07
  1.460E+02  9.14519E-01  5.31680E-25  1.89866E-08  0.00000E+00  1.0E-07
  1.465E+02  9.16943E-01  5.15656E-25  1.84144E-08  0.00000E+00  1.0E-07
  1.470E+02  9.19335E-01  4.99967E-25  1.78541E-08  0.00000E+00  1.0E-07
  1.475E+02  9.21696E-01  4.84606E-25  1.73056E-08  0.00000E+00  1.0E-07
  1.480E+02  9.24024E-01  4.69571E-25  1.67687E-08  0.00000E+00  1.0E-07
  1.485E+02  9.26320E-01  4.54855E-25  1.62432E-08  0.00000E+00  1.0E-07
  1.490E+02  9.28584E-01  4.40454E-25  1.57289E-08  0.00000E+00  1.0E-07
  1.495E+02  9.30815E-01  4.26364E-25  1.52257E-08  0.00000E+00  1.0E-07
  1.500E+02  9.33013E-01  4.12581E-25  1.47335E-08  0.00000E+00  1.0E-07
  1.505E+02  9.35178E-01  3.99100E-25  1.42521E-08  0.00000E+00  1.0E-07
  1.510E+02  9.37310E-01  3.85916E-25  1.37813E-08  0.00000E+00  1.0E-07
  1.515E+02  9.39409E-01  3.73027E-25  1.33210E-08  0.00000E+00  1.0E-07
  1.520E+02  9.41474E-01  3.60428E-25  1.28711E-08  0.00000E+00  1.0E-07
  1.525E+02  9.43505E-01  3.48116E-25  1.24314E-08  0.00000E+00  1.0E-07
  1.530E+02  9.45503E-01  3.36086E-25  1.20018E-08  0.00000E+00  1.0E-07
  1.535E+02  9.47467E-01  3.24335E-25  1.15822E-08  0.00000E+00  1.0E-07
  1.540E+02  9.49397E-01  3.12859E-25  1.11724E-08  0.00000E+00  1.0E-07
  1.545E+02  9.51293E-01  3.01655E-25  1.07723E-08  0.00000E+00  1.0E-07
  1.550E+02  9.53154E-01  2.90720E-25  1.03818E-08  0.00000E+00  1.0E-07
  1.555E+02  9.54981E-01  2.80051E-25  1.00008E-08  0.00000E+00  1.0E-07
  1.560E+02  9.56773E-01  2.69644E-25  9.62915E-09  0.00000E+00  1.0E-07
  1.565E+02  9.58530E-01  2.59496E-25  9.26676E-09  0.00000E+00  1.0E-07
  1.570E+02  9.60252E-01  2.49604E-25  8.91352E-09  0.00000E+00  1.0E-07
  1.575E+02  9.61940E-01  2.39966E-25  8.56933E-09  0.00000E+00  1.0E-07
  1.580E+02  9.63592E-01  2.30578E-25  8.23409E-09  0.00000E+00  1.0E-07
  1.585E+02  9.65209E-01  2.21438E-25  7.90769E-09  0.00000E+00  1.0E-07
  1.590E+02  9.66790E-01  2.12543E-25  7.59005E-09  0.00000E+00  1.0E-07
  1.595E+02  9.68336E-01  2.03891E-25  7.28107E-09  0.00000E+00  1.0E-07
  1.600E+02  9.69846E-01  1.95478E-25  6.98066E-09  0.00000E+00  1.0E-07
  1.605E+02  9.71321E-01  1.87304E-25  6.68873E-09  0.00000E+00  1.0E-07
  1.610E+02  9.72759E-01  1.79364E-25  6.40521E-09  0.00000E+00  1.0E-07
  1.615E+02  9.74162E-01  1.71658E-25  6.13001E-09  0.00000E+00  1.0E-07
  1.620E+02  9.75528E-01  1.64182E-25  5.86305E-09  0.00000E+00  1.0E-07
  1.625E+02  9.76858E-01  1.56935E-25  5.60426E-09  0.00000E+00  1.0E-07
  1.630E+02  9.78152E-01  1.49915E-25  5.35356E-09  0.00000E+00  1.0E-07
  1.635E+02  9.79410E-01  1.43119E-25  5.11088E-09  0.00000E+00  1.0E-07
  1.640E+02  9.80631E-01  1.36546E-25  4.87616E-09  0.00000E+00  1.0E-07
  1.645E+02  9.81815E-01  1.30194E-25  4.64931E-09  0.00000E+00  1.0E-07
  1.650E+02  9.82963E-01  1.24061E-25  4.43029E-09  0.00000E+00  1.0E-07
  1.655E+02  9.84074E-01  1.18145E-25  4.21903E-09  0.00000E+00  1.0E-07
  1.660E+02  9.85148E-01  1.12445E-25  4.01547E-09  0.00000E+00  1.0E-07
  1.665E+02  9.86185E-01  1.06959E-25  3.81956E-09  0.00000E+00  1.0E-07
  1.670E+02  9.87185E-01  1.01685E-25  3.63123E-09  0.00000E+00  1.0E-07
  1.675E+02  9.88148E-01  9.66222E-26  3.45044E-09  0.00000E+00  1.0E-07
  1.680E+02  9.89074E-01  9.17691E-26  3.27713E-09  0.00000E+00  1.0E-07
  1.685E+02  9.89962E-01  8.71243E-26  3.11126E-09  0.00000E+00  1.0E-07
  1.690E+02  9.90814E-01  8.26864E-26  2.95279E-09  0.00000E+00  1.0E-07
  1.695E+02  9.91627E-01  7.84543E-26  2.80166E-09  0.00000E+00  1.0E-07
  1.700E+02  9.92404E-01  7.44268E-26  2.65783E-09  0.00000E+00  1.0E-07
  1.705E+02  9.93143E-01  7.06027E-26  2.52127E-09  0.00000E+00  1.0E-07
  1.710E+02  9.93844E-01  6.69810E-26  2.39193E-09  0.00000E+00  1.0E-07
  1.715E+02  9.94508E-01  6.35607E-26  2.26979E-09  0.00000E+00  1.0E-07
  1.720E+02  9.95134E-01  6.03408E-26  2.15481E-09  0.00000E+00  1.0E-07
  1.725E+02  9.95722E-01  5.73204E-26  2.04695E-09  0.00000E+00  1.0E-07
  1.730E+02  9.96273E-01  5.44988E-26  1.94619E-09  0.00000E+00  1.0E-07
  1.735E+02  9.96786E-01  5.18751E-26  1.85249E-09  0.00000E+00  1.0E-07
  1.740E+02  9.97261E-01  4.94487E-26  1.76584E-09  0.00000E+00  1.0E-07
  1.745E+02  9.97698E-01  4.72188E-26  1.68621E-09  0.00000E+00  1.0E-07
  1.750E+02  9.98097E-01  4.51848E-26  1.61358E-09  0.00000E+00  1.0E-07
  1.755E+02  9.98459E-01  4.33463E-26  1.54792E-09  0.00000E+00  1.0E-07
  1.760E+02  9.98782E-01  4.17026E-26  1.48923E-09  0.00000E+00  1.0E-07
  1.765E+02  9.99067E-01  4.02533E-26  1.43747E-09  0.00000E+00  1.0E-07
  1.770E+02  9.99315E-01  3.89981E-26  1.39265E-09  0.00000E+00  1.0E-07
  1.775E+02  9.99524E-01  3.79366E-26  1.35474E-09  0.00000E+00  1.0E-07
  1.780E+02  9.99695E-01  3.70685E-26  1.32374E-09  0.00000E+00  1.0E-07
  1.785E+02  9.99829E-01  3.63935E-26  1.29964E-09  0.00000E+00  1.0E-07
  1.790E+02  9.99924E-01  3.59115E-26  1.28242E-09  0.00000E+00  1.0E-07
  1.795E+02  9.99981E-01  3.56224E-26  1.27210E-09  0.00000E+00  1.0E-07
  1.800E+02  1.00000E+00  3.55260E-26  1.26866E-09  0.00000E+00  1.0E-07
