 #
 # Subroutine ELSEPA. Elastic scattering of electrons and positrons
 #                    by neutral atoms and positive ions
 #
 # Projectile: electron
 # Kinetic energy = 3.70000E+06 eV = 1.35973E+05 a.u.
 #
 # WARNING: High-energy factorization with free-atom DF screening.
 #          Absorption, polarization and exchange corrections are
 #          switched off.
 #          Phase shifts are calculated for the bare nucleus.
 #          Scattering amplitudes are not evaluated.
 #
 # Element: In,  Z =  49,  atomic weight = 1.14818E+02 g/mol
 #
 # Nuclear model: Fermi distribution
 #                Average radius = 5.20060E-13 cm
 #                Skin thickness = 5.46000E-14 cm
 #
 # Number of electrons = 49
 #
 # Total elastic cross section = 4.89843E-18 cm**2 = 1.74926E-01 a0**2
 # 1st transport cross section = 2.11577E-22 cm**2 = 7.55554E-06 a0**2
 # 2nd transport cross section = 5.87964E-22 cm**2 = 2.09966E-05 a0**2
 #
 #
 # Differential cross section:                       MU=(1-COS(THETA))/2
 #
 #  THETA        MU          DCS          DCS        Sherman      error
 #  (deg)                 (cm**2/sr)   (a0**2/sr)    function
 #----------------------------------------------------------------------
  0.000E+00  0.00000E+00  7.35117E-13  2.62515E+04  0.00000E+00  1.0E-05
  1.000E-04  7.61557E-13  7.35114E-13  2.62514E+04  0.00000E+00  1.0E-05
  1.250E-04  1.18994E-12  7.35112E-13  2.62513E+04  0.00000E+00  1.0E-05
  1.500E-04  1.71346E-12  7.35109E-13  2.62512E+04  0.00000E+00  1.0E-05
  1.750E-04  2.33225E-12  7.35106E-13  2.62511E+04  0.00000E+00  1.0E-05
  2.000E-04  3.04617E-12  7.35103E-13  2.62510E+04  0.00000E+00  1.0E-05
  2.250E-04  3.85530E-12  7.35099E-13  2.62509E+04  0.00000E+00  1.0E-05
  2.500E-04  4.75964E-12  7.35094E-13  2.62507E+04  0.00000E+00  1.0E-05
  2.750E-04  5.75917E-12  7.35089E-13  2.62505E+04  0.00000E+00  1.0E-05
  3.000E-04  6.85391E-12  7.35084E-13  2.62503E+04  0.00000E+00  1.0E-05
  3.250E-04  8.04379E-12  7.35078E-13  2.62501E+04  0.00000E+00  1.0E-05
  3.500E-04  9.32893E-12  7.35072E-13  2.62499E+04  0.00000E+00  1.0E-05
  3.750E-04  1.07092E-11  7.35065E-13  2.62496E+04  0.00000E+00  1.0E-05
  4.000E-04  1.21847E-11  7.35058E-13  2.62494E+04  0.00000E+00  1.0E-05
  4.250E-04  1.37554E-11  7.35050E-13  2.62491E+04  0.00000E+00  1.0E-05
  4.500E-04  1.54213E-11  7.35042E-13  2.62488E+04  0.00000E+00  1.0E-05
  4.750E-04  1.71823E-11  7.35033E-13  2.62485E+04  0.00000E+00  1.0E-05
  5.000E-04  1.90386E-11  7.35024E-13  2.62482E+04  0.00000E+00  1.0E-05
  5.250E-04  2.09900E-11  7.35014E-13  2.62478E+04  0.00000E+00  1.0E-05
  5.500E-04  2.30367E-11  7.35004E-13  2.62475E+04  0.00000E+00  1.0E-05
  5.750E-04  2.51785E-11  7.34994E-13  2.62471E+04  0.00000E+00  1.0E-05
  6.000E-04  2.74156E-11  7.34983E-13  2.62467E+04  0.00000E+00  1.0E-05
  6.250E-04  2.97478E-11  7.34971E-13  2.62463E+04  0.00000E+00  1.0E-05
  6.500E-04  3.21752E-11  7.34959E-13  2.62459E+04  0.00000E+00  1.0E-05
  6.750E-04  3.46979E-11  7.34947E-13  2.62454E+04  0.00000E+00  1.0E-05
  7.000E-04  3.73157E-11  7.34934E-13  2.62450E+04  0.00000E+00  1.0E-05
  7.250E-04  4.00286E-11  7.34921E-13  2.62445E+04  0.00000E+00  1.0E-05
  7.500E-04  4.28368E-11  7.34907E-13  2.62440E+04  0.00000E+00  1.0E-05
  7.750E-04  4.57402E-11  7.34892E-13  2.62435E+04  0.00000E+00  1.0E-05
  8.000E-04  4.87388E-11  7.34878E-13  2.62430E+04  0.00000E+00  1.0E-05
  8.250E-04  5.18325E-11  7.34862E-13  2.62424E+04  0.00000E+00  1.0E-05
  8.500E-04  5.50215E-11  7.34847E-13  2.62419E+04  0.00000E+00  1.0E-05
  8.750E-04  5.83057E-11  7.34830E-13  2.62413E+04  0.00000E+00  1.0E-05
  9.000E-04  6.16850E-11  7.34814E-13  2.62407E+04  0.00000E+00  1.0E-05
  9.250E-04  6.51595E-11  7.34797E-13  2.62401E+04  0.00000E+00  1.0E-05
  9.500E-04  6.87293E-11  7.34779E-13  2.62394E+04  0.00000E+00  1.0E-05
  9.750E-04  7.23943E-11  7.34761E-13  2.62388E+04  0.00000E+00  1.0E-05
  1.000E-03  7.61544E-11  7.34743E-13  2.62381E+04  0.00000E+00  1.0E-05
  1.250E-03  1.18991E-10  7.34531E-13  2.62306E+04  0.00000E+00  1.0E-05
  1.500E-03  1.71347E-10  7.34274E-13  2.62214E+04  0.00000E+00  1.0E-05
  1.750E-03  2.33223E-10  7.33969E-13  2.62105E+04  0.00000E+00  1.0E-05
  2.000E-03  3.04617E-10  7.33618E-13  2.61980E+04  0.00000E+00  1.0E-05
  2.250E-03  3.85531E-10  7.33220E-13  2.61838E+04  0.00000E+00  1.0E-05
  2.500E-03  4.75965E-10  7.32776E-13  2.61679E+04  0.00000E+00  1.0E-05
  2.750E-03  5.75917E-10  7.32285E-13  2.61504E+04  0.00000E+00  1.0E-05
  3.000E-03  6.85389E-10  7.31749E-13  2.61312E+04  0.00000E+00  1.0E-05
  3.250E-03  8.04380E-10  7.31166E-13  2.61104E+04  0.00000E+00  1.0E-05
  3.500E-03  9.32891E-10  7.30538E-13  2.60880E+04  0.00000E+00  1.0E-05
  3.750E-03  1.07092E-09  7.29865E-13  2.60640E+04  0.00000E+00  1.0E-05
  4.000E-03  1.21847E-09  7.29146E-13  2.60383E+04  0.00000E+00  1.0E-05
  4.250E-03  1.37554E-09  7.28383E-13  2.60110E+04  0.00000E+00  1.0E-05
  4.500E-03  1.54213E-09  7.27574E-13  2.59822E+04  0.00000E+00  1.0E-05
  4.750E-03  1.71823E-09  7.26722E-13  2.59517E+04  0.00000E+00  1.0E-05
  5.000E-03  1.90386E-09  7.25825E-13  2.59197E+04  0.00000E+00  1.0E-05
  5.250E-03  2.09900E-09  7.24884E-13  2.58861E+04  0.00000E+00  1.0E-05
  5.500E-03  2.30367E-09  7.23899E-13  2.58509E+04  0.00000E+00  1.0E-05
  5.750E-03  2.51785E-09  7.22872E-13  2.58142E+04  0.00000E+00  1.0E-05
  6.000E-03  2.74156E-09  7.21801E-13  2.57760E+04  0.00000E+00  1.0E-05
  6.250E-03  2.97478E-09  7.20689E-13  2.57363E+04  0.00000E+00  1.0E-05
  6.500E-03  3.21752E-09  7.19534E-13  2.56950E+04  0.00000E+00  1.0E-05
  6.750E-03  3.46978E-09  7.18337E-13  2.56523E+04  0.00000E+00  1.0E-05
  7.000E-03  3.73156E-09  7.17099E-13  2.56081E+04  0.00000E+00  1.0E-05
  7.250E-03  4.00286E-09  7.15819E-13  2.55624E+04  0.00000E+00  1.0E-05
  7.500E-03  4.28368E-09  7.14500E-13  2.55152E+04  0.00000E+00  1.0E-05
  7.750E-03  4.57402E-09  7.13140E-13  2.54667E+04  0.00000E+00  1.0E-05
  8.000E-03  4.87388E-09  7.11741E-13  2.54167E+04  0.00000E+00  1.0E-05
  8.250E-03  5.18326E-09  7.10302E-13  2.53653E+04  0.00000E+00  1.0E-05
  8.500E-03  5.50215E-09  7.08824E-13  2.53126E+04  0.00000E+00  1.0E-05
  8.750E-03  5.83057E-09  7.07309E-13  2.52585E+04  0.00000E+00  1.0E-05
  9.000E-03  6.16850E-09  7.05755E-13  2.52030E+04  0.00000E+00  1.0E-05
  9.250E-03  6.51596E-09  7.04164E-13  2.51462E+04  0.00000E+00  1.0E-05
  9.500E-03  6.87293E-09  7.02537E-13  2.50880E+04  0.00000E+00  1.0E-05
  9.750E-03  7.23942E-09  7.00873E-13  2.50286E+04  0.00000E+00  1.0E-05
  1.000E-02  7.61544E-09  6.99173E-13  2.49679E+04  0.00000E+00  1.0E-05
  1.250E-02  1.18991E-08  6.80325E-13  2.42948E+04  0.00000E+00  1.0E-05
  1.500E-02  1.71347E-08  6.58481E-13  2.35148E+04  0.00000E+00  1.0E-05
  1.750E-02  2.33223E-08  6.34294E-13  2.26511E+04  0.00000E+00  1.0E-05
  2.000E-02  3.04617E-08  6.08363E-13  2.17250E+04  0.00000E+00  1.0E-05
  2.250E-02  3.85531E-08  5.81216E-13  2.07556E+04  0.00000E+00  1.0E-05
  2.500E-02  4.75965E-08  5.53395E-13  1.97621E+04  0.00000E+00  1.0E-05
  2.750E-02  5.75917E-08  5.25411E-13  1.87628E+04  0.00000E+00  1.0E-05
  3.000E-02  6.85389E-08  4.97670E-13  1.77721E+04  0.00000E+00  1.0E-05
  3.250E-02  8.04380E-08  4.70456E-13  1.68003E+04  0.00000E+00  1.0E-05
  3.500E-02  9.32891E-08  4.44001E-13  1.58556E+04  0.00000E+00  1.0E-05
  3.750E-02  1.07092E-07  4.18565E-13  1.49472E+04  0.00000E+00  1.0E-05
  4.000E-02  1.21847E-07  3.94281E-13  1.40800E+04  0.00000E+00  1.0E-05
  4.250E-02  1.37554E-07  3.71210E-13  1.32561E+04  0.00000E+00  1.0E-05
  4.500E-02  1.54213E-07  3.49334E-13  1.24749E+04  0.00000E+00  1.0E-05
  4.750E-02  1.71823E-07  3.28750E-13  1.17399E+04  0.00000E+00  1.0E-05
  5.000E-02  1.90386E-07  3.09441E-13  1.10503E+04  0.00000E+00  1.0E-05
  5.250E-02  2.09900E-07  2.91373E-13  1.04051E+04  0.00000E+00  1.0E-05
  5.500E-02  2.30367E-07  2.74406E-13  9.79923E+03  0.00000E+00  1.0E-05
  5.750E-02  2.51785E-07  2.58582E-13  9.23412E+03  0.00000E+00  1.0E-05
  6.000E-02  2.74156E-07  2.43835E-13  8.70752E+03  0.00000E+00  1.0E-05
  6.250E-02  2.97478E-07  2.30102E-13  8.21709E+03  0.00000E+00  1.0E-05
  6.500E-02  3.21752E-07  2.17252E-13  7.75822E+03  0.00000E+00  1.0E-05
  6.750E-02  3.46978E-07  2.05275E-13  7.33051E+03  0.00000E+00  1.0E-05
  7.000E-02  3.73156E-07  1.94122E-13  6.93222E+03  0.00000E+00  1.0E-05
  7.250E-02  4.00286E-07  1.83732E-13  6.56118E+03  0.00000E+00  1.0E-05
  7.500E-02  4.28368E-07  1.74007E-13  6.21389E+03  0.00000E+00  1.0E-05
  7.750E-02  4.57402E-07  1.64913E-13  5.88915E+03  0.00000E+00  1.0E-05
  8.000E-02  4.87388E-07  1.56425E-13  5.58604E+03  0.00000E+00  1.0E-05
  8.250E-02  5.18325E-07  1.48496E-13  5.30289E+03  0.00000E+00  1.0E-05
  8.500E-02  5.50215E-07  1.41059E-13  5.03732E+03  0.00000E+00  1.0E-05
  8.750E-02  5.83057E-07  1.34070E-13  4.78773E+03  0.00000E+00  1.0E-05
  9.000E-02  6.16850E-07  1.27523E-13  4.55394E+03  0.00000E+00  1.0E-05
  9.250E-02  6.51596E-07  1.21385E-13  4.33473E+03  0.00000E+00  1.0E-05
  9.500E-02  6.87293E-07  1.15613E-13  4.12862E+03  0.00000E+00  1.0E-05
  9.750E-02  7.23942E-07  1.10158E-13  3.93382E+03  0.00000E+00  1.0E-05
  1.000E-01  7.61543E-07  1.05029E-13  3.75066E+03  0.00000E+00  1.0E-05
  1.250E-01  1.18991E-06  6.69209E-14  2.38979E+03  0.00000E+00  1.0E-05
  1.500E-01  1.71347E-06  4.34821E-14  1.55277E+03  0.00000E+00  1.0E-05
  1.750E-01  2.33223E-06  2.95287E-14  1.05449E+03  0.00000E+00  1.0E-05
  2.000E-01  3.04617E-06  2.05344E-14  7.33297E+02  0.00000E+00  1.0E-05
  2.250E-01  3.85531E-06  1.44796E-14  5.17077E+02  0.00000E+00  1.0E-05
  2.500E-01  4.75964E-06  1.04441E-14  3.72964E+02  0.00000E+00  1.0E-05
  2.750E-01  5.75916E-06  7.72261E-15  2.75779E+02  0.00000E+00  1.0E-05
  3.000E-01  6.85388E-06  5.83946E-15  2.08531E+02  0.00000E+00  1.0E-05
  3.250E-01  8.04378E-06  4.50442E-15  1.60856E+02  0.00000E+00  1.0E-05
  3.500E-01  9.32888E-06  3.54033E-15  1.26428E+02  0.00000E+00  1.0E-05
  3.750E-01  1.07092E-05  2.83211E-15  1.01137E+02  0.00000E+00  1.0E-05
  4.000E-01  1.21846E-05  2.30048E-15  8.21517E+01  0.00000E+00  1.0E-05
  4.250E-01  1.37553E-05  1.89296E-15  6.75989E+01  0.00000E+00  1.0E-05
  4.500E-01  1.54212E-05  1.57342E-15  5.61877E+01  0.00000E+00  1.0E-05
  4.750E-01  1.71822E-05  1.32056E-15  4.71579E+01  0.00000E+00  1.0E-05
  5.000E-01  1.90385E-05  1.11732E-15  3.99004E+01  0.00000E+00  1.0E-05
  5.250E-01  2.09899E-05  9.52737E-16  3.40228E+01  0.00000E+00  1.0E-05
  5.500E-01  2.30365E-05  8.16150E-16  2.91452E+01  0.00000E+00  1.0E-05
  5.750E-01  2.51783E-05  7.02992E-16  2.51043E+01  0.00000E+00  1.0E-05
  6.000E-01  2.74153E-05  6.08496E-16  2.17298E+01  0.00000E+00  1.0E-05
  6.250E-01  2.97475E-05  5.29056E-16  1.88929E+01  0.00000E+00  1.0E-05
  6.500E-01  3.21749E-05  4.61572E-16  1.64830E+01  0.00000E+00  1.0E-05
  6.750E-01  3.46974E-05  4.04146E-16  1.44323E+01  0.00000E+00  1.0E-05
  7.000E-01  3.73152E-05  3.55210E-16  1.26848E+01  0.00000E+00  1.0E-05
  7.250E-01  4.00281E-05  3.13350E-16  1.11899E+01  0.00000E+00  1.0E-05
  7.500E-01  4.28362E-05  2.77282E-16  9.90193E+00  0.00000E+00  1.0E-05
  7.750E-01  4.57395E-05  2.46155E-16  8.79035E+00  0.00000E+00  1.0E-05
  8.000E-01  4.87380E-05  2.19230E-16  7.82884E+00  0.00000E+00  1.0E-05
  8.250E-01  5.18317E-05  1.95846E-16  6.99378E+00  0.00000E+00  1.0E-05
  8.500E-01  5.50205E-05  1.75437E-16  6.26498E+00  0.00000E+00  1.0E-05
  8.750E-01  5.83045E-05  1.57573E-16  5.62705E+00  0.00000E+00  1.0E-05
  9.000E-01  6.16838E-05  1.41921E-16  5.06809E+00  0.00000E+00  1.0E-05
  9.250E-01  6.51582E-05  1.28164E-16  4.57681E+00  0.00000E+00  1.0E-05
  9.500E-01  6.87277E-05  1.16031E-16  4.14354E+00  0.00000E+00  1.0E-05
  9.750E-01  7.23925E-05  1.05294E-16  3.76013E+00  0.00000E+00  1.0E-05
  1.000E+00  7.61524E-05  9.57827E-17  3.42046E+00  0.00000E+00  3.8E-06
  1.100E+00  9.21439E-05  6.70374E-17  2.39395E+00  0.00000E+00  2.9E-06
  1.200E+00  1.09658E-04  4.83948E-17  1.72821E+00  0.00000E+00  1.6E-06
  1.300E+00  1.28695E-04  3.58526E-17  1.28032E+00  0.00000E+00  3.2E-07
  1.400E+00  1.49255E-04  2.71355E-17  9.69025E-01  0.00000E+00  6.3E-07
  1.500E+00  1.71338E-04  2.09377E-17  7.47698E-01  0.00000E+00  1.1E-06
  1.600E+00  1.94942E-04  1.64210E-17  5.86406E-01  0.00000E+00  1.2E-06
  1.700E+00  2.20070E-04  1.30595E-17  4.66364E-01  0.00000E+00  9.5E-07
  1.800E+00  2.46720E-04  1.05112E-17  3.75363E-01  0.00000E+00  5.4E-07
  1.900E+00  2.74892E-04  8.55542E-18  3.05520E-01  0.00000E+00  1.0E-07
  2.000E+00  3.04586E-04  7.03383E-18  2.51183E-01  0.00000E+00  2.9E-07
  2.100E+00  3.35803E-04  5.83527E-18  2.08381E-01  0.00000E+00  5.0E-07
  2.200E+00  3.68542E-04  4.87888E-18  1.74228E-01  0.00000E+00  5.4E-07
  2.300E+00  4.02802E-04  4.11050E-18  1.46788E-01  0.00000E+00  4.4E-07
  2.400E+00  4.38585E-04  3.48741E-18  1.24538E-01  0.00000E+00  2.5E-07
  2.500E+00  4.75889E-04  2.97790E-18  1.06343E-01  0.00000E+00  1.0E-07
  2.600E+00  5.14715E-04  2.55749E-18  9.13296E-02  0.00000E+00  1.7E-07
  2.700E+00  5.55063E-04  2.20870E-18  7.88741E-02  0.00000E+00  2.7E-07
  2.800E+00  5.96931E-04  1.91742E-18  6.84723E-02  0.00000E+00  2.9E-07
  2.900E+00  6.40321E-04  1.67263E-18  5.97306E-02  0.00000E+00  2.4E-07
  3.000E+00  6.85233E-04  1.46561E-18  5.23379E-02  0.00000E+00  1.3E-07
  3.100E+00  7.31665E-04  1.28966E-18  4.60546E-02  0.00000E+00  1.0E-07
  3.200E+00  7.79618E-04  1.13940E-18  4.06888E-02  0.00000E+00  1.1E-07
  3.300E+00  8.29092E-04  1.01045E-18  3.60839E-02  0.00000E+00  1.7E-07
  3.400E+00  8.80086E-04  8.99263E-19  3.21133E-02  0.00000E+00  1.8E-07
  3.500E+00  9.32601E-04  8.02974E-19  2.86747E-02  0.00000E+00  1.5E-07
  3.600E+00  9.86636E-04  7.19282E-19  2.56860E-02  0.00000E+00  1.0E-07
  3.700E+00  1.04219E-03  6.46257E-19  2.30782E-02  0.00000E+00  1.0E-07
  3.800E+00  1.09927E-03  5.82297E-19  2.07942E-02  0.00000E+00  1.0E-07
  3.900E+00  1.15786E-03  5.26073E-19  1.87864E-02  0.00000E+00  1.2E-07
  4.000E+00  1.21797E-03  4.76505E-19  1.70163E-02  0.00000E+00  1.2E-07
  4.100E+00  1.27961E-03  4.32667E-19  1.54508E-02  0.00000E+00  1.0E-07
  4.200E+00  1.34276E-03  3.93779E-19  1.40621E-02  0.00000E+00  1.0E-07
  4.300E+00  1.40743E-03  3.59173E-19  1.28263E-02  0.00000E+00  1.0E-07
  4.400E+00  1.47362E-03  3.28306E-19  1.17240E-02  0.00000E+00  1.0E-07
  4.500E+00  1.54133E-03  3.00701E-19  1.07382E-02  0.00000E+00  1.0E-07
  4.600E+00  1.61056E-03  2.75953E-19  9.85444E-03  0.00000E+00  1.0E-07
  4.700E+00  1.68131E-03  2.53706E-19  9.06001E-03  0.00000E+00  1.0E-07
  4.800E+00  1.75357E-03  2.33668E-19  8.34443E-03  0.00000E+00  1.0E-07
  4.900E+00  1.82735E-03  2.15580E-19  7.69851E-03  0.00000E+00  1.0E-07
  5.000E+00  1.90265E-03  1.99219E-19  7.11423E-03  0.00000E+00  1.0E-07
  5.100E+00  1.97947E-03  1.84386E-19  6.58455E-03  0.00000E+00  1.0E-07
  5.200E+00  2.05780E-03  1.70915E-19  6.10348E-03  0.00000E+00  1.0E-07
  5.300E+00  2.13765E-03  1.58659E-19  5.66581E-03  0.00000E+00  1.0E-07
  5.400E+00  2.21902E-03  1.47488E-19  5.26688E-03  0.00000E+00  1.0E-07
  5.500E+00  2.30190E-03  1.37287E-19  4.90261E-03  0.00000E+00  1.0E-07
  5.600E+00  2.38630E-03  1.27957E-19  4.56943E-03  0.00000E+00  1.0E-07
  5.700E+00  2.47222E-03  1.19411E-19  4.26424E-03  0.00000E+00  1.0E-07
  5.800E+00  2.55965E-03  1.11570E-19  3.98425E-03  0.00000E+00  1.0E-07
  5.900E+00  2.64859E-03  1.04366E-19  3.72699E-03  0.00000E+00  1.0E-07
  6.000E+00  2.73905E-03  9.77365E-20  3.49024E-03  0.00000E+00  1.0E-07
  6.100E+00  2.83103E-03  9.16281E-20  3.27210E-03  0.00000E+00  1.0E-07
  6.200E+00  2.92452E-03  8.59922E-20  3.07084E-03  0.00000E+00  1.0E-07
  6.300E+00  3.01952E-03  8.07855E-20  2.88490E-03  0.00000E+00  1.0E-07
  6.400E+00  3.11604E-03  7.59684E-20  2.71288E-03  0.00000E+00  1.0E-07
  6.500E+00  3.21407E-03  7.15072E-20  2.55357E-03  0.00000E+00  1.0E-07
  6.600E+00  3.31362E-03  6.73707E-20  2.40585E-03  0.00000E+00  1.0E-07
  6.700E+00  3.41468E-03  6.35308E-20  2.26873E-03  0.00000E+00  1.0E-07
  6.800E+00  3.51725E-03  5.99617E-20  2.14127E-03  0.00000E+00  1.0E-07
  6.900E+00  3.62133E-03  5.66412E-20  2.02269E-03  0.00000E+00  1.0E-07
  7.000E+00  3.72692E-03  5.35489E-20  1.91226E-03  0.00000E+00  1.0E-07
  7.100E+00  3.83403E-03  5.06660E-20  1.80932E-03  0.00000E+00  1.0E-07
  7.200E+00  3.94265E-03  4.79754E-20  1.71323E-03  0.00000E+00  1.0E-07
  7.300E+00  4.05278E-03  4.54621E-20  1.62348E-03  0.00000E+00  1.0E-07
  7.400E+00  4.16442E-03  4.31123E-20  1.53957E-03  0.00000E+00  1.0E-07
  7.500E+00  4.27757E-03  4.09134E-20  1.46104E-03  0.00000E+00  1.0E-07
  7.600E+00  4.39223E-03  3.88536E-20  1.38749E-03  0.00000E+00  1.0E-07
  7.700E+00  4.50840E-03  3.69226E-20  1.31853E-03  0.00000E+00  1.0E-07
  7.800E+00  4.62608E-03  3.51108E-20  1.25383E-03  0.00000E+00  1.0E-07
  7.900E+00  4.74527E-03  3.34096E-20  1.19308E-03  0.00000E+00  1.0E-07
  8.000E+00  4.86597E-03  3.18107E-20  1.13598E-03  0.00000E+00  1.0E-07
  8.100E+00  4.98817E-03  3.03070E-20  1.08228E-03  0.00000E+00  1.0E-07
  8.200E+00  5.11188E-03  2.88916E-20  1.03174E-03  0.00000E+00  1.0E-07
  8.300E+00  5.23711E-03  2.75585E-20  9.84131E-04  0.00000E+00  1.0E-07
  8.400E+00  5.36383E-03  2.63019E-20  9.39258E-04  0.00000E+00  1.0E-07
  8.500E+00  5.49207E-03  2.51165E-20  8.96927E-04  0.00000E+00  1.0E-07
  8.600E+00  5.62181E-03  2.39977E-20  8.56972E-04  0.00000E+00  1.0E-07
  8.700E+00  5.75306E-03  2.29409E-20  8.19233E-04  0.00000E+00  1.0E-07
  8.800E+00  5.88581E-03  2.19420E-20  7.83565E-04  0.00000E+00  1.0E-07
  8.900E+00  6.02007E-03  2.09973E-20  7.49826E-04  0.00000E+00  1.0E-07
  9.000E+00  6.15583E-03  2.01032E-20  7.17899E-04  0.00000E+00  1.0E-07
  9.100E+00  6.29310E-03  1.92566E-20  6.87666E-04  0.00000E+00  1.0E-07
  9.200E+00  6.43187E-03  1.84544E-20  6.59020E-04  0.00000E+00  1.0E-07
  9.300E+00  6.57214E-03  1.76938E-20  6.31859E-04  0.00000E+00  1.0E-07
  9.400E+00  6.71392E-03  1.69724E-20  6.06094E-04  0.00000E+00  1.0E-07
  9.500E+00  6.85720E-03  1.62876E-20  5.81640E-04  0.00000E+00  1.0E-07
  9.600E+00  7.00198E-03  1.56372E-20  5.58416E-04  0.00000E+00  1.0E-07
  9.700E+00  7.14827E-03  1.50193E-20  5.36348E-04  0.00000E+00  1.0E-07
  9.800E+00  7.29605E-03  1.44318E-20  5.15368E-04  0.00000E+00  1.0E-07
  9.900E+00  7.44534E-03  1.38730E-20  4.95412E-04  0.00000E+00  1.0E-07
  1.000E+01  7.59612E-03  1.33411E-20  4.76421E-04  0.00000E+00  1.0E-07
  1.025E+01  7.97965E-03  1.21198E-20  4.32806E-04  0.00000E+00  1.0E-07
  1.050E+01  8.37255E-03  1.10361E-20  3.94108E-04  0.00000E+00  1.0E-07
  1.075E+01  8.77480E-03  1.00719E-20  3.59674E-04  0.00000E+00  1.0E-07
  1.100E+01  9.18641E-03  9.21154E-21  3.28950E-04  0.00000E+00  1.0E-07
  1.125E+01  9.60736E-03  8.44189E-21  3.01465E-04  0.00000E+00  1.0E-07
  1.150E+01  1.00376E-02  7.75166E-21  2.76817E-04  0.00000E+00  1.0E-07
  1.175E+01  1.04773E-02  7.13119E-21  2.54659E-04  0.00000E+00  1.0E-07
  1.200E+01  1.09262E-02  6.57213E-21  2.34695E-04  0.00000E+00  1.0E-07
  1.225E+01  1.13844E-02  6.06731E-21  2.16668E-04  0.00000E+00  1.0E-07
  1.250E+01  1.18520E-02  5.61051E-21  2.00355E-04  0.00000E+00  1.0E-07
  1.275E+01  1.23288E-02  5.19631E-21  1.85564E-04  0.00000E+00  1.0E-07
  1.300E+01  1.28150E-02  4.82003E-21  1.72126E-04  0.00000E+00  1.0E-07
  1.325E+01  1.33104E-02  4.47753E-21  1.59895E-04  0.00000E+00  1.0E-07
  1.350E+01  1.38150E-02  4.16526E-21  1.48744E-04  0.00000E+00  1.0E-07
  1.375E+01  1.43290E-02  3.88002E-21  1.38558E-04  0.00000E+00  1.0E-07
  1.400E+01  1.48521E-02  3.61905E-21  1.29239E-04  0.00000E+00  1.0E-07
  1.425E+01  1.53845E-02  3.37990E-21  1.20698E-04  0.00000E+00  1.0E-07
  1.450E+01  1.59262E-02  3.16041E-21  1.12860E-04  0.00000E+00  1.0E-07
  1.475E+01  1.64770E-02  2.95866E-21  1.05656E-04  0.00000E+00  1.0E-07
  1.500E+01  1.70371E-02  2.77293E-21  9.90232E-05  0.00000E+00  1.0E-07
  1.525E+01  1.76063E-02  2.60173E-21  9.29095E-05  0.00000E+00  1.0E-07
  1.550E+01  1.81848E-02  2.44370E-21  8.72662E-05  0.00000E+00  1.0E-07
  1.575E+01  1.87724E-02  2.29764E-21  8.20502E-05  0.00000E+00  1.0E-07
  1.600E+01  1.93692E-02  2.16246E-21  7.72229E-05  0.00000E+00  1.0E-07
  1.625E+01  1.99751E-02  2.03721E-21  7.27500E-05  0.00000E+00  1.0E-07
  1.650E+01  2.05901E-02  1.92101E-21  6.86005E-05  0.00000E+00  1.0E-07
  1.675E+01  2.12143E-02  1.81309E-21  6.47466E-05  0.00000E+00  1.0E-07
  1.700E+01  2.18476E-02  1.71274E-21  6.11630E-05  0.00000E+00  1.0E-07
  1.725E+01  2.24900E-02  1.61933E-21  5.78273E-05  0.00000E+00  1.0E-07
  1.750E+01  2.31415E-02  1.53229E-21  5.47191E-05  0.00000E+00  1.0E-07
  1.775E+01  2.38021E-02  1.45110E-21  5.18198E-05  0.00000E+00  1.0E-07
  1.800E+01  2.44717E-02  1.37529E-21  4.91126E-05  0.00000E+00  1.0E-07
  1.825E+01  2.51504E-02  1.30444E-21  4.65824E-05  0.00000E+00  1.0E-07
  1.850E+01  2.58382E-02  1.23816E-21  4.42154E-05  0.00000E+00  1.0E-07
  1.875E+01  2.65349E-02  1.17609E-21  4.19991E-05  0.00000E+00  1.0E-07
  1.900E+01  2.72407E-02  1.11792E-21  3.99218E-05  0.00000E+00  1.0E-07
  1.925E+01  2.79555E-02  1.06336E-21  3.79733E-05  0.00000E+00  1.0E-07
  1.950E+01  2.86793E-02  1.01213E-21  3.61440E-05  0.00000E+00  1.0E-07
  1.975E+01  2.94120E-02  9.64004E-22  3.44252E-05  0.00000E+00  1.0E-07
  2.000E+01  3.01537E-02  9.18742E-22  3.28089E-05  0.00000E+00  1.0E-07
  2.025E+01  3.09043E-02  8.76146E-22  3.12877E-05  0.00000E+00  1.0E-07
  2.050E+01  3.16639E-02  8.36028E-22  2.98551E-05  0.00000E+00  1.0E-07
  2.075E+01  3.24324E-02  7.98216E-22  2.85048E-05  0.00000E+00  1.0E-07
  2.100E+01  3.32098E-02  7.62550E-22  2.72312E-05  0.00000E+00  1.0E-07
  2.125E+01  3.39961E-02  7.28886E-22  2.60290E-05  0.00000E+00  1.0E-07
  2.150E+01  3.47912E-02  6.97088E-22  2.48935E-05  0.00000E+00  1.0E-07
  2.175E+01  3.55952E-02  6.67033E-22  2.38202E-05  0.00000E+00  1.0E-07
  2.200E+01  3.64081E-02  6.38607E-22  2.28051E-05  0.00000E+00  1.0E-07
  2.225E+01  3.72297E-02  6.11702E-22  2.18443E-05  0.00000E+00  1.0E-07
  2.250E+01  3.80602E-02  5.86223E-22  2.09344E-05  0.00000E+00  1.0E-07
  2.275E+01  3.88995E-02  5.62078E-22  2.00722E-05  0.00000E+00  1.0E-07
  2.300E+01  3.97476E-02  5.39183E-22  1.92546E-05  0.00000E+00  1.0E-07
  2.325E+01  4.06044E-02  5.17463E-22  1.84789E-05  0.00000E+00  1.0E-07
  2.350E+01  4.14700E-02  4.96842E-22  1.77425E-05  0.00000E+00  1.0E-07
  2.375E+01  4.23443E-02  4.77255E-22  1.70431E-05  0.00000E+00  1.0E-07
  2.400E+01  4.32273E-02  4.58641E-22  1.63784E-05  0.00000E+00  1.0E-07
  2.425E+01  4.41190E-02  4.40939E-22  1.57462E-05  0.00000E+00  1.0E-07
  2.450E+01  4.50194E-02  4.24098E-22  1.51448E-05  0.00000E+00  1.0E-07
  2.475E+01  4.59284E-02  4.08067E-22  1.45723E-05  0.00000E+00  1.0E-07
  2.500E+01  4.68461E-02  3.92799E-22  1.40271E-05  0.00000E+00  1.0E-07
  2.550E+01  4.87074E-02  3.64380E-22  1.30122E-05  0.00000E+00  1.0E-07
  2.600E+01  5.06030E-02  3.38527E-22  1.20890E-05  0.00000E+00  1.0E-07
  2.650E+01  5.25328E-02  3.14963E-22  1.12475E-05  0.00000E+00  1.0E-07
  2.700E+01  5.44967E-02  2.93447E-22  1.04792E-05  0.00000E+00  1.0E-07
  2.750E+01  5.64946E-02  2.73768E-22  9.77642E-06  0.00000E+00  1.0E-07
  2.800E+01  5.85262E-02  2.55737E-22  9.13253E-06  0.00000E+00  1.0E-07
  2.850E+01  6.05914E-02  2.39190E-22  8.54165E-06  0.00000E+00  1.0E-07
  2.900E+01  6.26901E-02  2.23982E-22  7.99856E-06  0.00000E+00  1.0E-07
  2.950E+01  6.48222E-02  2.09984E-22  7.49865E-06  0.00000E+00  1.0E-07
  3.000E+01  6.69873E-02  1.97079E-22  7.03782E-06  0.00000E+00  1.0E-07
  3.050E+01  6.91854E-02  1.85167E-22  6.61243E-06  0.00000E+00  1.0E-07
  3.100E+01  7.14163E-02  1.74155E-22  6.21921E-06  0.00000E+00  1.0E-07
  3.150E+01  7.36799E-02  1.63964E-22  5.85525E-06  0.00000E+00  1.0E-07
  3.200E+01  7.59760E-02  1.54518E-22  5.51795E-06  0.00000E+00  1.0E-07
  3.250E+01  7.83043E-02  1.45754E-22  5.20498E-06  0.00000E+00  1.0E-07
  3.300E+01  8.06647E-02  1.37612E-22  4.91423E-06  0.00000E+00  1.0E-07
  3.350E+01  8.30571E-02  1.30040E-22  4.64380E-06  0.00000E+00  1.0E-07
  3.400E+01  8.54812E-02  1.22989E-22  4.39201E-06  0.00000E+00  1.0E-07
  3.450E+01  8.79369E-02  1.16417E-22  4.15732E-06  0.00000E+00  1.0E-07
  3.500E+01  9.04240E-02  1.10284E-22  3.93832E-06  0.00000E+00  1.0E-07
  3.550E+01  9.29422E-02  1.04556E-22  3.73377E-06  0.00000E+00  1.0E-07
  3.600E+01  9.54915E-02  9.92005E-23  3.54251E-06  0.00000E+00  1.0E-07
  3.650E+01  9.80716E-02  9.41884E-23  3.36353E-06  0.00000E+00  1.0E-07
  3.700E+01  1.00682E-01  8.94932E-23  3.19586E-06  0.00000E+00  1.0E-07
  3.750E+01  1.03323E-01  8.50909E-23  3.03865E-06  0.00000E+00  1.0E-07
  3.800E+01  1.05995E-01  8.09596E-23  2.89112E-06  0.00000E+00  1.0E-07
  3.850E+01  1.08696E-01  7.70793E-23  2.75255E-06  0.00000E+00  1.0E-07
  3.900E+01  1.11427E-01  7.34316E-23  2.62229E-06  0.00000E+00  1.0E-07
  3.950E+01  1.14188E-01  6.99998E-23  2.49974E-06  0.00000E+00  1.0E-07
  4.000E+01  1.16978E-01  6.67685E-23  2.38435E-06  0.00000E+00  1.0E-07
  4.050E+01  1.19797E-01  6.37238E-23  2.27562E-06  0.00000E+00  1.0E-07
  4.100E+01  1.22645E-01  6.08526E-23  2.17309E-06  0.00000E+00  1.0E-07
  4.150E+01  1.25522E-01  5.81431E-23  2.07633E-06  0.00000E+00  1.0E-07
  4.200E+01  1.28428E-01  5.55843E-23  1.98495E-06  0.00000E+00  1.0E-07
  4.250E+01  1.31361E-01  5.31661E-23  1.89859E-06  0.00000E+00  1.0E-07
  4.300E+01  1.34323E-01  5.08791E-23  1.81693E-06  0.00000E+00  1.0E-07
  4.350E+01  1.37313E-01  4.87150E-23  1.73964E-06  0.00000E+00  1.0E-07
  4.400E+01  1.40330E-01  4.66657E-23  1.66646E-06  0.00000E+00  1.0E-07
  4.450E+01  1.43375E-01  4.47239E-23  1.59712E-06  0.00000E+00  1.0E-07
  4.500E+01  1.46447E-01  4.28828E-23  1.53137E-06  0.00000E+00  1.0E-07
  4.550E+01  1.49545E-01  4.11362E-23  1.46900E-06  0.00000E+00  1.0E-07
  4.600E+01  1.52671E-01  3.94781E-23  1.40979E-06  0.00000E+00  1.0E-07
  4.650E+01  1.55823E-01  3.79033E-23  1.35355E-06  0.00000E+00  1.0E-07
  4.700E+01  1.59001E-01  3.64067E-23  1.30011E-06  0.00000E+00  1.0E-07
  4.750E+01  1.62205E-01  3.49835E-23  1.24928E-06  0.00000E+00  1.0E-07
  4.800E+01  1.65435E-01  3.36294E-23  1.20093E-06  0.00000E+00  1.0E-07
  4.850E+01  1.68690E-01  3.23405E-23  1.15490E-06  0.00000E+00  1.0E-07
  4.900E+01  1.71970E-01  3.11129E-23  1.11106E-06  0.00000E+00  1.0E-07
  4.950E+01  1.75276E-01  2.99431E-23  1.06929E-06  0.00000E+00  1.0E-07
  5.000E+01  1.78606E-01  2.88279E-23  1.02946E-06  0.00000E+00  1.0E-07
  5.050E+01  1.81961E-01  2.77643E-23  9.91479E-07  0.00000E+00  1.0E-07
  5.100E+01  1.85340E-01  2.67492E-23  9.55230E-07  0.00000E+00  1.0E-07
  5.150E+01  1.88743E-01  2.57800E-23  9.20622E-07  0.00000E+00  1.0E-07
  5.200E+01  1.92169E-01  2.48543E-23  8.87564E-07  0.00000E+00  1.0E-07
  5.250E+01  1.95619E-01  2.39697E-23  8.55974E-07  0.00000E+00  1.0E-07
  5.300E+01  1.99092E-01  2.31240E-23  8.25772E-07  0.00000E+00  1.0E-07
  5.350E+01  2.02589E-01  2.23151E-23  7.96886E-07  0.00000E+00  1.0E-07
  5.400E+01  2.06107E-01  2.15411E-23  7.69246E-07  0.00000E+00  1.0E-07
  5.450E+01  2.09649E-01  2.08002E-23  7.42789E-07  0.00000E+00  1.0E-07
  5.500E+01  2.13212E-01  2.00907E-23  7.17453E-07  0.00000E+00  1.0E-07
  5.550E+01  2.16797E-01  1.94111E-23  6.93181E-07  0.00000E+00  1.0E-07
  5.600E+01  2.20404E-01  1.87597E-23  6.69919E-07  0.00000E+00  1.0E-07
  5.650E+01  2.24032E-01  1.81351E-23  6.47616E-07  0.00000E+00  1.0E-07
  5.700E+01  2.27680E-01  1.75361E-23  6.26225E-07  0.00000E+00  1.0E-07
  5.750E+01  2.31350E-01  1.69613E-23  6.05700E-07  0.00000E+00  1.0E-07
  5.800E+01  2.35040E-01  1.64096E-23  5.85999E-07  0.00000E+00  1.0E-07
  5.850E+01  2.38751E-01  1.58800E-23  5.67083E-07  0.00000E+00  1.0E-07
  5.900E+01  2.42481E-01  1.53712E-23  5.48915E-07  0.00000E+00  1.0E-07
  5.950E+01  2.46231E-01  1.48823E-23  5.31458E-07  0.00000E+00  1.0E-07
  6.000E+01  2.50000E-01  1.44125E-23  5.14680E-07  0.00000E+00  1.0E-07
  6.050E+01  2.53788E-01  1.39607E-23  4.98547E-07  0.00000E+00  1.0E-07
  6.100E+01  2.57595E-01  1.35263E-23  4.83032E-07  0.00000E+00  1.0E-07
  6.150E+01  2.61421E-01  1.31082E-23  4.68103E-07  0.00000E+00  1.0E-07
  6.200E+01  2.65264E-01  1.27059E-23  4.53736E-07  0.00000E+00  1.0E-07
  6.250E+01  2.69126E-01  1.23186E-23  4.39905E-07  0.00000E+00  1.0E-07
  6.300E+01  2.73005E-01  1.19456E-23  4.26585E-07  0.00000E+00  1.0E-07
  6.350E+01  2.76901E-01  1.15863E-23  4.13754E-07  0.00000E+00  1.0E-07
  6.400E+01  2.80814E-01  1.12401E-23  4.01391E-07  0.00000E+00  1.0E-07
  6.450E+01  2.84744E-01  1.09064E-23  3.89475E-07  0.00000E+00  1.0E-07
  6.500E+01  2.88691E-01  1.05847E-23  3.77987E-07  0.00000E+00  1.0E-07
  6.550E+01  2.92653E-01  1.02745E-23  3.66907E-07  0.00000E+00  1.0E-07
  6.600E+01  2.96632E-01  9.97516E-24  3.56220E-07  0.00000E+00  1.0E-07
  6.650E+01  3.00625E-01  9.68637E-24  3.45907E-07  0.00000E+00  1.0E-07
  6.700E+01  3.04634E-01  9.40763E-24  3.35952E-07  0.00000E+00  1.0E-07
  6.750E+01  3.08658E-01  9.13852E-24  3.26342E-07  0.00000E+00  1.0E-07
  6.800E+01  3.12697E-01  8.87864E-24  3.17062E-07  0.00000E+00  1.0E-07
  6.850E+01  3.16749E-01  8.62762E-24  3.08098E-07  0.00000E+00  1.0E-07
  6.900E+01  3.20816E-01  8.38509E-24  2.99437E-07  0.00000E+00  1.0E-07
  6.950E+01  3.24896E-01  8.15071E-24  2.91067E-07  0.00000E+00  1.0E-07
  7.000E+01  3.28990E-01  7.92416E-24  2.82977E-07  0.00000E+00  1.0E-07
  7.050E+01  3.33097E-01  7.70511E-24  2.75154E-07  0.00000E+00  1.0E-07
  7.100E+01  3.37216E-01  7.49327E-24  2.67589E-07  0.00000E+00  1.0E-07
  7.150E+01  3.41348E-01  7.28835E-24  2.60272E-07  0.00000E+00  1.0E-07
  7.200E+01  3.45492E-01  7.09007E-24  2.53191E-07  0.00000E+00  1.0E-07
  7.250E+01  3.49647E-01  6.89819E-24  2.46339E-07  0.00000E+00  1.0E-07
  7.300E+01  3.53814E-01  6.71245E-24  2.39706E-07  0.00000E+00  1.0E-07
  7.350E+01  3.57992E-01  6.53261E-24  2.33284E-07  0.00000E+00  1.0E-07
  7.400E+01  3.62181E-01  6.35847E-24  2.27065E-07  0.00000E+00  1.0E-07
  7.450E+01  3.66381E-01  6.18979E-24  2.21041E-07  0.00000E+00  1.0E-07
  7.500E+01  3.70590E-01  6.02638E-24  2.15206E-07  0.00000E+00  1.0E-07
  7.550E+01  3.74810E-01  5.86804E-24  2.09552E-07  0.00000E+00  1.0E-07
  7.600E+01  3.79039E-01  5.71458E-24  2.04071E-07  0.00000E+00  1.0E-07
  7.650E+01  3.83277E-01  5.56581E-24  1.98759E-07  0.00000E+00  1.0E-07
  7.700E+01  3.87524E-01  5.42156E-24  1.93608E-07  0.00000E+00  1.0E-07
  7.750E+01  3.91780E-01  5.28168E-24  1.88612E-07  0.00000E+00  1.0E-07
  7.800E+01  3.96044E-01  5.14599E-24  1.83767E-07  0.00000E+00  1.0E-07
  7.850E+01  4.00316E-01  5.01436E-24  1.79066E-07  0.00000E+00  1.0E-07
  7.900E+01  4.04596E-01  4.88663E-24  1.74505E-07  0.00000E+00  1.0E-07
  7.950E+01  4.08882E-01  4.76268E-24  1.70078E-07  0.00000E+00  1.0E-07
  8.000E+01  4.13176E-01  4.64237E-24  1.65782E-07  0.00000E+00  1.0E-07
  8.050E+01  4.17476E-01  4.52556E-24  1.61611E-07  0.00000E+00  1.0E-07
  8.100E+01  4.21783E-01  4.41214E-24  1.57561E-07  0.00000E+00  1.0E-07
  8.150E+01  4.26095E-01  4.30200E-24  1.53627E-07  0.00000E+00  1.0E-07
  8.200E+01  4.30413E-01  4.19500E-24  1.49806E-07  0.00000E+00  1.0E-07
  8.250E+01  4.34737E-01  4.09106E-24  1.46094E-07  0.00000E+00  1.0E-07
  8.300E+01  4.39065E-01  3.99005E-24  1.42487E-07  0.00000E+00  1.0E-07
  8.350E+01  4.43398E-01  3.89189E-24  1.38982E-07  0.00000E+00  1.0E-07
  8.400E+01  4.47736E-01  3.79649E-24  1.35575E-07  0.00000E+00  1.0E-07
  8.450E+01  4.52077E-01  3.70374E-24  1.32263E-07  0.00000E+00  1.0E-07
  8.500E+01  4.56422E-01  3.61356E-24  1.29043E-07  0.00000E+00  1.0E-07
  8.550E+01  4.60770E-01  3.52587E-24  1.25911E-07  0.00000E+00  1.0E-07
  8.600E+01  4.65122E-01  3.44058E-24  1.22865E-07  0.00000E+00  1.0E-07
  8.650E+01  4.69476E-01  3.35762E-24  1.19903E-07  0.00000E+00  1.0E-07
  8.700E+01  4.73832E-01  3.27691E-24  1.17021E-07  0.00000E+00  1.0E-07
  8.750E+01  4.78190E-01  3.19838E-24  1.14216E-07  0.00000E+00  1.0E-07
  8.800E+01  4.82550E-01  3.12196E-24  1.11487E-07  0.00000E+00  1.0E-07
  8.850E+01  4.86912E-01  3.04757E-24  1.08831E-07  0.00000E+00  1.0E-07
  8.900E+01  4.91274E-01  2.97516E-24  1.06245E-07  0.00000E+00  1.0E-07
  8.950E+01  4.95637E-01  2.90466E-24  1.03727E-07  0.00000E+00  1.0E-07
  9.000E+01  5.00000E-01  2.83601E-24  1.01276E-07  0.00000E+00  1.0E-07
  9.050E+01  5.04363E-01  2.76916E-24  9.88886E-08  0.00000E+00  1.0E-07
  9.100E+01  5.08726E-01  2.70406E-24  9.65637E-08  0.00000E+00  1.0E-07
  9.150E+01  5.13088E-01  2.64064E-24  9.42990E-08  0.00000E+00  1.0E-07
  9.200E+01  5.17450E-01  2.57886E-24  9.20928E-08  0.00000E+00  1.0E-07
  9.250E+01  5.21810E-01  2.51866E-24  8.99431E-08  0.00000E+00  1.0E-07
  9.300E+01  5.26168E-01  2.46000E-24  8.78483E-08  0.00000E+00  1.0E-07
  9.350E+01  5.30524E-01  2.40283E-24  8.58066E-08  0.00000E+00  1.0E-07
  9.400E+01  5.34878E-01  2.34710E-24  8.38166E-08  0.00000E+00  1.0E-07
  9.450E+01  5.39230E-01  2.29278E-24  8.18766E-08  0.00000E+00  1.0E-07
  9.500E+01  5.43578E-01  2.23981E-24  7.99852E-08  0.00000E+00  1.0E-07
  9.550E+01  5.47923E-01  2.18817E-24  7.81409E-08  0.00000E+00  1.0E-07
  9.600E+01  5.52264E-01  2.13781E-24  7.63426E-08  0.00000E+00  1.0E-07
  9.650E+01  5.56602E-01  2.08870E-24  7.45887E-08  0.00000E+00  1.0E-07
  9.700E+01  5.60935E-01  2.04079E-24  7.28780E-08  0.00000E+00  1.0E-07
  9.750E+01  5.65263E-01  1.99406E-24  7.12093E-08  0.00000E+00  1.0E-07
  9.800E+01  5.69587E-01  1.94848E-24  6.95813E-08  0.00000E+00  1.0E-07
  9.850E+01  5.73905E-01  1.90399E-24  6.79929E-08  0.00000E+00  1.0E-07
  9.900E+01  5.78217E-01  1.86059E-24  6.64427E-08  0.00000E+00  1.0E-07
  9.950E+01  5.82524E-01  1.81822E-24  6.49298E-08  0.00000E+00  1.0E-07
  1.000E+02  5.86824E-01  1.77687E-24  6.34530E-08  0.00000E+00  1.0E-07
  1.005E+02  5.91118E-01  1.73650E-24  6.20115E-08  0.00000E+00  1.0E-07
  1.010E+02  5.95404E-01  1.69709E-24  6.06043E-08  0.00000E+00  1.0E-07
  1.015E+02  5.99684E-01  1.65863E-24  5.92307E-08  0.00000E+00  1.0E-07
  1.020E+02  6.03956E-01  1.62107E-24  5.78895E-08  0.00000E+00  1.0E-07
  1.025E+02  6.08220E-01  1.58440E-24  5.65799E-08  0.00000E+00  1.0E-07
  1.030E+02  6.12476E-01  1.54858E-24  5.53008E-08  0.00000E+00  1.0E-07
  1.035E+02  6.16723E-01  1.51359E-24  5.40514E-08  0.00000E+00  1.0E-07
  1.040E+02  6.20961E-01  1.47942E-24  5.28310E-08  0.00000E+00  1.0E-07
  1.045E+02  6.25190E-01  1.44603E-24  5.16388E-08  0.00000E+00  1.0E-07
  1.050E+02  6.29410E-01  1.41342E-24  5.04741E-08  0.00000E+00  1.0E-07
  1.055E+02  6.33619E-01  1.38155E-24  4.93361E-08  0.00000E+00  1.0E-07
  1.060E+02  6.37819E-01  1.35041E-24  4.82241E-08  0.00000E+00  1.0E-07
  1.065E+02  6.42008E-01  1.31998E-24  4.71375E-08  0.00000E+00  1.0E-07
  1.070E+02  6.46186E-01  1.29025E-24  4.60756E-08  0.00000E+00  1.0E-07
  1.075E+02  6.50353E-01  1.26119E-24  4.50377E-08  0.00000E+00  1.0E-07
  1.080E+02  6.54508E-01  1.23278E-24  4.40233E-08  0.00000E+00  1.0E-07
  1.085E+02  6.58652E-01  1.20501E-24  4.30316E-08  0.00000E+00  1.0E-07
  1.090E+02  6.62784E-01  1.17786E-24  4.20621E-08  0.00000E+00  1.0E-07
  1.095E+02  6.66903E-01  1.15131E-24  4.11142E-08  0.00000E+00  1.0E-07
  1.100E+02  6.71010E-01  1.12536E-24  4.01874E-08  0.00000E+00  1.0E-07
  1.105E+02  6.75104E-01  1.09998E-24  3.92811E-08  0.00000E+00  1.0E-07
  1.110E+02  6.79184E-01  1.07516E-24  3.83948E-08  0.00000E+00  1.0E-07
  1.115E+02  6.83251E-01  1.05089E-24  3.75280E-08  0.00000E+00  1.0E-07
  1.120E+02  6.87303E-01  1.02715E-24  3.66803E-08  0.00000E+00  1.0E-07
  1.125E+02  6.91342E-01  1.00393E-24  3.58511E-08  0.00000E+00  1.0E-07
  1.130E+02  6.95366E-01  9.81220E-25  3.50400E-08  0.00000E+00  1.0E-07
  1.135E+02  6.99375E-01  9.59002E-25  3.42466E-08  0.00000E+00  1.0E-07
  1.140E+02  7.03368E-01  9.37265E-25  3.34703E-08  0.00000E+00  1.0E-07
  1.145E+02  7.07347E-01  9.15999E-25  3.27109E-08  0.00000E+00  1.0E-07
  1.150E+02  7.11309E-01  8.95191E-25  3.19679E-08  0.00000E+00  1.0E-07
  1.155E+02  7.15256E-01  8.74831E-25  3.12408E-08  0.00000E+00  1.0E-07
  1.160E+02  7.19186E-01  8.54907E-25  3.05293E-08  0.00000E+00  1.0E-07
  1.165E+02  7.23099E-01  8.35409E-25  2.98330E-08  0.00000E+00  1.0E-07
  1.170E+02  7.26995E-01  8.16327E-25  2.91515E-08  0.00000E+00  1.0E-07
  1.175E+02  7.30874E-01  7.97650E-25  2.84846E-08  0.00000E+00  1.0E-07
  1.180E+02  7.34736E-01  7.79370E-25  2.78318E-08  0.00000E+00  1.0E-07
  1.185E+02  7.38579E-01  7.61477E-25  2.71929E-08  0.00000E+00  1.0E-07
  1.190E+02  7.42405E-01  7.43963E-25  2.65674E-08  0.00000E+00  1.0E-07
  1.195E+02  7.46212E-01  7.26817E-25  2.59551E-08  0.00000E+00  1.0E-07
  1.200E+02  7.50000E-01  7.10032E-25  2.53557E-08  0.00000E+00  1.0E-07
  1.205E+02  7.53769E-01  6.93599E-25  2.47689E-08  0.00000E+00  1.0E-07
  1.210E+02  7.57519E-01  6.77511E-25  2.41944E-08  0.00000E+00  1.0E-07
  1.215E+02  7.61249E-01  6.61759E-25  2.36318E-08  0.00000E+00  1.0E-07
  1.220E+02  7.64960E-01  6.46335E-25  2.30810E-08  0.00000E+00  1.0E-07
  1.225E+02  7.68650E-01  6.31232E-25  2.25417E-08  0.00000E+00  1.0E-07
  1.230E+02  7.72320E-01  6.16443E-25  2.20136E-08  0.00000E+00  1.0E-07
  1.235E+02  7.75968E-01  6.01961E-25  2.14964E-08  0.00000E+00  1.0E-07
  1.240E+02  7.79596E-01  5.87779E-25  2.09900E-08  0.00000E+00  1.0E-07
  1.245E+02  7.83203E-01  5.73889E-25  2.04940E-08  0.00000E+00  1.0E-07
  1.250E+02  7.86788E-01  5.60287E-25  2.00082E-08  0.00000E+00  1.0E-07
  1.255E+02  7.90351E-01  5.46964E-25  1.95325E-08  0.00000E+00  1.0E-07
  1.260E+02  7.93893E-01  5.33916E-25  1.90665E-08  0.00000E+00  1.0E-07
  1.265E+02  7.97411E-01  5.21137E-25  1.86101E-08  0.00000E+00  1.0E-07
  1.270E+02  8.00908E-01  5.08619E-25  1.81631E-08  0.00000E+00  1.0E-07
  1.275E+02  8.04381E-01  4.96359E-25  1.77253E-08  0.00000E+00  1.0E-07
  1.280E+02  8.07831E-01  4.84350E-25  1.72964E-08  0.00000E+00  1.0E-07
  1.285E+02  8.11257E-01  4.72587E-25  1.68764E-08  0.00000E+00  1.0E-07
  1.290E+02  8.14660E-01  4.61064E-25  1.64649E-08  0.00000E+00  1.0E-07
  1.295E+02  8.18039E-01  4.49777E-25  1.60618E-08  0.00000E+00  1.0E-07
  1.300E+02  8.21394E-01  4.38721E-25  1.56670E-08  0.00000E+00  1.0E-07
  1.305E+02  8.24724E-01  4.27890E-25  1.52802E-08  0.00000E+00  1.0E-07
  1.310E+02  8.28030E-01  4.17281E-25  1.49014E-08  0.00000E+00  1.0E-07
  1.315E+02  8.31310E-01  4.06888E-25  1.45302E-08  0.00000E+00  1.0E-07
  1.320E+02  8.34565E-01  3.96707E-25  1.41667E-08  0.00000E+00  1.0E-07
  1.325E+02  8.37795E-01  3.86733E-25  1.38105E-08  0.00000E+00  1.0E-07
  1.330E+02  8.40999E-01  3.76963E-25  1.34616E-08  0.00000E+00  1.0E-07
  1.335E+02  8.44177E-01  3.67393E-25  1.31198E-08  0.00000E+00  1.0E-07
  1.340E+02  8.47329E-01  3.58018E-25  1.27850E-08  0.00000E+00  1.0E-07
  1.345E+02  8.50455E-01  3.48834E-25  1.24571E-08  0.00000E+00  1.0E-07
  1.350E+02  8.53553E-01  3.39838E-25  1.21358E-08  0.00000E+00  1.0E-07
  1.355E+02  8.56625E-01  3.31026E-25  1.18211E-08  0.00000E+00  1.0E-07
  1.360E+02  8.59670E-01  3.22394E-25  1.15129E-08  0.00000E+00  1.0E-07
  1.365E+02  8.62687E-01  3.13939E-25  1.12110E-08  0.00000E+00  1.0E-07
  1.370E+02  8.65677E-01  3.05657E-25  1.09152E-08  0.00000E+00  1.0E-07
  1.375E+02  8.68639E-01  2.97546E-25  1.06256E-08  0.00000E+00  1.0E-07
  1.380E+02  8.71572E-01  2.89601E-25  1.03418E-08  0.00000E+00  1.0E-07
  1.385E+02  8.74478E-01  2.81820E-25  1.00640E-08  0.00000E+00  1.0E-07
  1.390E+02  8.77355E-01  2.74199E-25  9.79183E-09  0.00000E+00  1.0E-07
  1.395E+02  8.80203E-01  2.66736E-25  9.52531E-09  0.00000E+00  1.0E-07
  1.400E+02  8.83022E-01  2.59427E-25  9.26432E-09  0.00000E+00  1.0E-07
  1.405E+02  8.85812E-01  2.52270E-25  9.00874E-09  0.00000E+00  1.0E-07
  1.410E+02  8.88573E-01  2.45262E-25  8.75848E-09  0.00000E+00  1.0E-07
  1.415E+02  8.91304E-01  2.38400E-25  8.51344E-09  0.00000E+00  1.0E-07
  1.420E+02  8.94005E-01  2.31682E-25  8.27352E-09  0.00000E+00  1.0E-07
  1.425E+02  8.96677E-01  2.25105E-25  8.03864E-09  0.00000E+00  1.0E-07
  1.430E+02  8.99318E-01  2.18666E-25  7.80870E-09  0.00000E+00  1.0E-07
  1.435E+02  9.01928E-01  2.12363E-25  7.58362E-09  0.00000E+00  1.0E-07
  1.440E+02  9.04508E-01  2.06194E-25  7.36332E-09  0.00000E+00  1.0E-07
  1.445E+02  9.07058E-01  2.00156E-25  7.14770E-09  0.00000E+00  1.0E-07
  1.450E+02  9.09576E-01  1.94247E-25  6.93669E-09  0.00000E+00  1.0E-07
  1.455E+02  9.12063E-01  1.88465E-25  6.73021E-09  0.00000E+00  1.0E-07
  1.460E+02  9.14519E-01  1.82808E-25  6.52818E-09  0.00000E+00  1.0E-07
  1.465E+02  9.16943E-01  1.77273E-25  6.33054E-09  0.00000E+00  1.0E-07
  1.470E+02  9.19335E-01  1.71859E-25  6.13719E-09  0.00000E+00  1.0E-07
  1.475E+02  9.21696E-01  1.66563E-25  5.94808E-09  0.00000E+00  1.0E-07
  1.480E+02  9.24024E-01  1.61384E-25  5.76314E-09  0.00000E+00  1.0E-07
  1.485E+02  9.26320E-01  1.56320E-25  5.58229E-09  0.00000E+00  1.0E-07
  1.490E+02  9.28584E-01  1.51369E-25  5.40547E-09  0.00000E+00  1.0E-07
  1.495E+02  9.30815E-01  1.46528E-25  5.23262E-09  0.00000E+00  1.0E-07
  1.500E+02  9.33013E-01  1.41797E-25  5.06368E-09  0.00000E+00  1.0E-07
  1.505E+02  9.35178E-01  1.37174E-25  4.89858E-09  0.00000E+00  1.0E-07
  1.510E+02  9.37310E-01  1.32657E-25  4.73727E-09  0.00000E+00  1.0E-07
  1.515E+02  9.39409E-01  1.28244E-25  4.57968E-09  0.00000E+00  1.0E-07
  1.520E+02  9.41474E-01  1.23934E-25  4.42577E-09  0.00000E+00  1.0E-07
  1.525E+02  9.43505E-01  1.19725E-25  4.27547E-09  0.00000E+00  1.0E-07
  1.530E+02  9.45503E-01  1.15617E-25  4.12875E-09  0.00000E+00  1.0E-07
  1.535E+02  9.47467E-01  1.11606E-25  3.98553E-09  0.00000E+00  1.0E-07
  1.540E+02  9.49397E-01  1.07693E-25  3.84578E-09  0.00000E+00  1.0E-07
  1.545E+02  9.51293E-01  1.03875E-25  3.70944E-09  0.00000E+00  1.0E-07
  1.550E+02  9.53154E-01  1.00151E-25  3.57647E-09  0.00000E+00  1.0E-07
  1.555E+02  9.54981E-01  9.65210E-26  3.44683E-09  0.00000E+00  1.0E-07
  1.560E+02  9.56773E-01  9.29823E-26  3.32046E-09  0.00000E+00  1.0E-07
  1.565E+02  9.58530E-01  8.95342E-26  3.19732E-09  0.00000E+00  1.0E-07
  1.570E+02  9.60252E-01  8.61754E-26  3.07738E-09  0.00000E+00  1.0E-07
  1.575E+02  9.61940E-01  8.29048E-26  2.96058E-09  0.00000E+00  1.0E-07
  1.580E+02  9.63592E-01  7.97213E-26  2.84690E-09  0.00000E+00  1.0E-07
  1.585E+02  9.65209E-01  7.66239E-26  2.73629E-09  0.00000E+00  1.0E-07
  1.590E+02  9.66790E-01  7.36114E-26  2.62871E-09  0.00000E+00  1.0E-07
  1.595E+02  9.68336E-01  7.06829E-26  2.52413E-09  0.00000E+00  1.0E-07
  1.600E+02  9.69846E-01  6.78374E-26  2.42252E-09  0.00000E+00  1.0E-07
  1.605E+02  9.71321E-01  6.50738E-26  2.32383E-09  0.00000E+00  1.0E-07
  1.610E+02  9.72759E-01  6.23913E-26  2.22804E-09  0.00000E+00  1.0E-07
  1.615E+02  9.74162E-01  5.97891E-26  2.13511E-09  0.00000E+00  1.0E-07
  1.620E+02  9.75528E-01  5.72661E-26  2.04501E-09  0.00000E+00  1.0E-07
  1.625E+02  9.76858E-01  5.48216E-26  1.95772E-09  0.00000E+00  1.0E-07
  1.630E+02  9.78152E-01  5.24548E-26  1.87319E-09  0.00000E+00  1.0E-07
  1.635E+02  9.79410E-01  5.01648E-26  1.79142E-09  0.00000E+00  1.0E-07
  1.640E+02  9.80631E-01  4.79510E-26  1.71236E-09  0.00000E+00  1.0E-07
  1.645E+02  9.81815E-01  4.58126E-26  1.63600E-09  0.00000E+00  1.0E-07
  1.650E+02  9.82963E-01  4.37488E-26  1.56230E-09  0.00000E+00  1.0E-07
  1.655E+02  9.84074E-01  4.17591E-26  1.49124E-09  0.00000E+00  1.0E-07
  1.660E+02  9.85148E-01  3.98427E-26  1.42281E-09  0.00000E+00  1.0E-07
  1.665E+02  9.86185E-01  3.79990E-26  1.35697E-09  0.00000E+00  1.0E-07
  1.670E+02  9.87185E-01  3.62275E-26  1.29371E-09  0.00000E+00  1.0E-07
  1.675E+02  9.88148E-01  3.45275E-26  1.23300E-09  0.00000E+00  1.0E-07
  1.680E+02  9.89074E-01  3.28985E-26  1.17483E-09  0.00000E+00  1.0E-07
  1.685E+02  9.89962E-01  3.13400E-26  1.11917E-09  0.00000E+00  1.0E-07
  1.690E+02  9.90814E-01  2.98514E-26  1.06601E-09  0.00000E+00  1.0E-07
  1.695E+02  9.91627E-01  2.84323E-26  1.01534E-09  0.00000E+00  1.0E-07
  1.700E+02  9.92404E-01  2.70823E-26  9.67125E-10  0.00000E+00  1.0E-07
  1.705E+02  9.93143E-01  2.58008E-26  9.21362E-10  0.00000E+00  1.0E-07
  1.710E+02  9.93844E-01  2.45874E-26  8.78033E-10  0.00000E+00  1.0E-07
  1.715E+02  9.94508E-01  2.34419E-26  8.37125E-10  0.00000E+00  1.0E-07
  1.720E+02  9.95134E-01  2.23638E-26  7.98624E-10  0.00000E+00  1.0E-07
  1.725E+02  9.95722E-01  2.13527E-26  7.62518E-10  0.00000E+00  1.0E-07
  1.730E+02  9.96273E-01  2.04083E-26  7.28795E-10  0.00000E+00  1.0E-07
  1.735E+02  9.96786E-01  1.95304E-26  6.97444E-10  0.00000E+00  1.0E-07
  1.740E+02  9.97261E-01  1.87187E-26  6.68456E-10  0.00000E+00  1.0E-07
  1.745E+02  9.97698E-01  1.79728E-26  6.41821E-10  0.00000E+00  1.0E-07
  1.750E+02  9.98097E-01  1.72926E-26  6.17530E-10  0.00000E+00  1.0E-07
  1.755E+02  9.98459E-01  1.66778E-26  5.95576E-10  0.00000E+00  1.0E-07
  1.760E+02  9.98782E-01  1.61283E-26  5.75952E-10  0.00000E+00  1.0E-07
  1.765E+02  9.99067E-01  1.56438E-26  5.58651E-10  0.00000E+00  1.0E-07
  1.770E+02  9.99315E-01  1.52243E-26  5.43668E-10  0.00000E+00  1.0E-07
  1.775E+02  9.99524E-01  1.48695E-26  5.30998E-10  0.00000E+00  1.0E-07
  1.780E+02  9.99695E-01  1.45793E-26  5.20637E-10  0.00000E+00  1.0E-07
  1.785E+02  9.99829E-01  1.43538E-26  5.12583E-10  0.00000E+00  1.0E-07
  1.790E+02  9.99924E-01  1.41927E-26  5.06831E-10  0.00000E+00  1.0E-07
  1.795E+02  9.99981E-01  1.40961E-26  5.03381E-10  0.00000E+00  1.0E-07
  1.800E+02  1.00000E+00  1.40639E-26  5.02230E-10  0.00000E+00  1.0E-07
