 #
 # Subroutine ELSEPA. Elastic scattering of electrons and positrons
 #                    by neutral atoms and positive ions
 #
 # Projectile: electron
 # Kinetic energy = 3.70000E+06 eV = 1.35973E+05 a.u.
 #
 # WARNING: High-energy factorization with free-atom DF screening.
 #          Absorption, polarization and exchange corrections are
 #          switched off.
 #          Phase shifts are calculated for the bare nucleus.
 #          Scattering amplitudes are not evaluated.
 #
 # Element: La,  Z =  57,  atomic weight = 1.38905E+02 g/mol
 #
 # Nuclear model: Fermi distribution
 #                Average radius = 5.54145E-13 cm
 #                Skin thickness = 5.46000E-14 cm
 #
 # Number of electrons = 57
 #
 # Total elastic cross section = 7.65228E-18 cm**2 = 2.73268E-01 a0**2
 # 1st transport cross section = 2.90642E-22 cm**2 = 1.03790E-05 a0**2
 # 2nd transport cross section = 8.00912E-22 cm**2 = 2.86011E-05 a0**2
 #
 #
 # Differential cross section:                       MU=(1-COS(THETA))/2
 #
 #  THETA        MU          DCS          DCS        Sherman      error
 #  (deg)                 (cm**2/sr)   (a0**2/sr)    function
 #----------------------------------------------------------------------
  0.000E+00  0.00000E+00  2.08705E-12  7.45299E+04  0.00000E+00  1.0E-05
  1.000E-04  7.61557E-13  2.08703E-12  7.45293E+04  0.00000E+00  1.0E-05
  1.250E-04  1.18994E-12  2.08702E-12  7.45289E+04  0.00000E+00  1.0E-05
  1.500E-04  1.71346E-12  2.08701E-12  7.45284E+04  0.00000E+00  1.0E-05
  1.750E-04  2.33225E-12  2.08699E-12  7.45279E+04  0.00000E+00  1.0E-05
  2.000E-04  3.04617E-12  2.08697E-12  7.45272E+04  0.00000E+00  1.0E-05
  2.250E-04  3.85530E-12  2.08695E-12  7.45265E+04  0.00000E+00  1.0E-05
  2.500E-04  4.75964E-12  2.08693E-12  7.45257E+04  0.00000E+00  1.0E-05
  2.750E-04  5.75917E-12  2.08691E-12  7.45248E+04  0.00000E+00  1.0E-05
  3.000E-04  6.85391E-12  2.08688E-12  7.45239E+04  0.00000E+00  1.0E-05
  3.250E-04  8.04379E-12  2.08685E-12  7.45228E+04  0.00000E+00  1.0E-05
  3.500E-04  9.32893E-12  2.08682E-12  7.45217E+04  0.00000E+00  1.0E-05
  3.750E-04  1.07092E-11  2.08678E-12  7.45204E+04  0.00000E+00  1.0E-05
  4.000E-04  1.21847E-11  2.08675E-12  7.45191E+04  0.00000E+00  1.0E-05
  4.250E-04  1.37554E-11  2.08671E-12  7.45177E+04  0.00000E+00  1.0E-05
  4.500E-04  1.54213E-11  2.08667E-12  7.45163E+04  0.00000E+00  1.0E-05
  4.750E-04  1.71823E-11  2.08662E-12  7.45147E+04  0.00000E+00  1.0E-05
  5.000E-04  1.90386E-11  2.08658E-12  7.45130E+04  0.00000E+00  1.0E-05
  5.250E-04  2.09900E-11  2.08653E-12  7.45113E+04  0.00000E+00  1.0E-05
  5.500E-04  2.30367E-11  2.08648E-12  7.45095E+04  0.00000E+00  1.0E-05
  5.750E-04  2.51785E-11  2.08643E-12  7.45076E+04  0.00000E+00  1.0E-05
  6.000E-04  2.74156E-11  2.08637E-12  7.45056E+04  0.00000E+00  1.0E-05
  6.250E-04  2.97478E-11  2.08631E-12  7.45035E+04  0.00000E+00  1.0E-05
  6.500E-04  3.21752E-11  2.08625E-12  7.45014E+04  0.00000E+00  1.0E-05
  6.750E-04  3.46979E-11  2.08619E-12  7.44991E+04  0.00000E+00  1.0E-05
  7.000E-04  3.73157E-11  2.08612E-12  7.44968E+04  0.00000E+00  1.0E-05
  7.250E-04  4.00286E-11  2.08606E-12  7.44944E+04  0.00000E+00  1.0E-05
  7.500E-04  4.28368E-11  2.08599E-12  7.44919E+04  0.00000E+00  1.0E-05
  7.750E-04  4.57402E-11  2.08591E-12  7.44893E+04  0.00000E+00  1.0E-05
  8.000E-04  4.87388E-11  2.08584E-12  7.44867E+04  0.00000E+00  1.0E-05
  8.250E-04  5.18325E-11  2.08576E-12  7.44839E+04  0.00000E+00  1.0E-05
  8.500E-04  5.50215E-11  2.08568E-12  7.44811E+04  0.00000E+00  1.0E-05
  8.750E-04  5.83057E-11  2.08560E-12  7.44782E+04  0.00000E+00  1.0E-05
  9.000E-04  6.16850E-11  2.08552E-12  7.44752E+04  0.00000E+00  1.0E-05
  9.250E-04  6.51595E-11  2.08543E-12  7.44721E+04  0.00000E+00  1.0E-05
  9.500E-04  6.87293E-11  2.08534E-12  7.44689E+04  0.00000E+00  1.0E-05
  9.750E-04  7.23943E-11  2.08525E-12  7.44657E+04  0.00000E+00  1.0E-05
  1.000E-03  7.61544E-11  2.08516E-12  7.44623E+04  0.00000E+00  1.0E-05
  1.250E-03  1.18991E-10  2.08409E-12  7.44243E+04  0.00000E+00  1.0E-05
  1.500E-03  1.71347E-10  2.08279E-12  7.43779E+04  0.00000E+00  1.0E-05
  1.750E-03  2.33223E-10  2.08126E-12  7.43231E+04  0.00000E+00  1.0E-05
  2.000E-03  3.04617E-10  2.07949E-12  7.42600E+04  0.00000E+00  1.0E-05
  2.250E-03  3.85531E-10  2.07749E-12  7.41885E+04  0.00000E+00  1.0E-05
  2.500E-03  4.75965E-10  2.07526E-12  7.41088E+04  0.00000E+00  1.0E-05
  2.750E-03  5.75917E-10  2.07279E-12  7.40208E+04  0.00000E+00  1.0E-05
  3.000E-03  6.85389E-10  2.07010E-12  7.39246E+04  0.00000E+00  1.0E-05
  3.250E-03  8.04380E-10  2.06718E-12  7.38203E+04  0.00000E+00  1.0E-05
  3.500E-03  9.32891E-10  2.06403E-12  7.37079E+04  0.00000E+00  1.0E-05
  3.750E-03  1.07092E-09  2.06066E-12  7.35874E+04  0.00000E+00  1.0E-05
  4.000E-03  1.21847E-09  2.05706E-12  7.34590E+04  0.00000E+00  1.0E-05
  4.250E-03  1.37554E-09  2.05325E-12  7.33228E+04  0.00000E+00  1.0E-05
  4.500E-03  1.54213E-09  2.04921E-12  7.31787E+04  0.00000E+00  1.0E-05
  4.750E-03  1.71823E-09  2.04496E-12  7.30268E+04  0.00000E+00  1.0E-05
  5.000E-03  1.90386E-09  2.04049E-12  7.28673E+04  0.00000E+00  1.0E-05
  5.250E-03  2.09900E-09  2.03581E-12  7.27002E+04  0.00000E+00  1.0E-05
  5.500E-03  2.30367E-09  2.03092E-12  7.25256E+04  0.00000E+00  1.0E-05
  5.750E-03  2.51785E-09  2.02583E-12  7.23436E+04  0.00000E+00  1.0E-05
  6.000E-03  2.74156E-09  2.02053E-12  7.21543E+04  0.00000E+00  1.0E-05
  6.250E-03  2.97478E-09  2.01502E-12  7.19577E+04  0.00000E+00  1.0E-05
  6.500E-03  3.21752E-09  2.00932E-12  7.17541E+04  0.00000E+00  1.0E-05
  6.750E-03  3.46978E-09  2.00342E-12  7.15435E+04  0.00000E+00  1.0E-05
  7.000E-03  3.73156E-09  1.99733E-12  7.13259E+04  0.00000E+00  1.0E-05
  7.250E-03  4.00286E-09  1.99105E-12  7.11015E+04  0.00000E+00  1.0E-05
  7.500E-03  4.28368E-09  1.98458E-12  7.08705E+04  0.00000E+00  1.0E-05
  7.750E-03  4.57402E-09  1.97792E-12  7.06329E+04  0.00000E+00  1.0E-05
  8.000E-03  4.87388E-09  1.97109E-12  7.03888E+04  0.00000E+00  1.0E-05
  8.250E-03  5.18326E-09  1.96408E-12  7.01384E+04  0.00000E+00  1.0E-05
  8.500E-03  5.50215E-09  1.95689E-12  6.98818E+04  0.00000E+00  1.0E-05
  8.750E-03  5.83057E-09  1.94953E-12  6.96191E+04  0.00000E+00  1.0E-05
  9.000E-03  6.16850E-09  1.94201E-12  6.93505E+04  0.00000E+00  1.0E-05
  9.250E-03  6.51596E-09  1.93432E-12  6.90760E+04  0.00000E+00  1.0E-05
  9.500E-03  6.87293E-09  1.92648E-12  6.87958E+04  0.00000E+00  1.0E-05
  9.750E-03  7.23942E-09  1.91848E-12  6.85100E+04  0.00000E+00  1.0E-05
  1.000E-02  7.61544E-09  1.91032E-12  6.82189E+04  0.00000E+00  1.0E-05
  1.250E-02  1.18991E-08  1.82124E-12  6.50377E+04  0.00000E+00  1.0E-05
  1.500E-02  1.71347E-08  1.72155E-12  6.14778E+04  0.00000E+00  1.0E-05
  1.750E-02  2.33223E-08  1.61451E-12  5.76551E+04  0.00000E+00  1.0E-05
  2.000E-02  3.04617E-08  1.50381E-12  5.37019E+04  0.00000E+00  1.0E-05
  2.250E-02  3.85531E-08  1.39320E-12  4.97521E+04  0.00000E+00  1.0E-05
  2.500E-02  4.75965E-08  1.28519E-12  4.58949E+04  0.00000E+00  1.0E-05
  2.750E-02  5.75917E-08  1.18134E-12  4.21864E+04  0.00000E+00  1.0E-05
  3.000E-02  6.85389E-08  1.08306E-12  3.86769E+04  0.00000E+00  1.0E-05
  3.250E-02  8.04380E-08  9.91659E-13  3.54128E+04  0.00000E+00  1.0E-05
  3.500E-02  9.32891E-08  9.07678E-13  3.24138E+04  0.00000E+00  1.0E-05
  3.750E-02  1.07092E-07  8.30659E-13  2.96634E+04  0.00000E+00  1.0E-05
  4.000E-02  1.21847E-07  7.60494E-13  2.71577E+04  0.00000E+00  1.0E-05
  4.250E-02  1.37554E-07  6.97027E-13  2.48913E+04  0.00000E+00  1.0E-05
  4.500E-02  1.54213E-07  6.40062E-13  2.28570E+04  0.00000E+00  1.0E-05
  4.750E-02  1.71823E-07  5.88628E-13  2.10203E+04  0.00000E+00  1.0E-05
  5.000E-02  1.90386E-07  5.42265E-13  1.93646E+04  0.00000E+00  1.0E-05
  5.250E-02  2.09900E-07  5.00510E-13  1.78735E+04  0.00000E+00  1.0E-05
  5.500E-02  2.30367E-07  4.63067E-13  1.65364E+04  0.00000E+00  1.0E-05
  5.750E-02  2.51785E-07  4.29217E-13  1.53276E+04  0.00000E+00  1.0E-05
  6.000E-02  2.74156E-07  3.98589E-13  1.42339E+04  0.00000E+00  1.0E-05
  6.250E-02  2.97478E-07  3.70841E-13  1.32430E+04  0.00000E+00  1.0E-05
  6.500E-02  3.21752E-07  3.45673E-13  1.23442E+04  0.00000E+00  1.0E-05
  6.750E-02  3.46978E-07  3.22740E-13  1.15253E+04  0.00000E+00  1.0E-05
  7.000E-02  3.73156E-07  3.01800E-13  1.07775E+04  0.00000E+00  1.0E-05
  7.250E-02  4.00286E-07  2.82643E-13  1.00934E+04  0.00000E+00  1.0E-05
  7.500E-02  4.28368E-07  2.65054E-13  9.46527E+03  0.00000E+00  1.0E-05
  7.750E-02  4.57402E-07  2.48861E-13  8.88700E+03  0.00000E+00  1.0E-05
  8.000E-02  4.87388E-07  2.33938E-13  8.35407E+03  0.00000E+00  1.0E-05
  8.250E-02  5.18325E-07  2.20161E-13  7.86208E+03  0.00000E+00  1.0E-05
  8.500E-02  5.50215E-07  2.07394E-13  7.40617E+03  0.00000E+00  1.0E-05
  8.750E-02  5.83057E-07  1.95528E-13  6.98243E+03  0.00000E+00  1.0E-05
  9.000E-02  6.16850E-07  1.84513E-13  6.58907E+03  0.00000E+00  1.0E-05
  9.250E-02  6.51596E-07  1.74273E-13  6.22340E+03  0.00000E+00  1.0E-05
  9.500E-02  6.87293E-07  1.64729E-13  5.88256E+03  0.00000E+00  1.0E-05
  9.750E-02  7.23942E-07  1.55792E-13  5.56342E+03  0.00000E+00  1.0E-05
  1.000E-01  7.61543E-07  1.47453E-13  5.26565E+03  0.00000E+00  1.0E-05
  1.250E-01  1.18991E-06  8.79986E-14  3.14249E+03  0.00000E+00  1.0E-05
  1.500E-01  1.71347E-06  5.49834E-14  1.96349E+03  0.00000E+00  1.0E-05
  1.750E-01  2.33223E-06  3.65948E-14  1.30683E+03  0.00000E+00  1.0E-05
  2.000E-01  3.04617E-06  2.54433E-14  9.08597E+02  0.00000E+00  1.0E-05
  2.250E-01  3.85531E-06  1.82259E-14  6.50857E+02  0.00000E+00  1.0E-05
  2.500E-01  4.75964E-06  1.33885E-14  4.78111E+02  0.00000E+00  1.0E-05
  2.750E-01  5.75916E-06  1.00594E-14  3.59227E+02  0.00000E+00  1.0E-05
  3.000E-01  6.85388E-06  7.69402E-15  2.74758E+02  0.00000E+00  1.0E-05
  3.250E-01  8.04378E-06  5.96037E-15  2.12849E+02  0.00000E+00  1.0E-05
  3.500E-01  9.32888E-06  4.67371E-15  1.66901E+02  0.00000E+00  1.0E-05
  3.750E-01  1.07092E-05  3.71644E-15  1.32717E+02  0.00000E+00  1.0E-05
  4.000E-01  1.21846E-05  2.99301E-15  1.06882E+02  0.00000E+00  1.0E-05
  4.250E-01  1.37553E-05  2.43833E-15  8.70745E+01  0.00000E+00  1.0E-05
  4.500E-01  1.54212E-05  2.00749E-15  7.16887E+01  0.00000E+00  1.0E-05
  4.750E-01  1.71822E-05  1.67079E-15  5.96649E+01  0.00000E+00  1.0E-05
  5.000E-01  1.90385E-05  1.40372E-15  5.01279E+01  0.00000E+00  1.0E-05
  5.250E-01  2.09899E-05  1.19083E-15  4.25254E+01  0.00000E+00  1.0E-05
  5.500E-01  2.30365E-05  1.01748E-15  3.63350E+01  0.00000E+00  1.0E-05
  5.750E-01  2.51783E-05  8.75485E-16  3.12641E+01  0.00000E+00  1.0E-05
  6.000E-01  2.74153E-05  7.58047E-16  2.70703E+01  0.00000E+00  1.0E-05
  6.250E-01  2.97475E-05  6.60117E-16  2.35732E+01  0.00000E+00  1.0E-05
  6.500E-01  3.21749E-05  5.77607E-16  2.06267E+01  0.00000E+00  1.0E-05
  6.750E-01  3.46974E-05  5.07516E-16  1.81237E+01  0.00000E+00  1.0E-05
  7.000E-01  3.73152E-05  4.47823E-16  1.59921E+01  0.00000E+00  1.0E-05
  7.250E-01  4.00281E-05  3.96742E-16  1.41679E+01  0.00000E+00  1.0E-05
  7.500E-01  4.28362E-05  3.52638E-16  1.25929E+01  0.00000E+00  1.0E-05
  7.750E-01  4.57395E-05  3.14423E-16  1.12282E+01  0.00000E+00  1.0E-05
  8.000E-01  4.87380E-05  2.81217E-16  1.00424E+01  0.00000E+00  1.0E-05
  8.250E-01  5.18317E-05  2.52232E-16  9.00736E+00  0.00000E+00  1.0E-05
  8.500E-01  5.50205E-05  2.26780E-16  8.09845E+00  0.00000E+00  1.0E-05
  8.750E-01  5.83045E-05  2.04352E-16  7.29754E+00  0.00000E+00  1.0E-05
  9.000E-01  6.16838E-05  1.84593E-16  6.59194E+00  0.00000E+00  1.0E-05
  9.250E-01  6.51582E-05  1.67134E-16  5.96848E+00  0.00000E+00  1.0E-05
  9.500E-01  6.87277E-05  1.51653E-16  5.41561E+00  0.00000E+00  1.0E-05
  9.750E-01  7.23925E-05  1.37872E-16  4.92349E+00  0.00000E+00  1.0E-05
  1.000E+00  7.61524E-05  1.25613E-16  4.48572E+00  0.00000E+00  5.2E-06
  1.100E+00  9.21439E-05  8.82442E-17  3.15126E+00  0.00000E+00  3.9E-06
  1.200E+00  1.09658E-04  6.37671E-17  2.27716E+00  0.00000E+00  2.2E-06
  1.300E+00  1.28695E-04  4.72235E-17  1.68638E+00  0.00000E+00  4.5E-07
  1.400E+00  1.49255E-04  3.57158E-17  1.27543E+00  0.00000E+00  8.3E-07
  1.500E+00  1.71338E-04  2.75433E-17  9.83588E-01  0.00000E+00  1.5E-06
  1.600E+00  1.94942E-04  2.15960E-17  7.71206E-01  0.00000E+00  1.6E-06
  1.700E+00  2.20070E-04  1.71776E-17  6.13424E-01  0.00000E+00  1.3E-06
  1.800E+00  2.46720E-04  1.38343E-17  4.94033E-01  0.00000E+00  7.4E-07
  1.900E+00  2.74892E-04  1.12702E-17  4.02466E-01  0.00000E+00  1.3E-07
  2.000E+00  3.04586E-04  9.27605E-18  3.31254E-01  0.00000E+00  3.8E-07
  2.100E+00  3.35803E-04  7.70530E-18  2.75161E-01  0.00000E+00  6.7E-07
  2.200E+00  3.68542E-04  6.45134E-18  2.30381E-01  0.00000E+00  7.3E-07
  2.300E+00  4.02802E-04  5.44295E-18  1.94371E-01  0.00000E+00  6.0E-07
  2.400E+00  4.38585E-04  4.62436E-18  1.65139E-01  0.00000E+00  3.4E-07
  2.500E+00  4.75889E-04  3.95417E-18  1.41206E-01  0.00000E+00  1.0E-07
  2.600E+00  5.14715E-04  3.40029E-18  1.21427E-01  0.00000E+00  2.2E-07
  2.700E+00  5.55063E-04  2.94008E-18  1.04992E-01  0.00000E+00  3.7E-07
  2.800E+00  5.96931E-04  2.55521E-18  9.12481E-02  0.00000E+00  4.0E-07
  2.900E+00  6.40321E-04  2.23130E-18  7.96813E-02  0.00000E+00  3.3E-07
  3.000E+00  6.85233E-04  1.95694E-18  6.98835E-02  0.00000E+00  1.8E-07
  3.100E+00  7.31665E-04  1.72342E-18  6.15444E-02  0.00000E+00  1.0E-07
  3.200E+00  7.79618E-04  1.52376E-18  5.44144E-02  0.00000E+00  1.4E-07
  3.300E+00  8.29092E-04  1.35222E-18  4.82885E-02  0.00000E+00  2.3E-07
  3.400E+00  8.80086E-04  1.20413E-18  4.30001E-02  0.00000E+00  2.5E-07
  3.500E+00  9.32601E-04  1.07574E-18  3.84153E-02  0.00000E+00  2.0E-07
  3.600E+00  9.86636E-04  9.64054E-19  3.44270E-02  0.00000E+00  1.1E-07
  3.700E+00  1.04219E-03  8.66528E-19  3.09443E-02  0.00000E+00  1.0E-07
  3.800E+00  1.09927E-03  7.81043E-19  2.78916E-02  0.00000E+00  1.0E-07
  3.900E+00  1.15786E-03  7.05841E-19  2.52060E-02  0.00000E+00  1.5E-07
  4.000E+00  1.21797E-03  6.39506E-19  2.28372E-02  0.00000E+00  1.6E-07
  4.100E+00  1.27961E-03  5.80810E-19  2.07411E-02  0.00000E+00  1.3E-07
  4.200E+00  1.34276E-03  5.28719E-19  1.88809E-02  0.00000E+00  1.0E-07
  4.300E+00  1.40743E-03  4.82341E-19  1.72247E-02  0.00000E+00  1.0E-07
  4.400E+00  1.47362E-03  4.40961E-19  1.57470E-02  0.00000E+00  1.0E-07
  4.500E+00  1.54133E-03  4.03944E-19  1.44251E-02  0.00000E+00  1.1E-07
  4.600E+00  1.61056E-03  3.70749E-19  1.32397E-02  0.00000E+00  1.2E-07
  4.700E+00  1.68131E-03  3.40901E-19  1.21738E-02  0.00000E+00  1.0E-07
  4.800E+00  1.75357E-03  3.14011E-19  1.12136E-02  0.00000E+00  1.0E-07
  4.900E+00  1.82735E-03  2.89735E-19  1.03466E-02  0.00000E+00  1.0E-07
  5.000E+00  1.90265E-03  2.67773E-19  9.56234E-03  0.00000E+00  1.0E-07
  5.100E+00  1.97947E-03  2.47860E-19  8.85124E-03  0.00000E+00  1.0E-07
  5.200E+00  2.05780E-03  2.29773E-19  8.20533E-03  0.00000E+00  1.0E-07
  5.300E+00  2.13765E-03  2.13315E-19  7.61763E-03  0.00000E+00  1.0E-07
  5.400E+00  2.21902E-03  1.98314E-19  7.08193E-03  0.00000E+00  1.0E-07
  5.500E+00  2.30190E-03  1.84615E-19  6.59272E-03  0.00000E+00  1.0E-07
  5.600E+00  2.38630E-03  1.72084E-19  6.14524E-03  0.00000E+00  1.0E-07
  5.700E+00  2.47222E-03  1.60605E-19  5.73533E-03  0.00000E+00  1.0E-07
  5.800E+00  2.55965E-03  1.50074E-19  5.35925E-03  0.00000E+00  1.0E-07
  5.900E+00  2.64859E-03  1.40397E-19  5.01368E-03  0.00000E+00  1.0E-07
  6.000E+00  2.73905E-03  1.31491E-19  4.69565E-03  0.00000E+00  1.0E-07
  6.100E+00  2.83103E-03  1.23286E-19  4.40261E-03  0.00000E+00  1.0E-07
  6.200E+00  2.92452E-03  1.15714E-19  4.13224E-03  0.00000E+00  1.0E-07
  6.300E+00  3.01952E-03  1.08719E-19  3.88244E-03  0.00000E+00  1.0E-07
  6.400E+00  3.11604E-03  1.02248E-19  3.65133E-03  0.00000E+00  1.0E-07
  6.500E+00  3.21407E-03  9.62538E-20  3.43728E-03  0.00000E+00  1.0E-07
  6.600E+00  3.31362E-03  9.06959E-20  3.23881E-03  0.00000E+00  1.0E-07
  6.700E+00  3.41468E-03  8.55364E-20  3.05456E-03  0.00000E+00  1.0E-07
  6.800E+00  3.51725E-03  8.07405E-20  2.88330E-03  0.00000E+00  1.0E-07
  6.900E+00  3.62133E-03  7.62786E-20  2.72396E-03  0.00000E+00  1.0E-07
  7.000E+00  3.72692E-03  7.21229E-20  2.57556E-03  0.00000E+00  1.0E-07
  7.100E+00  3.83403E-03  6.82487E-20  2.43720E-03  0.00000E+00  1.0E-07
  7.200E+00  3.94265E-03  6.46326E-20  2.30807E-03  0.00000E+00  1.0E-07
  7.300E+00  4.05278E-03  6.12547E-20  2.18744E-03  0.00000E+00  1.0E-07
  7.400E+00  4.16442E-03  5.80963E-20  2.07466E-03  0.00000E+00  1.0E-07
  7.500E+00  4.27757E-03  5.51405E-20  1.96910E-03  0.00000E+00  1.0E-07
  7.600E+00  4.39223E-03  5.23716E-20  1.87022E-03  0.00000E+00  1.0E-07
  7.700E+00  4.50840E-03  4.97756E-20  1.77752E-03  0.00000E+00  1.0E-07
  7.800E+00  4.62608E-03  4.73398E-20  1.69053E-03  0.00000E+00  1.0E-07
  7.900E+00  4.74527E-03  4.50524E-20  1.60885E-03  0.00000E+00  1.0E-07
  8.000E+00  4.86597E-03  4.29025E-20  1.53208E-03  0.00000E+00  1.0E-07
  8.100E+00  4.98817E-03  4.08804E-20  1.45986E-03  0.00000E+00  1.0E-07
  8.200E+00  5.11188E-03  3.89769E-20  1.39189E-03  0.00000E+00  1.0E-07
  8.300E+00  5.23711E-03  3.71840E-20  1.32786E-03  0.00000E+00  1.0E-07
  8.400E+00  5.36383E-03  3.54938E-20  1.26751E-03  0.00000E+00  1.0E-07
  8.500E+00  5.49207E-03  3.38993E-20  1.21057E-03  0.00000E+00  1.0E-07
  8.600E+00  5.62181E-03  3.23941E-20  1.15682E-03  0.00000E+00  1.0E-07
  8.700E+00  5.75306E-03  3.09723E-20  1.10604E-03  0.00000E+00  1.0E-07
  8.800E+00  5.88581E-03  2.96284E-20  1.05805E-03  0.00000E+00  1.0E-07
  8.900E+00  6.02007E-03  2.83571E-20  1.01265E-03  0.00000E+00  1.0E-07
  9.000E+00  6.15583E-03  2.71539E-20  9.69685E-04  0.00000E+00  1.0E-07
  9.100E+00  6.29310E-03  2.60145E-20  9.28994E-04  0.00000E+00  1.0E-07
  9.200E+00  6.43187E-03  2.49347E-20  8.90435E-04  0.00000E+00  1.0E-07
  9.300E+00  6.57214E-03  2.39110E-20  8.53876E-04  0.00000E+00  1.0E-07
  9.400E+00  6.71392E-03  2.29396E-20  8.19188E-04  0.00000E+00  1.0E-07
  9.500E+00  6.85720E-03  2.20176E-20  7.86262E-04  0.00000E+00  1.0E-07
  9.600E+00  7.00198E-03  2.11419E-20  7.54991E-04  0.00000E+00  1.0E-07
  9.700E+00  7.14827E-03  2.03097E-20  7.25273E-04  0.00000E+00  1.0E-07
  9.800E+00  7.29605E-03  1.95184E-20  6.97016E-04  0.00000E+00  1.0E-07
  9.900E+00  7.44534E-03  1.87657E-20  6.70137E-04  0.00000E+00  1.0E-07
  1.000E+01  7.59612E-03  1.80494E-20  6.44555E-04  0.00000E+00  1.0E-07
  1.025E+01  7.97965E-03  1.64038E-20  5.85790E-04  0.00000E+00  1.0E-07
  1.050E+01  8.37255E-03  1.49433E-20  5.33636E-04  0.00000E+00  1.0E-07
  1.075E+01  8.77480E-03  1.36434E-20  4.87215E-04  0.00000E+00  1.0E-07
  1.100E+01  9.18641E-03  1.24833E-20  4.45786E-04  0.00000E+00  1.0E-07
  1.125E+01  9.60736E-03  1.14451E-20  4.08713E-04  0.00000E+00  1.0E-07
  1.150E+01  1.00376E-02  1.05139E-20  3.75457E-04  0.00000E+00  1.0E-07
  1.175E+01  1.04773E-02  9.67646E-21  3.45553E-04  0.00000E+00  1.0E-07
  1.200E+01  1.09262E-02  8.92173E-21  3.18601E-04  0.00000E+00  1.0E-07
  1.225E+01  1.13844E-02  8.24002E-21  2.94256E-04  0.00000E+00  1.0E-07
  1.250E+01  1.18520E-02  7.62297E-21  2.72221E-04  0.00000E+00  1.0E-07
  1.275E+01  1.23288E-02  7.06331E-21  2.52235E-04  0.00000E+00  1.0E-07
  1.300E+01  1.28150E-02  6.55472E-21  2.34073E-04  0.00000E+00  1.0E-07
  1.325E+01  1.33104E-02  6.09165E-21  2.17537E-04  0.00000E+00  1.0E-07
  1.350E+01  1.38150E-02  5.66934E-21  2.02456E-04  0.00000E+00  1.0E-07
  1.375E+01  1.43290E-02  5.28346E-21  1.88676E-04  0.00000E+00  1.0E-07
  1.400E+01  1.48521E-02  4.93031E-21  1.76065E-04  0.00000E+00  1.0E-07
  1.425E+01  1.53845E-02  4.60660E-21  1.64505E-04  0.00000E+00  1.0E-07
  1.450E+01  1.59262E-02  4.30940E-21  1.53892E-04  0.00000E+00  1.0E-07
  1.475E+01  1.64770E-02  4.03614E-21  1.44133E-04  0.00000E+00  1.0E-07
  1.500E+01  1.70371E-02  3.78451E-21  1.35147E-04  0.00000E+00  1.0E-07
  1.525E+01  1.76063E-02  3.55248E-21  1.26861E-04  0.00000E+00  1.0E-07
  1.550E+01  1.81848E-02  3.33825E-21  1.19211E-04  0.00000E+00  1.0E-07
  1.575E+01  1.87724E-02  3.14017E-21  1.12138E-04  0.00000E+00  1.0E-07
  1.600E+01  1.93692E-02  2.95680E-21  1.05589E-04  0.00000E+00  1.0E-07
  1.625E+01  1.99751E-02  2.78684E-21  9.95199E-05  0.00000E+00  1.0E-07
  1.650E+01  2.05901E-02  2.62912E-21  9.38877E-05  0.00000E+00  1.0E-07
  1.675E+01  2.12143E-02  2.48259E-21  8.86550E-05  0.00000E+00  1.0E-07
  1.700E+01  2.18476E-02  2.34630E-21  8.37878E-05  0.00000E+00  1.0E-07
  1.725E+01  2.24900E-02  2.21939E-21  7.92559E-05  0.00000E+00  1.0E-07
  1.750E+01  2.31415E-02  2.10110E-21  7.50317E-05  0.00000E+00  1.0E-07
  1.775E+01  2.38021E-02  1.99073E-21  7.10903E-05  0.00000E+00  1.0E-07
  1.800E+01  2.44717E-02  1.88764E-21  6.74089E-05  0.00000E+00  1.0E-07
  1.825E+01  2.51504E-02  1.79126E-21  6.39670E-05  0.00000E+00  1.0E-07
  1.850E+01  2.58382E-02  1.70107E-21  6.07462E-05  0.00000E+00  1.0E-07
  1.875E+01  2.65349E-02  1.61659E-21  5.77294E-05  0.00000E+00  1.0E-07
  1.900E+01  2.72407E-02  1.53738E-21  5.49010E-05  0.00000E+00  1.0E-07
  1.925E+01  2.79555E-02  1.46307E-21  5.22470E-05  0.00000E+00  1.0E-07
  1.950E+01  2.86793E-02  1.39327E-21  4.97546E-05  0.00000E+00  1.0E-07
  1.975E+01  2.94120E-02  1.32767E-21  4.74121E-05  0.00000E+00  1.0E-07
  2.000E+01  3.01537E-02  1.26596E-21  4.52084E-05  0.00000E+00  1.0E-07
  2.025E+01  3.09043E-02  1.20787E-21  4.31339E-05  0.00000E+00  1.0E-07
  2.050E+01  3.16639E-02  1.15314E-21  4.11795E-05  0.00000E+00  1.0E-07
  2.075E+01  3.24324E-02  1.10154E-21  3.93367E-05  0.00000E+00  1.0E-07
  2.100E+01  3.32098E-02  1.05285E-21  3.75981E-05  0.00000E+00  1.0E-07
  2.125E+01  3.39961E-02  1.00688E-21  3.59564E-05  0.00000E+00  1.0E-07
  2.150E+01  3.47912E-02  9.63444E-22  3.44052E-05  0.00000E+00  1.0E-07
  2.175E+01  3.55952E-02  9.22375E-22  3.29386E-05  0.00000E+00  1.0E-07
  2.200E+01  3.64081E-02  8.83517E-22  3.15510E-05  0.00000E+00  1.0E-07
  2.225E+01  3.72297E-02  8.46727E-22  3.02372E-05  0.00000E+00  1.0E-07
  2.250E+01  3.80602E-02  8.11875E-22  2.89926E-05  0.00000E+00  1.0E-07
  2.275E+01  3.88995E-02  7.78837E-22  2.78128E-05  0.00000E+00  1.0E-07
  2.300E+01  3.97476E-02  7.47499E-22  2.66937E-05  0.00000E+00  1.0E-07
  2.325E+01  4.06044E-02  7.17757E-22  2.56316E-05  0.00000E+00  1.0E-07
  2.350E+01  4.14700E-02  6.89512E-22  2.46229E-05  0.00000E+00  1.0E-07
  2.375E+01  4.23443E-02  6.62674E-22  2.36645E-05  0.00000E+00  1.0E-07
  2.400E+01  4.32273E-02  6.37159E-22  2.27534E-05  0.00000E+00  1.0E-07
  2.425E+01  4.41190E-02  6.12888E-22  2.18866E-05  0.00000E+00  1.0E-07
  2.450E+01  4.50194E-02  5.89788E-22  2.10617E-05  0.00000E+00  1.0E-07
  2.475E+01  4.59284E-02  5.67792E-22  2.02762E-05  0.00000E+00  1.0E-07
  2.500E+01  4.68461E-02  5.46835E-22  1.95278E-05  0.00000E+00  1.0E-07
  2.550E+01  4.87074E-02  5.07807E-22  1.81341E-05  0.00000E+00  1.0E-07
  2.600E+01  5.06030E-02  4.72277E-22  1.68653E-05  0.00000E+00  1.0E-07
  2.650E+01  5.25328E-02  4.39870E-22  1.57080E-05  0.00000E+00  1.0E-07
  2.700E+01  5.44967E-02  4.10258E-22  1.46506E-05  0.00000E+00  1.0E-07
  2.750E+01  5.64946E-02  3.83154E-22  1.36827E-05  0.00000E+00  1.0E-07
  2.800E+01  5.85262E-02  3.58302E-22  1.27952E-05  0.00000E+00  1.0E-07
  2.850E+01  6.05914E-02  3.35479E-22  1.19802E-05  0.00000E+00  1.0E-07
  2.900E+01  6.26901E-02  3.14487E-22  1.12305E-05  0.00000E+00  1.0E-07
  2.950E+01  6.48222E-02  2.95149E-22  1.05400E-05  0.00000E+00  1.0E-07
  3.000E+01  6.69873E-02  2.77310E-22  9.90292E-06  0.00000E+00  1.0E-07
  3.050E+01  6.91854E-02  2.60830E-22  9.31440E-06  0.00000E+00  1.0E-07
  3.100E+01  7.14163E-02  2.45584E-22  8.76998E-06  0.00000E+00  1.0E-07
  3.150E+01  7.36799E-02  2.31463E-22  8.26568E-06  0.00000E+00  1.0E-07
  3.200E+01  7.59760E-02  2.18365E-22  7.79797E-06  0.00000E+00  1.0E-07
  3.250E+01  7.83043E-02  2.06203E-22  7.36364E-06  0.00000E+00  1.0E-07
  3.300E+01  8.06647E-02  1.94895E-22  6.95984E-06  0.00000E+00  1.0E-07
  3.350E+01  8.30571E-02  1.84370E-22  6.58398E-06  0.00000E+00  1.0E-07
  3.400E+01  8.54812E-02  1.74562E-22  6.23373E-06  0.00000E+00  1.0E-07
  3.450E+01  8.79369E-02  1.65413E-22  5.90701E-06  0.00000E+00  1.0E-07
  3.500E+01  9.04240E-02  1.56869E-22  5.60190E-06  0.00000E+00  1.0E-07
  3.550E+01  9.29422E-02  1.48882E-22  5.31668E-06  0.00000E+00  1.0E-07
  3.600E+01  9.54915E-02  1.41409E-22  5.04980E-06  0.00000E+00  1.0E-07
  3.650E+01  9.80716E-02  1.34409E-22  4.79983E-06  0.00000E+00  1.0E-07
  3.700E+01  1.00682E-01  1.27846E-22  4.56547E-06  0.00000E+00  1.0E-07
  3.750E+01  1.03323E-01  1.21688E-22  4.34556E-06  0.00000E+00  1.0E-07
  3.800E+01  1.05995E-01  1.15904E-22  4.13902E-06  0.00000E+00  1.0E-07
  3.850E+01  1.08696E-01  1.10467E-22  3.94486E-06  0.00000E+00  1.0E-07
  3.900E+01  1.11427E-01  1.05352E-22  3.76220E-06  0.00000E+00  1.0E-07
  3.950E+01  1.14188E-01  1.00536E-22  3.59020E-06  0.00000E+00  1.0E-07
  4.000E+01  1.16978E-01  9.59973E-23  3.42812E-06  0.00000E+00  1.0E-07
  4.050E+01  1.19797E-01  9.17171E-23  3.27528E-06  0.00000E+00  1.0E-07
  4.100E+01  1.22645E-01  8.76775E-23  3.13102E-06  0.00000E+00  1.0E-07
  4.150E+01  1.25522E-01  8.38622E-23  2.99477E-06  0.00000E+00  1.0E-07
  4.200E+01  1.28428E-01  8.02560E-23  2.86600E-06  0.00000E+00  1.0E-07
  4.250E+01  1.31361E-01  7.68452E-23  2.74419E-06  0.00000E+00  1.0E-07
  4.300E+01  1.34323E-01  7.36169E-23  2.62891E-06  0.00000E+00  1.0E-07
  4.350E+01  1.37313E-01  7.05593E-23  2.51972E-06  0.00000E+00  1.0E-07
  4.400E+01  1.40330E-01  6.76615E-23  2.41624E-06  0.00000E+00  1.0E-07
  4.450E+01  1.43375E-01  6.49135E-23  2.31810E-06  0.00000E+00  1.0E-07
  4.500E+01  1.46447E-01  6.23057E-23  2.22498E-06  0.00000E+00  1.0E-07
  4.550E+01  1.49545E-01  5.98297E-23  2.13656E-06  0.00000E+00  1.0E-07
  4.600E+01  1.52671E-01  5.74773E-23  2.05255E-06  0.00000E+00  1.0E-07
  4.650E+01  1.55823E-01  5.52410E-23  1.97269E-06  0.00000E+00  1.0E-07
  4.700E+01  1.59001E-01  5.31140E-23  1.89673E-06  0.00000E+00  1.0E-07
  4.750E+01  1.62205E-01  5.10896E-23  1.82444E-06  0.00000E+00  1.0E-07
  4.800E+01  1.65435E-01  4.91619E-23  1.75560E-06  0.00000E+00  1.0E-07
  4.850E+01  1.68690E-01  4.73254E-23  1.69002E-06  0.00000E+00  1.0E-07
  4.900E+01  1.71970E-01  4.55748E-23  1.62750E-06  0.00000E+00  1.0E-07
  4.950E+01  1.75276E-01  4.39052E-23  1.56788E-06  0.00000E+00  1.0E-07
  5.000E+01  1.78606E-01  4.23122E-23  1.51100E-06  0.00000E+00  1.0E-07
  5.050E+01  1.81961E-01  4.07914E-23  1.45669E-06  0.00000E+00  1.0E-07
  5.100E+01  1.85340E-01  3.93389E-23  1.40482E-06  0.00000E+00  1.0E-07
  5.150E+01  1.88743E-01  3.79510E-23  1.35525E-06  0.00000E+00  1.0E-07
  5.200E+01  1.92169E-01  3.66241E-23  1.30787E-06  0.00000E+00  1.0E-07
  5.250E+01  1.95619E-01  3.53550E-23  1.26255E-06  0.00000E+00  1.0E-07
  5.300E+01  1.99092E-01  3.41407E-23  1.21919E-06  0.00000E+00  1.0E-07
  5.350E+01  2.02589E-01  3.29783E-23  1.17768E-06  0.00000E+00  1.0E-07
  5.400E+01  2.06107E-01  3.18651E-23  1.13792E-06  0.00000E+00  1.0E-07
  5.450E+01  2.09649E-01  3.07986E-23  1.09984E-06  0.00000E+00  1.0E-07
  5.500E+01  2.13212E-01  2.97765E-23  1.06334E-06  0.00000E+00  1.0E-07
  5.550E+01  2.16797E-01  2.87964E-23  1.02834E-06  0.00000E+00  1.0E-07
  5.600E+01  2.20404E-01  2.78563E-23  9.94768E-07  0.00000E+00  1.0E-07
  5.650E+01  2.24032E-01  2.69543E-23  9.62554E-07  0.00000E+00  1.0E-07
  5.700E+01  2.27680E-01  2.60883E-23  9.31630E-07  0.00000E+00  1.0E-07
  5.750E+01  2.31350E-01  2.52567E-23  9.01933E-07  0.00000E+00  1.0E-07
  5.800E+01  2.35040E-01  2.44578E-23  8.73405E-07  0.00000E+00  1.0E-07
  5.850E+01  2.38751E-01  2.36901E-23  8.45990E-07  0.00000E+00  1.0E-07
  5.900E+01  2.42481E-01  2.29521E-23  8.19636E-07  0.00000E+00  1.0E-07
  5.950E+01  2.46231E-01  2.22425E-23  7.94293E-07  0.00000E+00  1.0E-07
  6.000E+01  2.50000E-01  2.15598E-23  7.69914E-07  0.00000E+00  1.0E-07
  6.050E+01  2.53788E-01  2.09028E-23  7.46454E-07  0.00000E+00  1.0E-07
  6.100E+01  2.57595E-01  2.02705E-23  7.23872E-07  0.00000E+00  1.0E-07
  6.150E+01  2.61421E-01  1.96615E-23  7.02126E-07  0.00000E+00  1.0E-07
  6.200E+01  2.65264E-01  1.90750E-23  6.81180E-07  0.00000E+00  1.0E-07
  6.250E+01  2.69126E-01  1.85098E-23  6.60998E-07  0.00000E+00  1.0E-07
  6.300E+01  2.73005E-01  1.79651E-23  6.41547E-07  0.00000E+00  1.0E-07
  6.350E+01  2.76901E-01  1.74400E-23  6.22793E-07  0.00000E+00  1.0E-07
  6.400E+01  2.80814E-01  1.69336E-23  6.04708E-07  0.00000E+00  1.0E-07
  6.450E+01  2.84744E-01  1.64450E-23  5.87263E-07  0.00000E+00  1.0E-07
  6.500E+01  2.88691E-01  1.59737E-23  5.70429E-07  0.00000E+00  1.0E-07
  6.550E+01  2.92653E-01  1.55187E-23  5.54182E-07  0.00000E+00  1.0E-07
  6.600E+01  2.96632E-01  1.50794E-23  5.38495E-07  0.00000E+00  1.0E-07
  6.650E+01  3.00625E-01  1.46552E-23  5.23346E-07  0.00000E+00  1.0E-07
  6.700E+01  3.04634E-01  1.42454E-23  5.08712E-07  0.00000E+00  1.0E-07
  6.750E+01  3.08658E-01  1.38494E-23  4.94572E-07  0.00000E+00  1.0E-07
  6.800E+01  3.12697E-01  1.34667E-23  4.80906E-07  0.00000E+00  1.0E-07
  6.850E+01  3.16749E-01  1.30968E-23  4.67695E-07  0.00000E+00  1.0E-07
  6.900E+01  3.20816E-01  1.27391E-23  4.54920E-07  0.00000E+00  1.0E-07
  6.950E+01  3.24896E-01  1.23931E-23  4.42564E-07  0.00000E+00  1.0E-07
  7.000E+01  3.28990E-01  1.20583E-23  4.30611E-07  0.00000E+00  1.0E-07
  7.050E+01  3.33097E-01  1.17344E-23  4.19045E-07  0.00000E+00  1.0E-07
  7.100E+01  3.37216E-01  1.14209E-23  4.07850E-07  0.00000E+00  1.0E-07
  7.150E+01  3.41348E-01  1.11174E-23  3.97011E-07  0.00000E+00  1.0E-07
  7.200E+01  3.45492E-01  1.08235E-23  3.86516E-07  0.00000E+00  1.0E-07
  7.250E+01  3.49647E-01  1.05389E-23  3.76351E-07  0.00000E+00  1.0E-07
  7.300E+01  3.53814E-01  1.02631E-23  3.66503E-07  0.00000E+00  1.0E-07
  7.350E+01  3.57992E-01  9.99591E-24  3.56960E-07  0.00000E+00  1.0E-07
  7.400E+01  3.62181E-01  9.73694E-24  3.47712E-07  0.00000E+00  1.0E-07
  7.450E+01  3.66381E-01  9.48590E-24  3.38748E-07  0.00000E+00  1.0E-07
  7.500E+01  3.70590E-01  9.24250E-24  3.30056E-07  0.00000E+00  1.0E-07
  7.550E+01  3.74810E-01  9.00645E-24  3.21626E-07  0.00000E+00  1.0E-07
  7.600E+01  3.79039E-01  8.77750E-24  3.13450E-07  0.00000E+00  1.0E-07
  7.650E+01  3.83277E-01  8.55538E-24  3.05518E-07  0.00000E+00  1.0E-07
  7.700E+01  3.87524E-01  8.33984E-24  2.97821E-07  0.00000E+00  1.0E-07
  7.750E+01  3.91780E-01  8.13064E-24  2.90350E-07  0.00000E+00  1.0E-07
  7.800E+01  3.96044E-01  7.92757E-24  2.83099E-07  0.00000E+00  1.0E-07
  7.850E+01  4.00316E-01  7.73041E-24  2.76058E-07  0.00000E+00  1.0E-07
  7.900E+01  4.04596E-01  7.53894E-24  2.69221E-07  0.00000E+00  1.0E-07
  7.950E+01  4.08882E-01  7.35299E-24  2.62580E-07  0.00000E+00  1.0E-07
  8.000E+01  4.13176E-01  7.17235E-24  2.56129E-07  0.00000E+00  1.0E-07
  8.050E+01  4.17476E-01  6.99684E-24  2.49862E-07  0.00000E+00  1.0E-07
  8.100E+01  4.21783E-01  6.82629E-24  2.43771E-07  0.00000E+00  1.0E-07
  8.150E+01  4.26095E-01  6.66052E-24  2.37852E-07  0.00000E+00  1.0E-07
  8.200E+01  4.30413E-01  6.49938E-24  2.32097E-07  0.00000E+00  1.0E-07
  8.250E+01  4.34737E-01  6.34270E-24  2.26502E-07  0.00000E+00  1.0E-07
  8.300E+01  4.39065E-01  6.19035E-24  2.21061E-07  0.00000E+00  1.0E-07
  8.350E+01  4.43398E-01  6.04217E-24  2.15770E-07  0.00000E+00  1.0E-07
  8.400E+01  4.47736E-01  5.89803E-24  2.10623E-07  0.00000E+00  1.0E-07
  8.450E+01  4.52077E-01  5.75780E-24  2.05615E-07  0.00000E+00  1.0E-07
  8.500E+01  4.56422E-01  5.62136E-24  2.00742E-07  0.00000E+00  1.0E-07
  8.550E+01  4.60770E-01  5.48857E-24  1.96001E-07  0.00000E+00  1.0E-07
  8.600E+01  4.65122E-01  5.35933E-24  1.91385E-07  0.00000E+00  1.0E-07
  8.650E+01  4.69476E-01  5.23352E-24  1.86892E-07  0.00000E+00  1.0E-07
  8.700E+01  4.73832E-01  5.11103E-24  1.82518E-07  0.00000E+00  1.0E-07
  8.750E+01  4.78190E-01  4.99175E-24  1.78258E-07  0.00000E+00  1.0E-07
  8.800E+01  4.82550E-01  4.87558E-24  1.74110E-07  0.00000E+00  1.0E-07
  8.850E+01  4.86912E-01  4.76242E-24  1.70069E-07  0.00000E+00  1.0E-07
  8.900E+01  4.91274E-01  4.65219E-24  1.66133E-07  0.00000E+00  1.0E-07
  8.950E+01  4.95637E-01  4.54480E-24  1.62298E-07  0.00000E+00  1.0E-07
  9.000E+01  5.00000E-01  4.44014E-24  1.58560E-07  0.00000E+00  1.0E-07
  9.050E+01  5.04363E-01  4.33816E-24  1.54918E-07  0.00000E+00  1.0E-07
  9.100E+01  5.08726E-01  4.23875E-24  1.51369E-07  0.00000E+00  1.0E-07
  9.150E+01  5.13088E-01  4.14185E-24  1.47908E-07  0.00000E+00  1.0E-07
  9.200E+01  5.17450E-01  4.04738E-24  1.44535E-07  0.00000E+00  1.0E-07
  9.250E+01  5.21810E-01  3.95527E-24  1.41245E-07  0.00000E+00  1.0E-07
  9.300E+01  5.26168E-01  3.86544E-24  1.38037E-07  0.00000E+00  1.0E-07
  9.350E+01  5.30524E-01  3.77783E-24  1.34909E-07  0.00000E+00  1.0E-07
  9.400E+01  5.34878E-01  3.69237E-24  1.31857E-07  0.00000E+00  1.0E-07
  9.450E+01  5.39230E-01  3.60900E-24  1.28880E-07  0.00000E+00  1.0E-07
  9.500E+01  5.43578E-01  3.52766E-24  1.25975E-07  0.00000E+00  1.0E-07
  9.550E+01  5.47923E-01  3.44829E-24  1.23141E-07  0.00000E+00  1.0E-07
  9.600E+01  5.52264E-01  3.37084E-24  1.20375E-07  0.00000E+00  1.0E-07
  9.650E+01  5.56602E-01  3.29525E-24  1.17676E-07  0.00000E+00  1.0E-07
  9.700E+01  5.60935E-01  3.22147E-24  1.15041E-07  0.00000E+00  1.0E-07
  9.750E+01  5.65263E-01  3.14945E-24  1.12469E-07  0.00000E+00  1.0E-07
  9.800E+01  5.69587E-01  3.07913E-24  1.09958E-07  0.00000E+00  1.0E-07
  9.850E+01  5.73905E-01  3.01048E-24  1.07506E-07  0.00000E+00  1.0E-07
  9.900E+01  5.78217E-01  2.94343E-24  1.05112E-07  0.00000E+00  1.0E-07
  9.950E+01  5.82524E-01  2.87795E-24  1.02773E-07  0.00000E+00  1.0E-07
  1.000E+02  5.86824E-01  2.81399E-24  1.00489E-07  0.00000E+00  1.0E-07
  1.005E+02  5.91118E-01  2.75151E-24  9.82584E-08  0.00000E+00  1.0E-07
  1.010E+02  5.95404E-01  2.69048E-24  9.60789E-08  0.00000E+00  1.0E-07
  1.015E+02  5.99684E-01  2.63086E-24  9.39498E-08  0.00000E+00  1.0E-07
  1.020E+02  6.03956E-01  2.57261E-24  9.18696E-08  0.00000E+00  1.0E-07
  1.025E+02  6.08220E-01  2.51569E-24  8.98368E-08  0.00000E+00  1.0E-07
  1.030E+02  6.12476E-01  2.46006E-24  8.78502E-08  0.00000E+00  1.0E-07
  1.035E+02  6.16723E-01  2.40568E-24  8.59086E-08  0.00000E+00  1.0E-07
  1.040E+02  6.20961E-01  2.35254E-24  8.40106E-08  0.00000E+00  1.0E-07
  1.045E+02  6.25190E-01  2.30058E-24  8.21552E-08  0.00000E+00  1.0E-07
  1.050E+02  6.29410E-01  2.24979E-24  8.03413E-08  0.00000E+00  1.0E-07
  1.055E+02  6.33619E-01  2.20013E-24  7.85679E-08  0.00000E+00  1.0E-07
  1.060E+02  6.37819E-01  2.15157E-24  7.68339E-08  0.00000E+00  1.0E-07
  1.065E+02  6.42008E-01  2.10409E-24  7.51383E-08  0.00000E+00  1.0E-07
  1.070E+02  6.46186E-01  2.05765E-24  7.34801E-08  0.00000E+00  1.0E-07
  1.075E+02  6.50353E-01  2.01224E-24  7.18584E-08  0.00000E+00  1.0E-07
  1.080E+02  6.54508E-01  1.96782E-24  7.02722E-08  0.00000E+00  1.0E-07
  1.085E+02  6.58652E-01  1.92437E-24  6.87207E-08  0.00000E+00  1.0E-07
  1.090E+02  6.62784E-01  1.88187E-24  6.72028E-08  0.00000E+00  1.0E-07
  1.095E+02  6.66903E-01  1.84029E-24  6.57178E-08  0.00000E+00  1.0E-07
  1.100E+02  6.71010E-01  1.79960E-24  6.42649E-08  0.00000E+00  1.0E-07
  1.105E+02  6.75104E-01  1.75979E-24  6.28433E-08  0.00000E+00  1.0E-07
  1.110E+02  6.79184E-01  1.72084E-24  6.14521E-08  0.00000E+00  1.0E-07
  1.115E+02  6.83251E-01  1.68271E-24  6.00908E-08  0.00000E+00  1.0E-07
  1.120E+02  6.87303E-01  1.64540E-24  5.87584E-08  0.00000E+00  1.0E-07
  1.125E+02  6.91342E-01  1.60889E-24  5.74544E-08  0.00000E+00  1.0E-07
  1.130E+02  6.95366E-01  1.57315E-24  5.61781E-08  0.00000E+00  1.0E-07
  1.135E+02  6.99375E-01  1.53816E-24  5.49288E-08  0.00000E+00  1.0E-07
  1.140E+02  7.03368E-01  1.50391E-24  5.37057E-08  0.00000E+00  1.0E-07
  1.145E+02  7.07347E-01  1.47039E-24  5.25084E-08  0.00000E+00  1.0E-07
  1.150E+02  7.11309E-01  1.43756E-24  5.13362E-08  0.00000E+00  1.0E-07
  1.155E+02  7.15256E-01  1.40542E-24  5.01885E-08  0.00000E+00  1.0E-07
  1.160E+02  7.19186E-01  1.37395E-24  4.90647E-08  0.00000E+00  1.0E-07
  1.165E+02  7.23099E-01  1.34314E-24  4.79642E-08  0.00000E+00  1.0E-07
  1.170E+02  7.26995E-01  1.31296E-24  4.68866E-08  0.00000E+00  1.0E-07
  1.175E+02  7.30874E-01  1.28341E-24  4.58313E-08  0.00000E+00  1.0E-07
  1.180E+02  7.34736E-01  1.25446E-24  4.47977E-08  0.00000E+00  1.0E-07
  1.185E+02  7.38579E-01  1.22612E-24  4.37855E-08  0.00000E+00  1.0E-07
  1.190E+02  7.42405E-01  1.19835E-24  4.27940E-08  0.00000E+00  1.0E-07
  1.195E+02  7.46212E-01  1.17116E-24  4.18228E-08  0.00000E+00  1.0E-07
  1.200E+02  7.50000E-01  1.14452E-24  4.08715E-08  0.00000E+00  1.0E-07
  1.205E+02  7.53769E-01  1.11842E-24  3.99397E-08  0.00000E+00  1.0E-07
  1.210E+02  7.57519E-01  1.09286E-24  3.90268E-08  0.00000E+00  1.0E-07
  1.215E+02  7.61249E-01  1.06782E-24  3.81325E-08  0.00000E+00  1.0E-07
  1.220E+02  7.64960E-01  1.04328E-24  3.72563E-08  0.00000E+00  1.0E-07
  1.225E+02  7.68650E-01  1.01924E-24  3.63979E-08  0.00000E+00  1.0E-07
  1.230E+02  7.72320E-01  9.95692E-25  3.55568E-08  0.00000E+00  1.0E-07
  1.235E+02  7.75968E-01  9.72615E-25  3.47327E-08  0.00000E+00  1.0E-07
  1.240E+02  7.79596E-01  9.50004E-25  3.39252E-08  0.00000E+00  1.0E-07
  1.245E+02  7.83203E-01  9.27847E-25  3.31340E-08  0.00000E+00  1.0E-07
  1.250E+02  7.86788E-01  9.06136E-25  3.23587E-08  0.00000E+00  1.0E-07
  1.255E+02  7.90351E-01  8.84860E-25  3.15989E-08  0.00000E+00  1.0E-07
  1.260E+02  7.93893E-01  8.64011E-25  3.08544E-08  0.00000E+00  1.0E-07
  1.265E+02  7.97411E-01  8.43580E-25  3.01248E-08  0.00000E+00  1.0E-07
  1.270E+02  8.00908E-01  8.23557E-25  2.94098E-08  0.00000E+00  1.0E-07
  1.275E+02  8.04381E-01  8.03935E-25  2.87090E-08  0.00000E+00  1.0E-07
  1.280E+02  8.07831E-01  7.84704E-25  2.80223E-08  0.00000E+00  1.0E-07
  1.285E+02  8.11257E-01  7.65857E-25  2.73493E-08  0.00000E+00  1.0E-07
  1.290E+02  8.14660E-01  7.47387E-25  2.66897E-08  0.00000E+00  1.0E-07
  1.295E+02  8.18039E-01  7.29284E-25  2.60432E-08  0.00000E+00  1.0E-07
  1.300E+02  8.21394E-01  7.11542E-25  2.54096E-08  0.00000E+00  1.0E-07
  1.305E+02  8.24724E-01  6.94153E-25  2.47887E-08  0.00000E+00  1.0E-07
  1.310E+02  8.28030E-01  6.77111E-25  2.41801E-08  0.00000E+00  1.0E-07
  1.315E+02  8.31310E-01  6.60408E-25  2.35836E-08  0.00000E+00  1.0E-07
  1.320E+02  8.34565E-01  6.44037E-25  2.29990E-08  0.00000E+00  1.0E-07
  1.325E+02  8.37795E-01  6.27992E-25  2.24260E-08  0.00000E+00  1.0E-07
  1.330E+02  8.40999E-01  6.12267E-25  2.18645E-08  0.00000E+00  1.0E-07
  1.335E+02  8.44177E-01  5.96855E-25  2.13141E-08  0.00000E+00  1.0E-07
  1.340E+02  8.47329E-01  5.81751E-25  2.07747E-08  0.00000E+00  1.0E-07
  1.345E+02  8.50455E-01  5.66947E-25  2.02461E-08  0.00000E+00  1.0E-07
  1.350E+02  8.53553E-01  5.52439E-25  1.97280E-08  0.00000E+00  1.0E-07
  1.355E+02  8.56625E-01  5.38221E-25  1.92202E-08  0.00000E+00  1.0E-07
  1.360E+02  8.59670E-01  5.24288E-25  1.87227E-08  0.00000E+00  1.0E-07
  1.365E+02  8.62687E-01  5.10633E-25  1.82350E-08  0.00000E+00  1.0E-07
  1.370E+02  8.65677E-01  4.97252E-25  1.77572E-08  0.00000E+00  1.0E-07
  1.375E+02  8.68639E-01  4.84140E-25  1.72890E-08  0.00000E+00  1.0E-07
  1.380E+02  8.71572E-01  4.71292E-25  1.68301E-08  0.00000E+00  1.0E-07
  1.385E+02  8.74478E-01  4.58702E-25  1.63806E-08  0.00000E+00  1.0E-07
  1.390E+02  8.77355E-01  4.46367E-25  1.59401E-08  0.00000E+00  1.0E-07
  1.395E+02  8.80203E-01  4.34281E-25  1.55085E-08  0.00000E+00  1.0E-07
  1.400E+02  8.83022E-01  4.22441E-25  1.50856E-08  0.00000E+00  1.0E-07
  1.405E+02  8.85812E-01  4.10841E-25  1.46714E-08  0.00000E+00  1.0E-07
  1.410E+02  8.88573E-01  3.99477E-25  1.42656E-08  0.00000E+00  1.0E-07
  1.415E+02  8.91304E-01  3.88346E-25  1.38681E-08  0.00000E+00  1.0E-07
  1.420E+02  8.94005E-01  3.77443E-25  1.34787E-08  0.00000E+00  1.0E-07
  1.425E+02  8.96677E-01  3.66765E-25  1.30974E-08  0.00000E+00  1.0E-07
  1.430E+02  8.99318E-01  3.56307E-25  1.27239E-08  0.00000E+00  1.0E-07
  1.435E+02  9.01928E-01  3.46066E-25  1.23582E-08  0.00000E+00  1.0E-07
  1.440E+02  9.04508E-01  3.36037E-25  1.20001E-08  0.00000E+00  1.0E-07
  1.445E+02  9.07058E-01  3.26219E-25  1.16495E-08  0.00000E+00  1.0E-07
  1.450E+02  9.09576E-01  3.16606E-25  1.13062E-08  0.00000E+00  1.0E-07
  1.455E+02  9.12063E-01  3.07196E-25  1.09702E-08  0.00000E+00  1.0E-07
  1.460E+02  9.14519E-01  2.97986E-25  1.06413E-08  0.00000E+00  1.0E-07
  1.465E+02  9.16943E-01  2.88971E-25  1.03193E-08  0.00000E+00  1.0E-07
  1.470E+02  9.19335E-01  2.80150E-25  1.00043E-08  0.00000E+00  1.0E-07
  1.475E+02  9.21696E-01  2.71518E-25  9.69610E-09  0.00000E+00  1.0E-07
  1.480E+02  9.24024E-01  2.63074E-25  9.39454E-09  0.00000E+00  1.0E-07
  1.485E+02  9.26320E-01  2.54814E-25  9.09956E-09  0.00000E+00  1.0E-07
  1.490E+02  9.28584E-01  2.46735E-25  8.81106E-09  0.00000E+00  1.0E-07
  1.495E+02  9.30815E-01  2.38834E-25  8.52892E-09  0.00000E+00  1.0E-07
  1.500E+02  9.33013E-01  2.31109E-25  8.25307E-09  0.00000E+00  1.0E-07
  1.505E+02  9.35178E-01  2.23558E-25  7.98340E-09  0.00000E+00  1.0E-07
  1.510E+02  9.37310E-01  2.16177E-25  7.71983E-09  0.00000E+00  1.0E-07
  1.515E+02  9.39409E-01  2.08965E-25  7.46226E-09  0.00000E+00  1.0E-07
  1.520E+02  9.41474E-01  2.01918E-25  7.21062E-09  0.00000E+00  1.0E-07
  1.525E+02  9.43505E-01  1.95035E-25  6.96481E-09  0.00000E+00  1.0E-07
  1.530E+02  9.45503E-01  1.88312E-25  6.72476E-09  0.00000E+00  1.0E-07
  1.535E+02  9.47467E-01  1.81749E-25  6.49038E-09  0.00000E+00  1.0E-07
  1.540E+02  9.49397E-01  1.75343E-25  6.26160E-09  0.00000E+00  1.0E-07
  1.545E+02  9.51293E-01  1.69091E-25  6.03835E-09  0.00000E+00  1.0E-07
  1.550E+02  9.53154E-01  1.62992E-25  5.82054E-09  0.00000E+00  1.0E-07
  1.555E+02  9.54981E-01  1.57043E-25  5.60812E-09  0.00000E+00  1.0E-07
  1.560E+02  9.56773E-01  1.51243E-25  5.40100E-09  0.00000E+00  1.0E-07
  1.565E+02  9.58530E-01  1.45591E-25  5.19913E-09  0.00000E+00  1.0E-07
  1.570E+02  9.60252E-01  1.40083E-25  5.00244E-09  0.00000E+00  1.0E-07
  1.575E+02  9.61940E-01  1.34718E-25  4.81086E-09  0.00000E+00  1.0E-07
  1.580E+02  9.63592E-01  1.29495E-25  4.62434E-09  0.00000E+00  1.0E-07
  1.585E+02  9.65209E-01  1.24411E-25  4.44280E-09  0.00000E+00  1.0E-07
  1.590E+02  9.66790E-01  1.19466E-25  4.26621E-09  0.00000E+00  1.0E-07
  1.595E+02  9.68336E-01  1.14657E-25  4.09449E-09  0.00000E+00  1.0E-07
  1.600E+02  9.69846E-01  1.09984E-25  3.92760E-09  0.00000E+00  1.0E-07
  1.605E+02  9.71321E-01  1.05444E-25  3.76548E-09  0.00000E+00  1.0E-07
  1.610E+02  9.72759E-01  1.01036E-25  3.60808E-09  0.00000E+00  1.0E-07
  1.615E+02  9.74162E-01  9.67595E-26  3.45535E-09  0.00000E+00  1.0E-07
  1.620E+02  9.75528E-01  9.26121E-26  3.30724E-09  0.00000E+00  1.0E-07
  1.625E+02  9.76858E-01  8.85928E-26  3.16371E-09  0.00000E+00  1.0E-07
  1.630E+02  9.78152E-01  8.47004E-26  3.02471E-09  0.00000E+00  1.0E-07
  1.635E+02  9.79410E-01  8.09337E-26  2.89019E-09  0.00000E+00  1.0E-07
  1.640E+02  9.80631E-01  7.72914E-26  2.76013E-09  0.00000E+00  1.0E-07
  1.645E+02  9.81815E-01  7.37726E-26  2.63447E-09  0.00000E+00  1.0E-07
  1.650E+02  9.82963E-01  7.03760E-26  2.51317E-09  0.00000E+00  1.0E-07
  1.655E+02  9.84074E-01  6.71006E-26  2.39620E-09  0.00000E+00  1.0E-07
  1.660E+02  9.85148E-01  6.39454E-26  2.28353E-09  0.00000E+00  1.0E-07
  1.665E+02  9.86185E-01  6.09094E-26  2.17512E-09  0.00000E+00  1.0E-07
  1.670E+02  9.87185E-01  5.79918E-26  2.07092E-09  0.00000E+00  1.0E-07
  1.675E+02  9.88148E-01  5.51915E-26  1.97093E-09  0.00000E+00  1.0E-07
  1.680E+02  9.89074E-01  5.25078E-26  1.87509E-09  0.00000E+00  1.0E-07
  1.685E+02  9.89962E-01  4.99399E-26  1.78338E-09  0.00000E+00  1.0E-07
  1.690E+02  9.90814E-01  4.74868E-26  1.69578E-09  0.00000E+00  1.0E-07
  1.695E+02  9.91627E-01  4.51479E-26  1.61226E-09  0.00000E+00  1.0E-07
  1.700E+02  9.92404E-01  4.29225E-26  1.53279E-09  0.00000E+00  1.0E-07
  1.705E+02  9.93143E-01  4.08099E-26  1.45735E-09  0.00000E+00  1.0E-07
  1.710E+02  9.93844E-01  3.88095E-26  1.38591E-09  0.00000E+00  1.0E-07
  1.715E+02  9.94508E-01  3.69205E-26  1.31846E-09  0.00000E+00  1.0E-07
  1.720E+02  9.95134E-01  3.51426E-26  1.25496E-09  0.00000E+00  1.0E-07
  1.725E+02  9.95722E-01  3.34751E-26  1.19542E-09  0.00000E+00  1.0E-07
  1.730E+02  9.96273E-01  3.19175E-26  1.13979E-09  0.00000E+00  1.0E-07
  1.735E+02  9.96786E-01  3.04693E-26  1.08808E-09  0.00000E+00  1.0E-07
  1.740E+02  9.97261E-01  2.91302E-26  1.04026E-09  0.00000E+00  1.0E-07
  1.745E+02  9.97698E-01  2.78997E-26  9.96315E-10  0.00000E+00  1.0E-07
  1.750E+02  9.98097E-01  2.67774E-26  9.56238E-10  0.00000E+00  1.0E-07
  1.755E+02  9.98459E-01  2.57630E-26  9.20013E-10  0.00000E+00  1.0E-07
  1.760E+02  9.98782E-01  2.48562E-26  8.87631E-10  0.00000E+00  1.0E-07
  1.765E+02  9.99067E-01  2.40567E-26  8.59082E-10  0.00000E+00  1.0E-07
  1.770E+02  9.99315E-01  2.33644E-26  8.34357E-10  0.00000E+00  1.0E-07
  1.775E+02  9.99524E-01  2.27789E-26  8.13448E-10  0.00000E+00  1.0E-07
  1.780E+02  9.99695E-01  2.23000E-26  7.96349E-10  0.00000E+00  1.0E-07
  1.785E+02  9.99829E-01  2.19278E-26  7.83055E-10  0.00000E+00  1.0E-07
  1.790E+02  9.99924E-01  2.16620E-26  7.73562E-10  0.00000E+00  1.0E-07
  1.795E+02  9.99981E-01  2.15025E-26  7.67868E-10  0.00000E+00  1.0E-07
  1.800E+02  1.00000E+00  2.14493E-26  7.65970E-10  0.00000E+00  1.0E-07
