 #
 # Subroutine ELSEPA. Elastic scattering of electrons and positrons
 #                    by neutral atoms and positive ions
 #
 # Projectile: electron
 # Kinetic energy = 3.70000E+06 eV = 1.35973E+05 a.u.
 #
 # WARNING: High-energy factorization with free-atom DF screening.
 #          Absorption, polarization and exchange corrections are
 #          switched off.
 #          Phase shifts are calculated for the bare nucleus.
 #          Scattering amplitudes are not evaluated.
 #
 # Element: Lr,  Z = 103,  atomic weight = 2.62000E+02 g/mol
 #
 # Nuclear model: Fermi distribution
 #                Average radius = 6.84675E-13 cm
 #                Skin thickness = 5.46000E-14 cm
 #
 # Number of electrons =103
 #
 # Total elastic cross section = 1.17900E-17 cm**2 = 4.21028E-01 a0**2
 # 1st transport cross section = 1.02168E-21 cm**2 = 3.64847E-05 a0**2
 # 2nd transport cross section = 2.58991E-21 cm**2 = 9.24874E-05 a0**2
 #
 #
 # Differential cross section:                       MU=(1-COS(THETA))/2
 #
 #  THETA        MU          DCS          DCS        Sherman      error
 #  (deg)                 (cm**2/sr)   (a0**2/sr)    function
 #----------------------------------------------------------------------
  0.000E+00  0.00000E+00  1.57639E-12  5.62939E+04  0.00000E+00  1.0E-05
  1.000E-04  7.61557E-13  1.57638E-12  5.62936E+04  0.00000E+00  1.0E-05
  1.250E-04  1.18994E-12  1.57638E-12  5.62934E+04  0.00000E+00  1.0E-05
  1.500E-04  1.71346E-12  1.57637E-12  5.62932E+04  0.00000E+00  1.0E-05
  1.750E-04  2.33225E-12  1.57636E-12  5.62930E+04  0.00000E+00  1.0E-05
  2.000E-04  3.04617E-12  1.57636E-12  5.62927E+04  0.00000E+00  1.0E-05
  2.250E-04  3.85530E-12  1.57635E-12  5.62924E+04  0.00000E+00  1.0E-05
  2.500E-04  4.75964E-12  1.57634E-12  5.62920E+04  0.00000E+00  1.0E-05
  2.750E-04  5.75917E-12  1.57633E-12  5.62916E+04  0.00000E+00  1.0E-05
  3.000E-04  6.85391E-12  1.57631E-12  5.62912E+04  0.00000E+00  1.0E-05
  3.250E-04  8.04379E-12  1.57630E-12  5.62907E+04  0.00000E+00  1.0E-05
  3.500E-04  9.32893E-12  1.57629E-12  5.62902E+04  0.00000E+00  1.0E-05
  3.750E-04  1.07092E-11  1.57627E-12  5.62896E+04  0.00000E+00  1.0E-05
  4.000E-04  1.21847E-11  1.57625E-12  5.62890E+04  0.00000E+00  1.0E-05
  4.250E-04  1.37554E-11  1.57624E-12  5.62884E+04  0.00000E+00  1.0E-05
  4.500E-04  1.54213E-11  1.57622E-12  5.62877E+04  0.00000E+00  1.0E-05
  4.750E-04  1.71823E-11  1.57620E-12  5.62870E+04  0.00000E+00  1.0E-05
  5.000E-04  1.90386E-11  1.57618E-12  5.62862E+04  0.00000E+00  1.0E-05
  5.250E-04  2.09900E-11  1.57615E-12  5.62855E+04  0.00000E+00  1.0E-05
  5.500E-04  2.30367E-11  1.57613E-12  5.62846E+04  0.00000E+00  1.0E-05
  5.750E-04  2.51785E-11  1.57611E-12  5.62838E+04  0.00000E+00  1.0E-05
  6.000E-04  2.74156E-11  1.57608E-12  5.62829E+04  0.00000E+00  1.0E-05
  6.250E-04  2.97478E-11  1.57605E-12  5.62819E+04  0.00000E+00  1.0E-05
  6.500E-04  3.21752E-11  1.57603E-12  5.62809E+04  0.00000E+00  1.0E-05
  6.750E-04  3.46979E-11  1.57600E-12  5.62799E+04  0.00000E+00  1.0E-05
  7.000E-04  3.73157E-11  1.57597E-12  5.62789E+04  0.00000E+00  1.0E-05
  7.250E-04  4.00286E-11  1.57594E-12  5.62778E+04  0.00000E+00  1.0E-05
  7.500E-04  4.28368E-11  1.57591E-12  5.62766E+04  0.00000E+00  1.0E-05
  7.750E-04  4.57402E-11  1.57587E-12  5.62754E+04  0.00000E+00  1.0E-05
  8.000E-04  4.87388E-11  1.57584E-12  5.62742E+04  0.00000E+00  1.0E-05
  8.250E-04  5.18325E-11  1.57580E-12  5.62730E+04  0.00000E+00  1.0E-05
  8.500E-04  5.50215E-11  1.57577E-12  5.62717E+04  0.00000E+00  1.0E-05
  8.750E-04  5.83057E-11  1.57573E-12  5.62704E+04  0.00000E+00  1.0E-05
  9.000E-04  6.16850E-11  1.57569E-12  5.62690E+04  0.00000E+00  1.0E-05
  9.250E-04  6.51595E-11  1.57565E-12  5.62676E+04  0.00000E+00  1.0E-05
  9.500E-04  6.87293E-11  1.57561E-12  5.62661E+04  0.00000E+00  1.0E-05
  9.750E-04  7.23943E-11  1.57557E-12  5.62647E+04  0.00000E+00  1.0E-05
  1.000E-03  7.61544E-11  1.57553E-12  5.62631E+04  0.00000E+00  1.0E-05
  1.250E-03  1.18991E-10  1.57504E-12  5.62458E+04  0.00000E+00  1.0E-05
  1.500E-03  1.71347E-10  1.57445E-12  5.62247E+04  0.00000E+00  1.0E-05
  1.750E-03  2.33223E-10  1.57375E-12  5.61997E+04  0.00000E+00  1.0E-05
  2.000E-03  3.04617E-10  1.57294E-12  5.61708E+04  0.00000E+00  1.0E-05
  2.250E-03  3.85531E-10  1.57203E-12  5.61382E+04  0.00000E+00  1.0E-05
  2.500E-03  4.75965E-10  1.57101E-12  5.61018E+04  0.00000E+00  1.0E-05
  2.750E-03  5.75917E-10  1.56988E-12  5.60616E+04  0.00000E+00  1.0E-05
  3.000E-03  6.85389E-10  1.56865E-12  5.60176E+04  0.00000E+00  1.0E-05
  3.250E-03  8.04380E-10  1.56731E-12  5.59698E+04  0.00000E+00  1.0E-05
  3.500E-03  9.32891E-10  1.56587E-12  5.59183E+04  0.00000E+00  1.0E-05
  3.750E-03  1.07092E-09  1.56433E-12  5.58631E+04  0.00000E+00  1.0E-05
  4.000E-03  1.21847E-09  1.56268E-12  5.58042E+04  0.00000E+00  1.0E-05
  4.250E-03  1.37554E-09  1.56093E-12  5.57416E+04  0.00000E+00  1.0E-05
  4.500E-03  1.54213E-09  1.55907E-12  5.56754E+04  0.00000E+00  1.0E-05
  4.750E-03  1.71823E-09  1.55711E-12  5.56056E+04  0.00000E+00  1.0E-05
  5.000E-03  1.90386E-09  1.55506E-12  5.55321E+04  0.00000E+00  1.0E-05
  5.250E-03  2.09900E-09  1.55290E-12  5.54550E+04  0.00000E+00  1.0E-05
  5.500E-03  2.30367E-09  1.55064E-12  5.53744E+04  0.00000E+00  1.0E-05
  5.750E-03  2.51785E-09  1.54829E-12  5.52903E+04  0.00000E+00  1.0E-05
  6.000E-03  2.74156E-09  1.54583E-12  5.52027E+04  0.00000E+00  1.0E-05
  6.250E-03  2.97478E-09  1.54328E-12  5.51117E+04  0.00000E+00  1.0E-05
  6.500E-03  3.21752E-09  1.54064E-12  5.50172E+04  0.00000E+00  1.0E-05
  6.750E-03  3.46978E-09  1.53790E-12  5.49193E+04  0.00000E+00  1.0E-05
  7.000E-03  3.73156E-09  1.53506E-12  5.48181E+04  0.00000E+00  1.0E-05
  7.250E-03  4.00286E-09  1.53213E-12  5.47135E+04  0.00000E+00  1.0E-05
  7.500E-03  4.28368E-09  1.52911E-12  5.46057E+04  0.00000E+00  1.0E-05
  7.750E-03  4.57402E-09  1.52600E-12  5.44946E+04  0.00000E+00  1.0E-05
  8.000E-03  4.87388E-09  1.52280E-12  5.43803E+04  0.00000E+00  1.0E-05
  8.250E-03  5.18326E-09  1.51951E-12  5.42629E+04  0.00000E+00  1.0E-05
  8.500E-03  5.50215E-09  1.51614E-12  5.41423E+04  0.00000E+00  1.0E-05
  8.750E-03  5.83057E-09  1.51267E-12  5.40186E+04  0.00000E+00  1.0E-05
  9.000E-03  6.16850E-09  1.50913E-12  5.38919E+04  0.00000E+00  1.0E-05
  9.250E-03  6.51596E-09  1.50549E-12  5.37622E+04  0.00000E+00  1.0E-05
  9.500E-03  6.87293E-09  1.50178E-12  5.36295E+04  0.00000E+00  1.0E-05
  9.750E-03  7.23942E-09  1.49798E-12  5.34939E+04  0.00000E+00  1.0E-05
  1.000E-02  7.61544E-09  1.49410E-12  5.33555E+04  0.00000E+00  1.0E-05
  1.250E-02  1.18991E-08  1.45121E-12  5.18237E+04  0.00000E+00  1.0E-05
  1.500E-02  1.71347E-08  1.40177E-12  5.00581E+04  0.00000E+00  1.0E-05
  1.750E-02  2.33223E-08  1.34727E-12  4.81118E+04  0.00000E+00  1.0E-05
  2.000E-02  3.04617E-08  1.28914E-12  4.60362E+04  0.00000E+00  1.0E-05
  2.250E-02  3.85531E-08  1.22873E-12  4.38788E+04  0.00000E+00  1.0E-05
  2.500E-02  4.75965E-08  1.16728E-12  4.16844E+04  0.00000E+00  1.0E-05
  2.750E-02  5.75917E-08  1.10589E-12  3.94922E+04  0.00000E+00  1.0E-05
  3.000E-02  6.85389E-08  1.04547E-12  3.73343E+04  0.00000E+00  1.0E-05
  3.250E-02  8.04380E-08  9.86684E-13  3.52351E+04  0.00000E+00  1.0E-05
  3.500E-02  9.32891E-08  9.30071E-13  3.32134E+04  0.00000E+00  1.0E-05
  3.750E-02  1.07092E-07  8.76044E-13  3.12841E+04  0.00000E+00  1.0E-05
  4.000E-02  1.21847E-07  8.24845E-13  2.94558E+04  0.00000E+00  1.0E-05
  4.250E-02  1.37554E-07  7.76592E-13  2.77326E+04  0.00000E+00  1.0E-05
  4.500E-02  1.54213E-07  7.31274E-13  2.61143E+04  0.00000E+00  1.0E-05
  4.750E-02  1.71823E-07  6.88912E-13  2.46015E+04  0.00000E+00  1.0E-05
  5.000E-02  1.90386E-07  6.49422E-13  2.31913E+04  0.00000E+00  1.0E-05
  5.250E-02  2.09900E-07  6.12685E-13  2.18794E+04  0.00000E+00  1.0E-05
  5.500E-02  2.30367E-07  5.78461E-13  2.06572E+04  0.00000E+00  1.0E-05
  5.750E-02  2.51785E-07  5.46673E-13  1.95221E+04  0.00000E+00  1.0E-05
  6.000E-02  2.74156E-07  5.17161E-13  1.84682E+04  0.00000E+00  1.0E-05
  6.250E-02  2.97478E-07  4.89763E-13  1.74897E+04  0.00000E+00  1.0E-05
  6.500E-02  3.21752E-07  4.64221E-13  1.65776E+04  0.00000E+00  1.0E-05
  6.750E-02  3.46978E-07  4.40449E-13  1.57287E+04  0.00000E+00  1.0E-05
  7.000E-02  3.73156E-07  4.18323E-13  1.49386E+04  0.00000E+00  1.0E-05
  7.250E-02  4.00286E-07  3.97709E-13  1.42025E+04  0.00000E+00  1.0E-05
  7.500E-02  4.28368E-07  3.78407E-13  1.35132E+04  0.00000E+00  1.0E-05
  7.750E-02  4.57402E-07  3.60327E-13  1.28675E+04  0.00000E+00  1.0E-05
  8.000E-02  4.87388E-07  3.43412E-13  1.22635E+04  0.00000E+00  1.0E-05
  8.250E-02  5.18325E-07  3.27566E-13  1.16976E+04  0.00000E+00  1.0E-05
  8.500E-02  5.50215E-07  3.12653E-13  1.11650E+04  0.00000E+00  1.0E-05
  8.750E-02  5.83057E-07  2.98577E-13  1.06624E+04  0.00000E+00  1.0E-05
  9.000E-02  6.16850E-07  2.85334E-13  1.01895E+04  0.00000E+00  1.0E-05
  9.250E-02  6.51596E-07  2.72861E-13  9.74403E+03  0.00000E+00  1.0E-05
  9.500E-02  6.87293E-07  2.61073E-13  9.32310E+03  0.00000E+00  1.0E-05
  9.750E-02  7.23942E-07  2.49866E-13  8.92286E+03  0.00000E+00  1.0E-05
  1.000E-01  7.61543E-07  2.39272E-13  8.54455E+03  0.00000E+00  1.0E-05
  1.250E-01  1.18991E-06  1.58336E-13  5.65426E+03  0.00000E+00  1.0E-05
  1.500E-01  1.71347E-06  1.05999E-13  3.78530E+03  0.00000E+00  1.0E-05
  1.750E-01  2.33223E-06  7.40367E-14  2.64390E+03  0.00000E+00  1.0E-05
  2.000E-01  3.04617E-06  5.29345E-14  1.89033E+03  0.00000E+00  1.0E-05
  2.250E-01  3.85531E-06  3.83862E-14  1.37079E+03  0.00000E+00  1.0E-05
  2.500E-01  4.75964E-06  2.84164E-14  1.01477E+03  0.00000E+00  1.0E-05
  2.750E-01  5.75916E-06  2.15022E-14  7.67859E+02  0.00000E+00  1.0E-05
  3.000E-01  6.85388E-06  1.65782E-14  5.92018E+02  0.00000E+00  1.0E-05
  3.250E-01  8.04378E-06  1.29730E-14  4.63275E+02  0.00000E+00  1.0E-05
  3.500E-01  9.32888E-06  1.02926E-14  3.67554E+02  0.00000E+00  1.0E-05
  3.750E-01  1.07092E-05  8.28588E-15  2.95894E+02  0.00000E+00  1.0E-05
  4.000E-01  1.21846E-05  6.75654E-15  2.41280E+02  0.00000E+00  1.0E-05
  4.250E-01  1.37553E-05  5.57068E-15  1.98933E+02  0.00000E+00  1.0E-05
  4.500E-01  1.54212E-05  4.63528E-15  1.65529E+02  0.00000E+00  1.0E-05
  4.750E-01  1.71822E-05  3.89458E-15  1.39078E+02  0.00000E+00  1.0E-05
  5.000E-01  1.90385E-05  3.29775E-15  1.17765E+02  0.00000E+00  1.0E-05
  5.250E-01  2.09899E-05  2.81896E-15  1.00667E+02  0.00000E+00  1.0E-05
  5.500E-01  2.30365E-05  2.42280E-15  8.65199E+01  0.00000E+00  1.0E-05
  5.750E-01  2.51783E-05  2.09481E-15  7.48069E+01  0.00000E+00  1.0E-05
  6.000E-01  2.74153E-05  1.82108E-15  6.50321E+01  0.00000E+00  1.0E-05
  6.250E-01  2.97475E-05  1.59122E-15  5.68235E+01  0.00000E+00  1.0E-05
  6.500E-01  3.21749E-05  1.39682E-15  4.98813E+01  0.00000E+00  1.0E-05
  6.750E-01  3.46974E-05  1.23037E-15  4.39375E+01  0.00000E+00  1.0E-05
  7.000E-01  3.73152E-05  1.08813E-15  3.88577E+01  0.00000E+00  1.0E-05
  7.250E-01  4.00281E-05  9.66259E-16  3.45057E+01  0.00000E+00  1.0E-05
  7.500E-01  4.28362E-05  8.60995E-16  3.07467E+01  0.00000E+00  1.0E-05
  7.750E-01  4.57395E-05  7.69767E-16  2.74889E+01  0.00000E+00  1.0E-05
  8.000E-01  4.87380E-05  6.90464E-16  2.46569E+01  0.00000E+00  1.0E-05
  8.250E-01  5.18317E-05  6.21214E-16  2.21840E+01  0.00000E+00  1.0E-05
  8.500E-01  5.50205E-05  5.60381E-16  2.00116E+01  0.00000E+00  1.0E-05
  8.750E-01  5.83045E-05  5.06740E-16  1.80960E+01  0.00000E+00  1.0E-05
  9.000E-01  6.16838E-05  4.59427E-16  1.64064E+01  0.00000E+00  1.0E-05
  9.250E-01  6.51582E-05  4.17560E-16  1.49113E+01  0.00000E+00  1.0E-05
  9.500E-01  6.87277E-05  3.80372E-16  1.35833E+01  0.00000E+00  1.0E-05
  9.750E-01  7.23925E-05  3.47208E-16  1.23990E+01  0.00000E+00  1.0E-05
  1.000E+00  7.61524E-05  3.17644E-16  1.13433E+01  0.00000E+00  1.4E-05
  1.100E+00  9.21439E-05  2.26961E-16  8.10492E+00  0.00000E+00  1.1E-05
  1.200E+00  1.09658E-04  1.66661E-16  5.95157E+00  0.00000E+00  5.8E-06
  1.300E+00  1.28695E-04  1.25164E-16  4.46968E+00  0.00000E+00  1.2E-06
  1.400E+00  1.49255E-04  9.57299E-17  3.41858E+00  0.00000E+00  2.2E-06
  1.500E+00  1.71338E-04  7.45183E-17  2.66110E+00  0.00000E+00  4.1E-06
  1.600E+00  1.94942E-04  5.88880E-17  2.10293E+00  0.00000E+00  4.4E-06
  1.700E+00  2.20070E-04  4.71486E-17  1.68371E+00  0.00000E+00  3.5E-06
  1.800E+00  2.46720E-04  3.81801E-17  1.36344E+00  0.00000E+00  2.0E-06
  1.900E+00  2.74892E-04  3.12698E-17  1.11667E+00  0.00000E+00  3.3E-07
  2.000E+00  3.04586E-04  2.58692E-17  9.23806E-01  0.00000E+00  1.0E-06
  2.100E+00  3.35803E-04  2.15982E-17  7.71287E-01  0.00000E+00  1.8E-06
  2.200E+00  3.68542E-04  1.81738E-17  6.49000E-01  0.00000E+00  2.0E-06
  2.300E+00  4.02802E-04  1.54100E-17  5.50301E-01  0.00000E+00  1.6E-06
  2.400E+00  4.38585E-04  1.31574E-17  4.69859E-01  0.00000E+00  9.0E-07
  2.500E+00  4.75889E-04  1.13047E-17  4.03699E-01  0.00000E+00  1.0E-07
  2.600E+00  5.14715E-04  9.76642E-18  3.48765E-01  0.00000E+00  5.8E-07
  2.700E+00  5.55063E-04  8.48156E-18  3.02882E-01  0.00000E+00  9.9E-07
  2.800E+00  5.96931E-04  7.40211E-18  2.64334E-01  0.00000E+00  1.1E-06
  2.900E+00  6.40321E-04  6.48949E-18  2.31744E-01  0.00000E+00  8.8E-07
  3.000E+00  6.85233E-04  5.71222E-18  2.03987E-01  0.00000E+00  4.8E-07
  3.100E+00  7.31665E-04  5.04749E-18  1.80249E-01  0.00000E+00  1.0E-07
  3.200E+00  7.79618E-04  4.47674E-18  1.59867E-01  0.00000E+00  3.8E-07
  3.300E+00  8.29092E-04  3.98446E-18  1.42287E-01  0.00000E+00  6.2E-07
  3.400E+00  8.80086E-04  3.55757E-18  1.27043E-01  0.00000E+00  6.6E-07
  3.500E+00  9.32601E-04  3.18606E-18  1.13776E-01  0.00000E+00  5.3E-07
  3.600E+00  9.86636E-04  2.86186E-18  1.02199E-01  0.00000E+00  2.8E-07
  3.700E+00  1.04219E-03  2.57787E-18  9.20574E-02  0.00000E+00  1.0E-07
  3.800E+00  1.09927E-03  2.32822E-18  8.31423E-02  0.00000E+00  2.6E-07
  3.900E+00  1.15786E-03  2.10793E-18  7.52755E-02  0.00000E+00  4.2E-07
  4.000E+00  1.21797E-03  1.91316E-18  6.83202E-02  0.00000E+00  4.4E-07
  4.100E+00  1.27961E-03  1.74044E-18  6.21523E-02  0.00000E+00  3.5E-07
  4.200E+00  1.34276E-03  1.58685E-18  5.66673E-02  0.00000E+00  1.7E-07
  4.300E+00  1.40743E-03  1.44977E-18  5.17721E-02  0.00000E+00  1.0E-07
  4.400E+00  1.47362E-03  1.32725E-18  4.73969E-02  0.00000E+00  2.0E-07
  4.500E+00  1.54133E-03  1.21747E-18  4.34766E-02  0.00000E+00  3.0E-07
  4.600E+00  1.61056E-03  1.11886E-18  3.99553E-02  0.00000E+00  3.1E-07
  4.700E+00  1.68131E-03  1.03004E-18  3.67833E-02  0.00000E+00  2.4E-07
  4.800E+00  1.75357E-03  9.49902E-19  3.39216E-02  0.00000E+00  1.1E-07
  4.900E+00  1.82735E-03  8.77453E-19  3.13344E-02  0.00000E+00  1.0E-07
  5.000E+00  1.90265E-03  8.11820E-19  2.89906E-02  0.00000E+00  1.5E-07
  5.100E+00  1.97947E-03  7.52224E-19  2.68624E-02  0.00000E+00  2.2E-07
  5.200E+00  2.05780E-03  6.98019E-19  2.49267E-02  0.00000E+00  2.3E-07
  5.300E+00  2.13765E-03  6.48639E-19  2.31633E-02  0.00000E+00  1.7E-07
  5.400E+00  2.21902E-03  6.03574E-19  2.15540E-02  0.00000E+00  1.0E-07
  5.500E+00  2.30190E-03  5.62368E-19  2.00825E-02  0.00000E+00  1.0E-07
  5.600E+00  2.38630E-03  5.24627E-19  1.87348E-02  0.00000E+00  1.2E-07
  5.700E+00  2.47222E-03  4.90019E-19  1.74989E-02  0.00000E+00  1.7E-07
  5.800E+00  2.55965E-03  4.58232E-19  1.63638E-02  0.00000E+00  1.7E-07
  5.900E+00  2.64859E-03  4.28991E-19  1.53195E-02  0.00000E+00  1.3E-07
  6.000E+00  2.73905E-03  4.02047E-19  1.43574E-02  0.00000E+00  1.0E-07
  6.100E+00  2.83103E-03  3.77197E-19  1.34699E-02  0.00000E+00  1.0E-07
  6.200E+00  2.92452E-03  3.54246E-19  1.26504E-02  0.00000E+00  1.0E-07
  6.300E+00  3.01952E-03  3.33021E-19  1.18924E-02  0.00000E+00  1.3E-07
  6.400E+00  3.11604E-03  3.13361E-19  1.11903E-02  0.00000E+00  1.3E-07
  6.500E+00  3.21407E-03  2.95137E-19  1.05395E-02  0.00000E+00  1.0E-07
  6.600E+00  3.31362E-03  2.78224E-19  9.93556E-03  0.00000E+00  1.0E-07
  6.700E+00  3.41468E-03  2.62510E-19  9.37441E-03  0.00000E+00  1.0E-07
  6.800E+00  3.51725E-03  2.47888E-19  8.85225E-03  0.00000E+00  1.0E-07
  6.900E+00  3.62133E-03  2.34274E-19  8.36607E-03  0.00000E+00  1.1E-07
  7.000E+00  3.72692E-03  2.21585E-19  7.91293E-03  0.00000E+00  1.0E-07
  7.100E+00  3.83403E-03  2.09746E-19  7.49016E-03  0.00000E+00  1.0E-07
  7.200E+00  3.94265E-03  1.98687E-19  7.09523E-03  0.00000E+00  1.0E-07
  7.300E+00  4.05278E-03  1.88348E-19  6.72603E-03  0.00000E+00  1.0E-07
  7.400E+00  4.16442E-03  1.78675E-19  6.38062E-03  0.00000E+00  1.0E-07
  7.500E+00  4.27757E-03  1.69618E-19  6.05716E-03  0.00000E+00  1.0E-07
  7.600E+00  4.39223E-03  1.61127E-19  5.75395E-03  0.00000E+00  1.0E-07
  7.700E+00  4.50840E-03  1.53161E-19  5.46948E-03  0.00000E+00  1.0E-07
  7.800E+00  4.62608E-03  1.45683E-19  5.20243E-03  0.00000E+00  1.0E-07
  7.900E+00  4.74527E-03  1.38657E-19  4.95153E-03  0.00000E+00  1.0E-07
  8.000E+00  4.86597E-03  1.32050E-19  4.71559E-03  0.00000E+00  1.0E-07
  8.100E+00  4.98817E-03  1.25832E-19  4.49353E-03  0.00000E+00  1.0E-07
  8.200E+00  5.11188E-03  1.19976E-19  4.28443E-03  0.00000E+00  1.0E-07
  8.300E+00  5.23711E-03  1.14458E-19  4.08738E-03  0.00000E+00  1.0E-07
  8.400E+00  5.36383E-03  1.09255E-19  3.90156E-03  0.00000E+00  1.0E-07
  8.500E+00  5.49207E-03  1.04343E-19  3.72617E-03  0.00000E+00  1.0E-07
  8.600E+00  5.62181E-03  9.97058E-20  3.56056E-03  0.00000E+00  1.0E-07
  8.700E+00  5.75306E-03  9.53238E-20  3.40408E-03  0.00000E+00  1.0E-07
  8.800E+00  5.88581E-03  9.11807E-20  3.25612E-03  0.00000E+00  1.0E-07
  8.900E+00  6.02007E-03  8.72599E-20  3.11611E-03  0.00000E+00  1.0E-07
  9.000E+00  6.15583E-03  8.35484E-20  2.98357E-03  0.00000E+00  1.0E-07
  9.100E+00  6.29310E-03  8.00328E-20  2.85802E-03  0.00000E+00  1.0E-07
  9.200E+00  6.43187E-03  7.67008E-20  2.73904E-03  0.00000E+00  1.0E-07
  9.300E+00  6.57214E-03  7.35404E-20  2.62618E-03  0.00000E+00  1.0E-07
  9.400E+00  6.71392E-03  7.05417E-20  2.51909E-03  0.00000E+00  1.0E-07
  9.500E+00  6.85720E-03  6.76949E-20  2.41743E-03  0.00000E+00  1.0E-07
  9.600E+00  7.00198E-03  6.49908E-20  2.32086E-03  0.00000E+00  1.0E-07
  9.700E+00  7.14827E-03  6.24206E-20  2.22908E-03  0.00000E+00  1.0E-07
  9.800E+00  7.29605E-03  5.99766E-20  2.14180E-03  0.00000E+00  1.0E-07
  9.900E+00  7.44534E-03  5.76515E-20  2.05877E-03  0.00000E+00  1.0E-07
  1.000E+01  7.59612E-03  5.54386E-20  1.97975E-03  0.00000E+00  1.0E-07
  1.025E+01  7.97965E-03  5.03550E-20  1.79821E-03  0.00000E+00  1.0E-07
  1.050E+01  8.37255E-03  4.58432E-20  1.63709E-03  0.00000E+00  1.0E-07
  1.075E+01  8.77480E-03  4.18277E-20  1.49370E-03  0.00000E+00  1.0E-07
  1.100E+01  9.18641E-03  3.82446E-20  1.36574E-03  0.00000E+00  1.0E-07
  1.125E+01  9.60736E-03  3.50391E-20  1.25127E-03  0.00000E+00  1.0E-07
  1.150E+01  1.00376E-02  3.21646E-20  1.14862E-03  0.00000E+00  1.0E-07
  1.175E+01  1.04773E-02  2.95807E-20  1.05635E-03  0.00000E+00  1.0E-07
  1.200E+01  1.09262E-02  2.72530E-20  9.73222E-04  0.00000E+00  1.0E-07
  1.225E+01  1.13844E-02  2.51515E-20  8.98178E-04  0.00000E+00  1.0E-07
  1.250E+01  1.18520E-02  2.32505E-20  8.30289E-04  0.00000E+00  1.0E-07
  1.275E+01  1.23288E-02  2.15272E-20  7.68751E-04  0.00000E+00  1.0E-07
  1.300E+01  1.28150E-02  1.99622E-20  7.12864E-04  0.00000E+00  1.0E-07
  1.325E+01  1.33104E-02  1.85382E-20  6.62010E-04  0.00000E+00  1.0E-07
  1.350E+01  1.38150E-02  1.72405E-20  6.15669E-04  0.00000E+00  1.0E-07
  1.375E+01  1.43290E-02  1.60556E-20  5.73356E-04  0.00000E+00  1.0E-07
  1.400E+01  1.48521E-02  1.49720E-20  5.34661E-04  0.00000E+00  1.0E-07
  1.425E+01  1.53845E-02  1.39796E-20  4.99220E-04  0.00000E+00  1.0E-07
  1.450E+01  1.59262E-02  1.30692E-20  4.66710E-04  0.00000E+00  1.0E-07
  1.475E+01  1.64770E-02  1.22328E-20  4.36841E-04  0.00000E+00  1.0E-07
  1.500E+01  1.70371E-02  1.14633E-20  4.09360E-04  0.00000E+00  1.0E-07
  1.525E+01  1.76063E-02  1.07543E-20  3.84043E-04  0.00000E+00  1.0E-07
  1.550E+01  1.81848E-02  1.01003E-20  3.60689E-04  0.00000E+00  1.0E-07
  1.575E+01  1.87724E-02  9.49618E-21  3.39115E-04  0.00000E+00  1.0E-07
  1.600E+01  1.93692E-02  8.93739E-21  3.19160E-04  0.00000E+00  1.0E-07
  1.625E+01  1.99751E-02  8.41995E-21  3.00682E-04  0.00000E+00  1.0E-07
  1.650E+01  2.05901E-02  7.94024E-21  2.83551E-04  0.00000E+00  1.0E-07
  1.675E+01  2.12143E-02  7.49498E-21  2.67651E-04  0.00000E+00  1.0E-07
  1.700E+01  2.18476E-02  7.08119E-21  2.52874E-04  0.00000E+00  1.0E-07
  1.725E+01  2.24900E-02  6.69627E-21  2.39128E-04  0.00000E+00  1.0E-07
  1.750E+01  2.31415E-02  6.33785E-21  2.26329E-04  0.00000E+00  1.0E-07
  1.775E+01  2.38021E-02  6.00373E-21  2.14397E-04  0.00000E+00  1.0E-07
  1.800E+01  2.44717E-02  5.69193E-21  2.03262E-04  0.00000E+00  1.0E-07
  1.825E+01  2.51504E-02  5.40071E-21  1.92863E-04  0.00000E+00  1.0E-07
  1.850E+01  2.58382E-02  5.12845E-21  1.83140E-04  0.00000E+00  1.0E-07
  1.875E+01  2.65349E-02  4.87368E-21  1.74042E-04  0.00000E+00  1.0E-07
  1.900E+01  2.72407E-02  4.63504E-21  1.65520E-04  0.00000E+00  1.0E-07
  1.925E+01  2.79555E-02  4.41133E-21  1.57532E-04  0.00000E+00  1.0E-07
  1.950E+01  2.86793E-02  4.20144E-21  1.50036E-04  0.00000E+00  1.0E-07
  1.975E+01  2.94120E-02  4.00435E-21  1.42998E-04  0.00000E+00  1.0E-07
  2.000E+01  3.01537E-02  3.81912E-21  1.36383E-04  0.00000E+00  1.0E-07
  2.025E+01  3.09043E-02  3.64489E-21  1.30161E-04  0.00000E+00  1.0E-07
  2.050E+01  3.16639E-02  3.48090E-21  1.24305E-04  0.00000E+00  1.0E-07
  2.075E+01  3.24324E-02  3.32643E-21  1.18789E-04  0.00000E+00  1.0E-07
  2.100E+01  3.32098E-02  3.18080E-21  1.13588E-04  0.00000E+00  1.0E-07
  2.125E+01  3.39961E-02  3.04342E-21  1.08682E-04  0.00000E+00  1.0E-07
  2.150E+01  3.47912E-02  2.91372E-21  1.04051E-04  0.00000E+00  1.0E-07
  2.175E+01  3.55952E-02  2.79120E-21  9.96755E-05  0.00000E+00  1.0E-07
  2.200E+01  3.64081E-02  2.67537E-21  9.55391E-05  0.00000E+00  1.0E-07
  2.225E+01  3.72297E-02  2.56579E-21  9.16262E-05  0.00000E+00  1.0E-07
  2.250E+01  3.80602E-02  2.46207E-21  8.79222E-05  0.00000E+00  1.0E-07
  2.275E+01  3.88995E-02  2.36383E-21  8.44138E-05  0.00000E+00  1.0E-07
  2.300E+01  3.97476E-02  2.27071E-21  8.10886E-05  0.00000E+00  1.0E-07
  2.325E+01  4.06044E-02  2.18240E-21  7.79349E-05  0.00000E+00  1.0E-07
  2.350E+01  4.14700E-02  2.09860E-21  7.49423E-05  0.00000E+00  1.0E-07
  2.375E+01  4.23443E-02  2.01903E-21  7.21009E-05  0.00000E+00  1.0E-07
  2.400E+01  4.32273E-02  1.94343E-21  6.94013E-05  0.00000E+00  1.0E-07
  2.425E+01  4.41190E-02  1.87157E-21  6.68350E-05  0.00000E+00  1.0E-07
  2.450E+01  4.50194E-02  1.80322E-21  6.43943E-05  0.00000E+00  1.0E-07
  2.475E+01  4.59284E-02  1.73818E-21  6.20716E-05  0.00000E+00  1.0E-07
  2.500E+01  4.68461E-02  1.67625E-21  5.98600E-05  0.00000E+00  1.0E-07
  2.550E+01  4.87074E-02  1.56102E-21  5.57449E-05  0.00000E+00  1.0E-07
  2.600E+01  5.06030E-02  1.45623E-21  5.20028E-05  0.00000E+00  1.0E-07
  2.650E+01  5.25328E-02  1.36074E-21  4.85929E-05  0.00000E+00  1.0E-07
  2.700E+01  5.44967E-02  1.27357E-21  4.54800E-05  0.00000E+00  1.0E-07
  2.750E+01  5.64946E-02  1.19384E-21  4.26328E-05  0.00000E+00  1.0E-07
  2.800E+01  5.85262E-02  1.12079E-21  4.00242E-05  0.00000E+00  1.0E-07
  2.850E+01  6.05914E-02  1.05374E-21  3.76298E-05  0.00000E+00  1.0E-07
  2.900E+01  6.26901E-02  9.92100E-22  3.54285E-05  0.00000E+00  1.0E-07
  2.950E+01  6.48222E-02  9.35334E-22  3.34014E-05  0.00000E+00  1.0E-07
  3.000E+01  6.69873E-02  8.82979E-22  3.15318E-05  0.00000E+00  1.0E-07
  3.050E+01  6.91854E-02  8.34616E-22  2.98047E-05  0.00000E+00  1.0E-07
  3.100E+01  7.14163E-02  7.89876E-22  2.82070E-05  0.00000E+00  1.0E-07
  3.150E+01  7.36799E-02  7.48425E-22  2.67268E-05  0.00000E+00  1.0E-07
  3.200E+01  7.59760E-02  7.09971E-22  2.53535E-05  0.00000E+00  1.0E-07
  3.250E+01  7.83043E-02  6.74245E-22  2.40777E-05  0.00000E+00  1.0E-07
  3.300E+01  8.06647E-02  6.41013E-22  2.28910E-05  0.00000E+00  1.0E-07
  3.350E+01  8.30571E-02  6.10057E-22  2.17855E-05  0.00000E+00  1.0E-07
  3.400E+01  8.54812E-02  5.81187E-22  2.07546E-05  0.00000E+00  1.0E-07
  3.450E+01  8.79369E-02  5.54231E-22  1.97919E-05  0.00000E+00  1.0E-07
  3.500E+01  9.04240E-02  5.29030E-22  1.88920E-05  0.00000E+00  1.0E-07
  3.550E+01  9.29422E-02  5.05440E-22  1.80496E-05  0.00000E+00  1.0E-07
  3.600E+01  9.54915E-02  4.83337E-22  1.72603E-05  0.00000E+00  1.0E-07
  3.650E+01  9.80716E-02  4.62602E-22  1.65198E-05  0.00000E+00  1.0E-07
  3.700E+01  1.00682E-01  4.43130E-22  1.58245E-05  0.00000E+00  1.0E-07
  3.750E+01  1.03323E-01  4.24824E-22  1.51707E-05  0.00000E+00  1.0E-07
  3.800E+01  1.05995E-01  4.07597E-22  1.45555E-05  0.00000E+00  1.0E-07
  3.850E+01  1.08696E-01  3.91369E-22  1.39760E-05  0.00000E+00  1.0E-07
  3.900E+01  1.11427E-01  3.76067E-22  1.34296E-05  0.00000E+00  1.0E-07
  3.950E+01  1.14188E-01  3.61624E-22  1.29138E-05  0.00000E+00  1.0E-07
  4.000E+01  1.16978E-01  3.47979E-22  1.24266E-05  0.00000E+00  1.0E-07
  4.050E+01  1.19797E-01  3.35076E-22  1.19658E-05  0.00000E+00  1.0E-07
  4.100E+01  1.22645E-01  3.22864E-22  1.15297E-05  0.00000E+00  1.0E-07
  4.150E+01  1.25522E-01  3.11295E-22  1.11165E-05  0.00000E+00  1.0E-07
  4.200E+01  1.28428E-01  3.00326E-22  1.07248E-05  0.00000E+00  1.0E-07
  4.250E+01  1.31361E-01  2.89918E-22  1.03532E-05  0.00000E+00  1.0E-07
  4.300E+01  1.34323E-01  2.80034E-22  1.00002E-05  0.00000E+00  1.0E-07
  4.350E+01  1.37313E-01  2.70639E-22  9.66468E-06  0.00000E+00  1.0E-07
  4.400E+01  1.40330E-01  2.61702E-22  9.34556E-06  0.00000E+00  1.0E-07
  4.450E+01  1.43375E-01  2.53195E-22  9.04177E-06  0.00000E+00  1.0E-07
  4.500E+01  1.46447E-01  2.45091E-22  8.75235E-06  0.00000E+00  1.0E-07
  4.550E+01  1.49545E-01  2.37364E-22  8.47642E-06  0.00000E+00  1.0E-07
  4.600E+01  1.52671E-01  2.29992E-22  8.21316E-06  0.00000E+00  1.0E-07
  4.650E+01  1.55823E-01  2.22954E-22  7.96183E-06  0.00000E+00  1.0E-07
  4.700E+01  1.59001E-01  2.16230E-22  7.72170E-06  0.00000E+00  1.0E-07
  4.750E+01  1.62205E-01  2.09801E-22  7.49212E-06  0.00000E+00  1.0E-07
  4.800E+01  1.65435E-01  2.03651E-22  7.27250E-06  0.00000E+00  1.0E-07
  4.850E+01  1.68690E-01  1.97763E-22  7.06225E-06  0.00000E+00  1.0E-07
  4.900E+01  1.71970E-01  1.92123E-22  6.86084E-06  0.00000E+00  1.0E-07
  4.950E+01  1.75276E-01  1.86717E-22  6.66779E-06  0.00000E+00  1.0E-07
  5.000E+01  1.78606E-01  1.81532E-22  6.48263E-06  0.00000E+00  1.0E-07
  5.050E+01  1.81961E-01  1.76556E-22  6.30493E-06  0.00000E+00  1.0E-07
  5.100E+01  1.85340E-01  1.71778E-22  6.13429E-06  0.00000E+00  1.0E-07
  5.150E+01  1.88743E-01  1.67187E-22  5.97034E-06  0.00000E+00  1.0E-07
  5.200E+01  1.92169E-01  1.62773E-22  5.81274E-06  0.00000E+00  1.0E-07
  5.250E+01  1.95619E-01  1.58528E-22  5.66114E-06  0.00000E+00  1.0E-07
  5.300E+01  1.99092E-01  1.54443E-22  5.51525E-06  0.00000E+00  1.0E-07
  5.350E+01  2.02589E-01  1.50509E-22  5.37477E-06  0.00000E+00  1.0E-07
  5.400E+01  2.06107E-01  1.46719E-22  5.23943E-06  0.00000E+00  1.0E-07
  5.450E+01  2.09649E-01  1.43066E-22  5.10898E-06  0.00000E+00  1.0E-07
  5.500E+01  2.13212E-01  1.39543E-22  4.98317E-06  0.00000E+00  1.0E-07
  5.550E+01  2.16797E-01  1.36144E-22  4.86179E-06  0.00000E+00  1.0E-07
  5.600E+01  2.20404E-01  1.32863E-22  4.74462E-06  0.00000E+00  1.0E-07
  5.650E+01  2.24032E-01  1.29694E-22  4.63146E-06  0.00000E+00  1.0E-07
  5.700E+01  2.27680E-01  1.26633E-22  4.52213E-06  0.00000E+00  1.0E-07
  5.750E+01  2.31350E-01  1.23673E-22  4.41645E-06  0.00000E+00  1.0E-07
  5.800E+01  2.35040E-01  1.20811E-22  4.31426E-06  0.00000E+00  1.0E-07
  5.850E+01  2.38751E-01  1.18043E-22  4.21538E-06  0.00000E+00  1.0E-07
  5.900E+01  2.42481E-01  1.15363E-22  4.11969E-06  0.00000E+00  1.0E-07
  5.950E+01  2.46231E-01  1.12768E-22  4.02703E-06  0.00000E+00  1.0E-07
  6.000E+01  2.50000E-01  1.10255E-22  3.93727E-06  0.00000E+00  1.0E-07
  6.050E+01  2.53788E-01  1.07819E-22  3.85029E-06  0.00000E+00  1.0E-07
  6.100E+01  2.57595E-01  1.05458E-22  3.76597E-06  0.00000E+00  1.0E-07
  6.150E+01  2.61421E-01  1.03168E-22  3.68420E-06  0.00000E+00  1.0E-07
  6.200E+01  2.65264E-01  1.00947E-22  3.60487E-06  0.00000E+00  1.0E-07
  6.250E+01  2.69126E-01  9.87907E-23  3.52788E-06  0.00000E+00  1.0E-07
  6.300E+01  2.73005E-01  9.66977E-23  3.45314E-06  0.00000E+00  1.0E-07
  6.350E+01  2.76901E-01  9.46649E-23  3.38055E-06  0.00000E+00  1.0E-07
  6.400E+01  2.80814E-01  9.26901E-23  3.31002E-06  0.00000E+00  1.0E-07
  6.450E+01  2.84744E-01  9.07708E-23  3.24148E-06  0.00000E+00  1.0E-07
  6.500E+01  2.88691E-01  8.89048E-23  3.17485E-06  0.00000E+00  1.0E-07
  6.550E+01  2.92653E-01  8.70902E-23  3.11005E-06  0.00000E+00  1.0E-07
  6.600E+01  2.96632E-01  8.53250E-23  3.04701E-06  0.00000E+00  1.0E-07
  6.650E+01  3.00625E-01  8.36073E-23  2.98567E-06  0.00000E+00  1.0E-07
  6.700E+01  3.04634E-01  8.19353E-23  2.92596E-06  0.00000E+00  1.0E-07
  6.750E+01  3.08658E-01  8.03074E-23  2.86783E-06  0.00000E+00  1.0E-07
  6.800E+01  3.12697E-01  7.87220E-23  2.81121E-06  0.00000E+00  1.0E-07
  6.850E+01  3.16749E-01  7.71773E-23  2.75605E-06  0.00000E+00  1.0E-07
  6.900E+01  3.20816E-01  7.56720E-23  2.70230E-06  0.00000E+00  1.0E-07
  6.950E+01  3.24896E-01  7.42047E-23  2.64990E-06  0.00000E+00  1.0E-07
  7.000E+01  3.28990E-01  7.27740E-23  2.59881E-06  0.00000E+00  1.0E-07
  7.050E+01  3.33097E-01  7.13786E-23  2.54898E-06  0.00000E+00  1.0E-07
  7.100E+01  3.37216E-01  7.00174E-23  2.50037E-06  0.00000E+00  1.0E-07
  7.150E+01  3.41348E-01  6.86891E-23  2.45293E-06  0.00000E+00  1.0E-07
  7.200E+01  3.45492E-01  6.73927E-23  2.40664E-06  0.00000E+00  1.0E-07
  7.250E+01  3.49647E-01  6.61271E-23  2.36144E-06  0.00000E+00  1.0E-07
  7.300E+01  3.53814E-01  6.48913E-23  2.31731E-06  0.00000E+00  1.0E-07
  7.350E+01  3.57992E-01  6.36842E-23  2.27421E-06  0.00000E+00  1.0E-07
  7.400E+01  3.62181E-01  6.25050E-23  2.23209E-06  0.00000E+00  1.0E-07
  7.450E+01  3.66381E-01  6.13527E-23  2.19094E-06  0.00000E+00  1.0E-07
  7.500E+01  3.70590E-01  6.02264E-23  2.15073E-06  0.00000E+00  1.0E-07
  7.550E+01  3.74810E-01  5.91254E-23  2.11141E-06  0.00000E+00  1.0E-07
  7.600E+01  3.79039E-01  5.80489E-23  2.07296E-06  0.00000E+00  1.0E-07
  7.650E+01  3.83277E-01  5.69960E-23  2.03537E-06  0.00000E+00  1.0E-07
  7.700E+01  3.87524E-01  5.59662E-23  1.99859E-06  0.00000E+00  1.0E-07
  7.750E+01  3.91780E-01  5.49586E-23  1.96261E-06  0.00000E+00  1.0E-07
  7.800E+01  3.96044E-01  5.39726E-23  1.92740E-06  0.00000E+00  1.0E-07
  7.850E+01  4.00316E-01  5.30076E-23  1.89294E-06  0.00000E+00  1.0E-07
  7.900E+01  4.04596E-01  5.20630E-23  1.85920E-06  0.00000E+00  1.0E-07
  7.950E+01  4.08882E-01  5.11380E-23  1.82617E-06  0.00000E+00  1.0E-07
  8.000E+01  4.13176E-01  5.02322E-23  1.79383E-06  0.00000E+00  1.0E-07
  8.050E+01  4.17476E-01  4.93451E-23  1.76214E-06  0.00000E+00  1.0E-07
  8.100E+01  4.21783E-01  4.84759E-23  1.73111E-06  0.00000E+00  1.0E-07
  8.150E+01  4.26095E-01  4.76244E-23  1.70070E-06  0.00000E+00  1.0E-07
  8.200E+01  4.30413E-01  4.67900E-23  1.67090E-06  0.00000E+00  1.0E-07
  8.250E+01  4.34737E-01  4.59721E-23  1.64169E-06  0.00000E+00  1.0E-07
  8.300E+01  4.39065E-01  4.51705E-23  1.61307E-06  0.00000E+00  1.0E-07
  8.350E+01  4.43398E-01  4.43845E-23  1.58500E-06  0.00000E+00  1.0E-07
  8.400E+01  4.47736E-01  4.36139E-23  1.55748E-06  0.00000E+00  1.0E-07
  8.450E+01  4.52077E-01  4.28581E-23  1.53049E-06  0.00000E+00  1.0E-07
  8.500E+01  4.56422E-01  4.21167E-23  1.50402E-06  0.00000E+00  1.0E-07
  8.550E+01  4.60770E-01  4.13895E-23  1.47805E-06  0.00000E+00  1.0E-07
  8.600E+01  4.65122E-01  4.06760E-23  1.45257E-06  0.00000E+00  1.0E-07
  8.650E+01  4.69476E-01  3.99759E-23  1.42756E-06  0.00000E+00  1.0E-07
  8.700E+01  4.73832E-01  3.92888E-23  1.40303E-06  0.00000E+00  1.0E-07
  8.750E+01  4.78190E-01  3.86144E-23  1.37895E-06  0.00000E+00  1.0E-07
  8.800E+01  4.82550E-01  3.79525E-23  1.35531E-06  0.00000E+00  1.0E-07
  8.850E+01  4.86912E-01  3.73026E-23  1.33210E-06  0.00000E+00  1.0E-07
  8.900E+01  4.91274E-01  3.66645E-23  1.30931E-06  0.00000E+00  1.0E-07
  8.950E+01  4.95637E-01  3.60379E-23  1.28694E-06  0.00000E+00  1.0E-07
  9.000E+01  5.00000E-01  3.54225E-23  1.26496E-06  0.00000E+00  1.0E-07
  9.050E+01  5.04363E-01  3.48180E-23  1.24337E-06  0.00000E+00  1.0E-07
  9.100E+01  5.08726E-01  3.42242E-23  1.22217E-06  0.00000E+00  1.0E-07
  9.150E+01  5.13088E-01  3.36409E-23  1.20134E-06  0.00000E+00  1.0E-07
  9.200E+01  5.17450E-01  3.30677E-23  1.18087E-06  0.00000E+00  1.0E-07
  9.250E+01  5.21810E-01  3.25045E-23  1.16076E-06  0.00000E+00  1.0E-07
  9.300E+01  5.26168E-01  3.19509E-23  1.14099E-06  0.00000E+00  1.0E-07
  9.350E+01  5.30524E-01  3.14069E-23  1.12156E-06  0.00000E+00  1.0E-07
  9.400E+01  5.34878E-01  3.08722E-23  1.10247E-06  0.00000E+00  1.0E-07
  9.450E+01  5.39230E-01  3.03466E-23  1.08370E-06  0.00000E+00  1.0E-07
  9.500E+01  5.43578E-01  2.98298E-23  1.06524E-06  0.00000E+00  1.0E-07
  9.550E+01  5.47923E-01  2.93217E-23  1.04710E-06  0.00000E+00  1.0E-07
  9.600E+01  5.52264E-01  2.88221E-23  1.02925E-06  0.00000E+00  1.0E-07
  9.650E+01  5.56602E-01  2.83307E-23  1.01171E-06  0.00000E+00  1.0E-07
  9.700E+01  5.60935E-01  2.78475E-23  9.94452E-07  0.00000E+00  1.0E-07
  9.750E+01  5.65263E-01  2.73722E-23  9.77479E-07  0.00000E+00  1.0E-07
  9.800E+01  5.69587E-01  2.69047E-23  9.60783E-07  0.00000E+00  1.0E-07
  9.850E+01  5.73905E-01  2.64448E-23  9.44360E-07  0.00000E+00  1.0E-07
  9.900E+01  5.78217E-01  2.59923E-23  9.28204E-07  0.00000E+00  1.0E-07
  9.950E+01  5.82524E-01  2.55472E-23  9.12308E-07  0.00000E+00  1.0E-07
  1.000E+02  5.86824E-01  2.51092E-23  8.96668E-07  0.00000E+00  1.0E-07
  1.005E+02  5.91118E-01  2.46783E-23  8.81277E-07  0.00000E+00  1.0E-07
  1.010E+02  5.95404E-01  2.42541E-23  8.66131E-07  0.00000E+00  1.0E-07
  1.015E+02  5.99684E-01  2.38367E-23  8.51225E-07  0.00000E+00  1.0E-07
  1.020E+02  6.03956E-01  2.34259E-23  8.36555E-07  0.00000E+00  1.0E-07
  1.025E+02  6.08220E-01  2.30215E-23  8.22114E-07  0.00000E+00  1.0E-07
  1.030E+02  6.12476E-01  2.26235E-23  8.07900E-07  0.00000E+00  1.0E-07
  1.035E+02  6.16723E-01  2.22317E-23  7.93907E-07  0.00000E+00  1.0E-07
  1.040E+02  6.20961E-01  2.18459E-23  7.80133E-07  0.00000E+00  1.0E-07
  1.045E+02  6.25190E-01  2.14662E-23  7.66572E-07  0.00000E+00  1.0E-07
  1.050E+02  6.29410E-01  2.10923E-23  7.53220E-07  0.00000E+00  1.0E-07
  1.055E+02  6.33619E-01  2.07242E-23  7.40073E-07  0.00000E+00  1.0E-07
  1.060E+02  6.37819E-01  2.03617E-23  7.27128E-07  0.00000E+00  1.0E-07
  1.065E+02  6.42008E-01  2.00047E-23  7.14381E-07  0.00000E+00  1.0E-07
  1.070E+02  6.46186E-01  1.96532E-23  7.01827E-07  0.00000E+00  1.0E-07
  1.075E+02  6.50353E-01  1.93070E-23  6.89464E-07  0.00000E+00  1.0E-07
  1.080E+02  6.54508E-01  1.89660E-23  6.77288E-07  0.00000E+00  1.0E-07
  1.085E+02  6.58652E-01  1.86302E-23  6.65296E-07  0.00000E+00  1.0E-07
  1.090E+02  6.62784E-01  1.82994E-23  6.53484E-07  0.00000E+00  1.0E-07
  1.095E+02  6.66903E-01  1.79736E-23  6.41849E-07  0.00000E+00  1.0E-07
  1.100E+02  6.71010E-01  1.76527E-23  6.30389E-07  0.00000E+00  1.0E-07
  1.105E+02  6.75104E-01  1.73366E-23  6.19100E-07  0.00000E+00  1.0E-07
  1.110E+02  6.79184E-01  1.70252E-23  6.07979E-07  0.00000E+00  1.0E-07
  1.115E+02  6.83251E-01  1.67184E-23  5.97024E-07  0.00000E+00  1.0E-07
  1.120E+02  6.87303E-01  1.64161E-23  5.86231E-07  0.00000E+00  1.0E-07
  1.125E+02  6.91342E-01  1.61184E-23  5.75598E-07  0.00000E+00  1.0E-07
  1.130E+02  6.95366E-01  1.58250E-23  5.65121E-07  0.00000E+00  1.0E-07
  1.135E+02  6.99375E-01  1.55360E-23  5.54800E-07  0.00000E+00  1.0E-07
  1.140E+02  7.03368E-01  1.52512E-23  5.44630E-07  0.00000E+00  1.0E-07
  1.145E+02  7.07347E-01  1.49706E-23  5.34609E-07  0.00000E+00  1.0E-07
  1.150E+02  7.11309E-01  1.46941E-23  5.24736E-07  0.00000E+00  1.0E-07
  1.155E+02  7.15256E-01  1.44217E-23  5.15007E-07  0.00000E+00  1.0E-07
  1.160E+02  7.19186E-01  1.41532E-23  5.05421E-07  0.00000E+00  1.0E-07
  1.165E+02  7.23099E-01  1.38887E-23  4.95975E-07  0.00000E+00  1.0E-07
  1.170E+02  7.26995E-01  1.36281E-23  4.86667E-07  0.00000E+00  1.0E-07
  1.175E+02  7.30874E-01  1.33712E-23  4.77495E-07  0.00000E+00  1.0E-07
  1.180E+02  7.34736E-01  1.31181E-23  4.68456E-07  0.00000E+00  1.0E-07
  1.185E+02  7.38579E-01  1.28687E-23  4.59549E-07  0.00000E+00  1.0E-07
  1.190E+02  7.42405E-01  1.26229E-23  4.50772E-07  0.00000E+00  1.0E-07
  1.195E+02  7.46212E-01  1.23807E-23  4.42122E-07  0.00000E+00  1.0E-07
  1.200E+02  7.50000E-01  1.21420E-23  4.33598E-07  0.00000E+00  1.0E-07
  1.205E+02  7.53769E-01  1.19068E-23  4.25198E-07  0.00000E+00  1.0E-07
  1.210E+02  7.57519E-01  1.16750E-23  4.16920E-07  0.00000E+00  1.0E-07
  1.215E+02  7.61249E-01  1.14465E-23  4.08763E-07  0.00000E+00  1.0E-07
  1.220E+02  7.64960E-01  1.12214E-23  4.00724E-07  0.00000E+00  1.0E-07
  1.225E+02  7.68650E-01  1.09996E-23  3.92802E-07  0.00000E+00  1.0E-07
  1.230E+02  7.72320E-01  1.07810E-23  3.84995E-07  0.00000E+00  1.0E-07
  1.235E+02  7.75968E-01  1.05655E-23  3.77302E-07  0.00000E+00  1.0E-07
  1.240E+02  7.79596E-01  1.03532E-23  3.69721E-07  0.00000E+00  1.0E-07
  1.245E+02  7.83203E-01  1.01440E-23  3.62250E-07  0.00000E+00  1.0E-07
  1.250E+02  7.86788E-01  9.93789E-24  3.54889E-07  0.00000E+00  1.0E-07
  1.255E+02  7.90351E-01  9.73476E-24  3.47634E-07  0.00000E+00  1.0E-07
  1.260E+02  7.93893E-01  9.53459E-24  3.40486E-07  0.00000E+00  1.0E-07
  1.265E+02  7.97411E-01  9.33735E-24  3.33443E-07  0.00000E+00  1.0E-07
  1.270E+02  8.00908E-01  9.14300E-24  3.26503E-07  0.00000E+00  1.0E-07
  1.275E+02  8.04381E-01  8.95151E-24  3.19664E-07  0.00000E+00  1.0E-07
  1.280E+02  8.07831E-01  8.76283E-24  3.12926E-07  0.00000E+00  1.0E-07
  1.285E+02  8.11257E-01  8.57693E-24  3.06288E-07  0.00000E+00  1.0E-07
  1.290E+02  8.14660E-01  8.39377E-24  2.99747E-07  0.00000E+00  1.0E-07
  1.295E+02  8.18039E-01  8.21333E-24  2.93303E-07  0.00000E+00  1.0E-07
  1.300E+02  8.21394E-01  8.03555E-24  2.86955E-07  0.00000E+00  1.0E-07
  1.305E+02  8.24724E-01  7.86043E-24  2.80701E-07  0.00000E+00  1.0E-07
  1.310E+02  8.28030E-01  7.68791E-24  2.74540E-07  0.00000E+00  1.0E-07
  1.315E+02  8.31310E-01  7.51797E-24  2.68471E-07  0.00000E+00  1.0E-07
  1.320E+02  8.34565E-01  7.35057E-24  2.62494E-07  0.00000E+00  1.0E-07
  1.325E+02  8.37795E-01  7.18569E-24  2.56606E-07  0.00000E+00  1.0E-07
  1.330E+02  8.40999E-01  7.02330E-24  2.50807E-07  0.00000E+00  1.0E-07
  1.335E+02  8.44177E-01  6.86337E-24  2.45095E-07  0.00000E+00  1.0E-07
  1.340E+02  8.47329E-01  6.70586E-24  2.39471E-07  0.00000E+00  1.0E-07
  1.345E+02  8.50455E-01  6.55076E-24  2.33932E-07  0.00000E+00  1.0E-07
  1.350E+02  8.53553E-01  6.39803E-24  2.28478E-07  0.00000E+00  1.0E-07
  1.355E+02  8.56625E-01  6.24764E-24  2.23107E-07  0.00000E+00  1.0E-07
  1.360E+02  8.59670E-01  6.09958E-24  2.17820E-07  0.00000E+00  1.0E-07
  1.365E+02  8.62687E-01  5.95381E-24  2.12615E-07  0.00000E+00  1.0E-07
  1.370E+02  8.65677E-01  5.81031E-24  2.07490E-07  0.00000E+00  1.0E-07
  1.375E+02  8.68639E-01  5.66906E-24  2.02446E-07  0.00000E+00  1.0E-07
  1.380E+02  8.71572E-01  5.53003E-24  1.97481E-07  0.00000E+00  1.0E-07
  1.385E+02  8.74478E-01  5.39320E-24  1.92595E-07  0.00000E+00  1.0E-07
  1.390E+02  8.77355E-01  5.25854E-24  1.87786E-07  0.00000E+00  1.0E-07
  1.395E+02  8.80203E-01  5.12604E-24  1.83054E-07  0.00000E+00  1.0E-07
  1.400E+02  8.83022E-01  4.99566E-24  1.78398E-07  0.00000E+00  1.0E-07
  1.405E+02  8.85812E-01  4.86740E-24  1.73818E-07  0.00000E+00  1.0E-07
  1.410E+02  8.88573E-01  4.74122E-24  1.69312E-07  0.00000E+00  1.0E-07
  1.415E+02  8.91304E-01  4.61711E-24  1.64880E-07  0.00000E+00  1.0E-07
  1.420E+02  8.94005E-01  4.49505E-24  1.60521E-07  0.00000E+00  1.0E-07
  1.425E+02  8.96677E-01  4.37501E-24  1.56235E-07  0.00000E+00  1.0E-07
  1.430E+02  8.99318E-01  4.25699E-24  1.52020E-07  0.00000E+00  1.0E-07
  1.435E+02  9.01928E-01  4.14095E-24  1.47876E-07  0.00000E+00  1.0E-07
  1.440E+02  9.04508E-01  4.02688E-24  1.43803E-07  0.00000E+00  1.0E-07
  1.445E+02  9.07058E-01  3.91477E-24  1.39799E-07  0.00000E+00  1.0E-07
  1.450E+02  9.09576E-01  3.80459E-24  1.35865E-07  0.00000E+00  1.0E-07
  1.455E+02  9.12063E-01  3.69633E-24  1.31999E-07  0.00000E+00  1.0E-07
  1.460E+02  9.14519E-01  3.58998E-24  1.28200E-07  0.00000E+00  1.0E-07
  1.465E+02  9.16943E-01  3.48550E-24  1.24470E-07  0.00000E+00  1.0E-07
  1.470E+02  9.19335E-01  3.38290E-24  1.20805E-07  0.00000E+00  1.0E-07
  1.475E+02  9.21696E-01  3.28214E-24  1.17207E-07  0.00000E+00  1.0E-07
  1.480E+02  9.24024E-01  3.18323E-24  1.13675E-07  0.00000E+00  1.0E-07
  1.485E+02  9.26320E-01  3.08613E-24  1.10208E-07  0.00000E+00  1.0E-07
  1.490E+02  9.28584E-01  2.99085E-24  1.06805E-07  0.00000E+00  1.0E-07
  1.495E+02  9.30815E-01  2.89736E-24  1.03466E-07  0.00000E+00  1.0E-07
  1.500E+02  9.33013E-01  2.80564E-24  1.00191E-07  0.00000E+00  1.0E-07
  1.505E+02  9.35178E-01  2.71569E-24  9.69791E-08  0.00000E+00  1.0E-07
  1.510E+02  9.37310E-01  2.62749E-24  9.38295E-08  0.00000E+00  1.0E-07
  1.515E+02  9.39409E-01  2.54103E-24  9.07420E-08  0.00000E+00  1.0E-07
  1.520E+02  9.41474E-01  2.45630E-24  8.77161E-08  0.00000E+00  1.0E-07
  1.525E+02  9.43505E-01  2.37328E-24  8.47514E-08  0.00000E+00  1.0E-07
  1.530E+02  9.45503E-01  2.29196E-24  8.18474E-08  0.00000E+00  1.0E-07
  1.535E+02  9.47467E-01  2.21233E-24  7.90038E-08  0.00000E+00  1.0E-07
  1.540E+02  9.49397E-01  2.13438E-24  7.62200E-08  0.00000E+00  1.0E-07
  1.545E+02  9.51293E-01  2.05809E-24  7.34957E-08  0.00000E+00  1.0E-07
  1.550E+02  9.53154E-01  1.98346E-24  7.08306E-08  0.00000E+00  1.0E-07
  1.555E+02  9.54981E-01  1.91047E-24  6.82241E-08  0.00000E+00  1.0E-07
  1.560E+02  9.56773E-01  1.83912E-24  6.56760E-08  0.00000E+00  1.0E-07
  1.565E+02  9.58530E-01  1.76939E-24  6.31859E-08  0.00000E+00  1.0E-07
  1.570E+02  9.60252E-01  1.70127E-24  6.07534E-08  0.00000E+00  1.0E-07
  1.575E+02  9.61940E-01  1.63475E-24  5.83782E-08  0.00000E+00  1.0E-07
  1.580E+02  9.63592E-01  1.56984E-24  5.60598E-08  0.00000E+00  1.0E-07
  1.585E+02  9.65209E-01  1.50650E-24  5.37981E-08  0.00000E+00  1.0E-07
  1.590E+02  9.66790E-01  1.44474E-24  5.15927E-08  0.00000E+00  1.0E-07
  1.595E+02  9.68336E-01  1.38455E-24  4.94433E-08  0.00000E+00  1.0E-07
  1.600E+02  9.69846E-01  1.32592E-24  4.73495E-08  0.00000E+00  1.0E-07
  1.605E+02  9.71321E-01  1.26884E-24  4.53111E-08  0.00000E+00  1.0E-07
  1.610E+02  9.72759E-01  1.21330E-24  4.33277E-08  0.00000E+00  1.0E-07
  1.615E+02  9.74162E-01  1.15930E-24  4.13992E-08  0.00000E+00  1.0E-07
  1.620E+02  9.75528E-01  1.10682E-24  3.95253E-08  0.00000E+00  1.0E-07
  1.625E+02  9.76858E-01  1.05586E-24  3.77056E-08  0.00000E+00  1.0E-07
  1.630E+02  9.78152E-01  1.00642E-24  3.59400E-08  0.00000E+00  1.0E-07
  1.635E+02  9.79410E-01  9.58485E-25  3.42281E-08  0.00000E+00  1.0E-07
  1.640E+02  9.80631E-01  9.12048E-25  3.25698E-08  0.00000E+00  1.0E-07
  1.645E+02  9.81815E-01  8.67105E-25  3.09649E-08  0.00000E+00  1.0E-07
  1.650E+02  9.82963E-01  8.23648E-25  2.94130E-08  0.00000E+00  1.0E-07
  1.655E+02  9.84074E-01  7.81673E-25  2.79140E-08  0.00000E+00  1.0E-07
  1.660E+02  9.85148E-01  7.41172E-25  2.64677E-08  0.00000E+00  1.0E-07
  1.665E+02  9.86185E-01  7.02142E-25  2.50740E-08  0.00000E+00  1.0E-07
  1.670E+02  9.87185E-01  6.64577E-25  2.37325E-08  0.00000E+00  1.0E-07
  1.675E+02  9.88148E-01  6.28471E-25  2.24431E-08  0.00000E+00  1.0E-07
  1.680E+02  9.89074E-01  5.93819E-25  2.12057E-08  0.00000E+00  1.0E-07
  1.685E+02  9.89962E-01  5.60617E-25  2.00200E-08  0.00000E+00  1.0E-07
  1.690E+02  9.90814E-01  5.28861E-25  1.88860E-08  0.00000E+00  1.0E-07
  1.695E+02  9.91627E-01  4.98546E-25  1.78034E-08  0.00000E+00  1.0E-07
  1.700E+02  9.92404E-01  4.69668E-25  1.67721E-08  0.00000E+00  1.0E-07
  1.705E+02  9.93143E-01  4.42223E-25  1.57921E-08  0.00000E+00  1.0E-07
  1.710E+02  9.93844E-01  4.16207E-25  1.48630E-08  0.00000E+00  1.0E-07
  1.715E+02  9.94508E-01  3.91617E-25  1.39849E-08  0.00000E+00  1.0E-07
  1.720E+02  9.95134E-01  3.68450E-25  1.31576E-08  0.00000E+00  1.0E-07
  1.725E+02  9.95722E-01  3.46703E-25  1.23810E-08  0.00000E+00  1.0E-07
  1.730E+02  9.96273E-01  3.26372E-25  1.16549E-08  0.00000E+00  1.0E-07
  1.735E+02  9.96786E-01  3.07455E-25  1.09794E-08  0.00000E+00  1.0E-07
  1.740E+02  9.97261E-01  2.89949E-25  1.03543E-08  0.00000E+00  1.0E-07
  1.745E+02  9.97698E-01  2.73852E-25  9.77943E-09  0.00000E+00  1.0E-07
  1.750E+02  9.98097E-01  2.59162E-25  9.25485E-09  0.00000E+00  1.0E-07
  1.755E+02  9.98459E-01  2.45877E-25  8.78044E-09  0.00000E+00  1.0E-07
  1.760E+02  9.98782E-01  2.33996E-25  8.35613E-09  0.00000E+00  1.0E-07
  1.765E+02  9.99067E-01  2.23515E-25  7.98188E-09  0.00000E+00  1.0E-07
  1.770E+02  9.99315E-01  2.14435E-25  7.65763E-09  0.00000E+00  1.0E-07
  1.775E+02  9.99524E-01  2.06754E-25  7.38333E-09  0.00000E+00  1.0E-07
  1.780E+02  9.99695E-01  2.00471E-25  7.15896E-09  0.00000E+00  1.0E-07
  1.785E+02  9.99829E-01  1.95585E-25  6.98448E-09  0.00000E+00  1.0E-07
  1.790E+02  9.99924E-01  1.92096E-25  6.85986E-09  0.00000E+00  1.0E-07
  1.795E+02  9.99981E-01  1.90002E-25  6.78510E-09  0.00000E+00  1.0E-07
  1.800E+02  1.00000E+00  1.89304E-25  6.76018E-09  0.00000E+00  1.0E-07
