 #
 # Subroutine ELSEPA. Elastic scattering of electrons and positrons
 #                    by neutral atoms and positive ions
 #
 # Projectile: electron
 # Kinetic energy = 3.70000E+06 eV = 1.35973E+05 a.u.
 #
 # WARNING: High-energy factorization with free-atom DF screening.
 #          Absorption, polarization and exchange corrections are
 #          switched off.
 #          Phase shifts are calculated for the bare nucleus.
 #          Scattering amplitudes are not evaluated.
 #
 # Element: Mg,  Z =  12,  atomic weight = 2.43050E+01 g/mol
 #
 # Nuclear model: Fermi distribution
 #                Average radius = 3.09943E-13 cm
 #                Skin thickness = 5.46000E-14 cm
 #
 # Number of electrons = 12
 #
 # Total elastic cross section = 6.18271E-19 cm**2 = 2.20789E-02 a0**2
 # 1st transport cross section = 1.25399E-23 cm**2 = 4.47807E-07 a0**2
 # 2nd transport cross section = 3.57918E-23 cm**2 = 1.27815E-06 a0**2
 #
 #
 # Differential cross section:                       MU=(1-COS(THETA))/2
 #
 #  THETA        MU          DCS          DCS        Sherman      error
 #  (deg)                 (cm**2/sr)   (a0**2/sr)    function
 #----------------------------------------------------------------------
  0.000E+00  0.00000E+00  1.83887E-13  6.56674E+03  0.00000E+00  1.0E-05
  1.000E-04  7.61557E-13  1.83886E-13  6.56669E+03  0.00000E+00  1.0E-05
  1.250E-04  1.18994E-12  1.83885E-13  6.56666E+03  0.00000E+00  1.0E-05
  1.500E-04  1.71346E-12  1.83884E-13  6.56663E+03  0.00000E+00  1.0E-05
  1.750E-04  2.33225E-12  1.83883E-13  6.56659E+03  0.00000E+00  1.0E-05
  2.000E-04  3.04617E-12  1.83882E-13  6.56655E+03  0.00000E+00  1.0E-05
  2.250E-04  3.85530E-12  1.83881E-13  6.56649E+03  0.00000E+00  1.0E-05
  2.500E-04  4.75964E-12  1.83879E-13  6.56644E+03  0.00000E+00  1.0E-05
  2.750E-04  5.75917E-12  1.83877E-13  6.56638E+03  0.00000E+00  1.0E-05
  3.000E-04  6.85391E-12  1.83875E-13  6.56631E+03  0.00000E+00  1.0E-05
  3.250E-04  8.04379E-12  1.83873E-13  6.56623E+03  0.00000E+00  1.0E-05
  3.500E-04  9.32893E-12  1.83871E-13  6.56615E+03  0.00000E+00  1.0E-05
  3.750E-04  1.07092E-11  1.83869E-13  6.56607E+03  0.00000E+00  1.0E-05
  4.000E-04  1.21847E-11  1.83866E-13  6.56598E+03  0.00000E+00  1.0E-05
  4.250E-04  1.37554E-11  1.83863E-13  6.56588E+03  0.00000E+00  1.0E-05
  4.500E-04  1.54213E-11  1.83860E-13  6.56577E+03  0.00000E+00  1.0E-05
  4.750E-04  1.71823E-11  1.83857E-13  6.56566E+03  0.00000E+00  1.0E-05
  5.000E-04  1.90386E-11  1.83854E-13  6.56555E+03  0.00000E+00  1.0E-05
  5.250E-04  2.09900E-11  1.83851E-13  6.56543E+03  0.00000E+00  1.0E-05
  5.500E-04  2.30367E-11  1.83847E-13  6.56530E+03  0.00000E+00  1.0E-05
  5.750E-04  2.51785E-11  1.83843E-13  6.56517E+03  0.00000E+00  1.0E-05
  6.000E-04  2.74156E-11  1.83840E-13  6.56503E+03  0.00000E+00  1.0E-05
  6.250E-04  2.97478E-11  1.83835E-13  6.56488E+03  0.00000E+00  1.0E-05
  6.500E-04  3.21752E-11  1.83831E-13  6.56473E+03  0.00000E+00  1.0E-05
  6.750E-04  3.46979E-11  1.83827E-13  6.56458E+03  0.00000E+00  1.0E-05
  7.000E-04  3.73157E-11  1.83822E-13  6.56442E+03  0.00000E+00  1.0E-05
  7.250E-04  4.00286E-11  1.83818E-13  6.56425E+03  0.00000E+00  1.0E-05
  7.500E-04  4.28368E-11  1.83813E-13  6.56407E+03  0.00000E+00  1.0E-05
  7.750E-04  4.57402E-11  1.83808E-13  6.56389E+03  0.00000E+00  1.0E-05
  8.000E-04  4.87388E-11  1.83803E-13  6.56371E+03  0.00000E+00  1.0E-05
  8.250E-04  5.18325E-11  1.83797E-13  6.56352E+03  0.00000E+00  1.0E-05
  8.500E-04  5.50215E-11  1.83792E-13  6.56332E+03  0.00000E+00  1.0E-05
  8.750E-04  5.83057E-11  1.83786E-13  6.56311E+03  0.00000E+00  1.0E-05
  9.000E-04  6.16850E-11  1.83780E-13  6.56291E+03  0.00000E+00  1.0E-05
  9.250E-04  6.51595E-11  1.83774E-13  6.56269E+03  0.00000E+00  1.0E-05
  9.500E-04  6.87293E-11  1.83768E-13  6.56247E+03  0.00000E+00  1.0E-05
  9.750E-04  7.23943E-11  1.83762E-13  6.56224E+03  0.00000E+00  1.0E-05
  1.000E-03  7.61544E-11  1.83755E-13  6.56201E+03  0.00000E+00  1.0E-05
  1.250E-03  1.18991E-10  1.83681E-13  6.55936E+03  0.00000E+00  1.0E-05
  1.500E-03  1.71347E-10  1.83590E-13  6.55613E+03  0.00000E+00  1.0E-05
  1.750E-03  2.33223E-10  1.83483E-13  6.55231E+03  0.00000E+00  1.0E-05
  2.000E-03  3.04617E-10  1.83360E-13  6.54791E+03  0.00000E+00  1.0E-05
  2.250E-03  3.85531E-10  1.83221E-13  6.54292E+03  0.00000E+00  1.0E-05
  2.500E-03  4.75965E-10  1.83065E-13  6.53736E+03  0.00000E+00  1.0E-05
  2.750E-03  5.75917E-10  1.82893E-13  6.53123E+03  0.00000E+00  1.0E-05
  3.000E-03  6.85389E-10  1.82705E-13  6.52451E+03  0.00000E+00  1.0E-05
  3.250E-03  8.04380E-10  1.82501E-13  6.51723E+03  0.00000E+00  1.0E-05
  3.500E-03  9.32891E-10  1.82281E-13  6.50937E+03  0.00000E+00  1.0E-05
  3.750E-03  1.07092E-09  1.82045E-13  6.50095E+03  0.00000E+00  1.0E-05
  4.000E-03  1.21847E-09  1.81794E-13  6.49197E+03  0.00000E+00  1.0E-05
  4.250E-03  1.37554E-09  1.81526E-13  6.48242E+03  0.00000E+00  1.0E-05
  4.500E-03  1.54213E-09  1.81243E-13  6.47232E+03  0.00000E+00  1.0E-05
  4.750E-03  1.71823E-09  1.80945E-13  6.46167E+03  0.00000E+00  1.0E-05
  5.000E-03  1.90386E-09  1.80631E-13  6.45047E+03  0.00000E+00  1.0E-05
  5.250E-03  2.09900E-09  1.80302E-13  6.43872E+03  0.00000E+00  1.0E-05
  5.500E-03  2.30367E-09  1.79958E-13  6.42643E+03  0.00000E+00  1.0E-05
  5.750E-03  2.51785E-09  1.79599E-13  6.41360E+03  0.00000E+00  1.0E-05
  6.000E-03  2.74156E-09  1.79225E-13  6.40025E+03  0.00000E+00  1.0E-05
  6.250E-03  2.97478E-09  1.78836E-13  6.38637E+03  0.00000E+00  1.0E-05
  6.500E-03  3.21752E-09  1.78433E-13  6.37196E+03  0.00000E+00  1.0E-05
  6.750E-03  3.46978E-09  1.78015E-13  6.35705E+03  0.00000E+00  1.0E-05
  7.000E-03  3.73156E-09  1.77583E-13  6.34161E+03  0.00000E+00  1.0E-05
  7.250E-03  4.00286E-09  1.77137E-13  6.32567E+03  0.00000E+00  1.0E-05
  7.500E-03  4.28368E-09  1.76677E-13  6.30924E+03  0.00000E+00  1.0E-05
  7.750E-03  4.57402E-09  1.76203E-13  6.29231E+03  0.00000E+00  1.0E-05
  8.000E-03  4.87388E-09  1.75715E-13  6.27489E+03  0.00000E+00  1.0E-05
  8.250E-03  5.18326E-09  1.75214E-13  6.25699E+03  0.00000E+00  1.0E-05
  8.500E-03  5.50215E-09  1.74699E-13  6.23863E+03  0.00000E+00  1.0E-05
  8.750E-03  5.83057E-09  1.74171E-13  6.21977E+03  0.00000E+00  1.0E-05
  9.000E-03  6.16850E-09  1.73631E-13  6.20047E+03  0.00000E+00  1.0E-05
  9.250E-03  6.51596E-09  1.73078E-13  6.18071E+03  0.00000E+00  1.0E-05
  9.500E-03  6.87293E-09  1.72512E-13  6.16050E+03  0.00000E+00  1.0E-05
  9.750E-03  7.23942E-09  1.71933E-13  6.13984E+03  0.00000E+00  1.0E-05
  1.000E-02  7.61544E-09  1.71343E-13  6.11875E+03  0.00000E+00  1.0E-05
  1.250E-02  1.18991E-08  1.64812E-13  5.88556E+03  0.00000E+00  1.0E-05
  1.500E-02  1.71347E-08  1.57299E-13  5.61726E+03  0.00000E+00  1.0E-05
  1.750E-02  2.33223E-08  1.49032E-13  5.32201E+03  0.00000E+00  1.0E-05
  2.000E-02  3.04617E-08  1.40240E-13  5.00808E+03  0.00000E+00  1.0E-05
  2.250E-02  3.85531E-08  1.31148E-13  4.68337E+03  0.00000E+00  1.0E-05
  2.500E-02  4.75965E-08  1.21956E-13  4.35513E+03  0.00000E+00  1.0E-05
  2.750E-02  5.75917E-08  1.12843E-13  4.02970E+03  0.00000E+00  1.0E-05
  3.000E-02  6.85389E-08  1.03957E-13  3.71238E+03  0.00000E+00  1.0E-05
  3.250E-02  8.04380E-08  9.54162E-14  3.40738E+03  0.00000E+00  1.0E-05
  3.500E-02  9.32891E-08  8.73035E-14  3.11766E+03  0.00000E+00  1.0E-05
  3.750E-02  1.07092E-07  7.96864E-14  2.84565E+03  0.00000E+00  1.0E-05
  4.000E-02  1.21847E-07  7.26028E-14  2.59269E+03  0.00000E+00  1.0E-05
  4.250E-02  1.37554E-07  6.60589E-14  2.35901E+03  0.00000E+00  1.0E-05
  4.500E-02  1.54213E-07  6.00807E-14  2.14552E+03  0.00000E+00  1.0E-05
  4.750E-02  1.71823E-07  5.46117E-14  1.95022E+03  0.00000E+00  1.0E-05
  5.000E-02  1.90386E-07  4.96267E-14  1.77220E+03  0.00000E+00  1.0E-05
  5.250E-02  2.09900E-07  4.51443E-14  1.61213E+03  0.00000E+00  1.0E-05
  5.500E-02  2.30367E-07  4.11092E-14  1.46803E+03  0.00000E+00  1.0E-05
  5.750E-02  2.51785E-07  3.74535E-14  1.33749E+03  0.00000E+00  1.0E-05
  6.000E-02  2.74156E-07  3.41621E-14  1.21995E+03  0.00000E+00  1.0E-05
  6.250E-02  2.97478E-07  3.12520E-14  1.11603E+03  0.00000E+00  1.0E-05
  6.500E-02  3.21752E-07  2.86191E-14  1.02201E+03  0.00000E+00  1.0E-05
  6.750E-02  3.46978E-07  2.62375E-14  9.36958E+02  0.00000E+00  1.0E-05
  7.000E-02  3.73156E-07  2.41352E-14  8.61884E+02  0.00000E+00  1.0E-05
  7.250E-02  4.00286E-07  2.22442E-14  7.94354E+02  0.00000E+00  1.0E-05
  7.500E-02  4.28368E-07  2.05299E-14  7.33135E+02  0.00000E+00  1.0E-05
  7.750E-02  4.57402E-07  1.89924E-14  6.78233E+02  0.00000E+00  1.0E-05
  8.000E-02  4.87388E-07  1.76228E-14  6.29323E+02  0.00000E+00  1.0E-05
  8.250E-02  5.18325E-07  1.63768E-14  5.84827E+02  0.00000E+00  1.0E-05
  8.500E-02  5.50215E-07  1.52421E-14  5.44305E+02  0.00000E+00  1.0E-05
  8.750E-02  5.83057E-07  1.42337E-14  5.08294E+02  0.00000E+00  1.0E-05
  9.000E-02  6.16850E-07  1.33130E-14  4.75415E+02  0.00000E+00  1.0E-05
  9.250E-02  6.51596E-07  1.24709E-14  4.45345E+02  0.00000E+00  1.0E-05
  9.500E-02  6.87293E-07  1.17078E-14  4.18095E+02  0.00000E+00  1.0E-05
  9.750E-02  7.23942E-07  1.10134E-14  3.93297E+02  0.00000E+00  1.0E-05
  1.000E-01  7.61543E-07  1.03756E-14  3.70521E+02  0.00000E+00  1.0E-05
  1.250E-01  1.18991E-06  6.18084E-15  2.20722E+02  0.00000E+00  1.0E-05
  1.500E-01  1.71347E-06  4.04975E-15  1.44619E+02  0.00000E+00  1.0E-05
  1.750E-01  2.33223E-06  2.79179E-15  9.96966E+01  0.00000E+00  1.0E-05
  2.000E-01  3.04617E-06  1.98122E-15  7.07508E+01  0.00000E+00  1.0E-05
  2.250E-01  3.85531E-06  1.43301E-15  5.11738E+01  0.00000E+00  1.0E-05
  2.500E-01  4.75964E-06  1.05198E-15  3.75670E+01  0.00000E+00  1.0E-05
  2.750E-01  5.75916E-06  7.82643E-16  2.79487E+01  0.00000E+00  1.0E-05
  3.000E-01  6.85388E-06  5.89688E-16  2.10581E+01  0.00000E+00  1.0E-05
  3.250E-01  8.04378E-06  4.49808E-16  1.60629E+01  0.00000E+00  1.0E-05
  3.500E-01  9.32888E-06  3.46768E-16  1.23833E+01  0.00000E+00  1.0E-05
  3.750E-01  1.07092E-05  2.71317E-16  9.68891E+00  0.00000E+00  1.0E-05
  4.000E-01  1.21846E-05  2.14246E-16  7.65087E+00  0.00000E+00  1.0E-05
  4.250E-01  1.37553E-05  1.71196E-16  6.11351E+00  0.00000E+00  1.0E-05
  4.500E-01  1.54212E-05  1.38286E-16  4.93827E+00  0.00000E+00  1.0E-05
  4.750E-01  1.71822E-05  1.12803E-16  4.02827E+00  0.00000E+00  1.0E-05
  5.000E-01  1.90385E-05  9.28409E-17  3.31541E+00  0.00000E+00  1.0E-05
  5.250E-01  2.09899E-05  7.71007E-17  2.75332E+00  0.00000E+00  1.0E-05
  5.500E-01  2.30365E-05  6.45595E-17  2.30546E+00  0.00000E+00  1.0E-05
  5.750E-01  2.51783E-05  5.44680E-17  1.94509E+00  0.00000E+00  1.0E-05
  6.000E-01  2.74153E-05  4.62807E-17  1.65271E+00  0.00000E+00  1.0E-05
  6.250E-01  2.97475E-05  3.95896E-17  1.41377E+00  0.00000E+00  1.0E-05
  6.500E-01  3.21749E-05  3.40777E-17  1.21694E+00  0.00000E+00  1.0E-05
  6.750E-01  3.46974E-05  2.95017E-17  1.05353E+00  0.00000E+00  1.0E-05
  7.000E-01  3.73152E-05  2.56775E-17  9.16959E-01  0.00000E+00  1.0E-05
  7.250E-01  4.00281E-05  2.24613E-17  8.02106E-01  0.00000E+00  1.0E-05
  7.500E-01  4.28362E-05  1.97397E-17  7.04919E-01  0.00000E+00  1.0E-05
  7.750E-01  4.57395E-05  1.74222E-17  6.22157E-01  0.00000E+00  1.0E-05
  8.000E-01  4.87380E-05  1.54390E-17  5.51338E-01  0.00000E+00  1.0E-05
  8.250E-01  5.18317E-05  1.37339E-17  4.90448E-01  0.00000E+00  1.0E-05
  8.500E-01  5.50205E-05  1.22610E-17  4.37847E-01  0.00000E+00  1.0E-05
  8.750E-01  5.83045E-05  1.09817E-17  3.92163E-01  0.00000E+00  1.0E-05
  9.000E-01  6.16838E-05  9.86706E-18  3.52359E-01  0.00000E+00  1.0E-05
  9.250E-01  6.51582E-05  8.89205E-18  3.17541E-01  0.00000E+00  1.0E-05
  9.500E-01  6.87277E-05  8.03564E-18  2.86958E-01  0.00000E+00  1.0E-05
  9.750E-01  7.23925E-05  7.28029E-18  2.59984E-01  0.00000E+00  1.0E-05
  1.000E+00  7.61524E-05  6.61245E-18  2.36135E-01  0.00000E+00  1.9E-05
  1.100E+00  9.21439E-05  4.60117E-18  1.64311E-01  0.00000E+00  1.5E-05
  1.200E+00  1.09658E-04  3.30155E-18  1.17900E-01  0.00000E+00  8.6E-06
  1.300E+00  1.28695E-04  2.43024E-18  8.67853E-02  0.00000E+00  2.3E-06
  1.400E+00  1.49255E-04  1.82804E-18  6.52804E-02  0.00000E+00  2.6E-06
  1.500E+00  1.71338E-04  1.40097E-18  5.00295E-02  0.00000E+00  5.4E-06
  1.600E+00  1.94942E-04  1.09127E-18  3.89701E-02  0.00000E+00  6.0E-06
  1.700E+00  2.20070E-04  8.62349E-19  3.07950E-02  0.00000E+00  5.0E-06
  1.800E+00  2.46720E-04  6.90199E-19  2.46475E-02  0.00000E+00  3.1E-06
  1.900E+00  2.74892E-04  5.58789E-19  1.99547E-02  0.00000E+00  8.5E-07
  2.000E+00  3.04586E-04  4.57103E-19  1.63234E-02  0.00000E+00  1.1E-06
  2.100E+00  3.35803E-04  3.77446E-19  1.34788E-02  0.00000E+00  2.3E-06
  2.200E+00  3.68542E-04  3.14353E-19  1.12257E-02  0.00000E+00  2.7E-06
  2.300E+00  4.02802E-04  2.63864E-19  9.42276E-03  0.00000E+00  2.3E-06
  2.400E+00  4.38585E-04  2.23088E-19  7.96661E-03  0.00000E+00  1.5E-06
  2.500E+00  4.75889E-04  1.89870E-19  6.78037E-03  0.00000E+00  4.0E-07
  2.600E+00  5.14715E-04  1.62595E-19  5.80636E-03  0.00000E+00  6.3E-07
  2.700E+00  5.55063E-04  1.40035E-19  5.00073E-03  0.00000E+00  1.3E-06
  2.800E+00  5.96931E-04  1.21247E-19  4.32979E-03  0.00000E+00  1.5E-06
  2.900E+00  6.40321E-04  1.05500E-19  3.76749E-03  0.00000E+00  1.3E-06
  3.000E+00  6.85233E-04  9.22246E-20  3.29340E-03  0.00000E+00  8.3E-07
  3.100E+00  7.31665E-04  8.09697E-20  2.89148E-03  0.00000E+00  2.2E-07
  3.200E+00  7.79618E-04  7.13780E-20  2.54895E-03  0.00000E+00  3.9E-07
  3.300E+00  8.29092E-04  6.31636E-20  2.25561E-03  0.00000E+00  7.8E-07
  3.400E+00  8.80086E-04  5.60964E-20  2.00324E-03  0.00000E+00  9.2E-07
  3.500E+00  9.32601E-04  4.99893E-20  1.78515E-03  0.00000E+00  8.1E-07
  3.600E+00  9.86636E-04  4.46906E-20  1.59593E-03  0.00000E+00  5.2E-07
  3.700E+00  1.04219E-03  4.00752E-20  1.43111E-03  0.00000E+00  1.3E-07
  3.800E+00  1.09927E-03  3.60402E-20  1.28702E-03  0.00000E+00  2.7E-07
  3.900E+00  1.15786E-03  3.25003E-20  1.16061E-03  0.00000E+00  5.3E-07
  4.000E+00  1.21797E-03  2.93843E-20  1.04933E-03  0.00000E+00  6.2E-07
  4.100E+00  1.27961E-03  2.66328E-20  9.51073E-04  0.00000E+00  5.5E-07
  4.200E+00  1.34276E-03  2.41958E-20  8.64049E-04  0.00000E+00  3.5E-07
  4.300E+00  1.40743E-03  2.20313E-20  7.86753E-04  0.00000E+00  1.0E-07
  4.400E+00  1.47362E-03  2.01035E-20  7.17910E-04  0.00000E+00  2.0E-07
  4.500E+00  1.54133E-03  1.83821E-20  6.56435E-04  0.00000E+00  3.7E-07
  4.600E+00  1.61056E-03  1.68410E-20  6.01401E-04  0.00000E+00  4.4E-07
  4.700E+00  1.68131E-03  1.54580E-20  5.52016E-04  0.00000E+00  3.9E-07
  4.800E+00  1.75357E-03  1.42142E-20  5.07599E-04  0.00000E+00  2.4E-07
  4.900E+00  1.82735E-03  1.30931E-20  4.67562E-04  0.00000E+00  1.0E-07
  5.000E+00  1.90265E-03  1.20803E-20  4.31397E-04  0.00000E+00  1.5E-07
  5.100E+00  1.97947E-03  1.11637E-20  3.98662E-04  0.00000E+00  2.8E-07
  5.200E+00  2.05780E-03  1.03324E-20  3.68976E-04  0.00000E+00  3.2E-07
  5.300E+00  2.13765E-03  9.57706E-21  3.42003E-04  0.00000E+00  2.8E-07
  5.400E+00  2.21902E-03  8.88955E-21  3.17451E-04  0.00000E+00  1.8E-07
  5.500E+00  2.30190E-03  8.26267E-21  2.95065E-04  0.00000E+00  1.0E-07
  5.600E+00  2.38630E-03  7.69011E-21  2.74619E-04  0.00000E+00  1.2E-07
  5.700E+00  2.47222E-03  7.16633E-21  2.55914E-04  0.00000E+00  2.1E-07
  5.800E+00  2.55965E-03  6.68642E-21  2.38776E-04  0.00000E+00  2.5E-07
  5.900E+00  2.64859E-03  6.24603E-21  2.23050E-04  0.00000E+00  2.2E-07
  6.000E+00  2.73905E-03  5.84134E-21  2.08598E-04  0.00000E+00  1.4E-07
  6.100E+00  2.83103E-03  5.46893E-21  1.95299E-04  0.00000E+00  1.0E-07
  6.200E+00  2.92452E-03  5.12574E-21  1.83044E-04  0.00000E+00  1.0E-07
  6.300E+00  3.01952E-03  4.80908E-21  1.71735E-04  0.00000E+00  1.7E-07
  6.400E+00  3.11604E-03  4.51652E-21  1.61288E-04  0.00000E+00  1.9E-07
  6.500E+00  3.21407E-03  4.24588E-21  1.51623E-04  0.00000E+00  1.7E-07
  6.600E+00  3.31362E-03  3.99523E-21  1.42672E-04  0.00000E+00  1.0E-07
  6.700E+00  3.41468E-03  3.76283E-21  1.34373E-04  0.00000E+00  1.0E-07
  6.800E+00  3.51725E-03  3.54709E-21  1.26669E-04  0.00000E+00  1.0E-07
  6.900E+00  3.62133E-03  3.34661E-21  1.19510E-04  0.00000E+00  1.4E-07
  7.000E+00  3.72692E-03  3.16010E-21  1.12849E-04  0.00000E+00  1.5E-07
  7.100E+00  3.83403E-03  2.98642E-21  1.06647E-04  0.00000E+00  1.4E-07
  7.200E+00  3.94265E-03  2.82452E-21  1.00866E-04  0.00000E+00  1.0E-07
  7.300E+00  4.05278E-03  2.67346E-21  9.54710E-05  0.00000E+00  1.0E-07
  7.400E+00  4.16442E-03  2.53237E-21  9.04325E-05  0.00000E+00  1.0E-07
  7.500E+00  4.27757E-03  2.40047E-21  8.57225E-05  0.00000E+00  1.1E-07
  7.600E+00  4.39223E-03  2.27706E-21  8.13154E-05  0.00000E+00  1.3E-07
  7.700E+00  4.50840E-03  2.16149E-21  7.71882E-05  0.00000E+00  1.1E-07
  7.800E+00  4.62608E-03  2.05316E-21  7.33198E-05  0.00000E+00  1.0E-07
  7.900E+00  4.74527E-03  1.95155E-21  6.96910E-05  0.00000E+00  1.0E-07
  8.000E+00  4.86597E-03  1.85615E-21  6.62841E-05  0.00000E+00  1.0E-07
  8.100E+00  4.98817E-03  1.76651E-21  6.30832E-05  0.00000E+00  1.0E-07
  8.200E+00  5.11188E-03  1.68222E-21  6.00733E-05  0.00000E+00  1.0E-07
  8.300E+00  5.23711E-03  1.60291E-21  5.72410E-05  0.00000E+00  1.0E-07
  8.400E+00  5.36383E-03  1.52822E-21  5.45738E-05  0.00000E+00  1.0E-07
  8.500E+00  5.49207E-03  1.45784E-21  5.20603E-05  0.00000E+00  1.0E-07
  8.600E+00  5.62181E-03  1.39146E-21  4.96899E-05  0.00000E+00  1.0E-07
  8.700E+00  5.75306E-03  1.32882E-21  4.74529E-05  0.00000E+00  1.0E-07
  8.800E+00  5.88581E-03  1.26966E-21  4.53404E-05  0.00000E+00  1.0E-07
  8.900E+00  6.02007E-03  1.21377E-21  4.33444E-05  0.00000E+00  1.0E-07
  9.000E+00  6.15583E-03  1.16092E-21  4.14571E-05  0.00000E+00  1.0E-07
  9.100E+00  6.29310E-03  1.11092E-21  3.96716E-05  0.00000E+00  1.0E-07
  9.200E+00  6.43187E-03  1.06358E-21  3.79813E-05  0.00000E+00  1.0E-07
  9.300E+00  6.57214E-03  1.01875E-21  3.63801E-05  0.00000E+00  1.0E-07
  9.400E+00  6.71392E-03  9.76251E-22  3.48625E-05  0.00000E+00  1.0E-07
  9.500E+00  6.85720E-03  9.35950E-22  3.34234E-05  0.00000E+00  1.0E-07
  9.600E+00  7.00198E-03  8.97711E-22  3.20578E-05  0.00000E+00  1.0E-07
  9.700E+00  7.14827E-03  8.61406E-22  3.07614E-05  0.00000E+00  1.0E-07
  9.800E+00  7.29605E-03  8.26921E-22  2.95299E-05  0.00000E+00  1.0E-07
  9.900E+00  7.44534E-03  7.94146E-22  2.83595E-05  0.00000E+00  1.0E-07
  1.000E+01  7.59612E-03  7.62981E-22  2.72466E-05  0.00000E+00  1.0E-07
  1.025E+01  7.97965E-03  6.91510E-22  2.46943E-05  0.00000E+00  1.0E-07
  1.050E+01  8.37255E-03  6.28224E-22  2.24343E-05  0.00000E+00  1.0E-07
  1.075E+01  8.77480E-03  5.72023E-22  2.04273E-05  0.00000E+00  1.0E-07
  1.100E+01  9.18641E-03  5.21976E-22  1.86401E-05  0.00000E+00  1.0E-07
  1.125E+01  9.60736E-03  4.77290E-22  1.70443E-05  0.00000E+00  1.0E-07
  1.150E+01  1.00376E-02  4.37290E-22  1.56159E-05  0.00000E+00  1.0E-07
  1.175E+01  1.04773E-02  4.01399E-22  1.43342E-05  0.00000E+00  1.0E-07
  1.200E+01  1.09262E-02  3.69120E-22  1.31815E-05  0.00000E+00  1.0E-07
  1.225E+01  1.13844E-02  3.40025E-22  1.21425E-05  0.00000E+00  1.0E-07
  1.250E+01  1.18520E-02  3.13744E-22  1.12040E-05  0.00000E+00  1.0E-07
  1.275E+01  1.23288E-02  2.89956E-22  1.03545E-05  0.00000E+00  1.0E-07
  1.300E+01  1.28150E-02  2.68384E-22  9.58415E-06  0.00000E+00  1.0E-07
  1.325E+01  1.33104E-02  2.48782E-22  8.88418E-06  0.00000E+00  1.0E-07
  1.350E+01  1.38150E-02  2.30940E-22  8.24702E-06  0.00000E+00  1.0E-07
  1.375E+01  1.43290E-02  2.14671E-22  7.66604E-06  0.00000E+00  1.0E-07
  1.400E+01  1.48521E-02  1.99811E-22  7.13537E-06  0.00000E+00  1.0E-07
  1.425E+01  1.53845E-02  1.86216E-22  6.64989E-06  0.00000E+00  1.0E-07
  1.450E+01  1.59262E-02  1.73759E-22  6.20504E-06  0.00000E+00  1.0E-07
  1.475E+01  1.64770E-02  1.62327E-22  5.79681E-06  0.00000E+00  1.0E-07
  1.500E+01  1.70371E-02  1.51821E-22  5.42163E-06  0.00000E+00  1.0E-07
  1.525E+01  1.76063E-02  1.42152E-22  5.07636E-06  0.00000E+00  1.0E-07
  1.550E+01  1.81848E-02  1.33242E-22  4.75815E-06  0.00000E+00  1.0E-07
  1.575E+01  1.87724E-02  1.25019E-22  4.46452E-06  0.00000E+00  1.0E-07
  1.600E+01  1.93692E-02  1.17422E-22  4.19321E-06  0.00000E+00  1.0E-07
  1.625E+01  1.99751E-02  1.10393E-22  3.94222E-06  0.00000E+00  1.0E-07
  1.650E+01  2.05901E-02  1.03883E-22  3.70974E-06  0.00000E+00  1.0E-07
  1.675E+01  2.12143E-02  9.78465E-23  3.49416E-06  0.00000E+00  1.0E-07
  1.700E+01  2.18476E-02  9.22422E-23  3.29403E-06  0.00000E+00  1.0E-07
  1.725E+01  2.24900E-02  8.70338E-23  3.10803E-06  0.00000E+00  1.0E-07
  1.750E+01  2.31415E-02  8.21880E-23  2.93499E-06  0.00000E+00  1.0E-07
  1.775E+01  2.38021E-02  7.76750E-23  2.77383E-06  0.00000E+00  1.0E-07
  1.800E+01  2.44717E-02  7.34678E-23  2.62358E-06  0.00000E+00  1.0E-07
  1.825E+01  2.51504E-02  6.95417E-23  2.48338E-06  0.00000E+00  1.0E-07
  1.850E+01  2.58382E-02  6.58746E-23  2.35242E-06  0.00000E+00  1.0E-07
  1.875E+01  2.65349E-02  6.24461E-23  2.22999E-06  0.00000E+00  1.0E-07
  1.900E+01  2.72407E-02  5.92378E-23  2.11542E-06  0.00000E+00  1.0E-07
  1.925E+01  2.79555E-02  5.62330E-23  2.00812E-06  0.00000E+00  1.0E-07
  1.950E+01  2.86793E-02  5.34165E-23  1.90754E-06  0.00000E+00  1.0E-07
  1.975E+01  2.94120E-02  5.07741E-23  1.81317E-06  0.00000E+00  1.0E-07
  2.000E+01  3.01537E-02  4.82931E-23  1.72458E-06  0.00000E+00  1.0E-07
  2.025E+01  3.09043E-02  4.59618E-23  1.64133E-06  0.00000E+00  1.0E-07
  2.050E+01  3.16639E-02  4.37695E-23  1.56304E-06  0.00000E+00  1.0E-07
  2.075E+01  3.24324E-02  4.17064E-23  1.48936E-06  0.00000E+00  1.0E-07
  2.100E+01  3.32098E-02  3.97634E-23  1.41998E-06  0.00000E+00  1.0E-07
  2.125E+01  3.39961E-02  3.79323E-23  1.35459E-06  0.00000E+00  1.0E-07
  2.150E+01  3.47912E-02  3.62053E-23  1.29292E-06  0.00000E+00  1.0E-07
  2.175E+01  3.55952E-02  3.45755E-23  1.23471E-06  0.00000E+00  1.0E-07
  2.200E+01  3.64081E-02  3.30363E-23  1.17975E-06  0.00000E+00  1.0E-07
  2.225E+01  3.72297E-02  3.15818E-23  1.12781E-06  0.00000E+00  1.0E-07
  2.250E+01  3.80602E-02  3.02064E-23  1.07869E-06  0.00000E+00  1.0E-07
  2.275E+01  3.88995E-02  2.89051E-23  1.03222E-06  0.00000E+00  1.0E-07
  2.300E+01  3.97476E-02  2.76730E-23  9.88222E-07  0.00000E+00  1.0E-07
  2.325E+01  4.06044E-02  2.65059E-23  9.46543E-07  0.00000E+00  1.0E-07
  2.350E+01  4.14700E-02  2.53996E-23  9.07036E-07  0.00000E+00  1.0E-07
  2.375E+01  4.23443E-02  2.43504E-23  8.69567E-07  0.00000E+00  1.0E-07
  2.400E+01  4.32273E-02  2.33547E-23  8.34011E-07  0.00000E+00  1.0E-07
  2.425E+01  4.41190E-02  2.24094E-23  8.00253E-07  0.00000E+00  1.0E-07
  2.450E+01  4.50194E-02  2.15113E-23  7.68183E-07  0.00000E+00  1.0E-07
  2.475E+01  4.59284E-02  2.06578E-23  7.37702E-07  0.00000E+00  1.0E-07
  2.500E+01  4.68461E-02  1.98461E-23  7.08716E-07  0.00000E+00  1.0E-07
  2.550E+01  4.87074E-02  1.83387E-23  6.54887E-07  0.00000E+00  1.0E-07
  2.600E+01  5.06030E-02  1.69716E-23  6.06065E-07  0.00000E+00  1.0E-07
  2.650E+01  5.25328E-02  1.57293E-23  5.61702E-07  0.00000E+00  1.0E-07
  2.700E+01  5.44967E-02  1.45984E-23  5.21318E-07  0.00000E+00  1.0E-07
  2.750E+01  5.64946E-02  1.35671E-23  4.84491E-07  0.00000E+00  1.0E-07
  2.800E+01  5.85262E-02  1.26252E-23  4.50853E-07  0.00000E+00  1.0E-07
  2.850E+01  6.05914E-02  1.17634E-23  4.20077E-07  0.00000E+00  1.0E-07
  2.900E+01  6.26901E-02  1.09736E-23  3.91876E-07  0.00000E+00  1.0E-07
  2.950E+01  6.48222E-02  1.02489E-23  3.65996E-07  0.00000E+00  1.0E-07
  3.000E+01  6.69873E-02  9.58288E-24  3.42211E-07  0.00000E+00  1.0E-07
  3.050E+01  6.91854E-02  8.96990E-24  3.20321E-07  0.00000E+00  1.0E-07
  3.100E+01  7.14163E-02  8.40498E-24  3.00147E-07  0.00000E+00  1.0E-07
  3.150E+01  7.36799E-02  7.88368E-24  2.81531E-07  0.00000E+00  1.0E-07
  3.200E+01  7.59760E-02  7.40202E-24  2.64331E-07  0.00000E+00  1.0E-07
  3.250E+01  7.83043E-02  6.95643E-24  2.48419E-07  0.00000E+00  1.0E-07
  3.300E+01  8.06647E-02  6.54372E-24  2.33681E-07  0.00000E+00  1.0E-07
  3.350E+01  8.30571E-02  6.16103E-24  2.20014E-07  0.00000E+00  1.0E-07
  3.400E+01  8.54812E-02  5.80576E-24  2.07328E-07  0.00000E+00  1.0E-07
  3.450E+01  8.79369E-02  5.47560E-24  1.95537E-07  0.00000E+00  1.0E-07
  3.500E+01  9.04240E-02  5.16845E-24  1.84569E-07  0.00000E+00  1.0E-07
  3.550E+01  9.29422E-02  4.88242E-24  1.74354E-07  0.00000E+00  1.0E-07
  3.600E+01  9.54915E-02  4.61577E-24  1.64832E-07  0.00000E+00  1.0E-07
  3.650E+01  9.80716E-02  4.36697E-24  1.55947E-07  0.00000E+00  1.0E-07
  3.700E+01  1.00682E-01  4.13459E-24  1.47649E-07  0.00000E+00  1.0E-07
  3.750E+01  1.03323E-01  3.91735E-24  1.39891E-07  0.00000E+00  1.0E-07
  3.800E+01  1.05995E-01  3.71409E-24  1.32633E-07  0.00000E+00  1.0E-07
  3.850E+01  1.08696E-01  3.52374E-24  1.25835E-07  0.00000E+00  1.0E-07
  3.900E+01  1.11427E-01  3.34533E-24  1.19464E-07  0.00000E+00  1.0E-07
  3.950E+01  1.14188E-01  3.17797E-24  1.13488E-07  0.00000E+00  1.0E-07
  4.000E+01  1.16978E-01  3.02086E-24  1.07877E-07  0.00000E+00  1.0E-07
  4.050E+01  1.19797E-01  2.87325E-24  1.02606E-07  0.00000E+00  1.0E-07
  4.100E+01  1.22645E-01  2.73446E-24  9.76492E-08  0.00000E+00  1.0E-07
  4.150E+01  1.25522E-01  2.60386E-24  9.29855E-08  0.00000E+00  1.0E-07
  4.200E+01  1.28428E-01  2.48089E-24  8.85941E-08  0.00000E+00  1.0E-07
  4.250E+01  1.31361E-01  2.36501E-24  8.44561E-08  0.00000E+00  1.0E-07
  4.300E+01  1.34323E-01  2.25574E-24  8.05541E-08  0.00000E+00  1.0E-07
  4.350E+01  1.37313E-01  2.15264E-24  7.68723E-08  0.00000E+00  1.0E-07
  4.400E+01  1.40330E-01  2.05530E-24  7.33959E-08  0.00000E+00  1.0E-07
  4.450E+01  1.43375E-01  1.96332E-24  7.01114E-08  0.00000E+00  1.0E-07
  4.500E+01  1.46447E-01  1.87637E-24  6.70062E-08  0.00000E+00  1.0E-07
  4.550E+01  1.49545E-01  1.79411E-24  6.40688E-08  0.00000E+00  1.0E-07
  4.600E+01  1.52671E-01  1.71625E-24  6.12883E-08  0.00000E+00  1.0E-07
  4.650E+01  1.55823E-01  1.64250E-24  5.86548E-08  0.00000E+00  1.0E-07
  4.700E+01  1.59001E-01  1.57262E-24  5.61592E-08  0.00000E+00  1.0E-07
  4.750E+01  1.62205E-01  1.50636E-24  5.37930E-08  0.00000E+00  1.0E-07
  4.800E+01  1.65435E-01  1.44349E-24  5.15480E-08  0.00000E+00  1.0E-07
  4.850E+01  1.68690E-01  1.38382E-24  4.94171E-08  0.00000E+00  1.0E-07
  4.900E+01  1.71970E-01  1.32715E-24  4.73933E-08  0.00000E+00  1.0E-07
  4.950E+01  1.75276E-01  1.27330E-24  4.54702E-08  0.00000E+00  1.0E-07
  5.000E+01  1.78606E-01  1.22210E-24  4.36420E-08  0.00000E+00  1.0E-07
  5.050E+01  1.81961E-01  1.17340E-24  4.19030E-08  0.00000E+00  1.0E-07
  5.100E+01  1.85340E-01  1.12706E-24  4.02482E-08  0.00000E+00  1.0E-07
  5.150E+01  1.88743E-01  1.08295E-24  3.86727E-08  0.00000E+00  1.0E-07
  5.200E+01  1.92169E-01  1.04092E-24  3.71719E-08  0.00000E+00  1.0E-07
  5.250E+01  1.95619E-01  1.00087E-24  3.57418E-08  0.00000E+00  1.0E-07
  5.300E+01  1.99092E-01  9.62690E-25  3.43783E-08  0.00000E+00  1.0E-07
  5.350E+01  2.02589E-01  9.26273E-25  3.30778E-08  0.00000E+00  1.0E-07
  5.400E+01  2.06107E-01  8.91522E-25  3.18368E-08  0.00000E+00  1.0E-07
  5.450E+01  2.09649E-01  8.58349E-25  3.06522E-08  0.00000E+00  1.0E-07
  5.500E+01  2.13212E-01  8.26667E-25  2.95208E-08  0.00000E+00  1.0E-07
  5.550E+01  2.16797E-01  7.96399E-25  2.84399E-08  0.00000E+00  1.0E-07
  5.600E+01  2.20404E-01  7.67468E-25  2.74068E-08  0.00000E+00  1.0E-07
  5.650E+01  2.24032E-01  7.39806E-25  2.64190E-08  0.00000E+00  1.0E-07
  5.700E+01  2.27680E-01  7.13346E-25  2.54740E-08  0.00000E+00  1.0E-07
  5.750E+01  2.31350E-01  6.88027E-25  2.45699E-08  0.00000E+00  1.0E-07
  5.800E+01  2.35040E-01  6.63790E-25  2.37044E-08  0.00000E+00  1.0E-07
  5.850E+01  2.38751E-01  6.40580E-25  2.28755E-08  0.00000E+00  1.0E-07
  5.900E+01  2.42481E-01  6.18347E-25  2.20816E-08  0.00000E+00  1.0E-07
  5.950E+01  2.46231E-01  5.97041E-25  2.13207E-08  0.00000E+00  1.0E-07
  6.000E+01  2.50000E-01  5.76617E-25  2.05914E-08  0.00000E+00  1.0E-07
  6.050E+01  2.53788E-01  5.57032E-25  1.98920E-08  0.00000E+00  1.0E-07
  6.100E+01  2.57595E-01  5.38244E-25  1.92210E-08  0.00000E+00  1.0E-07
  6.150E+01  2.61421E-01  5.20216E-25  1.85772E-08  0.00000E+00  1.0E-07
  6.200E+01  2.65264E-01  5.02911E-25  1.79593E-08  0.00000E+00  1.0E-07
  6.250E+01  2.69126E-01  4.86295E-25  1.73659E-08  0.00000E+00  1.0E-07
  6.300E+01  2.73005E-01  4.70335E-25  1.67960E-08  0.00000E+00  1.0E-07
  6.350E+01  2.76901E-01  4.55001E-25  1.62484E-08  0.00000E+00  1.0E-07
  6.400E+01  2.80814E-01  4.40264E-25  1.57221E-08  0.00000E+00  1.0E-07
  6.450E+01  2.84744E-01  4.26096E-25  1.52162E-08  0.00000E+00  1.0E-07
  6.500E+01  2.88691E-01  4.12472E-25  1.47296E-08  0.00000E+00  1.0E-07
  6.550E+01  2.92653E-01  3.99366E-25  1.42616E-08  0.00000E+00  1.0E-07
  6.600E+01  2.96632E-01  3.86756E-25  1.38113E-08  0.00000E+00  1.0E-07
  6.650E+01  3.00625E-01  3.74619E-25  1.33779E-08  0.00000E+00  1.0E-07
  6.700E+01  3.04634E-01  3.62934E-25  1.29606E-08  0.00000E+00  1.0E-07
  6.750E+01  3.08658E-01  3.51682E-25  1.25588E-08  0.00000E+00  1.0E-07
  6.800E+01  3.12697E-01  3.40843E-25  1.21717E-08  0.00000E+00  1.0E-07
  6.850E+01  3.16749E-01  3.30400E-25  1.17988E-08  0.00000E+00  1.0E-07
  6.900E+01  3.20816E-01  3.20335E-25  1.14394E-08  0.00000E+00  1.0E-07
  6.950E+01  3.24896E-01  3.10633E-25  1.10929E-08  0.00000E+00  1.0E-07
  7.000E+01  3.28990E-01  3.01278E-25  1.07588E-08  0.00000E+00  1.0E-07
  7.050E+01  3.33097E-01  2.92255E-25  1.04366E-08  0.00000E+00  1.0E-07
  7.100E+01  3.37216E-01  2.83550E-25  1.01258E-08  0.00000E+00  1.0E-07
  7.150E+01  3.41348E-01  2.75151E-25  9.82581E-09  0.00000E+00  1.0E-07
  7.200E+01  3.45492E-01  2.67044E-25  9.53631E-09  0.00000E+00  1.0E-07
  7.250E+01  3.49647E-01  2.59218E-25  9.25683E-09  0.00000E+00  1.0E-07
  7.300E+01  3.53814E-01  2.51660E-25  8.98696E-09  0.00000E+00  1.0E-07
  7.350E+01  3.57992E-01  2.44362E-25  8.72631E-09  0.00000E+00  1.0E-07
  7.400E+01  3.62181E-01  2.37310E-25  8.47451E-09  0.00000E+00  1.0E-07
  7.450E+01  3.66381E-01  2.30497E-25  8.23120E-09  0.00000E+00  1.0E-07
  7.500E+01  3.70590E-01  2.23912E-25  7.99605E-09  0.00000E+00  1.0E-07
  7.550E+01  3.74810E-01  2.17547E-25  7.76873E-09  0.00000E+00  1.0E-07
  7.600E+01  3.79039E-01  2.11392E-25  7.54895E-09  0.00000E+00  1.0E-07
  7.650E+01  3.83277E-01  2.05440E-25  7.33640E-09  0.00000E+00  1.0E-07
  7.700E+01  3.87524E-01  1.99683E-25  7.13080E-09  0.00000E+00  1.0E-07
  7.750E+01  3.91780E-01  1.94113E-25  6.93189E-09  0.00000E+00  1.0E-07
  7.800E+01  3.96044E-01  1.88723E-25  6.73942E-09  0.00000E+00  1.0E-07
  7.850E+01  4.00316E-01  1.83506E-25  6.55313E-09  0.00000E+00  1.0E-07
  7.900E+01  4.04596E-01  1.78456E-25  6.37279E-09  0.00000E+00  1.0E-07
  7.950E+01  4.08882E-01  1.73567E-25  6.19818E-09  0.00000E+00  1.0E-07
  8.000E+01  4.13176E-01  1.68832E-25  6.02909E-09  0.00000E+00  1.0E-07
  8.050E+01  4.17476E-01  1.64245E-25  5.86531E-09  0.00000E+00  1.0E-07
  8.100E+01  4.21783E-01  1.59802E-25  5.70664E-09  0.00000E+00  1.0E-07
  8.150E+01  4.26095E-01  1.55497E-25  5.55290E-09  0.00000E+00  1.0E-07
  8.200E+01  4.30413E-01  1.51325E-25  5.40391E-09  0.00000E+00  1.0E-07
  8.250E+01  4.34737E-01  1.47281E-25  5.25949E-09  0.00000E+00  1.0E-07
  8.300E+01  4.39065E-01  1.43360E-25  5.11949E-09  0.00000E+00  1.0E-07
  8.350E+01  4.43398E-01  1.39559E-25  4.98374E-09  0.00000E+00  1.0E-07
  8.400E+01  4.47736E-01  1.35872E-25  4.85208E-09  0.00000E+00  1.0E-07
  8.450E+01  4.52077E-01  1.32296E-25  4.72439E-09  0.00000E+00  1.0E-07
  8.500E+01  4.56422E-01  1.28827E-25  4.60051E-09  0.00000E+00  1.0E-07
  8.550E+01  4.60770E-01  1.25462E-25  4.48032E-09  0.00000E+00  1.0E-07
  8.600E+01  4.65122E-01  1.22195E-25  4.36368E-09  0.00000E+00  1.0E-07
  8.650E+01  4.69476E-01  1.19025E-25  4.25047E-09  0.00000E+00  1.0E-07
  8.700E+01  4.73832E-01  1.15948E-25  4.14058E-09  0.00000E+00  1.0E-07
  8.750E+01  4.78190E-01  1.12960E-25  4.03388E-09  0.00000E+00  1.0E-07
  8.800E+01  4.82550E-01  1.10059E-25  3.93028E-09  0.00000E+00  1.0E-07
  8.850E+01  4.86912E-01  1.07242E-25  3.82966E-09  0.00000E+00  1.0E-07
  8.900E+01  4.91274E-01  1.04505E-25  3.73193E-09  0.00000E+00  1.0E-07
  8.950E+01  4.95637E-01  1.01846E-25  3.63699E-09  0.00000E+00  1.0E-07
  9.000E+01  5.00000E-01  9.92631E-26  3.54475E-09  0.00000E+00  1.0E-07
  9.050E+01  5.04363E-01  9.67529E-26  3.45511E-09  0.00000E+00  1.0E-07
  9.100E+01  5.08726E-01  9.43134E-26  3.36799E-09  0.00000E+00  1.0E-07
  9.150E+01  5.13088E-01  9.19422E-26  3.28331E-09  0.00000E+00  1.0E-07
  9.200E+01  5.17450E-01  8.96370E-26  3.20099E-09  0.00000E+00  1.0E-07
  9.250E+01  5.21810E-01  8.73957E-26  3.12096E-09  0.00000E+00  1.0E-07
  9.300E+01  5.26168E-01  8.52162E-26  3.04313E-09  0.00000E+00  1.0E-07
  9.350E+01  5.30524E-01  8.30966E-26  2.96743E-09  0.00000E+00  1.0E-07
  9.400E+01  5.34878E-01  8.10349E-26  2.89381E-09  0.00000E+00  1.0E-07
  9.450E+01  5.39230E-01  7.90293E-26  2.82219E-09  0.00000E+00  1.0E-07
  9.500E+01  5.43578E-01  7.70781E-26  2.75251E-09  0.00000E+00  1.0E-07
  9.550E+01  5.47923E-01  7.51794E-26  2.68471E-09  0.00000E+00  1.0E-07
  9.600E+01  5.52264E-01  7.33317E-26  2.61872E-09  0.00000E+00  1.0E-07
  9.650E+01  5.56602E-01  7.15334E-26  2.55450E-09  0.00000E+00  1.0E-07
  9.700E+01  5.60935E-01  6.97829E-26  2.49199E-09  0.00000E+00  1.0E-07
  9.750E+01  5.65263E-01  6.80788E-26  2.43114E-09  0.00000E+00  1.0E-07
  9.800E+01  5.69587E-01  6.64196E-26  2.37189E-09  0.00000E+00  1.0E-07
  9.850E+01  5.73905E-01  6.48040E-26  2.31419E-09  0.00000E+00  1.0E-07
  9.900E+01  5.78217E-01  6.32307E-26  2.25801E-09  0.00000E+00  1.0E-07
  9.950E+01  5.82524E-01  6.16983E-26  2.20329E-09  0.00000E+00  1.0E-07
  1.000E+02  5.86824E-01  6.02056E-26  2.14998E-09  0.00000E+00  1.0E-07
  1.005E+02  5.91118E-01  5.87515E-26  2.09805E-09  0.00000E+00  1.0E-07
  1.010E+02  5.95404E-01  5.73348E-26  2.04746E-09  0.00000E+00  1.0E-07
  1.015E+02  5.99684E-01  5.59543E-26  1.99816E-09  0.00000E+00  1.0E-07
  1.020E+02  6.03956E-01  5.46090E-26  1.95012E-09  0.00000E+00  1.0E-07
  1.025E+02  6.08220E-01  5.32980E-26  1.90330E-09  0.00000E+00  1.0E-07
  1.030E+02  6.12476E-01  5.20201E-26  1.85767E-09  0.00000E+00  1.0E-07
  1.035E+02  6.16723E-01  5.07743E-26  1.81318E-09  0.00000E+00  1.0E-07
  1.040E+02  6.20961E-01  4.95599E-26  1.76982E-09  0.00000E+00  1.0E-07
  1.045E+02  6.25190E-01  4.83758E-26  1.72753E-09  0.00000E+00  1.0E-07
  1.050E+02  6.29410E-01  4.72213E-26  1.68630E-09  0.00000E+00  1.0E-07
  1.055E+02  6.33619E-01  4.60953E-26  1.64609E-09  0.00000E+00  1.0E-07
  1.060E+02  6.37819E-01  4.49973E-26  1.60688E-09  0.00000E+00  1.0E-07
  1.065E+02  6.42008E-01  4.39262E-26  1.56863E-09  0.00000E+00  1.0E-07
  1.070E+02  6.46186E-01  4.28815E-26  1.53132E-09  0.00000E+00  1.0E-07
  1.075E+02  6.50353E-01  4.18623E-26  1.49493E-09  0.00000E+00  1.0E-07
  1.080E+02  6.54508E-01  4.08679E-26  1.45942E-09  0.00000E+00  1.0E-07
  1.085E+02  6.58652E-01  3.98976E-26  1.42477E-09  0.00000E+00  1.0E-07
  1.090E+02  6.62784E-01  3.89509E-26  1.39096E-09  0.00000E+00  1.0E-07
  1.095E+02  6.66903E-01  3.80269E-26  1.35797E-09  0.00000E+00  1.0E-07
  1.100E+02  6.71010E-01  3.71252E-26  1.32576E-09  0.00000E+00  1.0E-07
  1.105E+02  6.75104E-01  3.62450E-26  1.29433E-09  0.00000E+00  1.0E-07
  1.110E+02  6.79184E-01  3.53859E-26  1.26365E-09  0.00000E+00  1.0E-07
  1.115E+02  6.83251E-01  3.45472E-26  1.23370E-09  0.00000E+00  1.0E-07
  1.120E+02  6.87303E-01  3.37284E-26  1.20446E-09  0.00000E+00  1.0E-07
  1.125E+02  6.91342E-01  3.29289E-26  1.17591E-09  0.00000E+00  1.0E-07
  1.130E+02  6.95366E-01  3.21483E-26  1.14804E-09  0.00000E+00  1.0E-07
  1.135E+02  6.99375E-01  3.13859E-26  1.12081E-09  0.00000E+00  1.0E-07
  1.140E+02  7.03368E-01  3.06415E-26  1.09423E-09  0.00000E+00  1.0E-07
  1.145E+02  7.07347E-01  2.99144E-26  1.06826E-09  0.00000E+00  1.0E-07
  1.150E+02  7.11309E-01  2.92042E-26  1.04290E-09  0.00000E+00  1.0E-07
  1.155E+02  7.15256E-01  2.85105E-26  1.01813E-09  0.00000E+00  1.0E-07
  1.160E+02  7.19186E-01  2.78329E-26  9.93931E-10  0.00000E+00  1.0E-07
  1.165E+02  7.23099E-01  2.71709E-26  9.70290E-10  0.00000E+00  1.0E-07
  1.170E+02  7.26995E-01  2.65241E-26  9.47194E-10  0.00000E+00  1.0E-07
  1.175E+02  7.30874E-01  2.58922E-26  9.24627E-10  0.00000E+00  1.0E-07
  1.180E+02  7.34736E-01  2.52747E-26  9.02576E-10  0.00000E+00  1.0E-07
  1.185E+02  7.38579E-01  2.46713E-26  8.81029E-10  0.00000E+00  1.0E-07
  1.190E+02  7.42405E-01  2.40817E-26  8.59972E-10  0.00000E+00  1.0E-07
  1.195E+02  7.46212E-01  2.35054E-26  8.39393E-10  0.00000E+00  1.0E-07
  1.200E+02  7.50000E-01  2.29422E-26  8.19280E-10  0.00000E+00  1.0E-07
  1.205E+02  7.53769E-01  2.23917E-26  7.99622E-10  0.00000E+00  1.0E-07
  1.210E+02  7.57519E-01  2.18536E-26  7.80407E-10  0.00000E+00  1.0E-07
  1.215E+02  7.61249E-01  2.13276E-26  7.61624E-10  0.00000E+00  1.0E-07
  1.220E+02  7.64960E-01  2.08135E-26  7.43262E-10  0.00000E+00  1.0E-07
  1.225E+02  7.68650E-01  2.03108E-26  7.25311E-10  0.00000E+00  1.0E-07
  1.230E+02  7.72320E-01  1.98194E-26  7.07762E-10  0.00000E+00  1.0E-07
  1.235E+02  7.75968E-01  1.93389E-26  6.90604E-10  0.00000E+00  1.0E-07
  1.240E+02  7.79596E-01  1.88691E-26  6.73827E-10  0.00000E+00  1.0E-07
  1.245E+02  7.83203E-01  1.84097E-26  6.57424E-10  0.00000E+00  1.0E-07
  1.250E+02  7.86788E-01  1.79606E-26  6.41384E-10  0.00000E+00  1.0E-07
  1.255E+02  7.90351E-01  1.75213E-26  6.25699E-10  0.00000E+00  1.0E-07
  1.260E+02  7.93893E-01  1.70918E-26  6.10360E-10  0.00000E+00  1.0E-07
  1.265E+02  7.97411E-01  1.66718E-26  5.95360E-10  0.00000E+00  1.0E-07
  1.270E+02  8.00908E-01  1.62610E-26  5.80690E-10  0.00000E+00  1.0E-07
  1.275E+02  8.04381E-01  1.58592E-26  5.66343E-10  0.00000E+00  1.0E-07
  1.280E+02  8.07831E-01  1.54663E-26  5.52311E-10  0.00000E+00  1.0E-07
  1.285E+02  8.11257E-01  1.50819E-26  5.38586E-10  0.00000E+00  1.0E-07
  1.290E+02  8.14660E-01  1.47060E-26  5.25162E-10  0.00000E+00  1.0E-07
  1.295E+02  8.18039E-01  1.43384E-26  5.12032E-10  0.00000E+00  1.0E-07
  1.300E+02  8.21394E-01  1.39787E-26  4.99189E-10  0.00000E+00  1.0E-07
  1.305E+02  8.24724E-01  1.36269E-26  4.86627E-10  0.00000E+00  1.0E-07
  1.310E+02  8.28030E-01  1.32828E-26  4.74338E-10  0.00000E+00  1.0E-07
  1.315E+02  8.31310E-01  1.29462E-26  4.62318E-10  0.00000E+00  1.0E-07
  1.320E+02  8.34565E-01  1.26169E-26  4.50559E-10  0.00000E+00  1.0E-07
  1.325E+02  8.37795E-01  1.22948E-26  4.39057E-10  0.00000E+00  1.0E-07
  1.330E+02  8.40999E-01  1.19797E-26  4.27805E-10  0.00000E+00  1.0E-07
  1.335E+02  8.44177E-01  1.16715E-26  4.16797E-10  0.00000E+00  1.0E-07
  1.340E+02  8.47329E-01  1.13700E-26  4.06029E-10  0.00000E+00  1.0E-07
  1.345E+02  8.50455E-01  1.10750E-26  3.95496E-10  0.00000E+00  1.0E-07
  1.350E+02  8.53553E-01  1.07865E-26  3.85191E-10  0.00000E+00  1.0E-07
  1.355E+02  8.56625E-01  1.05042E-26  3.75111E-10  0.00000E+00  1.0E-07
  1.360E+02  8.59670E-01  1.02280E-26  3.65250E-10  0.00000E+00  1.0E-07
  1.365E+02  8.62687E-01  9.95792E-27  3.55604E-10  0.00000E+00  1.0E-07
  1.370E+02  8.65677E-01  9.69368E-27  3.46168E-10  0.00000E+00  1.0E-07
  1.375E+02  8.68639E-01  9.43520E-27  3.36937E-10  0.00000E+00  1.0E-07
  1.380E+02  8.71572E-01  9.18236E-27  3.27908E-10  0.00000E+00  1.0E-07
  1.385E+02  8.74478E-01  8.93504E-27  3.19076E-10  0.00000E+00  1.0E-07
  1.390E+02  8.77355E-01  8.69312E-27  3.10437E-10  0.00000E+00  1.0E-07
  1.395E+02  8.80203E-01  8.45650E-27  3.01987E-10  0.00000E+00  1.0E-07
  1.400E+02  8.83022E-01  8.22507E-27  2.93722E-10  0.00000E+00  1.0E-07
  1.405E+02  8.85812E-01  7.99871E-27  2.85639E-10  0.00000E+00  1.0E-07
  1.410E+02  8.88573E-01  7.77734E-27  2.77734E-10  0.00000E+00  1.0E-07
  1.415E+02  8.91304E-01  7.56084E-27  2.70002E-10  0.00000E+00  1.0E-07
  1.420E+02  8.94005E-01  7.34912E-27  2.62442E-10  0.00000E+00  1.0E-07
  1.425E+02  8.96677E-01  7.14208E-27  2.55048E-10  0.00000E+00  1.0E-07
  1.430E+02  8.99318E-01  6.93964E-27  2.47819E-10  0.00000E+00  1.0E-07
  1.435E+02  9.01928E-01  6.74171E-27  2.40751E-10  0.00000E+00  1.0E-07
  1.440E+02  9.04508E-01  6.54819E-27  2.33840E-10  0.00000E+00  1.0E-07
  1.445E+02  9.07058E-01  6.35900E-27  2.27084E-10  0.00000E+00  1.0E-07
  1.450E+02  9.09576E-01  6.17405E-27  2.20479E-10  0.00000E+00  1.0E-07
  1.455E+02  9.12063E-01  5.99328E-27  2.14024E-10  0.00000E+00  1.0E-07
  1.460E+02  9.14519E-01  5.81660E-27  2.07714E-10  0.00000E+00  1.0E-07
  1.465E+02  9.16943E-01  5.64392E-27  2.01548E-10  0.00000E+00  1.0E-07
  1.470E+02  9.19335E-01  5.47519E-27  1.95523E-10  0.00000E+00  1.0E-07
  1.475E+02  9.21696E-01  5.31033E-27  1.89635E-10  0.00000E+00  1.0E-07
  1.480E+02  9.24024E-01  5.14926E-27  1.83883E-10  0.00000E+00  1.0E-07
  1.485E+02  9.26320E-01  4.99191E-27  1.78264E-10  0.00000E+00  1.0E-07
  1.490E+02  9.28584E-01  4.83823E-27  1.72776E-10  0.00000E+00  1.0E-07
  1.495E+02  9.30815E-01  4.68815E-27  1.67417E-10  0.00000E+00  1.0E-07
  1.500E+02  9.33013E-01  4.54160E-27  1.62184E-10  0.00000E+00  1.0E-07
  1.505E+02  9.35178E-01  4.39853E-27  1.57074E-10  0.00000E+00  1.0E-07
  1.510E+02  9.37310E-01  4.25886E-27  1.52087E-10  0.00000E+00  1.0E-07
  1.515E+02  9.39409E-01  4.12255E-27  1.47219E-10  0.00000E+00  1.0E-07
  1.520E+02  9.41474E-01  3.98954E-27  1.42469E-10  0.00000E+00  1.0E-07
  1.525E+02  9.43505E-01  3.85978E-27  1.37835E-10  0.00000E+00  1.0E-07
  1.530E+02  9.45503E-01  3.73321E-27  1.33315E-10  0.00000E+00  1.0E-07
  1.535E+02  9.47467E-01  3.60977E-27  1.28907E-10  0.00000E+00  1.0E-07
  1.540E+02  9.49397E-01  3.48943E-27  1.24610E-10  0.00000E+00  1.0E-07
  1.545E+02  9.51293E-01  3.37212E-27  1.20421E-10  0.00000E+00  1.0E-07
  1.550E+02  9.53154E-01  3.25781E-27  1.16338E-10  0.00000E+00  1.0E-07
  1.555E+02  9.54981E-01  3.14644E-27  1.12361E-10  0.00000E+00  1.0E-07
  1.560E+02  9.56773E-01  3.03798E-27  1.08488E-10  0.00000E+00  1.0E-07
  1.565E+02  9.58530E-01  2.93237E-27  1.04717E-10  0.00000E+00  1.0E-07
  1.570E+02  9.60252E-01  2.82958E-27  1.01046E-10  0.00000E+00  1.0E-07
  1.575E+02  9.61940E-01  2.72957E-27  9.74746E-11  0.00000E+00  1.0E-07
  1.580E+02  9.63592E-01  2.63229E-27  9.40008E-11  0.00000E+00  1.0E-07
  1.585E+02  9.65209E-01  2.53771E-27  9.06232E-11  0.00000E+00  1.0E-07
  1.590E+02  9.66790E-01  2.44579E-27  8.73407E-11  0.00000E+00  1.0E-07
  1.595E+02  9.68336E-01  2.35649E-27  8.41518E-11  0.00000E+00  1.0E-07
  1.600E+02  9.69846E-01  2.26978E-27  8.10554E-11  0.00000E+00  1.0E-07
  1.605E+02  9.71321E-01  2.18563E-27  7.80502E-11  0.00000E+00  1.0E-07
  1.610E+02  9.72759E-01  2.10400E-27  7.51351E-11  0.00000E+00  1.0E-07
  1.615E+02  9.74162E-01  2.02486E-27  7.23089E-11  0.00000E+00  1.0E-07
  1.620E+02  9.75528E-01  1.94817E-27  6.95706E-11  0.00000E+00  1.0E-07
  1.625E+02  9.76858E-01  1.87392E-27  6.69190E-11  0.00000E+00  1.0E-07
  1.630E+02  9.78152E-01  1.80207E-27  6.43531E-11  0.00000E+00  1.0E-07
  1.635E+02  9.79410E-01  1.73259E-27  6.18720E-11  0.00000E+00  1.0E-07
  1.640E+02  9.80631E-01  1.66546E-27  5.94748E-11  0.00000E+00  1.0E-07
  1.645E+02  9.81815E-01  1.60065E-27  5.71604E-11  0.00000E+00  1.0E-07
  1.650E+02  9.82963E-01  1.53814E-27  5.49280E-11  0.00000E+00  1.0E-07
  1.655E+02  9.84074E-01  1.47790E-27  5.27767E-11  0.00000E+00  1.0E-07
  1.660E+02  9.85148E-01  1.41991E-27  5.07058E-11  0.00000E+00  1.0E-07
  1.665E+02  9.86185E-01  1.36414E-27  4.87144E-11  0.00000E+00  1.0E-07
  1.670E+02  9.87185E-01  1.31058E-27  4.68018E-11  0.00000E+00  1.0E-07
  1.675E+02  9.88148E-01  1.25921E-27  4.49672E-11  0.00000E+00  1.0E-07
  1.680E+02  9.89074E-01  1.21000E-27  4.32100E-11  0.00000E+00  1.0E-07
  1.685E+02  9.89962E-01  1.16294E-27  4.15295E-11  0.00000E+00  1.0E-07
  1.690E+02  9.90814E-01  1.11802E-27  3.99251E-11  0.00000E+00  1.0E-07
  1.695E+02  9.91627E-01  1.07520E-27  3.83961E-11  0.00000E+00  1.0E-07
  1.700E+02  9.92404E-01  1.03448E-27  3.69420E-11  0.00000E+00  1.0E-07
  1.705E+02  9.93143E-01  9.95843E-28  3.55622E-11  0.00000E+00  1.0E-07
  1.710E+02  9.93844E-01  9.59272E-28  3.42562E-11  0.00000E+00  1.0E-07
  1.715E+02  9.94508E-01  9.24756E-28  3.30236E-11  0.00000E+00  1.0E-07
  1.720E+02  9.95134E-01  8.92279E-28  3.18639E-11  0.00000E+00  1.0E-07
  1.725E+02  9.95722E-01  8.61831E-28  3.07766E-11  0.00000E+00  1.0E-07
  1.730E+02  9.96273E-01  8.33400E-28  2.97613E-11  0.00000E+00  1.0E-07
  1.735E+02  9.96786E-01  8.06976E-28  2.88176E-11  0.00000E+00  1.0E-07
  1.740E+02  9.97261E-01  7.82548E-28  2.79453E-11  0.00000E+00  1.0E-07
  1.745E+02  9.97698E-01  7.60107E-28  2.71439E-11  0.00000E+00  1.0E-07
  1.750E+02  9.98097E-01  7.39646E-28  2.64132E-11  0.00000E+00  1.0E-07
  1.755E+02  9.98459E-01  7.21156E-28  2.57529E-11  0.00000E+00  1.0E-07
  1.760E+02  9.98782E-01  7.04631E-28  2.51628E-11  0.00000E+00  1.0E-07
  1.765E+02  9.99067E-01  6.90064E-28  2.46426E-11  0.00000E+00  1.0E-07
  1.770E+02  9.99315E-01  6.77451E-28  2.41922E-11  0.00000E+00  1.0E-07
  1.775E+02  9.99524E-01  6.66786E-28  2.38113E-11  0.00000E+00  1.0E-07
  1.780E+02  9.99695E-01  6.58065E-28  2.34999E-11  0.00000E+00  1.0E-07
  1.785E+02  9.99829E-01  6.51286E-28  2.32578E-11  0.00000E+00  1.0E-07
  1.790E+02  9.99924E-01  6.46445E-28  2.30850E-11  0.00000E+00  1.0E-07
  1.795E+02  9.99981E-01  6.43541E-28  2.29813E-11  0.00000E+00  1.0E-07
  1.800E+02  1.00000E+00  6.42574E-28  2.29467E-11  0.00000E+00  4.2E-07
