 #
 # Subroutine ELSEPA. Elastic scattering of electrons and positrons
 #                    by neutral atoms and positive ions
 #
 # Projectile: electron
 # Kinetic energy = 3.70000E+06 eV = 1.35973E+05 a.u.
 #
 # WARNING: High-energy factorization with free-atom DF screening.
 #          Absorption, polarization and exchange corrections are
 #          switched off.
 #          Phase shifts are calculated for the bare nucleus.
 #          Scattering amplitudes are not evaluated.
 #
 # Element: Mn,  Z =  25,  atomic weight = 5.49380E+01 g/mol
 #
 # Nuclear model: Fermi distribution
 #                Average radius = 4.06763E-13 cm
 #                Skin thickness = 5.46000E-14 cm
 #
 # Number of electrons = 25
 #
 # Total elastic cross section = 1.98108E-18 cm**2 = 7.07457E-02 a0**2
 # 1st transport cross section = 5.41265E-23 cm**2 = 1.93289E-06 a0**2
 # 2nd transport cross section = 1.53354E-22 cm**2 = 5.47637E-06 a0**2
 #
 #
 # Differential cross section:                       MU=(1-COS(THETA))/2
 #
 #  THETA        MU          DCS          DCS        Sherman      error
 #  (deg)                 (cm**2/sr)   (a0**2/sr)    function
 #----------------------------------------------------------------------
  0.000E+00  0.00000E+00  3.79173E-13  1.35405E+04  0.00000E+00  1.0E-05
  1.000E-04  7.61557E-13  3.79171E-13  1.35404E+04  0.00000E+00  1.0E-05
  1.250E-04  1.18994E-12  3.79170E-13  1.35404E+04  0.00000E+00  1.0E-05
  1.500E-04  1.71346E-12  3.79168E-13  1.35403E+04  0.00000E+00  1.0E-05
  1.750E-04  2.33225E-12  3.79167E-13  1.35403E+04  0.00000E+00  1.0E-05
  2.000E-04  3.04617E-12  3.79165E-13  1.35402E+04  0.00000E+00  1.0E-05
  2.250E-04  3.85530E-12  3.79162E-13  1.35401E+04  0.00000E+00  1.0E-05
  2.500E-04  4.75964E-12  3.79160E-13  1.35400E+04  0.00000E+00  1.0E-05
  2.750E-04  5.75917E-12  3.79157E-13  1.35399E+04  0.00000E+00  1.0E-05
  3.000E-04  6.85391E-12  3.79154E-13  1.35398E+04  0.00000E+00  1.0E-05
  3.250E-04  8.04379E-12  3.79151E-13  1.35397E+04  0.00000E+00  1.0E-05
  3.500E-04  9.32893E-12  3.79147E-13  1.35396E+04  0.00000E+00  1.0E-05
  3.750E-04  1.07092E-11  3.79143E-13  1.35395E+04  0.00000E+00  1.0E-05
  4.000E-04  1.21847E-11  3.79139E-13  1.35393E+04  0.00000E+00  1.0E-05
  4.250E-04  1.37554E-11  3.79135E-13  1.35391E+04  0.00000E+00  1.0E-05
  4.500E-04  1.54213E-11  3.79130E-13  1.35390E+04  0.00000E+00  1.0E-05
  4.750E-04  1.71823E-11  3.79125E-13  1.35388E+04  0.00000E+00  1.0E-05
  5.000E-04  1.90386E-11  3.79120E-13  1.35386E+04  0.00000E+00  1.0E-05
  5.250E-04  2.09900E-11  3.79115E-13  1.35384E+04  0.00000E+00  1.0E-05
  5.500E-04  2.30367E-11  3.79109E-13  1.35382E+04  0.00000E+00  1.0E-05
  5.750E-04  2.51785E-11  3.79103E-13  1.35380E+04  0.00000E+00  1.0E-05
  6.000E-04  2.74156E-11  3.79097E-13  1.35378E+04  0.00000E+00  1.0E-05
  6.250E-04  2.97478E-11  3.79090E-13  1.35376E+04  0.00000E+00  1.0E-05
  6.500E-04  3.21752E-11  3.79083E-13  1.35373E+04  0.00000E+00  1.0E-05
  6.750E-04  3.46979E-11  3.79076E-13  1.35371E+04  0.00000E+00  1.0E-05
  7.000E-04  3.73157E-11  3.79069E-13  1.35368E+04  0.00000E+00  1.0E-05
  7.250E-04  4.00286E-11  3.79062E-13  1.35365E+04  0.00000E+00  1.0E-05
  7.500E-04  4.28368E-11  3.79054E-13  1.35363E+04  0.00000E+00  1.0E-05
  7.750E-04  4.57402E-11  3.79046E-13  1.35360E+04  0.00000E+00  1.0E-05
  8.000E-04  4.87388E-11  3.79037E-13  1.35357E+04  0.00000E+00  1.0E-05
  8.250E-04  5.18325E-11  3.79029E-13  1.35354E+04  0.00000E+00  1.0E-05
  8.500E-04  5.50215E-11  3.79020E-13  1.35350E+04  0.00000E+00  1.0E-05
  8.750E-04  5.83057E-11  3.79011E-13  1.35347E+04  0.00000E+00  1.0E-05
  9.000E-04  6.16850E-11  3.79001E-13  1.35344E+04  0.00000E+00  1.0E-05
  9.250E-04  6.51595E-11  3.78991E-13  1.35340E+04  0.00000E+00  1.0E-05
  9.500E-04  6.87293E-11  3.78981E-13  1.35337E+04  0.00000E+00  1.0E-05
  9.750E-04  7.23943E-11  3.78971E-13  1.35333E+04  0.00000E+00  1.0E-05
  1.000E-03  7.61544E-11  3.78961E-13  1.35329E+04  0.00000E+00  1.0E-05
  1.250E-03  1.18991E-10  3.78841E-13  1.35287E+04  0.00000E+00  1.0E-05
  1.500E-03  1.71347E-10  3.78695E-13  1.35235E+04  0.00000E+00  1.0E-05
  1.750E-03  2.33223E-10  3.78523E-13  1.35173E+04  0.00000E+00  1.0E-05
  2.000E-03  3.04617E-10  3.78324E-13  1.35102E+04  0.00000E+00  1.0E-05
  2.250E-03  3.85531E-10  3.78099E-13  1.35022E+04  0.00000E+00  1.0E-05
  2.500E-03  4.75965E-10  3.77848E-13  1.34932E+04  0.00000E+00  1.0E-05
  2.750E-03  5.75917E-10  3.77570E-13  1.34833E+04  0.00000E+00  1.0E-05
  3.000E-03  6.85389E-10  3.77267E-13  1.34724E+04  0.00000E+00  1.0E-05
  3.250E-03  8.04380E-10  3.76937E-13  1.34607E+04  0.00000E+00  1.0E-05
  3.500E-03  9.32891E-10  3.76582E-13  1.34480E+04  0.00000E+00  1.0E-05
  3.750E-03  1.07092E-09  3.76201E-13  1.34344E+04  0.00000E+00  1.0E-05
  4.000E-03  1.21847E-09  3.75794E-13  1.34199E+04  0.00000E+00  1.0E-05
  4.250E-03  1.37554E-09  3.75362E-13  1.34044E+04  0.00000E+00  1.0E-05
  4.500E-03  1.54213E-09  3.74904E-13  1.33881E+04  0.00000E+00  1.0E-05
  4.750E-03  1.71823E-09  3.74422E-13  1.33708E+04  0.00000E+00  1.0E-05
  5.000E-03  1.90386E-09  3.73914E-13  1.33527E+04  0.00000E+00  1.0E-05
  5.250E-03  2.09900E-09  3.73381E-13  1.33337E+04  0.00000E+00  1.0E-05
  5.500E-03  2.30367E-09  3.72824E-13  1.33138E+04  0.00000E+00  1.0E-05
  5.750E-03  2.51785E-09  3.72242E-13  1.32930E+04  0.00000E+00  1.0E-05
  6.000E-03  2.74156E-09  3.71636E-13  1.32714E+04  0.00000E+00  1.0E-05
  6.250E-03  2.97478E-09  3.71006E-13  1.32489E+04  0.00000E+00  1.0E-05
  6.500E-03  3.21752E-09  3.70352E-13  1.32255E+04  0.00000E+00  1.0E-05
  6.750E-03  3.46978E-09  3.69674E-13  1.32013E+04  0.00000E+00  1.0E-05
  7.000E-03  3.73156E-09  3.68972E-13  1.31762E+04  0.00000E+00  1.0E-05
  7.250E-03  4.00286E-09  3.68248E-13  1.31504E+04  0.00000E+00  1.0E-05
  7.500E-03  4.28368E-09  3.67500E-13  1.31237E+04  0.00000E+00  1.0E-05
  7.750E-03  4.57402E-09  3.66729E-13  1.30961E+04  0.00000E+00  1.0E-05
  8.000E-03  4.87388E-09  3.65936E-13  1.30678E+04  0.00000E+00  1.0E-05
  8.250E-03  5.18326E-09  3.65121E-13  1.30387E+04  0.00000E+00  1.0E-05
  8.500E-03  5.50215E-09  3.64283E-13  1.30088E+04  0.00000E+00  1.0E-05
  8.750E-03  5.83057E-09  3.63424E-13  1.29781E+04  0.00000E+00  1.0E-05
  9.000E-03  6.16850E-09  3.62543E-13  1.29467E+04  0.00000E+00  1.0E-05
  9.250E-03  6.51596E-09  3.61641E-13  1.29144E+04  0.00000E+00  1.0E-05
  9.500E-03  6.87293E-09  3.60718E-13  1.28815E+04  0.00000E+00  1.0E-05
  9.750E-03  7.23942E-09  3.59774E-13  1.28478E+04  0.00000E+00  1.0E-05
  1.000E-02  7.61544E-09  3.58810E-13  1.28133E+04  0.00000E+00  1.0E-05
  1.250E-02  1.18991E-08  3.48110E-13  1.24312E+04  0.00000E+00  1.0E-05
  1.500E-02  1.71347E-08  3.35686E-13  1.19876E+04  0.00000E+00  1.0E-05
  1.750E-02  2.33223E-08  3.21923E-13  1.14961E+04  0.00000E+00  1.0E-05
  2.000E-02  3.04617E-08  3.07163E-13  1.09690E+04  0.00000E+00  1.0E-05
  2.250E-02  3.85531E-08  2.91702E-13  1.04169E+04  0.00000E+00  1.0E-05
  2.500E-02  4.75965E-08  2.75865E-13  9.85133E+03  0.00000E+00  1.0E-05
  2.750E-02  5.75917E-08  2.59965E-13  9.28353E+03  0.00000E+00  1.0E-05
  3.000E-02  6.85389E-08  2.44244E-13  8.72212E+03  0.00000E+00  1.0E-05
  3.250E-02  8.04380E-08  2.28874E-13  8.17324E+03  0.00000E+00  1.0E-05
  3.500E-02  9.32891E-08  2.14006E-13  7.64231E+03  0.00000E+00  1.0E-05
  3.750E-02  1.07092E-07  1.99797E-13  7.13487E+03  0.00000E+00  1.0E-05
  4.000E-02  1.21847E-07  1.86322E-13  6.65370E+03  0.00000E+00  1.0E-05
  4.250E-02  1.37554E-07  1.73622E-13  6.20017E+03  0.00000E+00  1.0E-05
  4.500E-02  1.54213E-07  1.61702E-13  5.77449E+03  0.00000E+00  1.0E-05
  4.750E-02  1.71823E-07  1.50595E-13  5.37786E+03  0.00000E+00  1.0E-05
  5.000E-02  1.90386E-07  1.40284E-13  5.00964E+03  0.00000E+00  1.0E-05
  5.250E-02  2.09900E-07  1.30740E-13  4.66880E+03  0.00000E+00  1.0E-05
  5.500E-02  2.30367E-07  1.21906E-13  4.35334E+03  0.00000E+00  1.0E-05
  5.750E-02  2.51785E-07  1.13764E-13  4.06260E+03  0.00000E+00  1.0E-05
  6.000E-02  2.74156E-07  1.06270E-13  3.79496E+03  0.00000E+00  1.0E-05
  6.250E-02  2.97478E-07  9.93748E-14  3.54874E+03  0.00000E+00  1.0E-05
  6.500E-02  3.21752E-07  9.30217E-14  3.32186E+03  0.00000E+00  1.0E-05
  6.750E-02  3.46978E-07  8.71763E-14  3.11312E+03  0.00000E+00  1.0E-05
  7.000E-02  3.73156E-07  8.17986E-14  2.92108E+03  0.00000E+00  1.0E-05
  7.250E-02  4.00286E-07  7.68486E-14  2.74431E+03  0.00000E+00  1.0E-05
  7.500E-02  4.28368E-07  7.22801E-14  2.58117E+03  0.00000E+00  1.0E-05
  7.750E-02  4.57402E-07  6.80619E-14  2.43053E+03  0.00000E+00  1.0E-05
  8.000E-02  4.87388E-07  6.41675E-14  2.29146E+03  0.00000E+00  1.0E-05
  8.250E-02  5.18325E-07  6.05678E-14  2.16292E+03  0.00000E+00  1.0E-05
  8.500E-02  5.50215E-07  5.72308E-14  2.04375E+03  0.00000E+00  1.0E-05
  8.750E-02  5.83057E-07  5.41304E-14  1.93303E+03  0.00000E+00  1.0E-05
  9.000E-02  6.16850E-07  5.12525E-14  1.83026E+03  0.00000E+00  1.0E-05
  9.250E-02  6.51596E-07  4.85776E-14  1.73474E+03  0.00000E+00  1.0E-05
  9.500E-02  6.87293E-07  4.60850E-14  1.64573E+03  0.00000E+00  1.0E-05
  9.750E-02  7.23942E-07  4.37523E-14  1.56242E+03  0.00000E+00  1.0E-05
  1.000E-01  7.61543E-07  4.15746E-14  1.48466E+03  0.00000E+00  1.0E-05
  1.250E-01  1.18991E-06  2.58886E-14  9.24500E+02  0.00000E+00  1.0E-05
  1.500E-01  1.71347E-06  1.66296E-14  5.93852E+02  0.00000E+00  1.0E-05
  1.750E-01  2.33223E-06  1.11837E-14  3.99377E+02  0.00000E+00  1.0E-05
  2.000E-01  3.04617E-06  7.70392E-15  2.75112E+02  0.00000E+00  1.0E-05
  2.250E-01  3.85531E-06  5.36794E-15  1.91693E+02  0.00000E+00  1.0E-05
  2.500E-01  4.75964E-06  3.81401E-15  1.36201E+02  0.00000E+00  1.0E-05
  2.750E-01  5.75916E-06  2.77095E-15  9.89525E+01  0.00000E+00  1.0E-05
  3.000E-01  6.85388E-06  2.05399E-15  7.33495E+01  0.00000E+00  1.0E-05
  3.250E-01  8.04378E-06  1.55055E-15  5.53710E+01  0.00000E+00  1.0E-05
  3.500E-01  9.32888E-06  1.19229E-15  4.25776E+01  0.00000E+00  1.0E-05
  3.750E-01  1.07092E-05  9.33556E-16  3.33379E+01  0.00000E+00  1.0E-05
  4.000E-01  1.21846E-05  7.42952E-16  2.65313E+01  0.00000E+00  1.0E-05
  4.250E-01  1.37553E-05  5.99973E-16  2.14254E+01  0.00000E+00  1.0E-05
  4.500E-01  1.54212E-05  4.90782E-16  1.75261E+01  0.00000E+00  1.0E-05
  4.750E-01  1.71822E-05  4.06212E-16  1.45061E+01  0.00000E+00  1.0E-05
  5.000E-01  1.90385E-05  3.39725E-16  1.21318E+01  0.00000E+00  1.0E-05
  5.250E-01  2.09899E-05  2.86792E-16  1.02415E+01  0.00000E+00  1.0E-05
  5.500E-01  2.30365E-05  2.43909E-16  8.71016E+00  0.00000E+00  1.0E-05
  5.750E-01  2.51783E-05  2.08926E-16  7.46087E+00  0.00000E+00  1.0E-05
  6.000E-01  2.74153E-05  1.80105E-16  6.43167E+00  0.00000E+00  1.0E-05
  6.250E-01  2.97475E-05  1.56152E-16  5.57628E+00  0.00000E+00  1.0E-05
  6.500E-01  3.21749E-05  1.36005E-16  4.85681E+00  0.00000E+00  1.0E-05
  6.750E-01  3.46974E-05  1.18993E-16  4.24932E+00  0.00000E+00  1.0E-05
  7.000E-01  3.73152E-05  1.04559E-16  3.73385E+00  0.00000E+00  1.0E-05
  7.250E-01  4.00281E-05  9.22396E-17  3.29394E+00  0.00000E+00  1.0E-05
  7.500E-01  4.28362E-05  8.16389E-17  2.91538E+00  0.00000E+00  1.0E-05
  7.750E-01  4.57395E-05  7.24892E-17  2.58864E+00  0.00000E+00  1.0E-05
  8.000E-01  4.87380E-05  6.45713E-17  2.30588E+00  0.00000E+00  1.0E-05
  8.250E-01  5.18317E-05  5.76898E-17  2.06014E+00  0.00000E+00  1.0E-05
  8.500E-01  5.50205E-05  5.16763E-17  1.84540E+00  0.00000E+00  1.0E-05
  8.750E-01  5.83045E-05  4.64035E-17  1.65710E+00  0.00000E+00  1.0E-05
  9.000E-01  6.16838E-05  4.17764E-17  1.49186E+00  0.00000E+00  1.0E-05
  9.250E-01  6.51582E-05  3.77029E-17  1.34639E+00  0.00000E+00  1.0E-05
  9.500E-01  6.87277E-05  3.41038E-17  1.21787E+00  0.00000E+00  1.0E-05
  9.750E-01  7.23925E-05  3.09119E-17  1.10388E+00  0.00000E+00  1.0E-05
  1.000E+00  7.61524E-05  2.80803E-17  1.00277E+00  0.00000E+00  3.1E-06
  1.100E+00  9.21439E-05  1.95043E-17  6.96513E-01  0.00000E+00  2.4E-06
  1.200E+00  1.09658E-04  1.39417E-17  4.97867E-01  0.00000E+00  1.4E-06
  1.300E+00  1.28695E-04  1.02189E-17  3.64923E-01  0.00000E+00  4.0E-07
  1.400E+00  1.49255E-04  7.65573E-18  2.73391E-01  0.00000E+00  4.2E-07
  1.500E+00  1.71338E-04  5.85060E-18  2.08929E-01  0.00000E+00  8.5E-07
  1.600E+00  1.94942E-04  4.54884E-18  1.62442E-01  0.00000E+00  9.5E-07
  1.700E+00  2.20070E-04  3.59093E-18  1.28234E-01  0.00000E+00  8.0E-07
  1.800E+00  2.46720E-04  2.87321E-18  1.02604E-01  0.00000E+00  5.0E-07
  1.900E+00  2.74892E-04  2.32704E-18  8.31002E-02  0.00000E+00  1.6E-07
  2.000E+00  3.04586E-04  1.90536E-18  6.80417E-02  0.00000E+00  1.9E-07
  2.100E+00  3.35803E-04  1.57548E-18  5.62614E-02  0.00000E+00  3.7E-07
  2.200E+00  3.68542E-04  1.31413E-18  4.69283E-02  0.00000E+00  4.3E-07
  2.300E+00  4.02802E-04  1.10502E-18  3.94609E-02  0.00000E+00  3.8E-07
  2.400E+00  4.38585E-04  9.36059E-19  3.34273E-02  0.00000E+00  2.4E-07
  2.500E+00  4.75889E-04  7.98310E-19  2.85082E-02  0.00000E+00  1.0E-07
  2.600E+00  5.14715E-04  6.84987E-19  2.44613E-02  0.00000E+00  1.0E-07
  2.700E+00  5.55063E-04  5.91124E-19  2.11094E-02  0.00000E+00  2.0E-07
  2.800E+00  5.96931E-04  5.12839E-19  1.83138E-02  0.00000E+00  2.4E-07
  2.900E+00  6.40321E-04  4.47119E-19  1.59669E-02  0.00000E+00  2.1E-07
  3.000E+00  6.85233E-04  3.91589E-19  1.39839E-02  0.00000E+00  1.4E-07
  3.100E+00  7.31665E-04  3.44419E-19  1.22994E-02  0.00000E+00  1.0E-07
  3.200E+00  7.79618E-04  3.04151E-19  1.08614E-02  0.00000E+00  1.0E-07
  3.300E+00  8.29092E-04  2.69605E-19  9.62777E-03  0.00000E+00  1.2E-07
  3.400E+00  8.80086E-04  2.39824E-19  8.56426E-03  0.00000E+00  1.5E-07
  3.500E+00  9.32601E-04  2.14037E-19  7.64341E-03  0.00000E+00  1.3E-07
  3.600E+00  9.86636E-04  1.91628E-19  6.84316E-03  0.00000E+00  1.0E-07
  3.700E+00  1.04219E-03  1.72078E-19  6.14501E-03  0.00000E+00  1.0E-07
  3.800E+00  1.09927E-03  1.54957E-19  5.53361E-03  0.00000E+00  1.0E-07
  3.900E+00  1.15786E-03  1.39909E-19  4.99623E-03  0.00000E+00  1.0E-07
  4.000E+00  1.21797E-03  1.26645E-19  4.52257E-03  0.00000E+00  1.0E-07
  4.100E+00  1.27961E-03  1.14917E-19  4.10376E-03  0.00000E+00  1.0E-07
  4.200E+00  1.34276E-03  1.04516E-19  3.73232E-03  0.00000E+00  1.0E-07
  4.300E+00  1.40743E-03  9.52621E-20  3.40187E-03  0.00000E+00  1.0E-07
  4.400E+00  1.47362E-03  8.70111E-20  3.10722E-03  0.00000E+00  1.0E-07
  4.500E+00  1.54133E-03  7.96347E-20  2.84381E-03  0.00000E+00  1.0E-07
  4.600E+00  1.61056E-03  7.30240E-20  2.60773E-03  0.00000E+00  1.0E-07
  4.700E+00  1.68131E-03  6.70841E-20  2.39562E-03  0.00000E+00  1.0E-07
  4.800E+00  1.75357E-03  6.17362E-20  2.20464E-03  0.00000E+00  1.0E-07
  4.900E+00  1.82735E-03  5.69111E-20  2.03233E-03  0.00000E+00  1.0E-07
  5.000E+00  1.90265E-03  5.25487E-20  1.87655E-03  0.00000E+00  1.0E-07
  5.100E+00  1.97947E-03  4.85960E-20  1.73540E-03  0.00000E+00  1.0E-07
  5.200E+00  2.05780E-03  4.50082E-20  1.60727E-03  0.00000E+00  1.0E-07
  5.300E+00  2.13765E-03  4.17457E-20  1.49077E-03  0.00000E+00  1.0E-07
  5.400E+00  2.21902E-03  3.87739E-20  1.38464E-03  0.00000E+00  1.0E-07
  5.500E+00  2.30190E-03  3.60618E-20  1.28779E-03  0.00000E+00  1.0E-07
  5.600E+00  2.38630E-03  3.35829E-20  1.19927E-03  0.00000E+00  1.0E-07
  5.700E+00  2.47222E-03  3.13135E-20  1.11823E-03  0.00000E+00  1.0E-07
  5.800E+00  2.55965E-03  2.92329E-20  1.04393E-03  0.00000E+00  1.0E-07
  5.900E+00  2.64859E-03  2.73224E-20  9.75702E-04  0.00000E+00  1.0E-07
  6.000E+00  2.73905E-03  2.55655E-20  9.12962E-04  0.00000E+00  1.0E-07
  6.100E+00  2.83103E-03  2.39478E-20  8.55192E-04  0.00000E+00  1.0E-07
  6.200E+00  2.92452E-03  2.24562E-20  8.01926E-04  0.00000E+00  1.0E-07
  6.300E+00  3.01952E-03  2.10791E-20  7.52750E-04  0.00000E+00  1.0E-07
  6.400E+00  3.11604E-03  1.98061E-20  7.07287E-04  0.00000E+00  1.0E-07
  6.500E+00  3.21407E-03  1.86278E-20  6.65211E-04  0.00000E+00  1.0E-07
  6.600E+00  3.31362E-03  1.75361E-20  6.26224E-04  0.00000E+00  1.0E-07
  6.700E+00  3.41468E-03  1.65233E-20  5.90056E-04  0.00000E+00  1.0E-07
  6.800E+00  3.51725E-03  1.55826E-20  5.56464E-04  0.00000E+00  1.0E-07
  6.900E+00  3.62133E-03  1.47080E-20  5.25234E-04  0.00000E+00  1.0E-07
  7.000E+00  3.72692E-03  1.38941E-20  4.96168E-04  0.00000E+00  1.0E-07
  7.100E+00  3.83403E-03  1.31358E-20  4.69089E-04  0.00000E+00  1.0E-07
  7.200E+00  3.94265E-03  1.24287E-20  4.43835E-04  0.00000E+00  1.0E-07
  7.300E+00  4.05278E-03  1.17685E-20  4.20262E-04  0.00000E+00  1.0E-07
  7.400E+00  4.16442E-03  1.11517E-20  3.98236E-04  0.00000E+00  1.0E-07
  7.500E+00  4.27757E-03  1.05749E-20  3.77637E-04  0.00000E+00  1.0E-07
  7.600E+00  4.39223E-03  1.00350E-20  3.58356E-04  0.00000E+00  1.0E-07
  7.700E+00  4.50840E-03  9.52916E-21  3.40292E-04  0.00000E+00  1.0E-07
  7.800E+00  4.62608E-03  9.05488E-21  3.23355E-04  0.00000E+00  1.0E-07
  7.900E+00  4.74527E-03  8.60981E-21  3.07462E-04  0.00000E+00  1.0E-07
  8.000E+00  4.86597E-03  8.19181E-21  2.92535E-04  0.00000E+00  1.0E-07
  8.100E+00  4.98817E-03  7.79893E-21  2.78505E-04  0.00000E+00  1.0E-07
  8.200E+00  5.11188E-03  7.42938E-21  2.65308E-04  0.00000E+00  1.0E-07
  8.300E+00  5.23711E-03  7.08153E-21  2.52886E-04  0.00000E+00  1.0E-07
  8.400E+00  5.36383E-03  6.75384E-21  2.41184E-04  0.00000E+00  1.0E-07
  8.500E+00  5.49207E-03  6.44494E-21  2.30153E-04  0.00000E+00  1.0E-07
  8.600E+00  5.62181E-03  6.15354E-21  2.19747E-04  0.00000E+00  1.0E-07
  8.700E+00  5.75306E-03  5.87848E-21  2.09924E-04  0.00000E+00  1.0E-07
  8.800E+00  5.88581E-03  5.61866E-21  2.00646E-04  0.00000E+00  1.0E-07
  8.900E+00  6.02007E-03  5.37307E-21  1.91876E-04  0.00000E+00  1.0E-07
  9.000E+00  6.15583E-03  5.14079E-21  1.83581E-04  0.00000E+00  1.0E-07
  9.100E+00  6.29310E-03  4.92097E-21  1.75731E-04  0.00000E+00  1.0E-07
  9.200E+00  6.43187E-03  4.71281E-21  1.68297E-04  0.00000E+00  1.0E-07
  9.300E+00  6.57214E-03  4.51557E-21  1.61254E-04  0.00000E+00  1.0E-07
  9.400E+00  6.71392E-03  4.32857E-21  1.54576E-04  0.00000E+00  1.0E-07
  9.500E+00  6.85720E-03  4.15118E-21  1.48241E-04  0.00000E+00  1.0E-07
  9.600E+00  7.00198E-03  3.98282E-21  1.42229E-04  0.00000E+00  1.0E-07
  9.700E+00  7.14827E-03  3.82293E-21  1.36519E-04  0.00000E+00  1.0E-07
  9.800E+00  7.29605E-03  3.67101E-21  1.31094E-04  0.00000E+00  1.0E-07
  9.900E+00  7.44534E-03  3.52658E-21  1.25937E-04  0.00000E+00  1.0E-07
  1.000E+01  7.59612E-03  3.38921E-21  1.21031E-04  0.00000E+00  1.0E-07
  1.025E+01  7.97965E-03  3.07404E-21  1.09776E-04  0.00000E+00  1.0E-07
  1.050E+01  8.37255E-03  2.79478E-21  9.98033E-05  0.00000E+00  1.0E-07
  1.075E+01  8.77480E-03  2.54662E-21  9.09413E-05  0.00000E+00  1.0E-07
  1.100E+01  9.18641E-03  2.32549E-21  8.30447E-05  0.00000E+00  1.0E-07
  1.125E+01  9.60736E-03  2.12793E-21  7.59898E-05  0.00000E+00  1.0E-07
  1.150E+01  1.00376E-02  1.95098E-21  6.96709E-05  0.00000E+00  1.0E-07
  1.175E+01  1.04773E-02  1.79211E-21  6.39976E-05  0.00000E+00  1.0E-07
  1.200E+01  1.09262E-02  1.64915E-21  5.88922E-05  0.00000E+00  1.0E-07
  1.225E+01  1.13844E-02  1.52021E-21  5.42878E-05  0.00000E+00  1.0E-07
  1.250E+01  1.18520E-02  1.40368E-21  5.01263E-05  0.00000E+00  1.0E-07
  1.275E+01  1.23288E-02  1.29814E-21  4.63576E-05  0.00000E+00  1.0E-07
  1.300E+01  1.28150E-02  1.20238E-21  4.29377E-05  0.00000E+00  1.0E-07
  1.325E+01  1.33104E-02  1.11532E-21  3.98287E-05  0.00000E+00  1.0E-07
  1.350E+01  1.38150E-02  1.03603E-21  3.69972E-05  0.00000E+00  1.0E-07
  1.375E+01  1.43290E-02  9.63685E-22  3.44138E-05  0.00000E+00  1.0E-07
  1.400E+01  1.48521E-02  8.97574E-22  3.20529E-05  0.00000E+00  1.0E-07
  1.425E+01  1.53845E-02  8.37059E-22  2.98919E-05  0.00000E+00  1.0E-07
  1.450E+01  1.59262E-02  7.81579E-22  2.79107E-05  0.00000E+00  1.0E-07
  1.475E+01  1.64770E-02  7.30640E-22  2.60916E-05  0.00000E+00  1.0E-07
  1.500E+01  1.70371E-02  6.83800E-22  2.44189E-05  0.00000E+00  1.0E-07
  1.525E+01  1.76063E-02  6.40670E-22  2.28787E-05  0.00000E+00  1.0E-07
  1.550E+01  1.81848E-02  6.00901E-22  2.14586E-05  0.00000E+00  1.0E-07
  1.575E+01  1.87724E-02  5.64184E-22  2.01474E-05  0.00000E+00  1.0E-07
  1.600E+01  1.93692E-02  5.30241E-22  1.89352E-05  0.00000E+00  1.0E-07
  1.625E+01  1.99751E-02  4.98823E-22  1.78133E-05  0.00000E+00  1.0E-07
  1.650E+01  2.05901E-02  4.69707E-22  1.67736E-05  0.00000E+00  1.0E-07
  1.675E+01  2.12143E-02  4.42695E-22  1.58089E-05  0.00000E+00  1.0E-07
  1.700E+01  2.18476E-02  4.17605E-22  1.49129E-05  0.00000E+00  1.0E-07
  1.725E+01  2.24900E-02  3.94274E-22  1.40798E-05  0.00000E+00  1.0E-07
  1.750E+01  2.31415E-02  3.72558E-22  1.33043E-05  0.00000E+00  1.0E-07
  1.775E+01  2.38021E-02  3.52323E-22  1.25817E-05  0.00000E+00  1.0E-07
  1.800E+01  2.44717E-02  3.33449E-22  1.19077E-05  0.00000E+00  1.0E-07
  1.825E+01  2.51504E-02  3.15827E-22  1.12784E-05  0.00000E+00  1.0E-07
  1.850E+01  2.58382E-02  2.99360E-22  1.06903E-05  0.00000E+00  1.0E-07
  1.875E+01  2.65349E-02  2.83956E-22  1.01403E-05  0.00000E+00  1.0E-07
  1.900E+01  2.72407E-02  2.69535E-22  9.62526E-06  0.00000E+00  1.0E-07
  1.925E+01  2.79555E-02  2.56021E-22  9.14269E-06  0.00000E+00  1.0E-07
  1.950E+01  2.86793E-02  2.43348E-22  8.69011E-06  0.00000E+00  1.0E-07
  1.975E+01  2.94120E-02  2.31452E-22  8.26531E-06  0.00000E+00  1.0E-07
  2.000E+01  3.01537E-02  2.20278E-22  7.86627E-06  0.00000E+00  1.0E-07
  2.025E+01  3.09043E-02  2.09773E-22  7.49112E-06  0.00000E+00  1.0E-07
  2.050E+01  3.16639E-02  1.99889E-22  7.13816E-06  0.00000E+00  1.0E-07
  2.075E+01  3.24324E-02  1.90583E-22  6.80583E-06  0.00000E+00  1.0E-07
  2.100E+01  3.32098E-02  1.81814E-22  6.49270E-06  0.00000E+00  1.0E-07
  2.125E+01  3.39961E-02  1.73546E-22  6.19745E-06  0.00000E+00  1.0E-07
  2.150E+01  3.47912E-02  1.65745E-22  5.91886E-06  0.00000E+00  1.0E-07
  2.175E+01  3.55952E-02  1.58379E-22  5.65581E-06  0.00000E+00  1.0E-07
  2.200E+01  3.64081E-02  1.51419E-22  5.40727E-06  0.00000E+00  1.0E-07
  2.225E+01  3.72297E-02  1.44839E-22  5.17229E-06  0.00000E+00  1.0E-07
  2.250E+01  3.80602E-02  1.38614E-22  4.94999E-06  0.00000E+00  1.0E-07
  2.275E+01  3.88995E-02  1.32721E-22  4.73955E-06  0.00000E+00  1.0E-07
  2.300E+01  3.97476E-02  1.27139E-22  4.54022E-06  0.00000E+00  1.0E-07
  2.325E+01  4.06044E-02  1.21849E-22  4.35130E-06  0.00000E+00  1.0E-07
  2.350E+01  4.14700E-02  1.16832E-22  4.17214E-06  0.00000E+00  1.0E-07
  2.375E+01  4.23443E-02  1.12071E-22  4.00214E-06  0.00000E+00  1.0E-07
  2.400E+01  4.32273E-02  1.07552E-22  3.84074E-06  0.00000E+00  1.0E-07
  2.425E+01  4.41190E-02  1.03258E-22  3.68743E-06  0.00000E+00  1.0E-07
  2.450E+01  4.50194E-02  9.91781E-23  3.54171E-06  0.00000E+00  1.0E-07
  2.475E+01  4.59284E-02  9.52980E-23  3.40316E-06  0.00000E+00  1.0E-07
  2.500E+01  4.68461E-02  9.16065E-23  3.27133E-06  0.00000E+00  1.0E-07
  2.550E+01  4.87074E-02  8.47462E-23  3.02634E-06  0.00000E+00  1.0E-07
  2.600E+01  5.06030E-02  7.85182E-23  2.80393E-06  0.00000E+00  1.0E-07
  2.650E+01  5.25328E-02  7.28535E-23  2.60165E-06  0.00000E+00  1.0E-07
  2.700E+01  5.44967E-02  6.76921E-23  2.41733E-06  0.00000E+00  1.0E-07
  2.750E+01  5.64946E-02  6.29810E-23  2.24909E-06  0.00000E+00  1.0E-07
  2.800E+01  5.85262E-02  5.86736E-23  2.09527E-06  0.00000E+00  1.0E-07
  2.850E+01  6.05914E-02  5.47292E-23  1.95442E-06  0.00000E+00  1.0E-07
  2.900E+01  6.26901E-02  5.11114E-23  1.82522E-06  0.00000E+00  1.0E-07
  2.950E+01  6.48222E-02  4.77883E-23  1.70655E-06  0.00000E+00  1.0E-07
  3.000E+01  6.69873E-02  4.47314E-23  1.59739E-06  0.00000E+00  1.0E-07
  3.050E+01  6.91854E-02  4.19154E-23  1.49683E-06  0.00000E+00  1.0E-07
  3.100E+01  7.14163E-02  3.93179E-23  1.40407E-06  0.00000E+00  1.0E-07
  3.150E+01  7.36799E-02  3.69187E-23  1.31839E-06  0.00000E+00  1.0E-07
  3.200E+01  7.59760E-02  3.47000E-23  1.23916E-06  0.00000E+00  1.0E-07
  3.250E+01  7.83043E-02  3.26455E-23  1.16579E-06  0.00000E+00  1.0E-07
  3.300E+01  8.06647E-02  3.07410E-23  1.09778E-06  0.00000E+00  1.0E-07
  3.350E+01  8.30571E-02  2.89733E-23  1.03466E-06  0.00000E+00  1.0E-07
  3.400E+01  8.54812E-02  2.73309E-23  9.76005E-07  0.00000E+00  1.0E-07
  3.450E+01  8.79369E-02  2.58032E-23  9.21450E-07  0.00000E+00  1.0E-07
  3.500E+01  9.04240E-02  2.43807E-23  8.70651E-07  0.00000E+00  1.0E-07
  3.550E+01  9.29422E-02  2.30548E-23  8.23302E-07  0.00000E+00  1.0E-07
  3.600E+01  9.54915E-02  2.18177E-23  7.79125E-07  0.00000E+00  1.0E-07
  3.650E+01  9.80716E-02  2.06624E-23  7.37867E-07  0.00000E+00  1.0E-07
  3.700E+01  1.00682E-01  1.95824E-23  6.99299E-07  0.00000E+00  1.0E-07
  3.750E+01  1.03323E-01  1.85718E-23  6.63213E-07  0.00000E+00  1.0E-07
  3.800E+01  1.05995E-01  1.76255E-23  6.29419E-07  0.00000E+00  1.0E-07
  3.850E+01  1.08696E-01  1.67385E-23  5.97744E-07  0.00000E+00  1.0E-07
  3.900E+01  1.11427E-01  1.59065E-23  5.68031E-07  0.00000E+00  1.0E-07
  3.950E+01  1.14188E-01  1.51253E-23  5.40134E-07  0.00000E+00  1.0E-07
  4.000E+01  1.16978E-01  1.43913E-23  5.13923E-07  0.00000E+00  1.0E-07
  4.050E+01  1.19797E-01  1.37011E-23  4.89275E-07  0.00000E+00  1.0E-07
  4.100E+01  1.22645E-01  1.30516E-23  4.66081E-07  0.00000E+00  1.0E-07
  4.150E+01  1.25522E-01  1.24399E-23  4.44237E-07  0.00000E+00  1.0E-07
  4.200E+01  1.28428E-01  1.18635E-23  4.23652E-07  0.00000E+00  1.0E-07
  4.250E+01  1.31361E-01  1.13198E-23  4.04238E-07  0.00000E+00  1.0E-07
  4.300E+01  1.34323E-01  1.08068E-23  3.85917E-07  0.00000E+00  1.0E-07
  4.350E+01  1.37313E-01  1.03223E-23  3.68615E-07  0.00000E+00  1.0E-07
  4.400E+01  1.40330E-01  9.86441E-24  3.52264E-07  0.00000E+00  1.0E-07
  4.450E+01  1.43375E-01  9.43147E-24  3.36804E-07  0.00000E+00  1.0E-07
  4.500E+01  1.46447E-01  9.02182E-24  3.22175E-07  0.00000E+00  1.0E-07
  4.550E+01  1.49545E-01  8.63398E-24  3.08325E-07  0.00000E+00  1.0E-07
  4.600E+01  1.52671E-01  8.26658E-24  2.95205E-07  0.00000E+00  1.0E-07
  4.650E+01  1.55823E-01  7.91832E-24  2.82768E-07  0.00000E+00  1.0E-07
  4.700E+01  1.59001E-01  7.58802E-24  2.70973E-07  0.00000E+00  1.0E-07
  4.750E+01  1.62205E-01  7.27458E-24  2.59780E-07  0.00000E+00  1.0E-07
  4.800E+01  1.65435E-01  6.97698E-24  2.49153E-07  0.00000E+00  1.0E-07
  4.850E+01  1.68690E-01  6.69427E-24  2.39057E-07  0.00000E+00  1.0E-07
  4.900E+01  1.71970E-01  6.42556E-24  2.29461E-07  0.00000E+00  1.0E-07
  4.950E+01  1.75276E-01  6.17002E-24  2.20336E-07  0.00000E+00  1.0E-07
  5.000E+01  1.78606E-01  5.92689E-24  2.11653E-07  0.00000E+00  1.0E-07
  5.050E+01  1.81961E-01  5.69545E-24  2.03388E-07  0.00000E+00  1.0E-07
  5.100E+01  1.85340E-01  5.47504E-24  1.95517E-07  0.00000E+00  1.0E-07
  5.150E+01  1.88743E-01  5.26502E-24  1.88017E-07  0.00000E+00  1.0E-07
  5.200E+01  1.92169E-01  5.06482E-24  1.80868E-07  0.00000E+00  1.0E-07
  5.250E+01  1.95619E-01  4.87388E-24  1.74050E-07  0.00000E+00  1.0E-07
  5.300E+01  1.99092E-01  4.69171E-24  1.67544E-07  0.00000E+00  1.0E-07
  5.350E+01  2.02589E-01  4.51782E-24  1.61334E-07  0.00000E+00  1.0E-07
  5.400E+01  2.06107E-01  4.35177E-24  1.55404E-07  0.00000E+00  1.0E-07
  5.450E+01  2.09649E-01  4.19312E-24  1.49739E-07  0.00000E+00  1.0E-07
  5.500E+01  2.13212E-01  4.04150E-24  1.44325E-07  0.00000E+00  1.0E-07
  5.550E+01  2.16797E-01  3.89653E-24  1.39148E-07  0.00000E+00  1.0E-07
  5.600E+01  2.20404E-01  3.75787E-24  1.34196E-07  0.00000E+00  1.0E-07
  5.650E+01  2.24032E-01  3.62519E-24  1.29458E-07  0.00000E+00  1.0E-07
  5.700E+01  2.27680E-01  3.49818E-24  1.24922E-07  0.00000E+00  1.0E-07
  5.750E+01  2.31350E-01  3.37655E-24  1.20579E-07  0.00000E+00  1.0E-07
  5.800E+01  2.35040E-01  3.26004E-24  1.16418E-07  0.00000E+00  1.0E-07
  5.850E+01  2.38751E-01  3.14838E-24  1.12431E-07  0.00000E+00  1.0E-07
  5.900E+01  2.42481E-01  3.04134E-24  1.08608E-07  0.00000E+00  1.0E-07
  5.950E+01  2.46231E-01  2.93869E-24  1.04943E-07  0.00000E+00  1.0E-07
  6.000E+01  2.50000E-01  2.84022E-24  1.01426E-07  0.00000E+00  1.0E-07
  6.050E+01  2.53788E-01  2.74573E-24  9.80517E-08  0.00000E+00  1.0E-07
  6.100E+01  2.57595E-01  2.65502E-24  9.48123E-08  0.00000E+00  1.0E-07
  6.150E+01  2.61421E-01  2.56791E-24  9.17017E-08  0.00000E+00  1.0E-07
  6.200E+01  2.65264E-01  2.48424E-24  8.87137E-08  0.00000E+00  1.0E-07
  6.250E+01  2.69126E-01  2.40384E-24  8.58426E-08  0.00000E+00  1.0E-07
  6.300E+01  2.73005E-01  2.32656E-24  8.30830E-08  0.00000E+00  1.0E-07
  6.350E+01  2.76901E-01  2.25226E-24  8.04297E-08  0.00000E+00  1.0E-07
  6.400E+01  2.80814E-01  2.18080E-24  7.78779E-08  0.00000E+00  1.0E-07
  6.450E+01  2.84744E-01  2.11206E-24  7.54229E-08  0.00000E+00  1.0E-07
  6.500E+01  2.88691E-01  2.04590E-24  7.30605E-08  0.00000E+00  1.0E-07
  6.550E+01  2.92653E-01  1.98222E-24  7.07864E-08  0.00000E+00  1.0E-07
  6.600E+01  2.96632E-01  1.92091E-24  6.85968E-08  0.00000E+00  1.0E-07
  6.650E+01  3.00625E-01  1.86185E-24  6.64879E-08  0.00000E+00  1.0E-07
  6.700E+01  3.04634E-01  1.80496E-24  6.44563E-08  0.00000E+00  1.0E-07
  6.750E+01  3.08658E-01  1.75013E-24  6.24984E-08  0.00000E+00  1.0E-07
  6.800E+01  3.12697E-01  1.69729E-24  6.06113E-08  0.00000E+00  1.0E-07
  6.850E+01  3.16749E-01  1.64634E-24  5.87918E-08  0.00000E+00  1.0E-07
  6.900E+01  3.20816E-01  1.59720E-24  5.70371E-08  0.00000E+00  1.0E-07
  6.950E+01  3.24896E-01  1.54980E-24  5.53444E-08  0.00000E+00  1.0E-07
  7.000E+01  3.28990E-01  1.50407E-24  5.37112E-08  0.00000E+00  1.0E-07
  7.050E+01  3.33097E-01  1.45993E-24  5.21349E-08  0.00000E+00  1.0E-07
  7.100E+01  3.37216E-01  1.41732E-24  5.06133E-08  0.00000E+00  1.0E-07
  7.150E+01  3.41348E-01  1.37617E-24  4.91440E-08  0.00000E+00  1.0E-07
  7.200E+01  3.45492E-01  1.33644E-24  4.77250E-08  0.00000E+00  1.0E-07
  7.250E+01  3.49647E-01  1.29805E-24  4.63542E-08  0.00000E+00  1.0E-07
  7.300E+01  3.53814E-01  1.26096E-24  4.50297E-08  0.00000E+00  1.0E-07
  7.350E+01  3.57992E-01  1.22511E-24  4.37495E-08  0.00000E+00  1.0E-07
  7.400E+01  3.62181E-01  1.19046E-24  4.25121E-08  0.00000E+00  1.0E-07
  7.450E+01  3.66381E-01  1.15696E-24  4.13156E-08  0.00000E+00  1.0E-07
  7.500E+01  3.70590E-01  1.12455E-24  4.01586E-08  0.00000E+00  1.0E-07
  7.550E+01  3.74810E-01  1.09321E-24  3.90393E-08  0.00000E+00  1.0E-07
  7.600E+01  3.79039E-01  1.06289E-24  3.79565E-08  0.00000E+00  1.0E-07
  7.650E+01  3.83277E-01  1.03355E-24  3.69086E-08  0.00000E+00  1.0E-07
  7.700E+01  3.87524E-01  1.00514E-24  3.58944E-08  0.00000E+00  1.0E-07
  7.750E+01  3.91780E-01  9.77650E-25  3.49125E-08  0.00000E+00  1.0E-07
  7.800E+01  3.96044E-01  9.51028E-25  3.39618E-08  0.00000E+00  1.0E-07
  7.850E+01  4.00316E-01  9.25246E-25  3.30411E-08  0.00000E+00  1.0E-07
  7.900E+01  4.04596E-01  9.00272E-25  3.21493E-08  0.00000E+00  1.0E-07
  7.950E+01  4.08882E-01  8.76077E-25  3.12853E-08  0.00000E+00  1.0E-07
  8.000E+01  4.13176E-01  8.52631E-25  3.04480E-08  0.00000E+00  1.0E-07
  8.050E+01  4.17476E-01  8.29909E-25  2.96366E-08  0.00000E+00  1.0E-07
  8.100E+01  4.21783E-01  8.07882E-25  2.88500E-08  0.00000E+00  1.0E-07
  8.150E+01  4.26095E-01  7.86527E-25  2.80874E-08  0.00000E+00  1.0E-07
  8.200E+01  4.30413E-01  7.65819E-25  2.73479E-08  0.00000E+00  1.0E-07
  8.250E+01  4.34737E-01  7.45734E-25  2.66307E-08  0.00000E+00  1.0E-07
  8.300E+01  4.39065E-01  7.26252E-25  2.59349E-08  0.00000E+00  1.0E-07
  8.350E+01  4.43398E-01  7.07350E-25  2.52599E-08  0.00000E+00  1.0E-07
  8.400E+01  4.47736E-01  6.89008E-25  2.46049E-08  0.00000E+00  1.0E-07
  8.450E+01  4.52077E-01  6.71207E-25  2.39692E-08  0.00000E+00  1.0E-07
  8.500E+01  4.56422E-01  6.53928E-25  2.33522E-08  0.00000E+00  1.0E-07
  8.550E+01  4.60770E-01  6.37153E-25  2.27532E-08  0.00000E+00  1.0E-07
  8.600E+01  4.65122E-01  6.20865E-25  2.21715E-08  0.00000E+00  1.0E-07
  8.650E+01  4.69476E-01  6.05047E-25  2.16066E-08  0.00000E+00  1.0E-07
  8.700E+01  4.73832E-01  5.89683E-25  2.10580E-08  0.00000E+00  1.0E-07
  8.750E+01  4.78190E-01  5.74758E-25  2.05250E-08  0.00000E+00  1.0E-07
  8.800E+01  4.82550E-01  5.60256E-25  2.00071E-08  0.00000E+00  1.0E-07
  8.850E+01  4.86912E-01  5.46165E-25  1.95039E-08  0.00000E+00  1.0E-07
  8.900E+01  4.91274E-01  5.32471E-25  1.90149E-08  0.00000E+00  1.0E-07
  8.950E+01  4.95637E-01  5.19159E-25  1.85395E-08  0.00000E+00  1.0E-07
  9.000E+01  5.00000E-01  5.06219E-25  1.80774E-08  0.00000E+00  1.0E-07
  9.050E+01  5.04363E-01  4.93637E-25  1.76281E-08  0.00000E+00  1.0E-07
  9.100E+01  5.08726E-01  4.81402E-25  1.71912E-08  0.00000E+00  1.0E-07
  9.150E+01  5.13088E-01  4.69503E-25  1.67663E-08  0.00000E+00  1.0E-07
  9.200E+01  5.17450E-01  4.57929E-25  1.63530E-08  0.00000E+00  1.0E-07
  9.250E+01  5.21810E-01  4.46670E-25  1.59509E-08  0.00000E+00  1.0E-07
  9.300E+01  5.26168E-01  4.35715E-25  1.55597E-08  0.00000E+00  1.0E-07
  9.350E+01  5.30524E-01  4.25056E-25  1.51790E-08  0.00000E+00  1.0E-07
  9.400E+01  5.34878E-01  4.14682E-25  1.48086E-08  0.00000E+00  1.0E-07
  9.450E+01  5.39230E-01  4.04585E-25  1.44480E-08  0.00000E+00  1.0E-07
  9.500E+01  5.43578E-01  3.94756E-25  1.40970E-08  0.00000E+00  1.0E-07
  9.550E+01  5.47923E-01  3.85188E-25  1.37553E-08  0.00000E+00  1.0E-07
  9.600E+01  5.52264E-01  3.75871E-25  1.34226E-08  0.00000E+00  1.0E-07
  9.650E+01  5.56602E-01  3.66798E-25  1.30986E-08  0.00000E+00  1.0E-07
  9.700E+01  5.60935E-01  3.57962E-25  1.27830E-08  0.00000E+00  1.0E-07
  9.750E+01  5.65263E-01  3.49355E-25  1.24757E-08  0.00000E+00  1.0E-07
  9.800E+01  5.69587E-01  3.40971E-25  1.21763E-08  0.00000E+00  1.0E-07
  9.850E+01  5.73905E-01  3.32803E-25  1.18846E-08  0.00000E+00  1.0E-07
  9.900E+01  5.78217E-01  3.24845E-25  1.16004E-08  0.00000E+00  1.0E-07
  9.950E+01  5.82524E-01  3.17089E-25  1.13235E-08  0.00000E+00  1.0E-07
  1.000E+02  5.86824E-01  3.09531E-25  1.10536E-08  0.00000E+00  1.0E-07
  1.005E+02  5.91118E-01  3.02165E-25  1.07905E-08  0.00000E+00  1.0E-07
  1.010E+02  5.95404E-01  2.94984E-25  1.05341E-08  0.00000E+00  1.0E-07
  1.015E+02  5.99684E-01  2.87983E-25  1.02841E-08  0.00000E+00  1.0E-07
  1.020E+02  6.03956E-01  2.81158E-25  1.00403E-08  0.00000E+00  1.0E-07
  1.025E+02  6.08220E-01  2.74502E-25  9.80265E-09  0.00000E+00  1.0E-07
  1.030E+02  6.12476E-01  2.68012E-25  9.57087E-09  0.00000E+00  1.0E-07
  1.035E+02  6.16723E-01  2.61682E-25  9.34483E-09  0.00000E+00  1.0E-07
  1.040E+02  6.20961E-01  2.55508E-25  9.12435E-09  0.00000E+00  1.0E-07
  1.045E+02  6.25190E-01  2.49485E-25  8.90928E-09  0.00000E+00  1.0E-07
  1.050E+02  6.29410E-01  2.43610E-25  8.69947E-09  0.00000E+00  1.0E-07
  1.055E+02  6.33619E-01  2.37877E-25  8.49476E-09  0.00000E+00  1.0E-07
  1.060E+02  6.37819E-01  2.32284E-25  8.29502E-09  0.00000E+00  1.0E-07
  1.065E+02  6.42008E-01  2.26826E-25  8.10010E-09  0.00000E+00  1.0E-07
  1.070E+02  6.46186E-01  2.21499E-25  7.90987E-09  0.00000E+00  1.0E-07
  1.075E+02  6.50353E-01  2.16300E-25  7.72421E-09  0.00000E+00  1.0E-07
  1.080E+02  6.54508E-01  2.11225E-25  7.54299E-09  0.00000E+00  1.0E-07
  1.085E+02  6.58652E-01  2.06271E-25  7.36608E-09  0.00000E+00  1.0E-07
  1.090E+02  6.62784E-01  2.01435E-25  7.19337E-09  0.00000E+00  1.0E-07
  1.095E+02  6.66903E-01  1.96713E-25  7.02475E-09  0.00000E+00  1.0E-07
  1.100E+02  6.71010E-01  1.92102E-25  6.86010E-09  0.00000E+00  1.0E-07
  1.105E+02  6.75104E-01  1.87600E-25  6.69932E-09  0.00000E+00  1.0E-07
  1.110E+02  6.79184E-01  1.83203E-25  6.54230E-09  0.00000E+00  1.0E-07
  1.115E+02  6.83251E-01  1.78909E-25  6.38895E-09  0.00000E+00  1.0E-07
  1.120E+02  6.87303E-01  1.74714E-25  6.23917E-09  0.00000E+00  1.0E-07
  1.125E+02  6.91342E-01  1.70617E-25  6.09286E-09  0.00000E+00  1.0E-07
  1.130E+02  6.95366E-01  1.66615E-25  5.94993E-09  0.00000E+00  1.0E-07
  1.135E+02  6.99375E-01  1.62705E-25  5.81030E-09  0.00000E+00  1.0E-07
  1.140E+02  7.03368E-01  1.58885E-25  5.67387E-09  0.00000E+00  1.0E-07
  1.145E+02  7.07347E-01  1.55152E-25  5.54057E-09  0.00000E+00  1.0E-07
  1.150E+02  7.11309E-01  1.51504E-25  5.41031E-09  0.00000E+00  1.0E-07
  1.155E+02  7.15256E-01  1.47940E-25  5.28303E-09  0.00000E+00  1.0E-07
  1.160E+02  7.19186E-01  1.44456E-25  5.15863E-09  0.00000E+00  1.0E-07
  1.165E+02  7.23099E-01  1.41052E-25  5.03705E-09  0.00000E+00  1.0E-07
  1.170E+02  7.26995E-01  1.37724E-25  4.91821E-09  0.00000E+00  1.0E-07
  1.175E+02  7.30874E-01  1.34471E-25  4.80205E-09  0.00000E+00  1.0E-07
  1.180E+02  7.34736E-01  1.31292E-25  4.68851E-09  0.00000E+00  1.0E-07
  1.185E+02  7.38579E-01  1.28183E-25  4.57750E-09  0.00000E+00  1.0E-07
  1.190E+02  7.42405E-01  1.25144E-25  4.46898E-09  0.00000E+00  1.0E-07
  1.195E+02  7.46212E-01  1.22173E-25  4.36287E-09  0.00000E+00  1.0E-07
  1.200E+02  7.50000E-01  1.19268E-25  4.25913E-09  0.00000E+00  1.0E-07
  1.205E+02  7.53769E-01  1.16427E-25  4.15769E-09  0.00000E+00  1.0E-07
  1.210E+02  7.57519E-01  1.13649E-25  4.05849E-09  0.00000E+00  1.0E-07
  1.215E+02  7.61249E-01  1.10933E-25  3.96149E-09  0.00000E+00  1.0E-07
  1.220E+02  7.64960E-01  1.08276E-25  3.86662E-09  0.00000E+00  1.0E-07
  1.225E+02  7.68650E-01  1.05678E-25  3.77384E-09  0.00000E+00  1.0E-07
  1.230E+02  7.72320E-01  1.03137E-25  3.68310E-09  0.00000E+00  1.0E-07
  1.235E+02  7.75968E-01  1.00652E-25  3.59434E-09  0.00000E+00  1.0E-07
  1.240E+02  7.79596E-01  9.82208E-26  3.50753E-09  0.00000E+00  1.0E-07
  1.245E+02  7.83203E-01  9.58428E-26  3.42261E-09  0.00000E+00  1.0E-07
  1.250E+02  7.86788E-01  9.35166E-26  3.33954E-09  0.00000E+00  1.0E-07
  1.255E+02  7.90351E-01  9.12411E-26  3.25828E-09  0.00000E+00  1.0E-07
  1.260E+02  7.93893E-01  8.90149E-26  3.17878E-09  0.00000E+00  1.0E-07
  1.265E+02  7.97411E-01  8.68370E-26  3.10101E-09  0.00000E+00  1.0E-07
  1.270E+02  8.00908E-01  8.47063E-26  3.02492E-09  0.00000E+00  1.0E-07
  1.275E+02  8.04381E-01  8.26216E-26  2.95047E-09  0.00000E+00  1.0E-07
  1.280E+02  8.07831E-01  8.05820E-26  2.87764E-09  0.00000E+00  1.0E-07
  1.285E+02  8.11257E-01  7.85864E-26  2.80637E-09  0.00000E+00  1.0E-07
  1.290E+02  8.14660E-01  7.66337E-26  2.73664E-09  0.00000E+00  1.0E-07
  1.295E+02  8.18039E-01  7.47231E-26  2.66841E-09  0.00000E+00  1.0E-07
  1.300E+02  8.21394E-01  7.28536E-26  2.60165E-09  0.00000E+00  1.0E-07
  1.305E+02  8.24724E-01  7.10242E-26  2.53632E-09  0.00000E+00  1.0E-07
  1.310E+02  8.28030E-01  6.92341E-26  2.47239E-09  0.00000E+00  1.0E-07
  1.315E+02  8.31310E-01  6.74824E-26  2.40984E-09  0.00000E+00  1.0E-07
  1.320E+02  8.34565E-01  6.57683E-26  2.34863E-09  0.00000E+00  1.0E-07
  1.325E+02  8.37795E-01  6.40909E-26  2.28873E-09  0.00000E+00  1.0E-07
  1.330E+02  8.40999E-01  6.24495E-26  2.23011E-09  0.00000E+00  1.0E-07
  1.335E+02  8.44177E-01  6.08432E-26  2.17275E-09  0.00000E+00  1.0E-07
  1.340E+02  8.47329E-01  5.92713E-26  2.11662E-09  0.00000E+00  1.0E-07
  1.345E+02  8.50455E-01  5.77331E-26  2.06169E-09  0.00000E+00  1.0E-07
  1.350E+02  8.53553E-01  5.62279E-26  2.00793E-09  0.00000E+00  1.0E-07
  1.355E+02  8.56625E-01  5.47549E-26  1.95533E-09  0.00000E+00  1.0E-07
  1.360E+02  8.59670E-01  5.33135E-26  1.90386E-09  0.00000E+00  1.0E-07
  1.365E+02  8.62687E-01  5.19030E-26  1.85349E-09  0.00000E+00  1.0E-07
  1.370E+02  8.65677E-01  5.05228E-26  1.80420E-09  0.00000E+00  1.0E-07
  1.375E+02  8.68639E-01  4.91723E-26  1.75597E-09  0.00000E+00  1.0E-07
  1.380E+02  8.71572E-01  4.78508E-26  1.70878E-09  0.00000E+00  1.0E-07
  1.385E+02  8.74478E-01  4.65577E-26  1.66261E-09  0.00000E+00  1.0E-07
  1.390E+02  8.77355E-01  4.52925E-26  1.61742E-09  0.00000E+00  1.0E-07
  1.395E+02  8.80203E-01  4.40546E-26  1.57322E-09  0.00000E+00  1.0E-07
  1.400E+02  8.83022E-01  4.28435E-26  1.52997E-09  0.00000E+00  1.0E-07
  1.405E+02  8.85812E-01  4.16586E-26  1.48765E-09  0.00000E+00  1.0E-07
  1.410E+02  8.88573E-01  4.04994E-26  1.44626E-09  0.00000E+00  1.0E-07
  1.415E+02  8.91304E-01  3.93654E-26  1.40576E-09  0.00000E+00  1.0E-07
  1.420E+02  8.94005E-01  3.82561E-26  1.36615E-09  0.00000E+00  1.0E-07
  1.425E+02  8.96677E-01  3.71711E-26  1.32740E-09  0.00000E+00  1.0E-07
  1.430E+02  8.99318E-01  3.61098E-26  1.28950E-09  0.00000E+00  1.0E-07
  1.435E+02  9.01928E-01  3.50718E-26  1.25244E-09  0.00000E+00  1.0E-07
  1.440E+02  9.04508E-01  3.40568E-26  1.21619E-09  0.00000E+00  1.0E-07
  1.445E+02  9.07058E-01  3.30641E-26  1.18074E-09  0.00000E+00  1.0E-07
  1.450E+02  9.09576E-01  3.20935E-26  1.14608E-09  0.00000E+00  1.0E-07
  1.455E+02  9.12063E-01  3.11445E-26  1.11219E-09  0.00000E+00  1.0E-07
  1.460E+02  9.14519E-01  3.02167E-26  1.07906E-09  0.00000E+00  1.0E-07
  1.465E+02  9.16943E-01  2.93097E-26  1.04667E-09  0.00000E+00  1.0E-07
  1.470E+02  9.19335E-01  2.84233E-26  1.01501E-09  0.00000E+00  1.0E-07
  1.475E+02  9.21696E-01  2.75568E-26  9.84073E-10  0.00000E+00  1.0E-07
  1.480E+02  9.24024E-01  2.67102E-26  9.53838E-10  0.00000E+00  1.0E-07
  1.485E+02  9.26320E-01  2.58829E-26  9.24295E-10  0.00000E+00  1.0E-07
  1.490E+02  9.28584E-01  2.50747E-26  8.95433E-10  0.00000E+00  1.0E-07
  1.495E+02  9.30815E-01  2.42852E-26  8.67239E-10  0.00000E+00  1.0E-07
  1.500E+02  9.33013E-01  2.35141E-26  8.39703E-10  0.00000E+00  1.0E-07
  1.505E+02  9.35178E-01  2.27611E-26  8.12813E-10  0.00000E+00  1.0E-07
  1.510E+02  9.37310E-01  2.20259E-26  7.86558E-10  0.00000E+00  1.0E-07
  1.515E+02  9.39409E-01  2.13081E-26  7.60928E-10  0.00000E+00  1.0E-07
  1.520E+02  9.41474E-01  2.06076E-26  7.35912E-10  0.00000E+00  1.0E-07
  1.525E+02  9.43505E-01  1.99241E-26  7.11501E-10  0.00000E+00  1.0E-07
  1.530E+02  9.45503E-01  1.92572E-26  6.87686E-10  0.00000E+00  1.0E-07
  1.535E+02  9.47467E-01  1.86067E-26  6.64456E-10  0.00000E+00  1.0E-07
  1.540E+02  9.49397E-01  1.79723E-26  6.41802E-10  0.00000E+00  1.0E-07
  1.545E+02  9.51293E-01  1.73538E-26  6.19716E-10  0.00000E+00  1.0E-07
  1.550E+02  9.53154E-01  1.67510E-26  5.98189E-10  0.00000E+00  1.0E-07
  1.555E+02  9.54981E-01  1.61636E-26  5.77213E-10  0.00000E+00  1.0E-07
  1.560E+02  9.56773E-01  1.55914E-26  5.56780E-10  0.00000E+00  1.0E-07
  1.565E+02  9.58530E-01  1.50342E-26  5.36881E-10  0.00000E+00  1.0E-07
  1.570E+02  9.60252E-01  1.44917E-26  5.17509E-10  0.00000E+00  1.0E-07
  1.575E+02  9.61940E-01  1.39638E-26  4.98656E-10  0.00000E+00  1.0E-07
  1.580E+02  9.63592E-01  1.34502E-26  4.80316E-10  0.00000E+00  1.0E-07
  1.585E+02  9.65209E-01  1.29508E-26  4.62482E-10  0.00000E+00  1.0E-07
  1.590E+02  9.66790E-01  1.24653E-26  4.45145E-10  0.00000E+00  1.0E-07
  1.595E+02  9.68336E-01  1.19937E-26  4.28301E-10  0.00000E+00  1.0E-07
  1.600E+02  9.69846E-01  1.15356E-26  4.11942E-10  0.00000E+00  1.0E-07
  1.605E+02  9.71321E-01  1.10909E-26  3.96063E-10  0.00000E+00  1.0E-07
  1.610E+02  9.72759E-01  1.06595E-26  3.80657E-10  0.00000E+00  1.0E-07
  1.615E+02  9.74162E-01  1.02412E-26  3.65719E-10  0.00000E+00  1.0E-07
  1.620E+02  9.75528E-01  9.83580E-27  3.51243E-10  0.00000E+00  1.0E-07
  1.625E+02  9.76858E-01  9.44322E-27  3.37223E-10  0.00000E+00  1.0E-07
  1.630E+02  9.78152E-01  9.06327E-27  3.23655E-10  0.00000E+00  1.0E-07
  1.635E+02  9.79410E-01  8.69582E-27  3.10533E-10  0.00000E+00  1.0E-07
  1.640E+02  9.80631E-01  8.34074E-27  2.97853E-10  0.00000E+00  1.0E-07
  1.645E+02  9.81815E-01  7.99788E-27  2.85610E-10  0.00000E+00  1.0E-07
  1.650E+02  9.82963E-01  7.66713E-27  2.73798E-10  0.00000E+00  1.0E-07
  1.655E+02  9.84074E-01  7.34837E-27  2.62415E-10  0.00000E+00  1.0E-07
  1.660E+02  9.85148E-01  7.04146E-27  2.51455E-10  0.00000E+00  1.0E-07
  1.665E+02  9.86185E-01  6.74632E-27  2.40915E-10  0.00000E+00  1.0E-07
  1.670E+02  9.87185E-01  6.46281E-27  2.30791E-10  0.00000E+00  1.0E-07
  1.675E+02  9.88148E-01  6.19085E-27  2.21079E-10  0.00000E+00  1.0E-07
  1.680E+02  9.89074E-01  5.93032E-27  2.11776E-10  0.00000E+00  1.0E-07
  1.685E+02  9.89962E-01  5.68114E-27  2.02877E-10  0.00000E+00  1.0E-07
  1.690E+02  9.90814E-01  5.44322E-27  1.94381E-10  0.00000E+00  1.0E-07
  1.695E+02  9.91627E-01  5.21647E-27  1.86283E-10  0.00000E+00  1.0E-07
  1.700E+02  9.92404E-01  5.00080E-27  1.78582E-10  0.00000E+00  1.0E-07
  1.705E+02  9.93143E-01  4.79614E-27  1.71273E-10  0.00000E+00  1.0E-07
  1.710E+02  9.93844E-01  4.60242E-27  1.64355E-10  0.00000E+00  1.0E-07
  1.715E+02  9.94508E-01  4.41955E-27  1.57825E-10  0.00000E+00  1.0E-07
  1.720E+02  9.95134E-01  4.24749E-27  1.51681E-10  0.00000E+00  1.0E-07
  1.725E+02  9.95722E-01  4.08616E-27  1.45919E-10  0.00000E+00  1.0E-07
  1.730E+02  9.96273E-01  3.93551E-27  1.40540E-10  0.00000E+00  1.0E-07
  1.735E+02  9.96786E-01  3.79548E-27  1.35539E-10  0.00000E+00  1.0E-07
  1.740E+02  9.97261E-01  3.66603E-27  1.30916E-10  0.00000E+00  1.0E-07
  1.745E+02  9.97698E-01  3.54710E-27  1.26669E-10  0.00000E+00  1.0E-07
  1.750E+02  9.98097E-01  3.43866E-27  1.22797E-10  0.00000E+00  1.0E-07
  1.755E+02  9.98459E-01  3.34066E-27  1.19297E-10  0.00000E+00  1.0E-07
  1.760E+02  9.98782E-01  3.25307E-27  1.16169E-10  0.00000E+00  1.0E-07
  1.765E+02  9.99067E-01  3.17586E-27  1.13412E-10  0.00000E+00  1.0E-07
  1.770E+02  9.99315E-01  3.10900E-27  1.11024E-10  0.00000E+00  1.0E-07
  1.775E+02  9.99524E-01  3.05247E-27  1.09006E-10  0.00000E+00  1.0E-07
  1.780E+02  9.99695E-01  3.00624E-27  1.07355E-10  0.00000E+00  1.0E-07
  1.785E+02  9.99829E-01  2.97030E-27  1.06071E-10  0.00000E+00  1.0E-07
  1.790E+02  9.99924E-01  2.94464E-27  1.05155E-10  0.00000E+00  1.0E-07
  1.795E+02  9.99981E-01  2.92925E-27  1.04605E-10  0.00000E+00  1.0E-07
  1.800E+02  1.00000E+00  2.92412E-27  1.04422E-10  0.00000E+00  1.0E-07
