 #
 # Subroutine ELSEPA. Elastic scattering of electrons and positrons
 #                    by neutral atoms and positive ions
 #
 # Projectile: electron
 # Kinetic energy = 3.70000E+06 eV = 1.35973E+05 a.u.
 #
 # WARNING: High-energy factorization with free-atom DF screening.
 #          Absorption, polarization and exchange corrections are
 #          switched off.
 #          Phase shifts are calculated for the bare nucleus.
 #          Scattering amplitudes are not evaluated.
 #
 # Element: Mo,  Z =  42,  atomic weight = 9.59400E+01 g/mol
 #
 # Nuclear model: Fermi distribution
 #                Average radius = 4.89836E-13 cm
 #                Skin thickness = 5.46000E-14 cm
 #
 # Number of electrons = 42
 #
 # Total elastic cross section = 4.12278E-18 cm**2 = 1.47227E-01 a0**2
 # 1st transport cross section = 1.53994E-22 cm**2 = 5.49923E-06 a0**2
 # 2nd transport cross section = 4.30737E-22 cm**2 = 1.53819E-05 a0**2
 #
 #
 # Differential cross section:                       MU=(1-COS(THETA))/2
 #
 #  THETA        MU          DCS          DCS        Sherman      error
 #  (deg)                 (cm**2/sr)   (a0**2/sr)    function
 #----------------------------------------------------------------------
  0.000E+00  0.00000E+00  7.01913E-13  2.50658E+04  0.00000E+00  1.0E-05
  1.000E-04  7.61557E-13  7.01909E-13  2.50656E+04  0.00000E+00  1.0E-05
  1.250E-04  1.18994E-12  7.01907E-13  2.50656E+04  0.00000E+00  1.0E-05
  1.500E-04  1.71346E-12  7.01904E-13  2.50655E+04  0.00000E+00  1.0E-05
  1.750E-04  2.33225E-12  7.01901E-13  2.50654E+04  0.00000E+00  1.0E-05
  2.000E-04  3.04617E-12  7.01898E-13  2.50652E+04  0.00000E+00  1.0E-05
  2.250E-04  3.85530E-12  7.01894E-13  2.50651E+04  0.00000E+00  1.0E-05
  2.500E-04  4.75964E-12  7.01890E-13  2.50649E+04  0.00000E+00  1.0E-05
  2.750E-04  5.75917E-12  7.01885E-13  2.50648E+04  0.00000E+00  1.0E-05
  3.000E-04  6.85391E-12  7.01879E-13  2.50646E+04  0.00000E+00  1.0E-05
  3.250E-04  8.04379E-12  7.01874E-13  2.50644E+04  0.00000E+00  1.0E-05
  3.500E-04  9.32893E-12  7.01867E-13  2.50641E+04  0.00000E+00  1.0E-05
  3.750E-04  1.07092E-11  7.01861E-13  2.50639E+04  0.00000E+00  1.0E-05
  4.000E-04  1.21847E-11  7.01853E-13  2.50636E+04  0.00000E+00  1.0E-05
  4.250E-04  1.37554E-11  7.01846E-13  2.50634E+04  0.00000E+00  1.0E-05
  4.500E-04  1.54213E-11  7.01838E-13  2.50631E+04  0.00000E+00  1.0E-05
  4.750E-04  1.71823E-11  7.01829E-13  2.50628E+04  0.00000E+00  1.0E-05
  5.000E-04  1.90386E-11  7.01820E-13  2.50624E+04  0.00000E+00  1.0E-05
  5.250E-04  2.09900E-11  7.01810E-13  2.50621E+04  0.00000E+00  1.0E-05
  5.500E-04  2.30367E-11  7.01800E-13  2.50617E+04  0.00000E+00  1.0E-05
  5.750E-04  2.51785E-11  7.01790E-13  2.50614E+04  0.00000E+00  1.0E-05
  6.000E-04  2.74156E-11  7.01779E-13  2.50610E+04  0.00000E+00  1.0E-05
  6.250E-04  2.97478E-11  7.01768E-13  2.50606E+04  0.00000E+00  1.0E-05
  6.500E-04  3.21752E-11  7.01756E-13  2.50602E+04  0.00000E+00  1.0E-05
  6.750E-04  3.46979E-11  7.01743E-13  2.50597E+04  0.00000E+00  1.0E-05
  7.000E-04  3.73157E-11  7.01731E-13  2.50593E+04  0.00000E+00  1.0E-05
  7.250E-04  4.00286E-11  7.01717E-13  2.50588E+04  0.00000E+00  1.0E-05
  7.500E-04  4.28368E-11  7.01704E-13  2.50583E+04  0.00000E+00  1.0E-05
  7.750E-04  4.57402E-11  7.01689E-13  2.50578E+04  0.00000E+00  1.0E-05
  8.000E-04  4.87388E-11  7.01675E-13  2.50573E+04  0.00000E+00  1.0E-05
  8.250E-04  5.18325E-11  7.01660E-13  2.50567E+04  0.00000E+00  1.0E-05
  8.500E-04  5.50215E-11  7.01644E-13  2.50562E+04  0.00000E+00  1.0E-05
  8.750E-04  5.83057E-11  7.01628E-13  2.50556E+04  0.00000E+00  1.0E-05
  9.000E-04  6.16850E-11  7.01611E-13  2.50550E+04  0.00000E+00  1.0E-05
  9.250E-04  6.51595E-11  7.01595E-13  2.50544E+04  0.00000E+00  1.0E-05
  9.500E-04  6.87293E-11  7.01577E-13  2.50538E+04  0.00000E+00  1.0E-05
  9.750E-04  7.23943E-11  7.01559E-13  2.50531E+04  0.00000E+00  1.0E-05
  1.000E-03  7.61544E-11  7.01541E-13  2.50525E+04  0.00000E+00  1.0E-05
  1.250E-03  1.18991E-10  7.01331E-13  2.50450E+04  0.00000E+00  1.0E-05
  1.500E-03  1.71347E-10  7.01076E-13  2.50359E+04  0.00000E+00  1.0E-05
  1.750E-03  2.33223E-10  7.00774E-13  2.50251E+04  0.00000E+00  1.0E-05
  2.000E-03  3.04617E-10  7.00425E-13  2.50126E+04  0.00000E+00  1.0E-05
  2.250E-03  3.85531E-10  7.00031E-13  2.49986E+04  0.00000E+00  1.0E-05
  2.500E-03  4.75965E-10  6.99590E-13  2.49828E+04  0.00000E+00  1.0E-05
  2.750E-03  5.75917E-10  6.99104E-13  2.49655E+04  0.00000E+00  1.0E-05
  3.000E-03  6.85389E-10  6.98572E-13  2.49465E+04  0.00000E+00  1.0E-05
  3.250E-03  8.04380E-10  6.97995E-13  2.49258E+04  0.00000E+00  1.0E-05
  3.500E-03  9.32891E-10  6.97372E-13  2.49036E+04  0.00000E+00  1.0E-05
  3.750E-03  1.07092E-09  6.96705E-13  2.48798E+04  0.00000E+00  1.0E-05
  4.000E-03  1.21847E-09  6.95992E-13  2.48543E+04  0.00000E+00  1.0E-05
  4.250E-03  1.37554E-09  6.95235E-13  2.48273E+04  0.00000E+00  1.0E-05
  4.500E-03  1.54213E-09  6.94434E-13  2.47987E+04  0.00000E+00  1.0E-05
  4.750E-03  1.71823E-09  6.93588E-13  2.47685E+04  0.00000E+00  1.0E-05
  5.000E-03  1.90386E-09  6.92699E-13  2.47367E+04  0.00000E+00  1.0E-05
  5.250E-03  2.09900E-09  6.91766E-13  2.47034E+04  0.00000E+00  1.0E-05
  5.500E-03  2.30367E-09  6.90791E-13  2.46686E+04  0.00000E+00  1.0E-05
  5.750E-03  2.51785E-09  6.89772E-13  2.46322E+04  0.00000E+00  1.0E-05
  6.000E-03  2.74156E-09  6.88711E-13  2.45943E+04  0.00000E+00  1.0E-05
  6.250E-03  2.97478E-09  6.87608E-13  2.45549E+04  0.00000E+00  1.0E-05
  6.500E-03  3.21752E-09  6.86463E-13  2.45141E+04  0.00000E+00  1.0E-05
  6.750E-03  3.46978E-09  6.85277E-13  2.44717E+04  0.00000E+00  1.0E-05
  7.000E-03  3.73156E-09  6.84050E-13  2.44279E+04  0.00000E+00  1.0E-05
  7.250E-03  4.00286E-09  6.82783E-13  2.43826E+04  0.00000E+00  1.0E-05
  7.500E-03  4.28368E-09  6.81475E-13  2.43359E+04  0.00000E+00  1.0E-05
  7.750E-03  4.57402E-09  6.80128E-13  2.42878E+04  0.00000E+00  1.0E-05
  8.000E-03  4.87388E-09  6.78741E-13  2.42383E+04  0.00000E+00  1.0E-05
  8.250E-03  5.18326E-09  6.77316E-13  2.41874E+04  0.00000E+00  1.0E-05
  8.500E-03  5.50215E-09  6.75852E-13  2.41351E+04  0.00000E+00  1.0E-05
  8.750E-03  5.83057E-09  6.74350E-13  2.40815E+04  0.00000E+00  1.0E-05
  9.000E-03  6.16850E-09  6.72811E-13  2.40265E+04  0.00000E+00  1.0E-05
  9.250E-03  6.51596E-09  6.71235E-13  2.39702E+04  0.00000E+00  1.0E-05
  9.500E-03  6.87293E-09  6.69623E-13  2.39127E+04  0.00000E+00  1.0E-05
  9.750E-03  7.23942E-09  6.67975E-13  2.38538E+04  0.00000E+00  1.0E-05
  1.000E-02  7.61544E-09  6.66291E-13  2.37937E+04  0.00000E+00  1.0E-05
  1.250E-02  1.18991E-08  6.47631E-13  2.31273E+04  0.00000E+00  1.0E-05
  1.500E-02  1.71347E-08  6.26023E-13  2.23557E+04  0.00000E+00  1.0E-05
  1.750E-02  2.33223E-08  6.02120E-13  2.15021E+04  0.00000E+00  1.0E-05
  2.000E-02  3.04617E-08  5.76522E-13  2.05880E+04  0.00000E+00  1.0E-05
  2.250E-02  3.85531E-08  5.49763E-13  1.96324E+04  0.00000E+00  1.0E-05
  2.500E-02  4.75965E-08  5.22383E-13  1.86547E+04  0.00000E+00  1.0E-05
  2.750E-02  5.75917E-08  4.94891E-13  1.76729E+04  0.00000E+00  1.0E-05
  3.000E-02  6.85389E-08  4.67687E-13  1.67014E+04  0.00000E+00  1.0E-05
  3.250E-02  8.04380E-08  4.41053E-13  1.57503E+04  0.00000E+00  1.0E-05
  3.500E-02  9.32891E-08  4.15220E-13  1.48278E+04  0.00000E+00  1.0E-05
  3.750E-02  1.07092E-07  3.90432E-13  1.39426E+04  0.00000E+00  1.0E-05
  4.000E-02  1.21847E-07  3.66814E-13  1.30992E+04  0.00000E+00  1.0E-05
  4.250E-02  1.37554E-07  3.44422E-13  1.22995E+04  0.00000E+00  1.0E-05
  4.500E-02  1.54213E-07  3.23233E-13  1.15428E+04  0.00000E+00  1.0E-05
  4.750E-02  1.71823E-07  3.03329E-13  1.08321E+04  0.00000E+00  1.0E-05
  5.000E-02  1.90386E-07  2.84688E-13  1.01664E+04  0.00000E+00  1.0E-05
  5.250E-02  2.09900E-07  2.67271E-13  9.54442E+03  0.00000E+00  1.0E-05
  5.500E-02  2.30367E-07  2.50936E-13  8.96109E+03  0.00000E+00  1.0E-05
  5.750E-02  2.51785E-07  2.35716E-13  8.41758E+03  0.00000E+00  1.0E-05
  6.000E-02  2.74156E-07  2.21548E-13  7.91162E+03  0.00000E+00  1.0E-05
  6.250E-02  2.97478E-07  2.08365E-13  7.44084E+03  0.00000E+00  1.0E-05
  6.500E-02  3.21752E-07  1.96035E-13  7.00054E+03  0.00000E+00  1.0E-05
  6.750E-02  3.46978E-07  1.84549E-13  6.59038E+03  0.00000E+00  1.0E-05
  7.000E-02  3.73156E-07  1.73861E-13  6.20869E+03  0.00000E+00  1.0E-05
  7.250E-02  4.00286E-07  1.63911E-13  5.85335E+03  0.00000E+00  1.0E-05
  7.500E-02  4.28368E-07  1.54601E-13  5.52089E+03  0.00000E+00  1.0E-05
  7.750E-02  4.57402E-07  1.45900E-13  5.21020E+03  0.00000E+00  1.0E-05
  8.000E-02  4.87388E-07  1.37787E-13  4.92048E+03  0.00000E+00  1.0E-05
  8.250E-02  5.18325E-07  1.30217E-13  4.65012E+03  0.00000E+00  1.0E-05
  8.500E-02  5.50215E-07  1.23123E-13  4.39681E+03  0.00000E+00  1.0E-05
  8.750E-02  5.83057E-07  1.16465E-13  4.15905E+03  0.00000E+00  1.0E-05
  9.000E-02  6.16850E-07  1.10240E-13  3.93673E+03  0.00000E+00  1.0E-05
  9.250E-02  6.51596E-07  1.04414E-13  3.72868E+03  0.00000E+00  1.0E-05
  9.500E-02  6.87293E-07  9.89475E-14  3.53348E+03  0.00000E+00  1.0E-05
  9.750E-02  7.23942E-07  9.37942E-14  3.34945E+03  0.00000E+00  1.0E-05
  1.000E-01  7.61543E-07  8.89624E-14  3.17690E+03  0.00000E+00  1.0E-05
  1.250E-01  1.18991E-06  5.37700E-14  1.92016E+03  0.00000E+00  1.0E-05
  1.500E-01  1.71347E-06  3.34615E-14  1.19493E+03  0.00000E+00  1.0E-05
  1.750E-01  2.33223E-06  2.20195E-14  7.86329E+02  0.00000E+00  1.0E-05
  2.000E-01  3.04617E-06  1.50468E-14  5.37332E+02  0.00000E+00  1.0E-05
  2.250E-01  3.85531E-06  1.06107E-14  3.78917E+02  0.00000E+00  1.0E-05
  2.500E-01  4.75964E-06  7.73808E-15  2.76332E+02  0.00000E+00  1.0E-05
  2.750E-01  5.75916E-06  5.81694E-15  2.07727E+02  0.00000E+00  1.0E-05
  3.000E-01  6.85388E-06  4.48467E-15  1.60150E+02  0.00000E+00  1.0E-05
  3.250E-01  8.04378E-06  3.52562E-15  1.25902E+02  0.00000E+00  1.0E-05
  3.500E-01  9.32888E-06  2.81345E-15  1.00470E+02  0.00000E+00  1.0E-05
  3.750E-01  1.07092E-05  2.27656E-15  8.12974E+01  0.00000E+00  1.0E-05
  4.000E-01  1.21846E-05  1.86319E-15  6.65356E+01  0.00000E+00  1.0E-05
  4.250E-01  1.37553E-05  1.53813E-15  5.49277E+01  0.00000E+00  1.0E-05
  4.500E-01  1.54212E-05  1.27710E-15  4.56062E+01  0.00000E+00  1.0E-05
  4.750E-01  1.71822E-05  1.06817E-15  3.81452E+01  0.00000E+00  1.0E-05
  5.000E-01  1.90385E-05  8.99038E-16  3.21052E+01  0.00000E+00  1.0E-05
  5.250E-01  2.09899E-05  7.61356E-16  2.71885E+01  0.00000E+00  1.0E-05
  5.500E-01  2.30365E-05  6.47176E-16  2.31111E+01  0.00000E+00  1.0E-05
  5.750E-01  2.51783E-05  5.53118E-16  1.97522E+01  0.00000E+00  1.0E-05
  6.000E-01  2.74153E-05  4.75124E-16  1.69670E+01  0.00000E+00  1.0E-05
  6.250E-01  2.97475E-05  4.10094E-16  1.46447E+01  0.00000E+00  1.0E-05
  6.500E-01  3.21749E-05  3.55456E-16  1.26936E+01  0.00000E+00  1.0E-05
  6.750E-01  3.46974E-05  3.09464E-16  1.10512E+01  0.00000E+00  1.0E-05
  7.000E-01  3.73152E-05  2.70641E-16  9.66477E+00  0.00000E+00  1.0E-05
  7.250E-01  4.00281E-05  2.37726E-16  8.48936E+00  0.00000E+00  1.0E-05
  7.500E-01  4.28362E-05  2.09652E-16  7.48681E+00  0.00000E+00  1.0E-05
  7.750E-01  4.57395E-05  1.85625E-16  6.62878E+00  0.00000E+00  1.0E-05
  8.000E-01  4.87380E-05  1.64979E-16  5.89151E+00  0.00000E+00  1.0E-05
  8.250E-01  5.18317E-05  1.47156E-16  5.25505E+00  0.00000E+00  1.0E-05
  8.500E-01  5.50205E-05  1.31696E-16  4.70294E+00  0.00000E+00  1.0E-05
  8.750E-01  5.83045E-05  1.18230E-16  4.22207E+00  0.00000E+00  1.0E-05
  9.000E-01  6.16838E-05  1.06469E-16  3.80207E+00  0.00000E+00  1.0E-05
  9.250E-01  6.51582E-05  9.61582E-17  3.43387E+00  0.00000E+00  1.0E-05
  9.500E-01  6.87277E-05  8.70850E-17  3.10986E+00  0.00000E+00  1.0E-05
  9.750E-01  7.23925E-05  7.90688E-17  2.82360E+00  0.00000E+00  1.0E-05
  1.000E+00  7.61524E-05  7.19709E-17  2.57013E+00  0.00000E+00  3.7E-06
  1.100E+00  9.21439E-05  5.05169E-17  1.80399E+00  0.00000E+00  2.8E-06
  1.200E+00  1.09658E-04  3.65562E-17  1.30544E+00  0.00000E+00  1.5E-06
  1.300E+00  1.28695E-04  2.71183E-17  9.68410E-01  0.00000E+00  3.0E-07
  1.400E+00  1.49255E-04  2.05250E-17  7.32963E-01  0.00000E+00  6.0E-07
  1.500E+00  1.71338E-04  1.58257E-17  5.65147E-01  0.00000E+00  1.1E-06
  1.600E+00  1.94942E-04  1.23948E-17  4.42628E-01  0.00000E+00  1.2E-06
  1.700E+00  2.20070E-04  9.83931E-18  3.51368E-01  0.00000E+00  9.2E-07
  1.800E+00  2.46720E-04  7.90291E-18  2.82218E-01  0.00000E+00  5.1E-07
  1.900E+00  2.74892E-04  6.41889E-18  2.29223E-01  0.00000E+00  1.0E-07
  2.000E+00  3.04586E-04  5.26637E-18  1.88065E-01  0.00000E+00  2.8E-07
  2.100E+00  3.35803E-04  4.36039E-18  1.55712E-01  0.00000E+00  4.8E-07
  2.200E+00  3.68542E-04  3.63949E-18  1.29968E-01  0.00000E+00  5.2E-07
  2.300E+00  4.02802E-04  3.06156E-18  1.09330E-01  0.00000E+00  4.2E-07
  2.400E+00  4.38585E-04  2.59391E-18  9.26303E-02  0.00000E+00  2.3E-07
  2.500E+00  4.75889E-04  2.21228E-18  7.90020E-02  0.00000E+00  1.0E-07
  2.600E+00  5.14715E-04  1.89812E-18  6.77829E-02  0.00000E+00  1.6E-07
  2.700E+00  5.55063E-04  1.63790E-18  5.84905E-02  0.00000E+00  2.6E-07
  2.800E+00  5.96931E-04  1.42090E-18  5.07411E-02  0.00000E+00  2.8E-07
  2.900E+00  6.40321E-04  1.23876E-18  4.42370E-02  0.00000E+00  2.3E-07
  3.000E+00  6.85233E-04  1.08494E-18  3.87439E-02  0.00000E+00  1.2E-07
  3.100E+00  7.31665E-04  9.54329E-19  3.40797E-02  0.00000E+00  1.0E-07
  3.200E+00  7.79618E-04  8.42875E-19  3.00996E-02  0.00000E+00  1.0E-07
  3.300E+00  8.29092E-04  7.47289E-19  2.66862E-02  0.00000E+00  1.6E-07
  3.400E+00  8.80086E-04  6.64921E-19  2.37448E-02  0.00000E+00  1.7E-07
  3.500E+00  9.32601E-04  5.93627E-19  2.11988E-02  0.00000E+00  1.4E-07
  3.600E+00  9.86636E-04  5.31681E-19  1.89867E-02  0.00000E+00  1.0E-07
  3.700E+00  1.04219E-03  4.77645E-19  1.70570E-02  0.00000E+00  1.0E-07
  3.800E+00  1.09927E-03  4.30330E-19  1.53674E-02  0.00000E+00  1.0E-07
  3.900E+00  1.15786E-03  3.88746E-19  1.38824E-02  0.00000E+00  1.1E-07
  4.000E+00  1.21797E-03  3.52090E-19  1.25733E-02  0.00000E+00  1.2E-07
  4.100E+00  1.27961E-03  3.19674E-19  1.14158E-02  0.00000E+00  1.0E-07
  4.200E+00  1.34276E-03  2.90920E-19  1.03889E-02  0.00000E+00  1.0E-07
  4.300E+00  1.40743E-03  2.65334E-19  9.47526E-03  0.00000E+00  1.0E-07
  4.400E+00  1.47362E-03  2.42514E-19  8.66032E-03  0.00000E+00  1.0E-07
  4.500E+00  1.54133E-03  2.22105E-19  7.93152E-03  0.00000E+00  1.0E-07
  4.600E+00  1.61056E-03  2.03809E-19  7.27815E-03  0.00000E+00  1.0E-07
  4.700E+00  1.68131E-03  1.87362E-19  6.69083E-03  0.00000E+00  1.0E-07
  4.800E+00  1.75357E-03  1.72548E-19  6.16181E-03  0.00000E+00  1.0E-07
  4.900E+00  1.82735E-03  1.59176E-19  5.68429E-03  0.00000E+00  1.0E-07
  5.000E+00  1.90265E-03  1.47081E-19  5.25234E-03  0.00000E+00  1.0E-07
  5.100E+00  1.97947E-03  1.36115E-19  4.86076E-03  0.00000E+00  1.0E-07
  5.200E+00  2.05780E-03  1.26156E-19  4.50512E-03  0.00000E+00  1.0E-07
  5.300E+00  2.13765E-03  1.17096E-19  4.18156E-03  0.00000E+00  1.0E-07
  5.400E+00  2.21902E-03  1.08838E-19  3.88666E-03  0.00000E+00  1.0E-07
  5.500E+00  2.30190E-03  1.01297E-19  3.61738E-03  0.00000E+00  1.0E-07
  5.600E+00  2.38630E-03  9.44001E-20  3.37109E-03  0.00000E+00  1.0E-07
  5.700E+00  2.47222E-03  8.80829E-20  3.14550E-03  0.00000E+00  1.0E-07
  5.800E+00  2.55965E-03  8.22876E-20  2.93854E-03  0.00000E+00  1.0E-07
  5.900E+00  2.64859E-03  7.69629E-20  2.74839E-03  0.00000E+00  1.0E-07
  6.000E+00  2.73905E-03  7.20630E-20  2.57342E-03  0.00000E+00  1.0E-07
  6.100E+00  2.83103E-03  6.75486E-20  2.41220E-03  0.00000E+00  1.0E-07
  6.200E+00  2.92452E-03  6.33838E-20  2.26348E-03  0.00000E+00  1.0E-07
  6.300E+00  3.01952E-03  5.95364E-20  2.12608E-03  0.00000E+00  1.0E-07
  6.400E+00  3.11604E-03  5.59772E-20  1.99898E-03  0.00000E+00  1.0E-07
  6.500E+00  3.21407E-03  5.26812E-20  1.88128E-03  0.00000E+00  1.0E-07
  6.600E+00  3.31362E-03  4.96253E-20  1.77215E-03  0.00000E+00  1.0E-07
  6.700E+00  3.41468E-03  4.67889E-20  1.67086E-03  0.00000E+00  1.0E-07
  6.800E+00  3.51725E-03  4.41527E-20  1.57672E-03  0.00000E+00  1.0E-07
  6.900E+00  3.62133E-03  4.17004E-20  1.48915E-03  0.00000E+00  1.0E-07
  7.000E+00  3.72692E-03  3.94168E-20  1.40760E-03  0.00000E+00  1.0E-07
  7.100E+00  3.83403E-03  3.72881E-20  1.33158E-03  0.00000E+00  1.0E-07
  7.200E+00  3.94265E-03  3.53017E-20  1.26065E-03  0.00000E+00  1.0E-07
  7.300E+00  4.05278E-03  3.34463E-20  1.19439E-03  0.00000E+00  1.0E-07
  7.400E+00  4.16442E-03  3.17119E-20  1.13245E-03  0.00000E+00  1.0E-07
  7.500E+00  4.27757E-03  3.00890E-20  1.07450E-03  0.00000E+00  1.0E-07
  7.600E+00  4.39223E-03  2.85690E-20  1.02022E-03  0.00000E+00  1.0E-07
  7.700E+00  4.50840E-03  2.71441E-20  9.69335E-04  0.00000E+00  1.0E-07
  7.800E+00  4.62608E-03  2.58075E-20  9.21603E-04  0.00000E+00  1.0E-07
  7.900E+00  4.74527E-03  2.45526E-20  8.76788E-04  0.00000E+00  1.0E-07
  8.000E+00  4.86597E-03  2.33733E-20  8.34676E-04  0.00000E+00  1.0E-07
  8.100E+00  4.98817E-03  2.22643E-20  7.95073E-04  0.00000E+00  1.0E-07
  8.200E+00  5.11188E-03  2.12207E-20  7.57804E-04  0.00000E+00  1.0E-07
  8.300E+00  5.23711E-03  2.02378E-20  7.22705E-04  0.00000E+00  1.0E-07
  8.400E+00  5.36383E-03  1.93115E-20  6.89626E-04  0.00000E+00  1.0E-07
  8.500E+00  5.49207E-03  1.84378E-20  6.58426E-04  0.00000E+00  1.0E-07
  8.600E+00  5.62181E-03  1.76132E-20  6.28980E-04  0.00000E+00  1.0E-07
  8.700E+00  5.75306E-03  1.68345E-20  6.01171E-04  0.00000E+00  1.0E-07
  8.800E+00  5.88581E-03  1.60986E-20  5.74891E-04  0.00000E+00  1.0E-07
  8.900E+00  6.02007E-03  1.54026E-20  5.50038E-04  0.00000E+00  1.0E-07
  9.000E+00  6.15583E-03  1.47441E-20  5.26522E-04  0.00000E+00  1.0E-07
  9.100E+00  6.29310E-03  1.41206E-20  5.04256E-04  0.00000E+00  1.0E-07
  9.200E+00  6.43187E-03  1.35299E-20  4.83163E-04  0.00000E+00  1.0E-07
  9.300E+00  6.57214E-03  1.29700E-20  4.63166E-04  0.00000E+00  1.0E-07
  9.400E+00  6.71392E-03  1.24389E-20  4.44200E-04  0.00000E+00  1.0E-07
  9.500E+00  6.85720E-03  1.19348E-20  4.26200E-04  0.00000E+00  1.0E-07
  9.600E+00  7.00198E-03  1.14562E-20  4.09109E-04  0.00000E+00  1.0E-07
  9.700E+00  7.14827E-03  1.10015E-20  3.92871E-04  0.00000E+00  1.0E-07
  9.800E+00  7.29605E-03  1.05693E-20  3.77435E-04  0.00000E+00  1.0E-07
  9.900E+00  7.44534E-03  1.01582E-20  3.62755E-04  0.00000E+00  1.0E-07
  1.000E+01  7.59612E-03  9.76704E-21  3.48787E-04  0.00000E+00  1.0E-07
  1.025E+01  7.97965E-03  8.86893E-21  3.16715E-04  0.00000E+00  1.0E-07
  1.050E+01  8.37255E-03  8.07236E-21  2.88269E-04  0.00000E+00  1.0E-07
  1.075E+01  8.77480E-03  7.36380E-21  2.62966E-04  0.00000E+00  1.0E-07
  1.100E+01  9.18641E-03  6.73181E-21  2.40397E-04  0.00000E+00  1.0E-07
  1.125E+01  9.60736E-03  6.16665E-21  2.20215E-04  0.00000E+00  1.0E-07
  1.150E+01  1.00376E-02  5.65998E-21  2.02122E-04  0.00000E+00  1.0E-07
  1.175E+01  1.04773E-02  5.20467E-21  1.85862E-04  0.00000E+00  1.0E-07
  1.200E+01  1.09262E-02  4.79456E-21  1.71217E-04  0.00000E+00  1.0E-07
  1.225E+01  1.13844E-02  4.42436E-21  1.57997E-04  0.00000E+00  1.0E-07
  1.250E+01  1.18520E-02  4.08949E-21  1.46038E-04  0.00000E+00  1.0E-07
  1.275E+01  1.23288E-02  3.78596E-21  1.35199E-04  0.00000E+00  1.0E-07
  1.300E+01  1.28150E-02  3.51029E-21  1.25355E-04  0.00000E+00  1.0E-07
  1.325E+01  1.33104E-02  3.25946E-21  1.16397E-04  0.00000E+00  1.0E-07
  1.350E+01  1.38150E-02  3.03084E-21  1.08233E-04  0.00000E+00  1.0E-07
  1.375E+01  1.43290E-02  2.82208E-21  1.00778E-04  0.00000E+00  1.0E-07
  1.400E+01  1.48521E-02  2.63114E-21  9.39598E-05  0.00000E+00  1.0E-07
  1.425E+01  1.53845E-02  2.45623E-21  8.77134E-05  0.00000E+00  1.0E-07
  1.450E+01  1.59262E-02  2.29574E-21  8.19823E-05  0.00000E+00  1.0E-07
  1.475E+01  1.64770E-02  2.14827E-21  7.67160E-05  0.00000E+00  1.0E-07
  1.500E+01  1.70371E-02  2.01255E-21  7.18696E-05  0.00000E+00  1.0E-07
  1.525E+01  1.76063E-02  1.88749E-21  6.74036E-05  0.00000E+00  1.0E-07
  1.550E+01  1.81848E-02  1.77209E-21  6.32825E-05  0.00000E+00  1.0E-07
  1.575E+01  1.87724E-02  1.66546E-21  5.94746E-05  0.00000E+00  1.0E-07
  1.600E+01  1.93692E-02  1.56680E-21  5.59516E-05  0.00000E+00  1.0E-07
  1.625E+01  1.99751E-02  1.47542E-21  5.26882E-05  0.00000E+00  1.0E-07
  1.650E+01  2.05901E-02  1.39067E-21  4.96618E-05  0.00000E+00  1.0E-07
  1.675E+01  2.12143E-02  1.31198E-21  4.68518E-05  0.00000E+00  1.0E-07
  1.700E+01  2.18476E-02  1.23884E-21  4.42397E-05  0.00000E+00  1.0E-07
  1.725E+01  2.24900E-02  1.17077E-21  4.18090E-05  0.00000E+00  1.0E-07
  1.750E+01  2.31415E-02  1.10737E-21  3.95448E-05  0.00000E+00  1.0E-07
  1.775E+01  2.38021E-02  1.04824E-21  3.74335E-05  0.00000E+00  1.0E-07
  1.800E+01  2.44717E-02  9.93054E-22  3.54626E-05  0.00000E+00  1.0E-07
  1.825E+01  2.51504E-02  9.41489E-22  3.36212E-05  0.00000E+00  1.0E-07
  1.850E+01  2.58382E-02  8.93265E-22  3.18991E-05  0.00000E+00  1.0E-07
  1.875E+01  2.65349E-02  8.48123E-22  3.02870E-05  0.00000E+00  1.0E-07
  1.900E+01  2.72407E-02  8.05828E-22  2.87766E-05  0.00000E+00  1.0E-07
  1.925E+01  2.79555E-02  7.66166E-22  2.73603E-05  0.00000E+00  1.0E-07
  1.950E+01  2.86793E-02  7.28942E-22  2.60310E-05  0.00000E+00  1.0E-07
  1.975E+01  2.94120E-02  6.93978E-22  2.47824E-05  0.00000E+00  1.0E-07
  2.000E+01  3.01537E-02  6.61108E-22  2.36086E-05  0.00000E+00  1.0E-07
  2.025E+01  3.09043E-02  6.30184E-22  2.25043E-05  0.00000E+00  1.0E-07
  2.050E+01  3.16639E-02  6.01068E-22  2.14645E-05  0.00000E+00  1.0E-07
  2.075E+01  3.24324E-02  5.73634E-22  2.04848E-05  0.00000E+00  1.0E-07
  2.100E+01  3.32098E-02  5.47765E-22  1.95610E-05  0.00000E+00  1.0E-07
  2.125E+01  3.39961E-02  5.23355E-22  1.86893E-05  0.00000E+00  1.0E-07
  2.150E+01  3.47912E-02  5.00306E-22  1.78662E-05  0.00000E+00  1.0E-07
  2.175E+01  3.55952E-02  4.78527E-22  1.70885E-05  0.00000E+00  1.0E-07
  2.200E+01  3.64081E-02  4.57934E-22  1.63531E-05  0.00000E+00  1.0E-07
  2.225E+01  3.72297E-02  4.38450E-22  1.56573E-05  0.00000E+00  1.0E-07
  2.250E+01  3.80602E-02  4.20004E-22  1.49986E-05  0.00000E+00  1.0E-07
  2.275E+01  3.88995E-02  4.02530E-22  1.43746E-05  0.00000E+00  1.0E-07
  2.300E+01  3.97476E-02  3.85965E-22  1.37831E-05  0.00000E+00  1.0E-07
  2.325E+01  4.06044E-02  3.70255E-22  1.32220E-05  0.00000E+00  1.0E-07
  2.350E+01  4.14700E-02  3.55345E-22  1.26896E-05  0.00000E+00  1.0E-07
  2.375E+01  4.23443E-02  3.41187E-22  1.21840E-05  0.00000E+00  1.0E-07
  2.400E+01  4.32273E-02  3.27736E-22  1.17037E-05  0.00000E+00  1.0E-07
  2.425E+01  4.41190E-02  3.14949E-22  1.12470E-05  0.00000E+00  1.0E-07
  2.450E+01  4.50194E-02  3.02787E-22  1.08127E-05  0.00000E+00  1.0E-07
  2.475E+01  4.59284E-02  2.91214E-22  1.03995E-05  0.00000E+00  1.0E-07
  2.500E+01  4.68461E-02  2.80196E-22  1.00060E-05  0.00000E+00  1.0E-07
  2.550E+01  4.87074E-02  2.59696E-22  9.27391E-06  0.00000E+00  1.0E-07
  2.600E+01  5.06030E-02  2.41059E-22  8.60836E-06  0.00000E+00  1.0E-07
  2.650E+01  5.25328E-02  2.24083E-22  8.00215E-06  0.00000E+00  1.0E-07
  2.700E+01  5.44967E-02  2.08592E-22  7.44897E-06  0.00000E+00  1.0E-07
  2.750E+01  5.64946E-02  1.94433E-22  6.94332E-06  0.00000E+00  1.0E-07
  2.800E+01  5.85262E-02  1.81468E-22  6.48035E-06  0.00000E+00  1.0E-07
  2.850E+01  6.05914E-02  1.69579E-22  6.05576E-06  0.00000E+00  1.0E-07
  2.900E+01  6.26901E-02  1.58658E-22  5.66577E-06  0.00000E+00  1.0E-07
  2.950E+01  6.48222E-02  1.48612E-22  5.30702E-06  0.00000E+00  1.0E-07
  3.000E+01  6.69873E-02  1.39357E-22  4.97653E-06  0.00000E+00  1.0E-07
  3.050E+01  6.91854E-02  1.30820E-22  4.67165E-06  0.00000E+00  1.0E-07
  3.100E+01  7.14163E-02  1.22933E-22  4.39002E-06  0.00000E+00  1.0E-07
  3.150E+01  7.36799E-02  1.15638E-22  4.12952E-06  0.00000E+00  1.0E-07
  3.200E+01  7.59760E-02  1.08882E-22  3.88826E-06  0.00000E+00  1.0E-07
  3.250E+01  7.83043E-02  1.02618E-22  3.66454E-06  0.00000E+00  1.0E-07
  3.300E+01  8.06647E-02  9.68016E-23  3.45685E-06  0.00000E+00  1.0E-07
  3.350E+01  8.30571E-02  9.13958E-23  3.26380E-06  0.00000E+00  1.0E-07
  3.400E+01  8.54812E-02  8.63659E-23  3.08418E-06  0.00000E+00  1.0E-07
  3.450E+01  8.79369E-02  8.16805E-23  2.91686E-06  0.00000E+00  1.0E-07
  3.500E+01  9.04240E-02  7.73115E-23  2.76085E-06  0.00000E+00  1.0E-07
  3.550E+01  9.29422E-02  7.32334E-23  2.61521E-06  0.00000E+00  1.0E-07
  3.600E+01  9.54915E-02  6.94231E-23  2.47914E-06  0.00000E+00  1.0E-07
  3.650E+01  9.80716E-02  6.58594E-23  2.35188E-06  0.00000E+00  1.0E-07
  3.700E+01  1.00682E-01  6.25234E-23  2.23275E-06  0.00000E+00  1.0E-07
  3.750E+01  1.03323E-01  5.93976E-23  2.12113E-06  0.00000E+00  1.0E-07
  3.800E+01  1.05995E-01  5.64661E-23  2.01644E-06  0.00000E+00  1.0E-07
  3.850E+01  1.08696E-01  5.37146E-23  1.91818E-06  0.00000E+00  1.0E-07
  3.900E+01  1.11427E-01  5.11298E-23  1.82588E-06  0.00000E+00  1.0E-07
  3.950E+01  1.14188E-01  4.86996E-23  1.73909E-06  0.00000E+00  1.0E-07
  4.000E+01  1.16978E-01  4.64130E-23  1.65744E-06  0.00000E+00  1.0E-07
  4.050E+01  1.19797E-01  4.42598E-23  1.58055E-06  0.00000E+00  1.0E-07
  4.100E+01  1.22645E-01  4.22308E-23  1.50809E-06  0.00000E+00  1.0E-07
  4.150E+01  1.25522E-01  4.03172E-23  1.43975E-06  0.00000E+00  1.0E-07
  4.200E+01  1.28428E-01  3.85113E-23  1.37526E-06  0.00000E+00  1.0E-07
  4.250E+01  1.31361E-01  3.68058E-23  1.31436E-06  0.00000E+00  1.0E-07
  4.300E+01  1.34323E-01  3.51940E-23  1.25680E-06  0.00000E+00  1.0E-07
  4.350E+01  1.37313E-01  3.36698E-23  1.20237E-06  0.00000E+00  1.0E-07
  4.400E+01  1.40330E-01  3.22274E-23  1.15086E-06  0.00000E+00  1.0E-07
  4.450E+01  1.43375E-01  3.08616E-23  1.10209E-06  0.00000E+00  1.0E-07
  4.500E+01  1.46447E-01  2.95675E-23  1.05587E-06  0.00000E+00  1.0E-07
  4.550E+01  1.49545E-01  2.83407E-23  1.01206E-06  0.00000E+00  1.0E-07
  4.600E+01  1.52671E-01  2.71768E-23  9.70502E-07  0.00000E+00  1.0E-07
  4.650E+01  1.55823E-01  2.60721E-23  9.31052E-07  0.00000E+00  1.0E-07
  4.700E+01  1.59001E-01  2.50230E-23  8.93587E-07  0.00000E+00  1.0E-07
  4.750E+01  1.62205E-01  2.40260E-23  8.57984E-07  0.00000E+00  1.0E-07
  4.800E+01  1.65435E-01  2.30781E-23  8.24133E-07  0.00000E+00  1.0E-07
  4.850E+01  1.68690E-01  2.21764E-23  7.91933E-07  0.00000E+00  1.0E-07
  4.900E+01  1.71970E-01  2.13182E-23  7.61285E-07  0.00000E+00  1.0E-07
  4.950E+01  1.75276E-01  2.05009E-23  7.32101E-07  0.00000E+00  1.0E-07
  5.000E+01  1.78606E-01  1.97223E-23  7.04297E-07  0.00000E+00  1.0E-07
  5.050E+01  1.81961E-01  1.89802E-23  6.77794E-07  0.00000E+00  1.0E-07
  5.100E+01  1.85340E-01  1.82724E-23  6.52520E-07  0.00000E+00  1.0E-07
  5.150E+01  1.88743E-01  1.75971E-23  6.28405E-07  0.00000E+00  1.0E-07
  5.200E+01  1.92169E-01  1.69526E-23  6.05387E-07  0.00000E+00  1.0E-07
  5.250E+01  1.95619E-01  1.63370E-23  5.83405E-07  0.00000E+00  1.0E-07
  5.300E+01  1.99092E-01  1.57489E-23  5.62404E-07  0.00000E+00  1.0E-07
  5.350E+01  2.02589E-01  1.51868E-23  5.42330E-07  0.00000E+00  1.0E-07
  5.400E+01  2.06107E-01  1.46493E-23  5.23136E-07  0.00000E+00  1.0E-07
  5.450E+01  2.09649E-01  1.41351E-23  5.04775E-07  0.00000E+00  1.0E-07
  5.500E+01  2.13212E-01  1.36431E-23  4.87204E-07  0.00000E+00  1.0E-07
  5.550E+01  2.16797E-01  1.31720E-23  4.70381E-07  0.00000E+00  1.0E-07
  5.600E+01  2.20404E-01  1.27208E-23  4.54270E-07  0.00000E+00  1.0E-07
  5.650E+01  2.24032E-01  1.22886E-23  4.38833E-07  0.00000E+00  1.0E-07
  5.700E+01  2.27680E-01  1.18742E-23  4.24036E-07  0.00000E+00  1.0E-07
  5.750E+01  2.31350E-01  1.14769E-23  4.09848E-07  0.00000E+00  1.0E-07
  5.800E+01  2.35040E-01  1.10958E-23  3.96239E-07  0.00000E+00  1.0E-07
  5.850E+01  2.38751E-01  1.07302E-23  3.83181E-07  0.00000E+00  1.0E-07
  5.900E+01  2.42481E-01  1.03792E-23  3.70647E-07  0.00000E+00  1.0E-07
  5.950E+01  2.46231E-01  1.00421E-23  3.58611E-07  0.00000E+00  1.0E-07
  6.000E+01  2.50000E-01  9.71842E-24  3.47051E-07  0.00000E+00  1.0E-07
  6.050E+01  2.53788E-01  9.40737E-24  3.35943E-07  0.00000E+00  1.0E-07
  6.100E+01  2.57595E-01  9.10840E-24  3.25267E-07  0.00000E+00  1.0E-07
  6.150E+01  2.61421E-01  8.82094E-24  3.15002E-07  0.00000E+00  1.0E-07
  6.200E+01  2.65264E-01  8.54447E-24  3.05128E-07  0.00000E+00  1.0E-07
  6.250E+01  2.69126E-01  8.27847E-24  2.95630E-07  0.00000E+00  1.0E-07
  6.300E+01  2.73005E-01  8.02248E-24  2.86488E-07  0.00000E+00  1.0E-07
  6.350E+01  2.76901E-01  7.77605E-24  2.77688E-07  0.00000E+00  1.0E-07
  6.400E+01  2.80814E-01  7.53875E-24  2.69213E-07  0.00000E+00  1.0E-07
  6.450E+01  2.84744E-01  7.31017E-24  2.61051E-07  0.00000E+00  1.0E-07
  6.500E+01  2.88691E-01  7.08994E-24  2.53186E-07  0.00000E+00  1.0E-07
  6.550E+01  2.92653E-01  6.87769E-24  2.45607E-07  0.00000E+00  1.0E-07
  6.600E+01  2.96632E-01  6.67307E-24  2.38300E-07  0.00000E+00  1.0E-07
  6.650E+01  3.00625E-01  6.47575E-24  2.31253E-07  0.00000E+00  1.0E-07
  6.700E+01  3.04634E-01  6.28542E-24  2.24456E-07  0.00000E+00  1.0E-07
  6.750E+01  3.08658E-01  6.10178E-24  2.17898E-07  0.00000E+00  1.0E-07
  6.800E+01  3.12697E-01  5.92455E-24  2.11570E-07  0.00000E+00  1.0E-07
  6.850E+01  3.16749E-01  5.75347E-24  2.05460E-07  0.00000E+00  1.0E-07
  6.900E+01  3.20816E-01  5.58829E-24  1.99561E-07  0.00000E+00  1.0E-07
  6.950E+01  3.24896E-01  5.42875E-24  1.93864E-07  0.00000E+00  1.0E-07
  7.000E+01  3.28990E-01  5.27464E-24  1.88361E-07  0.00000E+00  1.0E-07
  7.050E+01  3.33097E-01  5.12572E-24  1.83043E-07  0.00000E+00  1.0E-07
  7.100E+01  3.37216E-01  4.98179E-24  1.77903E-07  0.00000E+00  1.0E-07
  7.150E+01  3.41348E-01  4.84265E-24  1.72934E-07  0.00000E+00  1.0E-07
  7.200E+01  3.45492E-01  4.70811E-24  1.68130E-07  0.00000E+00  1.0E-07
  7.250E+01  3.49647E-01  4.57798E-24  1.63483E-07  0.00000E+00  1.0E-07
  7.300E+01  3.53814E-01  4.45210E-24  1.58987E-07  0.00000E+00  1.0E-07
  7.350E+01  3.57992E-01  4.33030E-24  1.54638E-07  0.00000E+00  1.0E-07
  7.400E+01  3.62181E-01  4.21241E-24  1.50428E-07  0.00000E+00  1.0E-07
  7.450E+01  3.66381E-01  4.09831E-24  1.46353E-07  0.00000E+00  1.0E-07
  7.500E+01  3.70590E-01  3.98783E-24  1.42408E-07  0.00000E+00  1.0E-07
  7.550E+01  3.74810E-01  3.88084E-24  1.38587E-07  0.00000E+00  1.0E-07
  7.600E+01  3.79039E-01  3.77721E-24  1.34887E-07  0.00000E+00  1.0E-07
  7.650E+01  3.83277E-01  3.67681E-24  1.31301E-07  0.00000E+00  1.0E-07
  7.700E+01  3.87524E-01  3.57953E-24  1.27827E-07  0.00000E+00  1.0E-07
  7.750E+01  3.91780E-01  3.48524E-24  1.24460E-07  0.00000E+00  1.0E-07
  7.800E+01  3.96044E-01  3.39384E-24  1.21196E-07  0.00000E+00  1.0E-07
  7.850E+01  4.00316E-01  3.30522E-24  1.18031E-07  0.00000E+00  1.0E-07
  7.900E+01  4.04596E-01  3.21928E-24  1.14963E-07  0.00000E+00  1.0E-07
  7.950E+01  4.08882E-01  3.13593E-24  1.11986E-07  0.00000E+00  1.0E-07
  8.000E+01  4.13176E-01  3.05507E-24  1.09099E-07  0.00000E+00  1.0E-07
  8.050E+01  4.17476E-01  2.97662E-24  1.06297E-07  0.00000E+00  1.0E-07
  8.100E+01  4.21783E-01  2.90049E-24  1.03578E-07  0.00000E+00  1.0E-07
  8.150E+01  4.26095E-01  2.82660E-24  1.00940E-07  0.00000E+00  1.0E-07
  8.200E+01  4.30413E-01  2.75486E-24  9.83779E-08  0.00000E+00  1.0E-07
  8.250E+01  4.34737E-01  2.68521E-24  9.58906E-08  0.00000E+00  1.0E-07
  8.300E+01  4.39065E-01  2.61757E-24  9.34751E-08  0.00000E+00  1.0E-07
  8.350E+01  4.43398E-01  2.55187E-24  9.11290E-08  0.00000E+00  1.0E-07
  8.400E+01  4.47736E-01  2.48805E-24  8.88500E-08  0.00000E+00  1.0E-07
  8.450E+01  4.52077E-01  2.42605E-24  8.66358E-08  0.00000E+00  1.0E-07
  8.500E+01  4.56422E-01  2.36580E-24  8.44842E-08  0.00000E+00  1.0E-07
  8.550E+01  4.60770E-01  2.30724E-24  8.23932E-08  0.00000E+00  1.0E-07
  8.600E+01  4.65122E-01  2.25033E-24  8.03606E-08  0.00000E+00  1.0E-07
  8.650E+01  4.69476E-01  2.19499E-24  7.83846E-08  0.00000E+00  1.0E-07
  8.700E+01  4.73832E-01  2.14119E-24  7.64633E-08  0.00000E+00  1.0E-07
  8.750E+01  4.78190E-01  2.08887E-24  7.45949E-08  0.00000E+00  1.0E-07
  8.800E+01  4.82550E-01  2.03798E-24  7.27776E-08  0.00000E+00  1.0E-07
  8.850E+01  4.86912E-01  1.98848E-24  7.10098E-08  0.00000E+00  1.0E-07
  8.900E+01  4.91274E-01  1.94031E-24  6.92899E-08  0.00000E+00  1.0E-07
  8.950E+01  4.95637E-01  1.89345E-24  6.76164E-08  0.00000E+00  1.0E-07
  9.000E+01  5.00000E-01  1.84785E-24  6.59878E-08  0.00000E+00  1.0E-07
  9.050E+01  5.04363E-01  1.80346E-24  6.44027E-08  0.00000E+00  1.0E-07
  9.100E+01  5.08726E-01  1.76025E-24  6.28598E-08  0.00000E+00  1.0E-07
  9.150E+01  5.13088E-01  1.71819E-24  6.13577E-08  0.00000E+00  1.0E-07
  9.200E+01  5.17450E-01  1.67724E-24  5.98952E-08  0.00000E+00  1.0E-07
  9.250E+01  5.21810E-01  1.63735E-24  5.84709E-08  0.00000E+00  1.0E-07
  9.300E+01  5.26168E-01  1.59851E-24  5.70838E-08  0.00000E+00  1.0E-07
  9.350E+01  5.30524E-01  1.56067E-24  5.57326E-08  0.00000E+00  1.0E-07
  9.400E+01  5.34878E-01  1.52381E-24  5.44163E-08  0.00000E+00  1.0E-07
  9.450E+01  5.39230E-01  1.48790E-24  5.31337E-08  0.00000E+00  1.0E-07
  9.500E+01  5.43578E-01  1.45290E-24  5.18840E-08  0.00000E+00  1.0E-07
  9.550E+01  5.47923E-01  1.41880E-24  5.06661E-08  0.00000E+00  1.0E-07
  9.600E+01  5.52264E-01  1.38556E-24  4.94791E-08  0.00000E+00  1.0E-07
  9.650E+01  5.56602E-01  1.35316E-24  4.83221E-08  0.00000E+00  1.0E-07
  9.700E+01  5.60935E-01  1.32157E-24  4.71942E-08  0.00000E+00  1.0E-07
  9.750E+01  5.65263E-01  1.29078E-24  4.60946E-08  0.00000E+00  1.0E-07
  9.800E+01  5.69587E-01  1.26075E-24  4.50224E-08  0.00000E+00  1.0E-07
  9.850E+01  5.73905E-01  1.23147E-24  4.39767E-08  0.00000E+00  1.0E-07
  9.900E+01  5.78217E-01  1.20291E-24  4.29568E-08  0.00000E+00  1.0E-07
  9.950E+01  5.82524E-01  1.17505E-24  4.19619E-08  0.00000E+00  1.0E-07
  1.000E+02  5.86824E-01  1.14787E-24  4.09913E-08  0.00000E+00  1.0E-07
  1.005E+02  5.91118E-01  1.12136E-24  4.00443E-08  0.00000E+00  1.0E-07
  1.010E+02  5.95404E-01  1.09548E-24  3.91204E-08  0.00000E+00  1.0E-07
  1.015E+02  5.99684E-01  1.07024E-24  3.82190E-08  0.00000E+00  1.0E-07
  1.020E+02  6.03956E-01  1.04561E-24  3.73393E-08  0.00000E+00  1.0E-07
  1.025E+02  6.08220E-01  1.02156E-24  3.64807E-08  0.00000E+00  1.0E-07
  1.030E+02  6.12476E-01  9.98095E-25  3.56426E-08  0.00000E+00  1.0E-07
  1.035E+02  6.16723E-01  9.75184E-25  3.48244E-08  0.00000E+00  1.0E-07
  1.040E+02  6.20961E-01  9.52814E-25  3.40256E-08  0.00000E+00  1.0E-07
  1.045E+02  6.25190E-01  9.30972E-25  3.32456E-08  0.00000E+00  1.0E-07
  1.050E+02  6.29410E-01  9.09643E-25  3.24840E-08  0.00000E+00  1.0E-07
  1.055E+02  6.33619E-01  8.88815E-25  3.17402E-08  0.00000E+00  1.0E-07
  1.060E+02  6.37819E-01  8.68474E-25  3.10138E-08  0.00000E+00  1.0E-07
  1.065E+02  6.42008E-01  8.48607E-25  3.03043E-08  0.00000E+00  1.0E-07
  1.070E+02  6.46186E-01  8.29200E-25  2.96113E-08  0.00000E+00  1.0E-07
  1.075E+02  6.50353E-01  8.10242E-25  2.89343E-08  0.00000E+00  1.0E-07
  1.080E+02  6.54508E-01  7.91721E-25  2.82729E-08  0.00000E+00  1.0E-07
  1.085E+02  6.58652E-01  7.73624E-25  2.76266E-08  0.00000E+00  1.0E-07
  1.090E+02  6.62784E-01  7.55941E-25  2.69952E-08  0.00000E+00  1.0E-07
  1.095E+02  6.66903E-01  7.38661E-25  2.63781E-08  0.00000E+00  1.0E-07
  1.100E+02  6.71010E-01  7.21772E-25  2.57750E-08  0.00000E+00  1.0E-07
  1.105E+02  6.75104E-01  7.05266E-25  2.51855E-08  0.00000E+00  1.0E-07
  1.110E+02  6.79184E-01  6.89131E-25  2.46093E-08  0.00000E+00  1.0E-07
  1.115E+02  6.83251E-01  6.73360E-25  2.40461E-08  0.00000E+00  1.0E-07
  1.120E+02  6.87303E-01  6.57942E-25  2.34955E-08  0.00000E+00  1.0E-07
  1.125E+02  6.91342E-01  6.42868E-25  2.29572E-08  0.00000E+00  1.0E-07
  1.130E+02  6.95366E-01  6.28131E-25  2.24310E-08  0.00000E+00  1.0E-07
  1.135E+02  6.99375E-01  6.13721E-25  2.19164E-08  0.00000E+00  1.0E-07
  1.140E+02  7.03368E-01  5.99630E-25  2.14132E-08  0.00000E+00  1.0E-07
  1.145E+02  7.07347E-01  5.85850E-25  2.09211E-08  0.00000E+00  1.0E-07
  1.150E+02  7.11309E-01  5.72373E-25  2.04398E-08  0.00000E+00  1.0E-07
  1.155E+02  7.15256E-01  5.59192E-25  1.99691E-08  0.00000E+00  1.0E-07
  1.160E+02  7.19186E-01  5.46300E-25  1.95087E-08  0.00000E+00  1.0E-07
  1.165E+02  7.23099E-01  5.33689E-25  1.90584E-08  0.00000E+00  1.0E-07
  1.170E+02  7.26995E-01  5.21353E-25  1.86178E-08  0.00000E+00  1.0E-07
  1.175E+02  7.30874E-01  5.09284E-25  1.81869E-08  0.00000E+00  1.0E-07
  1.180E+02  7.34736E-01  4.97477E-25  1.77652E-08  0.00000E+00  1.0E-07
  1.185E+02  7.38579E-01  4.85924E-25  1.73527E-08  0.00000E+00  1.0E-07
  1.190E+02  7.42405E-01  4.74621E-25  1.69490E-08  0.00000E+00  1.0E-07
  1.195E+02  7.46212E-01  4.63561E-25  1.65541E-08  0.00000E+00  1.0E-07
  1.200E+02  7.50000E-01  4.52739E-25  1.61676E-08  0.00000E+00  1.0E-07
  1.205E+02  7.53769E-01  4.42148E-25  1.57894E-08  0.00000E+00  1.0E-07
  1.210E+02  7.57519E-01  4.31783E-25  1.54193E-08  0.00000E+00  1.0E-07
  1.215E+02  7.61249E-01  4.21640E-25  1.50570E-08  0.00000E+00  1.0E-07
  1.220E+02  7.64960E-01  4.11712E-25  1.47025E-08  0.00000E+00  1.0E-07
  1.225E+02  7.68650E-01  4.01995E-25  1.43555E-08  0.00000E+00  1.0E-07
  1.230E+02  7.72320E-01  3.92484E-25  1.40159E-08  0.00000E+00  1.0E-07
  1.235E+02  7.75968E-01  3.83174E-25  1.36834E-08  0.00000E+00  1.0E-07
  1.240E+02  7.79596E-01  3.74060E-25  1.33579E-08  0.00000E+00  1.0E-07
  1.245E+02  7.83203E-01  3.65139E-25  1.30393E-08  0.00000E+00  1.0E-07
  1.250E+02  7.86788E-01  3.56405E-25  1.27275E-08  0.00000E+00  1.0E-07
  1.255E+02  7.90351E-01  3.47855E-25  1.24221E-08  0.00000E+00  1.0E-07
  1.260E+02  7.93893E-01  3.39484E-25  1.21232E-08  0.00000E+00  1.0E-07
  1.265E+02  7.97411E-01  3.31289E-25  1.18305E-08  0.00000E+00  1.0E-07
  1.270E+02  8.00908E-01  3.23265E-25  1.15440E-08  0.00000E+00  1.0E-07
  1.275E+02  8.04381E-01  3.15409E-25  1.12635E-08  0.00000E+00  1.0E-07
  1.280E+02  8.07831E-01  3.07718E-25  1.09888E-08  0.00000E+00  1.0E-07
  1.285E+02  8.11257E-01  3.00186E-25  1.07198E-08  0.00000E+00  1.0E-07
  1.290E+02  8.14660E-01  2.92812E-25  1.04565E-08  0.00000E+00  1.0E-07
  1.295E+02  8.18039E-01  2.85591E-25  1.01986E-08  0.00000E+00  1.0E-07
  1.300E+02  8.21394E-01  2.78520E-25  9.94614E-09  0.00000E+00  1.0E-07
  1.305E+02  8.24724E-01  2.71597E-25  9.69889E-09  0.00000E+00  1.0E-07
  1.310E+02  8.28030E-01  2.64817E-25  9.45679E-09  0.00000E+00  1.0E-07
  1.315E+02  8.31310E-01  2.58178E-25  9.21971E-09  0.00000E+00  1.0E-07
  1.320E+02  8.34565E-01  2.51677E-25  8.98755E-09  0.00000E+00  1.0E-07
  1.325E+02  8.37795E-01  2.45311E-25  8.76022E-09  0.00000E+00  1.0E-07
  1.330E+02  8.40999E-01  2.39077E-25  8.53760E-09  0.00000E+00  1.0E-07
  1.335E+02  8.44177E-01  2.32973E-25  8.31961E-09  0.00000E+00  1.0E-07
  1.340E+02  8.47329E-01  2.26995E-25  8.10615E-09  0.00000E+00  1.0E-07
  1.345E+02  8.50455E-01  2.21142E-25  7.89712E-09  0.00000E+00  1.0E-07
  1.350E+02  8.53553E-01  2.15410E-25  7.69243E-09  0.00000E+00  1.0E-07
  1.355E+02  8.56625E-01  2.09797E-25  7.49200E-09  0.00000E+00  1.0E-07
  1.360E+02  8.59670E-01  2.04302E-25  7.29574E-09  0.00000E+00  1.0E-07
  1.365E+02  8.62687E-01  1.98920E-25  7.10357E-09  0.00000E+00  1.0E-07
  1.370E+02  8.65677E-01  1.93651E-25  6.91541E-09  0.00000E+00  1.0E-07
  1.375E+02  8.68639E-01  1.88492E-25  6.73117E-09  0.00000E+00  1.0E-07
  1.380E+02  8.71572E-01  1.83441E-25  6.55078E-09  0.00000E+00  1.0E-07
  1.385E+02  8.74478E-01  1.78495E-25  6.37417E-09  0.00000E+00  1.0E-07
  1.390E+02  8.77355E-01  1.73653E-25  6.20125E-09  0.00000E+00  1.0E-07
  1.395E+02  8.80203E-01  1.68912E-25  6.03197E-09  0.00000E+00  1.0E-07
  1.400E+02  8.83022E-01  1.64271E-25  5.86624E-09  0.00000E+00  1.0E-07
  1.405E+02  8.85812E-01  1.59728E-25  5.70401E-09  0.00000E+00  1.0E-07
  1.410E+02  8.88573E-01  1.55281E-25  5.54520E-09  0.00000E+00  1.0E-07
  1.415E+02  8.91304E-01  1.50929E-25  5.38976E-09  0.00000E+00  1.0E-07
  1.420E+02  8.94005E-01  1.46668E-25  5.23761E-09  0.00000E+00  1.0E-07
  1.425E+02  8.96677E-01  1.42498E-25  5.08870E-09  0.00000E+00  1.0E-07
  1.430E+02  8.99318E-01  1.38417E-25  4.94298E-09  0.00000E+00  1.0E-07
  1.435E+02  9.01928E-01  1.34424E-25  4.80037E-09  0.00000E+00  1.0E-07
  1.440E+02  9.04508E-01  1.30517E-25  4.66083E-09  0.00000E+00  1.0E-07
  1.445E+02  9.07058E-01  1.26693E-25  4.52430E-09  0.00000E+00  1.0E-07
  1.450E+02  9.09576E-01  1.22953E-25  4.39073E-09  0.00000E+00  1.0E-07
  1.455E+02  9.12063E-01  1.19294E-25  4.26006E-09  0.00000E+00  1.0E-07
  1.460E+02  9.14519E-01  1.15715E-25  4.13225E-09  0.00000E+00  1.0E-07
  1.465E+02  9.16943E-01  1.12214E-25  4.00725E-09  0.00000E+00  1.0E-07
  1.470E+02  9.19335E-01  1.08791E-25  3.88500E-09  0.00000E+00  1.0E-07
  1.475E+02  9.21696E-01  1.05444E-25  3.76546E-09  0.00000E+00  1.0E-07
  1.480E+02  9.24024E-01  1.02171E-25  3.64858E-09  0.00000E+00  1.0E-07
  1.485E+02  9.26320E-01  9.89712E-26  3.53433E-09  0.00000E+00  1.0E-07
  1.490E+02  9.28584E-01  9.58439E-26  3.42265E-09  0.00000E+00  1.0E-07
  1.495E+02  9.30815E-01  9.27875E-26  3.31350E-09  0.00000E+00  1.0E-07
  1.500E+02  9.33013E-01  8.98010E-26  3.20685E-09  0.00000E+00  1.0E-07
  1.505E+02  9.35178E-01  8.68832E-26  3.10266E-09  0.00000E+00  1.0E-07
  1.510E+02  9.37310E-01  8.40330E-26  3.00087E-09  0.00000E+00  1.0E-07
  1.515E+02  9.39409E-01  8.12494E-26  2.90147E-09  0.00000E+00  1.0E-07
  1.520E+02  9.41474E-01  7.85313E-26  2.80440E-09  0.00000E+00  1.0E-07
  1.525E+02  9.43505E-01  7.58778E-26  2.70964E-09  0.00000E+00  1.0E-07
  1.530E+02  9.45503E-01  7.32878E-26  2.61715E-09  0.00000E+00  1.0E-07
  1.535E+02  9.47467E-01  7.07604E-26  2.52690E-09  0.00000E+00  1.0E-07
  1.540E+02  9.49397E-01  6.82947E-26  2.43885E-09  0.00000E+00  1.0E-07
  1.545E+02  9.51293E-01  6.58898E-26  2.35297E-09  0.00000E+00  1.0E-07
  1.550E+02  9.53154E-01  6.35448E-26  2.26923E-09  0.00000E+00  1.0E-07
  1.555E+02  9.54981E-01  6.12589E-26  2.18760E-09  0.00000E+00  1.0E-07
  1.560E+02  9.56773E-01  5.90313E-26  2.10805E-09  0.00000E+00  1.0E-07
  1.565E+02  9.58530E-01  5.68611E-26  2.03055E-09  0.00000E+00  1.0E-07
  1.570E+02  9.60252E-01  5.47476E-26  1.95507E-09  0.00000E+00  1.0E-07
  1.575E+02  9.61940E-01  5.26900E-26  1.88159E-09  0.00000E+00  1.0E-07
  1.580E+02  9.63592E-01  5.06876E-26  1.81009E-09  0.00000E+00  1.0E-07
  1.585E+02  9.65209E-01  4.87397E-26  1.74053E-09  0.00000E+00  1.0E-07
  1.590E+02  9.66790E-01  4.68456E-26  1.67289E-09  0.00000E+00  1.0E-07
  1.595E+02  9.68336E-01  4.50046E-26  1.60714E-09  0.00000E+00  1.0E-07
  1.600E+02  9.69846E-01  4.32161E-26  1.54328E-09  0.00000E+00  1.0E-07
  1.605E+02  9.71321E-01  4.14794E-26  1.48126E-09  0.00000E+00  1.0E-07
  1.610E+02  9.72759E-01  3.97940E-26  1.42107E-09  0.00000E+00  1.0E-07
  1.615E+02  9.74162E-01  3.81593E-26  1.36269E-09  0.00000E+00  1.0E-07
  1.620E+02  9.75528E-01  3.65746E-26  1.30610E-09  0.00000E+00  1.0E-07
  1.625E+02  9.76858E-01  3.50394E-26  1.25128E-09  0.00000E+00  1.0E-07
  1.630E+02  9.78152E-01  3.35533E-26  1.19821E-09  0.00000E+00  1.0E-07
  1.635E+02  9.79410E-01  3.21157E-26  1.14687E-09  0.00000E+00  1.0E-07
  1.640E+02  9.80631E-01  3.07260E-26  1.09725E-09  0.00000E+00  1.0E-07
  1.645E+02  9.81815E-01  2.93839E-26  1.04932E-09  0.00000E+00  1.0E-07
  1.650E+02  9.82963E-01  2.80888E-26  1.00307E-09  0.00000E+00  1.0E-07
  1.655E+02  9.84074E-01  2.68403E-26  9.58485E-10  0.00000E+00  1.0E-07
  1.660E+02  9.85148E-01  2.56380E-26  9.15550E-10  0.00000E+00  1.0E-07
  1.665E+02  9.86185E-01  2.44815E-26  8.74250E-10  0.00000E+00  1.0E-07
  1.670E+02  9.87185E-01  2.33704E-26  8.34571E-10  0.00000E+00  1.0E-07
  1.675E+02  9.88148E-01  2.23042E-26  7.96498E-10  0.00000E+00  1.0E-07
  1.680E+02  9.89074E-01  2.12827E-26  7.60020E-10  0.00000E+00  1.0E-07
  1.685E+02  9.89962E-01  2.03055E-26  7.25124E-10  0.00000E+00  1.0E-07
  1.690E+02  9.90814E-01  1.93723E-26  6.91797E-10  0.00000E+00  1.0E-07
  1.695E+02  9.91627E-01  1.84827E-26  6.60029E-10  0.00000E+00  1.0E-07
  1.700E+02  9.92404E-01  1.76364E-26  6.29809E-10  0.00000E+00  1.0E-07
  1.705E+02  9.93143E-01  1.68333E-26  6.01126E-10  0.00000E+00  1.0E-07
  1.710E+02  9.93844E-01  1.60729E-26  5.73972E-10  0.00000E+00  1.0E-07
  1.715E+02  9.94508E-01  1.53550E-26  5.48337E-10  0.00000E+00  1.0E-07
  1.720E+02  9.95134E-01  1.46794E-26  5.24212E-10  0.00000E+00  1.0E-07
  1.725E+02  9.95722E-01  1.40459E-26  5.01589E-10  0.00000E+00  1.0E-07
  1.730E+02  9.96273E-01  1.34543E-26  4.80461E-10  0.00000E+00  1.0E-07
  1.735E+02  9.96786E-01  1.29043E-26  4.60820E-10  0.00000E+00  1.0E-07
  1.740E+02  9.97261E-01  1.23958E-26  4.42661E-10  0.00000E+00  1.0E-07
  1.745E+02  9.97698E-01  1.19285E-26  4.25976E-10  0.00000E+00  1.0E-07
  1.750E+02  9.98097E-01  1.15025E-26  4.10761E-10  0.00000E+00  1.0E-07
  1.755E+02  9.98459E-01  1.11174E-26  3.97010E-10  0.00000E+00  1.0E-07
  1.760E+02  9.98782E-01  1.07732E-26  3.84719E-10  0.00000E+00  1.0E-07
  1.765E+02  9.99067E-01  1.04698E-26  3.73883E-10  0.00000E+00  1.0E-07
  1.770E+02  9.99315E-01  1.02070E-26  3.64500E-10  0.00000E+00  1.0E-07
  1.775E+02  9.99524E-01  9.98484E-27  3.56565E-10  0.00000E+00  1.0E-07
  1.780E+02  9.99695E-01  9.80315E-27  3.50077E-10  0.00000E+00  1.0E-07
  1.785E+02  9.99829E-01  9.66190E-27  3.45033E-10  0.00000E+00  1.0E-07
  1.790E+02  9.99924E-01  9.56104E-27  3.41431E-10  0.00000E+00  1.0E-07
  1.795E+02  9.99981E-01  9.50053E-27  3.39270E-10  0.00000E+00  1.0E-07
  1.800E+02  1.00000E+00  9.48037E-27  3.38550E-10  0.00000E+00  1.0E-07
