 #
 # Subroutine ELSEPA. Elastic scattering of electrons and positrons
 #                    by neutral atoms and positive ions
 #
 # Projectile: electron
 # Kinetic energy = 3.70000E+06 eV = 1.35973E+05 a.u.
 #
 # WARNING: High-energy factorization with free-atom DF screening.
 #          Absorption, polarization and exchange corrections are
 #          switched off.
 #          Phase shifts are calculated for the bare nucleus.
 #          Scattering amplitudes are not evaluated.
 #
 # Element: Nb,  Z =  41,  atomic weight = 9.29064E+01 g/mol
 #
 # Nuclear model: Fermi distribution
 #                Average radius = 4.84617E-13 cm
 #                Skin thickness = 5.46000E-14 cm
 #
 # Number of electrons = 41
 #
 # Total elastic cross section = 4.05043E-18 cm**2 = 1.44643E-01 a0**2
 # 1st transport cross section = 1.46566E-22 cm**2 = 5.23398E-06 a0**2
 # 2nd transport cross section = 4.10310E-22 cm**2 = 1.46524E-05 a0**2
 #
 #
 # Differential cross section:                       MU=(1-COS(THETA))/2
 #
 #  THETA        MU          DCS          DCS        Sherman      error
 #  (deg)                 (cm**2/sr)   (a0**2/sr)    function
 #----------------------------------------------------------------------
  0.000E+00  0.00000E+00  7.62879E-13  2.72429E+04  0.00000E+00  1.0E-05
  1.000E-04  7.61557E-13  7.62874E-13  2.72427E+04  0.00000E+00  1.0E-05
  1.250E-04  1.18994E-12  7.62872E-13  2.72427E+04  0.00000E+00  1.0E-05
  1.500E-04  1.71346E-12  7.62869E-13  2.72425E+04  0.00000E+00  1.0E-05
  1.750E-04  2.33225E-12  7.62865E-13  2.72424E+04  0.00000E+00  1.0E-05
  2.000E-04  3.04617E-12  7.62861E-13  2.72423E+04  0.00000E+00  1.0E-05
  2.250E-04  3.85530E-12  7.62856E-13  2.72421E+04  0.00000E+00  1.0E-05
  2.500E-04  4.75964E-12  7.62851E-13  2.72419E+04  0.00000E+00  1.0E-05
  2.750E-04  5.75917E-12  7.62845E-13  2.72417E+04  0.00000E+00  1.0E-05
  3.000E-04  6.85391E-12  7.62839E-13  2.72415E+04  0.00000E+00  1.0E-05
  3.250E-04  8.04379E-12  7.62832E-13  2.72412E+04  0.00000E+00  1.0E-05
  3.500E-04  9.32893E-12  7.62824E-13  2.72409E+04  0.00000E+00  1.0E-05
  3.750E-04  1.07092E-11  7.62816E-13  2.72406E+04  0.00000E+00  1.0E-05
  4.000E-04  1.21847E-11  7.62807E-13  2.72403E+04  0.00000E+00  1.0E-05
  4.250E-04  1.37554E-11  7.62798E-13  2.72400E+04  0.00000E+00  1.0E-05
  4.500E-04  1.54213E-11  7.62788E-13  2.72397E+04  0.00000E+00  1.0E-05
  4.750E-04  1.71823E-11  7.62778E-13  2.72393E+04  0.00000E+00  1.0E-05
  5.000E-04  1.90386E-11  7.62767E-13  2.72389E+04  0.00000E+00  1.0E-05
  5.250E-04  2.09900E-11  7.62755E-13  2.72385E+04  0.00000E+00  1.0E-05
  5.500E-04  2.30367E-11  7.62743E-13  2.72381E+04  0.00000E+00  1.0E-05
  5.750E-04  2.51785E-11  7.62730E-13  2.72376E+04  0.00000E+00  1.0E-05
  6.000E-04  2.74156E-11  7.62717E-13  2.72371E+04  0.00000E+00  1.0E-05
  6.250E-04  2.97478E-11  7.62703E-13  2.72366E+04  0.00000E+00  1.0E-05
  6.500E-04  3.21752E-11  7.62689E-13  2.72361E+04  0.00000E+00  1.0E-05
  6.750E-04  3.46979E-11  7.62674E-13  2.72356E+04  0.00000E+00  1.0E-05
  7.000E-04  3.73157E-11  7.62659E-13  2.72350E+04  0.00000E+00  1.0E-05
  7.250E-04  4.00286E-11  7.62643E-13  2.72345E+04  0.00000E+00  1.0E-05
  7.500E-04  4.28368E-11  7.62626E-13  2.72339E+04  0.00000E+00  1.0E-05
  7.750E-04  4.57402E-11  7.62609E-13  2.72333E+04  0.00000E+00  1.0E-05
  8.000E-04  4.87388E-11  7.62591E-13  2.72326E+04  0.00000E+00  1.0E-05
  8.250E-04  5.18325E-11  7.62573E-13  2.72320E+04  0.00000E+00  1.0E-05
  8.500E-04  5.50215E-11  7.62554E-13  2.72313E+04  0.00000E+00  1.0E-05
  8.750E-04  5.83057E-11  7.62535E-13  2.72306E+04  0.00000E+00  1.0E-05
  9.000E-04  6.16850E-11  7.62515E-13  2.72299E+04  0.00000E+00  1.0E-05
  9.250E-04  6.51595E-11  7.62494E-13  2.72292E+04  0.00000E+00  1.0E-05
  9.500E-04  6.87293E-11  7.62473E-13  2.72284E+04  0.00000E+00  1.0E-05
  9.750E-04  7.23943E-11  7.62452E-13  2.72276E+04  0.00000E+00  1.0E-05
  1.000E-03  7.61544E-11  7.62429E-13  2.72269E+04  0.00000E+00  1.0E-05
  1.250E-03  1.18991E-10  7.62177E-13  2.72178E+04  0.00000E+00  1.0E-05
  1.500E-03  1.71347E-10  7.61868E-13  2.72068E+04  0.00000E+00  1.0E-05
  1.750E-03  2.33223E-10  7.61503E-13  2.71938E+04  0.00000E+00  1.0E-05
  2.000E-03  3.04617E-10  7.61082E-13  2.71787E+04  0.00000E+00  1.0E-05
  2.250E-03  3.85531E-10  7.60606E-13  2.71617E+04  0.00000E+00  1.0E-05
  2.500E-03  4.75965E-10  7.60074E-13  2.71427E+04  0.00000E+00  1.0E-05
  2.750E-03  5.75917E-10  7.59487E-13  2.71218E+04  0.00000E+00  1.0E-05
  3.000E-03  6.85389E-10  7.58844E-13  2.70988E+04  0.00000E+00  1.0E-05
  3.250E-03  8.04380E-10  7.58148E-13  2.70739E+04  0.00000E+00  1.0E-05
  3.500E-03  9.32891E-10  7.57396E-13  2.70471E+04  0.00000E+00  1.0E-05
  3.750E-03  1.07092E-09  7.56590E-13  2.70183E+04  0.00000E+00  1.0E-05
  4.000E-03  1.21847E-09  7.55730E-13  2.69876E+04  0.00000E+00  1.0E-05
  4.250E-03  1.37554E-09  7.54817E-13  2.69550E+04  0.00000E+00  1.0E-05
  4.500E-03  1.54213E-09  7.53850E-13  2.69205E+04  0.00000E+00  1.0E-05
  4.750E-03  1.71823E-09  7.52831E-13  2.68841E+04  0.00000E+00  1.0E-05
  5.000E-03  1.90386E-09  7.51759E-13  2.68458E+04  0.00000E+00  1.0E-05
  5.250E-03  2.09900E-09  7.50634E-13  2.68056E+04  0.00000E+00  1.0E-05
  5.500E-03  2.30367E-09  7.49458E-13  2.67636E+04  0.00000E+00  1.0E-05
  5.750E-03  2.51785E-09  7.48231E-13  2.67198E+04  0.00000E+00  1.0E-05
  6.000E-03  2.74156E-09  7.46952E-13  2.66741E+04  0.00000E+00  1.0E-05
  6.250E-03  2.97478E-09  7.45623E-13  2.66267E+04  0.00000E+00  1.0E-05
  6.500E-03  3.21752E-09  7.44245E-13  2.65775E+04  0.00000E+00  1.0E-05
  6.750E-03  3.46978E-09  7.42816E-13  2.65265E+04  0.00000E+00  1.0E-05
  7.000E-03  3.73156E-09  7.41339E-13  2.64737E+04  0.00000E+00  1.0E-05
  7.250E-03  4.00286E-09  7.39814E-13  2.64192E+04  0.00000E+00  1.0E-05
  7.500E-03  4.28368E-09  7.38241E-13  2.63631E+04  0.00000E+00  1.0E-05
  7.750E-03  4.57402E-09  7.36620E-13  2.63052E+04  0.00000E+00  1.0E-05
  8.000E-03  4.87388E-09  7.34953E-13  2.62456E+04  0.00000E+00  1.0E-05
  8.250E-03  5.18326E-09  7.33239E-13  2.61844E+04  0.00000E+00  1.0E-05
  8.500E-03  5.50215E-09  7.31480E-13  2.61216E+04  0.00000E+00  1.0E-05
  8.750E-03  5.83057E-09  7.29676E-13  2.60572E+04  0.00000E+00  1.0E-05
  9.000E-03  6.16850E-09  7.27828E-13  2.59912E+04  0.00000E+00  1.0E-05
  9.250E-03  6.51596E-09  7.25936E-13  2.59236E+04  0.00000E+00  1.0E-05
  9.500E-03  6.87293E-09  7.24001E-13  2.58545E+04  0.00000E+00  1.0E-05
  9.750E-03  7.23942E-09  7.22023E-13  2.57839E+04  0.00000E+00  1.0E-05
  1.000E-02  7.61544E-09  7.20004E-13  2.57118E+04  0.00000E+00  1.0E-05
  1.250E-02  1.18991E-08  6.97672E-13  2.49143E+04  0.00000E+00  1.0E-05
  1.500E-02  1.71347E-08  6.71946E-13  2.39956E+04  0.00000E+00  1.0E-05
  1.750E-02  2.33223E-08  6.43616E-13  2.29839E+04  0.00000E+00  1.0E-05
  2.000E-02  3.04617E-08  6.13438E-13  2.19063E+04  0.00000E+00  1.0E-05
  2.250E-02  3.85531E-08  5.82110E-13  2.07875E+04  0.00000E+00  1.0E-05
  2.500E-02  4.75965E-08  5.50288E-13  1.96511E+04  0.00000E+00  1.0E-05
  2.750E-02  5.75917E-08  5.18555E-13  1.85179E+04  0.00000E+00  1.0E-05
  3.000E-02  6.85389E-08  4.87378E-13  1.74046E+04  0.00000E+00  1.0E-05
  3.250E-02  8.04380E-08  4.57108E-13  1.63236E+04  0.00000E+00  1.0E-05
  3.500E-02  9.32891E-08  4.28009E-13  1.52845E+04  0.00000E+00  1.0E-05
  3.750E-02  1.07092E-07  4.00302E-13  1.42951E+04  0.00000E+00  1.0E-05
  4.000E-02  1.21847E-07  3.74108E-13  1.33596E+04  0.00000E+00  1.0E-05
  4.250E-02  1.37554E-07  3.49477E-13  1.24801E+04  0.00000E+00  1.0E-05
  4.500E-02  1.54213E-07  3.26391E-13  1.16556E+04  0.00000E+00  1.0E-05
  4.750E-02  1.71823E-07  3.04867E-13  1.08870E+04  0.00000E+00  1.0E-05
  5.000E-02  1.90386E-07  2.84857E-13  1.01724E+04  0.00000E+00  1.0E-05
  5.250E-02  2.09900E-07  2.66297E-13  9.50962E+03  0.00000E+00  1.0E-05
  5.500E-02  2.30367E-07  2.49047E-13  8.89363E+03  0.00000E+00  1.0E-05
  5.750E-02  2.51785E-07  2.33081E-13  8.32348E+03  0.00000E+00  1.0E-05
  6.000E-02  2.74156E-07  2.18312E-13  7.79608E+03  0.00000E+00  1.0E-05
  6.250E-02  2.97478E-07  2.04655E-13  7.30837E+03  0.00000E+00  1.0E-05
  6.500E-02  3.21752E-07  1.91976E-13  6.85558E+03  0.00000E+00  1.0E-05
  6.750E-02  3.46978E-07  1.80232E-13  6.43620E+03  0.00000E+00  1.0E-05
  7.000E-02  3.73156E-07  1.69359E-13  6.04792E+03  0.00000E+00  1.0E-05
  7.250E-02  4.00286E-07  1.59286E-13  5.68822E+03  0.00000E+00  1.0E-05
  7.500E-02  4.28368E-07  1.49914E-13  5.35354E+03  0.00000E+00  1.0E-05
  7.750E-02  4.57402E-07  1.41197E-13  5.04224E+03  0.00000E+00  1.0E-05
  8.000E-02  4.87388E-07  1.33100E-13  4.75309E+03  0.00000E+00  1.0E-05
  8.250E-02  5.18325E-07  1.25572E-13  4.48425E+03  0.00000E+00  1.0E-05
  8.500E-02  5.50215E-07  1.18547E-13  4.23338E+03  0.00000E+00  1.0E-05
  8.750E-02  5.83057E-07  1.11977E-13  3.99878E+03  0.00000E+00  1.0E-05
  9.000E-02  6.16850E-07  1.05852E-13  3.78005E+03  0.00000E+00  1.0E-05
  9.250E-02  6.51596E-07  1.00136E-13  3.57591E+03  0.00000E+00  1.0E-05
  9.500E-02  6.87293E-07  9.47872E-14  3.38491E+03  0.00000E+00  1.0E-05
  9.750E-02  7.23942E-07  8.97595E-14  3.20537E+03  0.00000E+00  1.0E-05
  1.000E-01  7.61543E-07  8.50555E-14  3.03739E+03  0.00000E+00  1.0E-05
  1.250E-01  1.18991E-06  5.10957E-14  1.82466E+03  0.00000E+00  1.0E-05
  1.500E-01  1.71347E-06  3.17507E-14  1.13384E+03  0.00000E+00  1.0E-05
  1.750E-01  2.33223E-06  2.09048E-14  7.46524E+02  0.00000E+00  1.0E-05
  2.000E-01  3.04617E-06  1.43220E-14  5.11449E+02  0.00000E+00  1.0E-05
  2.250E-01  3.85531E-06  1.01422E-14  3.62185E+02  0.00000E+00  1.0E-05
  2.500E-01  4.75964E-06  7.42932E-15  2.65306E+02  0.00000E+00  1.0E-05
  2.750E-01  5.75916E-06  5.60754E-15  2.00249E+02  0.00000E+00  1.0E-05
  3.000E-01  6.85388E-06  4.33766E-15  1.54901E+02  0.00000E+00  1.0E-05
  3.250E-01  8.04378E-06  3.41737E-15  1.22036E+02  0.00000E+00  1.0E-05
  3.500E-01  9.32888E-06  2.72944E-15  9.74700E+01  0.00000E+00  1.0E-05
  3.750E-01  1.07092E-05  2.20866E-15  7.88726E+01  0.00000E+00  1.0E-05
  4.000E-01  1.21846E-05  1.80640E-15  6.45079E+01  0.00000E+00  1.0E-05
  4.250E-01  1.37553E-05  1.48939E-15  5.31870E+01  0.00000E+00  1.0E-05
  4.500E-01  1.54212E-05  1.23462E-15  4.40892E+01  0.00000E+00  1.0E-05
  4.750E-01  1.71822E-05  1.03085E-15  3.68125E+01  0.00000E+00  1.0E-05
  5.000E-01  1.90385E-05  8.66112E-16  3.09294E+01  0.00000E+00  1.0E-05
  5.250E-01  2.09899E-05  7.32215E-16  2.61479E+01  0.00000E+00  1.0E-05
  5.500E-01  2.30365E-05  6.21472E-16  2.21932E+01  0.00000E+00  1.0E-05
  5.750E-01  2.51783E-05  5.30449E-16  1.89427E+01  0.00000E+00  1.0E-05
  6.000E-01  2.74153E-05  4.55137E-16  1.62532E+01  0.00000E+00  1.0E-05
  6.250E-01  2.97475E-05  3.92474E-16  1.40155E+01  0.00000E+00  1.0E-05
  6.500E-01  3.21749E-05  3.39949E-16  1.21398E+01  0.00000E+00  1.0E-05
  6.750E-01  3.46974E-05  2.95815E-16  1.05637E+01  0.00000E+00  1.0E-05
  7.000E-01  3.73152E-05  2.58611E-16  9.23517E+00  0.00000E+00  1.0E-05
  7.250E-01  4.00281E-05  2.27107E-16  8.11013E+00  0.00000E+00  1.0E-05
  7.500E-01  4.28362E-05  2.00268E-16  7.15168E+00  0.00000E+00  1.0E-05
  7.750E-01  4.57395E-05  1.77316E-16  6.33206E+00  0.00000E+00  1.0E-05
  8.000E-01  4.87380E-05  1.57604E-16  5.62814E+00  0.00000E+00  1.0E-05
  8.250E-01  5.18317E-05  1.40595E-16  5.02073E+00  0.00000E+00  1.0E-05
  8.500E-01  5.50205E-05  1.25844E-16  4.49397E+00  0.00000E+00  1.0E-05
  8.750E-01  5.83045E-05  1.12999E-16  4.03525E+00  0.00000E+00  1.0E-05
  9.000E-01  6.16838E-05  1.01779E-16  3.63458E+00  0.00000E+00  1.0E-05
  9.250E-01  6.51582E-05  9.19420E-17  3.28331E+00  0.00000E+00  1.0E-05
  9.500E-01  6.87277E-05  8.32844E-17  2.97414E+00  0.00000E+00  1.0E-05
  9.750E-01  7.23925E-05  7.56332E-17  2.70091E+00  0.00000E+00  1.0E-05
  1.000E+00  7.61524E-05  6.88568E-17  2.45892E+00  0.00000E+00  7.1E-06
  1.100E+00  9.21439E-05  4.83587E-17  1.72692E+00  0.00000E+00  5.4E-06
  1.200E+00  1.09658E-04  3.50029E-17  1.24998E+00  0.00000E+00  2.9E-06
  1.300E+00  1.28695E-04  2.59650E-17  9.27227E-01  0.00000E+00  6.1E-07
  1.400E+00  1.49255E-04  1.96471E-17  7.01609E-01  0.00000E+00  1.1E-06
  1.500E+00  1.71338E-04  1.51434E-17  5.40782E-01  0.00000E+00  2.1E-06
  1.600E+00  1.94942E-04  1.18555E-17  4.23368E-01  0.00000E+00  2.2E-06
  1.700E+00  2.20070E-04  9.40709E-18  3.35933E-01  0.00000E+00  1.8E-06
  1.800E+00  2.46720E-04  7.55266E-18  2.69710E-01  0.00000E+00  1.0E-06
  1.900E+00  2.74892E-04  6.13213E-18  2.18982E-01  0.00000E+00  1.7E-07
  2.000E+00  3.04586E-04  5.02941E-18  1.79603E-01  0.00000E+00  5.1E-07
  2.100E+00  3.35803E-04  4.16298E-18  1.48663E-01  0.00000E+00  9.1E-07
  2.200E+00  3.68542E-04  3.47393E-18  1.24056E-01  0.00000E+00  1.0E-06
  2.300E+00  4.02802E-04  2.92174E-18  1.04337E-01  0.00000E+00  8.1E-07
  2.400E+00  4.38585E-04  2.47506E-18  8.83859E-02  0.00000E+00  4.6E-07
  2.500E+00  4.75889E-04  2.11065E-18  7.53725E-02  0.00000E+00  1.0E-07
  2.600E+00  5.14715E-04  1.81075E-18  6.46630E-02  0.00000E+00  2.9E-07
  2.700E+00  5.55063E-04  1.56240E-18  5.57944E-02  0.00000E+00  5.0E-07
  2.800E+00  5.96931E-04  1.35533E-18  4.83995E-02  0.00000E+00  5.5E-07
  2.900E+00  6.40321E-04  1.18155E-18  4.21939E-02  0.00000E+00  4.4E-07
  3.000E+00  6.85233E-04  1.03480E-18  3.69533E-02  0.00000E+00  2.5E-07
  3.100E+00  7.31665E-04  9.10208E-19  3.25041E-02  0.00000E+00  1.0E-07
  3.200E+00  7.79618E-04  8.03894E-19  2.87076E-02  0.00000E+00  1.9E-07
  3.300E+00  8.29092E-04  7.12722E-19  2.54518E-02  0.00000E+00  3.1E-07
  3.400E+00  8.80086E-04  6.34160E-19  2.26463E-02  0.00000E+00  3.4E-07
  3.500E+00  9.32601E-04  5.66161E-19  2.02180E-02  0.00000E+00  2.7E-07
  3.600E+00  9.86636E-04  5.07078E-19  1.81081E-02  0.00000E+00  1.4E-07
  3.700E+00  1.04219E-03  4.55542E-19  1.62677E-02  0.00000E+00  1.0E-07
  3.800E+00  1.09927E-03  4.10413E-19  1.46561E-02  0.00000E+00  1.3E-07
  3.900E+00  1.15786E-03  3.70752E-19  1.32398E-02  0.00000E+00  2.1E-07
  4.000E+00  1.21797E-03  3.35790E-19  1.19913E-02  0.00000E+00  2.2E-07
  4.100E+00  1.27961E-03  3.04872E-19  1.08872E-02  0.00000E+00  1.8E-07
  4.200E+00  1.34276E-03  2.77447E-19  9.90782E-03  0.00000E+00  1.0E-07
  4.300E+00  1.40743E-03  2.53044E-19  9.03636E-03  0.00000E+00  1.0E-07
  4.400E+00  1.47362E-03  2.31277E-19  8.25906E-03  0.00000E+00  1.0E-07
  4.500E+00  1.54133E-03  2.11811E-19  7.56392E-03  0.00000E+00  1.5E-07
  4.600E+00  1.61056E-03  1.94360E-19  6.94072E-03  0.00000E+00  1.6E-07
  4.700E+00  1.68131E-03  1.78673E-19  6.38052E-03  0.00000E+00  1.2E-07
  4.800E+00  1.75357E-03  1.64543E-19  5.87593E-03  0.00000E+00  1.0E-07
  4.900E+00  1.82735E-03  1.51788E-19  5.42045E-03  0.00000E+00  1.0E-07
  5.000E+00  1.90265E-03  1.40251E-19  5.00845E-03  0.00000E+00  1.0E-07
  5.100E+00  1.97947E-03  1.29792E-19  4.63495E-03  0.00000E+00  1.1E-07
  5.200E+00  2.05780E-03  1.20293E-19  4.29573E-03  0.00000E+00  1.1E-07
  5.300E+00  2.13765E-03  1.11651E-19  3.98712E-03  0.00000E+00  1.0E-07
  5.400E+00  2.21902E-03  1.03774E-19  3.70584E-03  0.00000E+00  1.0E-07
  5.500E+00  2.30190E-03  9.65817E-20  3.44899E-03  0.00000E+00  1.0E-07
  5.600E+00  2.38630E-03  9.00035E-20  3.21408E-03  0.00000E+00  1.0E-07
  5.700E+00  2.47222E-03  8.39782E-20  2.99892E-03  0.00000E+00  1.0E-07
  5.800E+00  2.55965E-03  7.84508E-20  2.80153E-03  0.00000E+00  1.0E-07
  5.900E+00  2.64859E-03  7.33723E-20  2.62017E-03  0.00000E+00  1.0E-07
  6.000E+00  2.73905E-03  6.86990E-20  2.45329E-03  0.00000E+00  1.0E-07
  6.100E+00  2.83103E-03  6.43935E-20  2.29954E-03  0.00000E+00  1.0E-07
  6.200E+00  2.92452E-03  6.04215E-20  2.15769E-03  0.00000E+00  1.0E-07
  6.300E+00  3.01952E-03  5.67523E-20  2.02666E-03  0.00000E+00  1.0E-07
  6.400E+00  3.11604E-03  5.33579E-20  1.90544E-03  0.00000E+00  1.0E-07
  6.500E+00  3.21407E-03  5.02146E-20  1.79320E-03  0.00000E+00  1.0E-07
  6.600E+00  3.31362E-03  4.73004E-20  1.68913E-03  0.00000E+00  1.0E-07
  6.700E+00  3.41468E-03  4.45955E-20  1.59253E-03  0.00000E+00  1.0E-07
  6.800E+00  3.51725E-03  4.20816E-20  1.50276E-03  0.00000E+00  1.0E-07
  6.900E+00  3.62133E-03  3.97431E-20  1.41925E-03  0.00000E+00  1.0E-07
  7.000E+00  3.72692E-03  3.75656E-20  1.34149E-03  0.00000E+00  1.0E-07
  7.100E+00  3.83403E-03  3.55358E-20  1.26901E-03  0.00000E+00  1.0E-07
  7.200E+00  3.94265E-03  3.36417E-20  1.20137E-03  0.00000E+00  1.0E-07
  7.300E+00  4.05278E-03  3.18727E-20  1.13819E-03  0.00000E+00  1.0E-07
  7.400E+00  4.16442E-03  3.02189E-20  1.07914E-03  0.00000E+00  1.0E-07
  7.500E+00  4.27757E-03  2.86715E-20  1.02388E-03  0.00000E+00  1.0E-07
  7.600E+00  4.39223E-03  2.72223E-20  9.72127E-04  0.00000E+00  1.0E-07
  7.700E+00  4.50840E-03  2.58639E-20  9.23616E-04  0.00000E+00  1.0E-07
  7.800E+00  4.62608E-03  2.45896E-20  8.78109E-04  0.00000E+00  1.0E-07
  7.900E+00  4.74527E-03  2.33931E-20  8.35384E-04  0.00000E+00  1.0E-07
  8.000E+00  4.86597E-03  2.22689E-20  7.95237E-04  0.00000E+00  1.0E-07
  8.100E+00  4.98817E-03  2.12117E-20  7.57484E-04  0.00000E+00  1.0E-07
  8.200E+00  5.11188E-03  2.02168E-20  7.21955E-04  0.00000E+00  1.0E-07
  8.300E+00  5.23711E-03  1.92799E-20  6.88497E-04  0.00000E+00  1.0E-07
  8.400E+00  5.36383E-03  1.83969E-20  6.56964E-04  0.00000E+00  1.0E-07
  8.500E+00  5.49207E-03  1.75640E-20  6.27223E-04  0.00000E+00  1.0E-07
  8.600E+00  5.62181E-03  1.67781E-20  5.99155E-04  0.00000E+00  1.0E-07
  8.700E+00  5.75306E-03  1.60358E-20  5.72649E-04  0.00000E+00  1.0E-07
  8.800E+00  5.88581E-03  1.53344E-20  5.47600E-04  0.00000E+00  1.0E-07
  8.900E+00  6.02007E-03  1.46710E-20  5.23912E-04  0.00000E+00  1.0E-07
  9.000E+00  6.15583E-03  1.40434E-20  5.01499E-04  0.00000E+00  1.0E-07
  9.100E+00  6.29310E-03  1.34491E-20  4.80278E-04  0.00000E+00  1.0E-07
  9.200E+00  6.43187E-03  1.28862E-20  4.60174E-04  0.00000E+00  1.0E-07
  9.300E+00  6.57214E-03  1.23525E-20  4.41117E-04  0.00000E+00  1.0E-07
  9.400E+00  6.71392E-03  1.18464E-20  4.23041E-04  0.00000E+00  1.0E-07
  9.500E+00  6.85720E-03  1.13660E-20  4.05888E-04  0.00000E+00  1.0E-07
  9.600E+00  7.00198E-03  1.09099E-20  3.89601E-04  0.00000E+00  1.0E-07
  9.700E+00  7.14827E-03  1.04766E-20  3.74127E-04  0.00000E+00  1.0E-07
  9.800E+00  7.29605E-03  1.00647E-20  3.59418E-04  0.00000E+00  1.0E-07
  9.900E+00  7.44534E-03  9.67300E-21  3.45429E-04  0.00000E+00  1.0E-07
  1.000E+01  7.59612E-03  9.30028E-21  3.32119E-04  0.00000E+00  1.0E-07
  1.025E+01  7.97965E-03  8.44452E-21  3.01559E-04  0.00000E+00  1.0E-07
  1.050E+01  8.37255E-03  7.68555E-21  2.74456E-04  0.00000E+00  1.0E-07
  1.075E+01  8.77480E-03  7.01048E-21  2.50349E-04  0.00000E+00  1.0E-07
  1.100E+01  9.18641E-03  6.40840E-21  2.28848E-04  0.00000E+00  1.0E-07
  1.125E+01  9.60736E-03  5.87001E-21  2.09622E-04  0.00000E+00  1.0E-07
  1.150E+01  1.00376E-02  5.38736E-21  1.92386E-04  0.00000E+00  1.0E-07
  1.175E+01  1.04773E-02  4.95366E-21  1.76898E-04  0.00000E+00  1.0E-07
  1.200E+01  1.09262E-02  4.56304E-21  1.62949E-04  0.00000E+00  1.0E-07
  1.225E+01  1.13844E-02  4.21045E-21  1.50358E-04  0.00000E+00  1.0E-07
  1.250E+01  1.18520E-02  3.89152E-21  1.38969E-04  0.00000E+00  1.0E-07
  1.275E+01  1.23288E-02  3.60246E-21  1.28646E-04  0.00000E+00  1.0E-07
  1.300E+01  1.28150E-02  3.33994E-21  1.19272E-04  0.00000E+00  1.0E-07
  1.325E+01  1.33104E-02  3.10109E-21  1.10742E-04  0.00000E+00  1.0E-07
  1.350E+01  1.38150E-02  2.88340E-21  1.02968E-04  0.00000E+00  1.0E-07
  1.375E+01  1.43290E-02  2.68463E-21  9.58698E-05  0.00000E+00  1.0E-07
  1.400E+01  1.48521E-02  2.50283E-21  8.93779E-05  0.00000E+00  1.0E-07
  1.425E+01  1.53845E-02  2.33631E-21  8.34310E-05  0.00000E+00  1.0E-07
  1.450E+01  1.59262E-02  2.18352E-21  7.79749E-05  0.00000E+00  1.0E-07
  1.475E+01  1.64770E-02  2.04313E-21  7.29615E-05  0.00000E+00  1.0E-07
  1.500E+01  1.70371E-02  1.91394E-21  6.83481E-05  0.00000E+00  1.0E-07
  1.525E+01  1.76063E-02  1.79490E-21  6.40970E-05  0.00000E+00  1.0E-07
  1.550E+01  1.81848E-02  1.68505E-21  6.01744E-05  0.00000E+00  1.0E-07
  1.575E+01  1.87724E-02  1.58356E-21  5.65501E-05  0.00000E+00  1.0E-07
  1.600E+01  1.93692E-02  1.48967E-21  5.31970E-05  0.00000E+00  1.0E-07
  1.625E+01  1.99751E-02  1.40270E-21  5.00913E-05  0.00000E+00  1.0E-07
  1.650E+01  2.05901E-02  1.32205E-21  4.72111E-05  0.00000E+00  1.0E-07
  1.675E+01  2.12143E-02  1.24717E-21  4.45371E-05  0.00000E+00  1.0E-07
  1.700E+01  2.18476E-02  1.17756E-21  4.20515E-05  0.00000E+00  1.0E-07
  1.725E+01  2.24900E-02  1.11280E-21  3.97387E-05  0.00000E+00  1.0E-07
  1.750E+01  2.31415E-02  1.05247E-21  3.75843E-05  0.00000E+00  1.0E-07
  1.775E+01  2.38021E-02  9.96214E-22  3.55754E-05  0.00000E+00  1.0E-07
  1.800E+01  2.44717E-02  9.43706E-22  3.37004E-05  0.00000E+00  1.0E-07
  1.825E+01  2.51504E-02  8.94650E-22  3.19485E-05  0.00000E+00  1.0E-07
  1.850E+01  2.58382E-02  8.48773E-22  3.03102E-05  0.00000E+00  1.0E-07
  1.875E+01  2.65349E-02  8.05831E-22  2.87767E-05  0.00000E+00  1.0E-07
  1.900E+01  2.72407E-02  7.65598E-22  2.73400E-05  0.00000E+00  1.0E-07
  1.925E+01  2.79555E-02  7.27872E-22  2.59928E-05  0.00000E+00  1.0E-07
  1.950E+01  2.86793E-02  6.92467E-22  2.47284E-05  0.00000E+00  1.0E-07
  1.975E+01  2.94120E-02  6.59212E-22  2.35409E-05  0.00000E+00  1.0E-07
  2.000E+01  3.01537E-02  6.27951E-22  2.24245E-05  0.00000E+00  1.0E-07
  2.025E+01  3.09043E-02  5.98541E-22  2.13743E-05  0.00000E+00  1.0E-07
  2.050E+01  3.16639E-02  5.70853E-22  2.03855E-05  0.00000E+00  1.0E-07
  2.075E+01  3.24324E-02  5.44765E-22  1.94539E-05  0.00000E+00  1.0E-07
  2.100E+01  3.32098E-02  5.20166E-22  1.85755E-05  0.00000E+00  1.0E-07
  2.125E+01  3.39961E-02  4.96956E-22  1.77466E-05  0.00000E+00  1.0E-07
  2.150E+01  3.47912E-02  4.75041E-22  1.69640E-05  0.00000E+00  1.0E-07
  2.175E+01  3.55952E-02  4.54334E-22  1.62246E-05  0.00000E+00  1.0E-07
  2.200E+01  3.64081E-02  4.34756E-22  1.55254E-05  0.00000E+00  1.0E-07
  2.225E+01  3.72297E-02  4.16233E-22  1.48640E-05  0.00000E+00  1.0E-07
  2.250E+01  3.80602E-02  3.98698E-22  1.42378E-05  0.00000E+00  1.0E-07
  2.275E+01  3.88995E-02  3.82087E-22  1.36446E-05  0.00000E+00  1.0E-07
  2.300E+01  3.97476E-02  3.66341E-22  1.30823E-05  0.00000E+00  1.0E-07
  2.325E+01  4.06044E-02  3.51408E-22  1.25490E-05  0.00000E+00  1.0E-07
  2.350E+01  4.14700E-02  3.37237E-22  1.20429E-05  0.00000E+00  1.0E-07
  2.375E+01  4.23443E-02  3.23781E-22  1.15624E-05  0.00000E+00  1.0E-07
  2.400E+01  4.32273E-02  3.10998E-22  1.11059E-05  0.00000E+00  1.0E-07
  2.425E+01  4.41190E-02  2.98846E-22  1.06720E-05  0.00000E+00  1.0E-07
  2.450E+01  4.50194E-02  2.87288E-22  1.02593E-05  0.00000E+00  1.0E-07
  2.475E+01  4.59284E-02  2.76291E-22  9.86654E-06  0.00000E+00  1.0E-07
  2.500E+01  4.68461E-02  2.65821E-22  9.49264E-06  0.00000E+00  1.0E-07
  2.550E+01  4.87074E-02  2.46343E-22  8.79708E-06  0.00000E+00  1.0E-07
  2.600E+01  5.06030E-02  2.28637E-22  8.16477E-06  0.00000E+00  1.0E-07
  2.650E+01  5.25328E-02  2.12510E-22  7.58888E-06  0.00000E+00  1.0E-07
  2.700E+01  5.44967E-02  1.97796E-22  7.06343E-06  0.00000E+00  1.0E-07
  2.750E+01  5.64946E-02  1.84347E-22  6.58316E-06  0.00000E+00  1.0E-07
  2.800E+01  5.85262E-02  1.72035E-22  6.14347E-06  0.00000E+00  1.0E-07
  2.850E+01  6.05914E-02  1.60744E-22  5.74026E-06  0.00000E+00  1.0E-07
  2.900E+01  6.26901E-02  1.50374E-22  5.36995E-06  0.00000E+00  1.0E-07
  2.950E+01  6.48222E-02  1.40836E-22  5.02933E-06  0.00000E+00  1.0E-07
  3.000E+01  6.69873E-02  1.32050E-22  4.71558E-06  0.00000E+00  1.0E-07
  3.050E+01  6.91854E-02  1.23945E-22  4.42616E-06  0.00000E+00  1.0E-07
  3.100E+01  7.14163E-02  1.16459E-22  4.15884E-06  0.00000E+00  1.0E-07
  3.150E+01  7.36799E-02  1.09536E-22  3.91159E-06  0.00000E+00  1.0E-07
  3.200E+01  7.59760E-02  1.03124E-22  3.68263E-06  0.00000E+00  1.0E-07
  3.250E+01  7.83043E-02  9.71794E-23  3.47034E-06  0.00000E+00  1.0E-07
  3.300E+01  8.06647E-02  9.16609E-23  3.27327E-06  0.00000E+00  1.0E-07
  3.350E+01  8.30571E-02  8.65322E-23  3.09012E-06  0.00000E+00  1.0E-07
  3.400E+01  8.54812E-02  8.17604E-23  2.91972E-06  0.00000E+00  1.0E-07
  3.450E+01  8.79369E-02  7.73160E-23  2.76100E-06  0.00000E+00  1.0E-07
  3.500E+01  9.04240E-02  7.31720E-23  2.61302E-06  0.00000E+00  1.0E-07
  3.550E+01  9.29422E-02  6.93043E-23  2.47490E-06  0.00000E+00  1.0E-07
  3.600E+01  9.54915E-02  6.56908E-23  2.34586E-06  0.00000E+00  1.0E-07
  3.650E+01  9.80716E-02  6.23116E-23  2.22519E-06  0.00000E+00  1.0E-07
  3.700E+01  1.00682E-01  5.91486E-23  2.11223E-06  0.00000E+00  1.0E-07
  3.750E+01  1.03323E-01  5.61851E-23  2.00641E-06  0.00000E+00  1.0E-07
  3.800E+01  1.05995E-01  5.34062E-23  1.90717E-06  0.00000E+00  1.0E-07
  3.850E+01  1.08696E-01  5.07981E-23  1.81403E-06  0.00000E+00  1.0E-07
  3.900E+01  1.11427E-01  4.83482E-23  1.72655E-06  0.00000E+00  1.0E-07
  3.950E+01  1.14188E-01  4.60451E-23  1.64430E-06  0.00000E+00  1.0E-07
  4.000E+01  1.16978E-01  4.38782E-23  1.56692E-06  0.00000E+00  1.0E-07
  4.050E+01  1.19797E-01  4.18380E-23  1.49406E-06  0.00000E+00  1.0E-07
  4.100E+01  1.22645E-01  3.99156E-23  1.42541E-06  0.00000E+00  1.0E-07
  4.150E+01  1.25522E-01  3.81028E-23  1.36067E-06  0.00000E+00  1.0E-07
  4.200E+01  1.28428E-01  3.63921E-23  1.29959E-06  0.00000E+00  1.0E-07
  4.250E+01  1.31361E-01  3.47767E-23  1.24190E-06  0.00000E+00  1.0E-07
  4.300E+01  1.34323E-01  3.32501E-23  1.18738E-06  0.00000E+00  1.0E-07
  4.350E+01  1.37313E-01  3.18066E-23  1.13584E-06  0.00000E+00  1.0E-07
  4.400E+01  1.40330E-01  3.04408E-23  1.08706E-06  0.00000E+00  1.0E-07
  4.450E+01  1.43375E-01  2.91476E-23  1.04088E-06  0.00000E+00  1.0E-07
  4.500E+01  1.46447E-01  2.79224E-23  9.97128E-07  0.00000E+00  1.0E-07
  4.550E+01  1.49545E-01  2.67610E-23  9.55653E-07  0.00000E+00  1.0E-07
  4.600E+01  1.52671E-01  2.56593E-23  9.16312E-07  0.00000E+00  1.0E-07
  4.650E+01  1.55823E-01  2.46137E-23  8.78972E-07  0.00000E+00  1.0E-07
  4.700E+01  1.59001E-01  2.36208E-23  8.43515E-07  0.00000E+00  1.0E-07
  4.750E+01  1.62205E-01  2.26773E-23  8.09823E-07  0.00000E+00  1.0E-07
  4.800E+01  1.65435E-01  2.17804E-23  7.77792E-07  0.00000E+00  1.0E-07
  4.850E+01  1.68690E-01  2.09273E-23  7.47326E-07  0.00000E+00  1.0E-07
  4.900E+01  1.71970E-01  2.01153E-23  7.18331E-07  0.00000E+00  1.0E-07
  4.950E+01  1.75276E-01  1.93422E-23  6.90723E-07  0.00000E+00  1.0E-07
  5.000E+01  1.78606E-01  1.86058E-23  6.64423E-07  0.00000E+00  1.0E-07
  5.050E+01  1.81961E-01  1.79038E-23  6.39357E-07  0.00000E+00  1.0E-07
  5.100E+01  1.85340E-01  1.72345E-23  6.15454E-07  0.00000E+00  1.0E-07
  5.150E+01  1.88743E-01  1.65959E-23  5.92651E-07  0.00000E+00  1.0E-07
  5.200E+01  1.92169E-01  1.59864E-23  5.70886E-07  0.00000E+00  1.0E-07
  5.250E+01  1.95619E-01  1.54044E-23  5.50102E-07  0.00000E+00  1.0E-07
  5.300E+01  1.99092E-01  1.48484E-23  5.30248E-07  0.00000E+00  1.0E-07
  5.350E+01  2.02589E-01  1.43171E-23  5.11272E-07  0.00000E+00  1.0E-07
  5.400E+01  2.06107E-01  1.38090E-23  4.93129E-07  0.00000E+00  1.0E-07
  5.450E+01  2.09649E-01  1.33231E-23  4.75776E-07  0.00000E+00  1.0E-07
  5.500E+01  2.13212E-01  1.28581E-23  4.59170E-07  0.00000E+00  1.0E-07
  5.550E+01  2.16797E-01  1.24129E-23  4.43273E-07  0.00000E+00  1.0E-07
  5.600E+01  2.20404E-01  1.19866E-23  4.28050E-07  0.00000E+00  1.0E-07
  5.650E+01  2.24032E-01  1.15782E-23  4.13464E-07  0.00000E+00  1.0E-07
  5.700E+01  2.27680E-01  1.11867E-23  3.99486E-07  0.00000E+00  1.0E-07
  5.750E+01  2.31350E-01  1.08114E-23  3.86083E-07  0.00000E+00  1.0E-07
  5.800E+01  2.35040E-01  1.04515E-23  3.73229E-07  0.00000E+00  1.0E-07
  5.850E+01  2.38751E-01  1.01061E-23  3.60896E-07  0.00000E+00  1.0E-07
  5.900E+01  2.42481E-01  9.77463E-24  3.49059E-07  0.00000E+00  1.0E-07
  5.950E+01  2.46231E-01  9.45638E-24  3.37693E-07  0.00000E+00  1.0E-07
  6.000E+01  2.50000E-01  9.15071E-24  3.26778E-07  0.00000E+00  1.0E-07
  6.050E+01  2.53788E-01  8.85704E-24  3.16291E-07  0.00000E+00  1.0E-07
  6.100E+01  2.57595E-01  8.57479E-24  3.06211E-07  0.00000E+00  1.0E-07
  6.150E+01  2.61421E-01  8.30344E-24  2.96521E-07  0.00000E+00  1.0E-07
  6.200E+01  2.65264E-01  8.04247E-24  2.87202E-07  0.00000E+00  1.0E-07
  6.250E+01  2.69126E-01  7.79142E-24  2.78237E-07  0.00000E+00  1.0E-07
  6.300E+01  2.73005E-01  7.54983E-24  2.69609E-07  0.00000E+00  1.0E-07
  6.350E+01  2.76901E-01  7.31728E-24  2.61305E-07  0.00000E+00  1.0E-07
  6.400E+01  2.80814E-01  7.09337E-24  2.53309E-07  0.00000E+00  1.0E-07
  6.450E+01  2.84744E-01  6.87771E-24  2.45608E-07  0.00000E+00  1.0E-07
  6.500E+01  2.88691E-01  6.66994E-24  2.38188E-07  0.00000E+00  1.0E-07
  6.550E+01  2.92653E-01  6.46972E-24  2.31038E-07  0.00000E+00  1.0E-07
  6.600E+01  2.96632E-01  6.27671E-24  2.24145E-07  0.00000E+00  1.0E-07
  6.650E+01  3.00625E-01  6.09060E-24  2.17499E-07  0.00000E+00  1.0E-07
  6.700E+01  3.04634E-01  5.91109E-24  2.11089E-07  0.00000E+00  1.0E-07
  6.750E+01  3.08658E-01  5.73792E-24  2.04905E-07  0.00000E+00  1.0E-07
  6.800E+01  3.12697E-01  5.57080E-24  1.98937E-07  0.00000E+00  1.0E-07
  6.850E+01  3.16749E-01  5.40950E-24  1.93177E-07  0.00000E+00  1.0E-07
  6.900E+01  3.20816E-01  5.25376E-24  1.87615E-07  0.00000E+00  1.0E-07
  6.950E+01  3.24896E-01  5.10336E-24  1.82244E-07  0.00000E+00  1.0E-07
  7.000E+01  3.28990E-01  4.95809E-24  1.77057E-07  0.00000E+00  1.0E-07
  7.050E+01  3.33097E-01  4.81773E-24  1.72044E-07  0.00000E+00  1.0E-07
  7.100E+01  3.37216E-01  4.68208E-24  1.67200E-07  0.00000E+00  1.0E-07
  7.150E+01  3.41348E-01  4.55095E-24  1.62517E-07  0.00000E+00  1.0E-07
  7.200E+01  3.45492E-01  4.42417E-24  1.57990E-07  0.00000E+00  1.0E-07
  7.250E+01  3.49647E-01  4.30156E-24  1.53611E-07  0.00000E+00  1.0E-07
  7.300E+01  3.53814E-01  4.18295E-24  1.49376E-07  0.00000E+00  1.0E-07
  7.350E+01  3.57992E-01  4.06820E-24  1.45278E-07  0.00000E+00  1.0E-07
  7.400E+01  3.62181E-01  3.95716E-24  1.41313E-07  0.00000E+00  1.0E-07
  7.450E+01  3.66381E-01  3.84967E-24  1.37474E-07  0.00000E+00  1.0E-07
  7.500E+01  3.70590E-01  3.74562E-24  1.33758E-07  0.00000E+00  1.0E-07
  7.550E+01  3.74810E-01  3.64485E-24  1.30160E-07  0.00000E+00  1.0E-07
  7.600E+01  3.79039E-01  3.54727E-24  1.26675E-07  0.00000E+00  1.0E-07
  7.650E+01  3.83277E-01  3.45273E-24  1.23299E-07  0.00000E+00  1.0E-07
  7.700E+01  3.87524E-01  3.36113E-24  1.20028E-07  0.00000E+00  1.0E-07
  7.750E+01  3.91780E-01  3.27235E-24  1.16858E-07  0.00000E+00  1.0E-07
  7.800E+01  3.96044E-01  3.18630E-24  1.13785E-07  0.00000E+00  1.0E-07
  7.850E+01  4.00316E-01  3.10288E-24  1.10806E-07  0.00000E+00  1.0E-07
  7.900E+01  4.04596E-01  3.02199E-24  1.07917E-07  0.00000E+00  1.0E-07
  7.950E+01  4.08882E-01  2.94354E-24  1.05116E-07  0.00000E+00  1.0E-07
  8.000E+01  4.13176E-01  2.86744E-24  1.02398E-07  0.00000E+00  1.0E-07
  8.050E+01  4.17476E-01  2.79362E-24  9.97618E-08  0.00000E+00  1.0E-07
  8.100E+01  4.21783E-01  2.72198E-24  9.72036E-08  0.00000E+00  1.0E-07
  8.150E+01  4.26095E-01  2.65245E-24  9.47207E-08  0.00000E+00  1.0E-07
  8.200E+01  4.30413E-01  2.58496E-24  9.23105E-08  0.00000E+00  1.0E-07
  8.250E+01  4.34737E-01  2.51943E-24  8.99705E-08  0.00000E+00  1.0E-07
  8.300E+01  4.39065E-01  2.45580E-24  8.76983E-08  0.00000E+00  1.0E-07
  8.350E+01  4.43398E-01  2.39401E-24  8.54916E-08  0.00000E+00  1.0E-07
  8.400E+01  4.47736E-01  2.33398E-24  8.33480E-08  0.00000E+00  1.0E-07
  8.450E+01  4.52077E-01  2.27567E-24  8.12656E-08  0.00000E+00  1.0E-07
  8.500E+01  4.56422E-01  2.21901E-24  7.92422E-08  0.00000E+00  1.0E-07
  8.550E+01  4.60770E-01  2.16394E-24  7.72759E-08  0.00000E+00  1.0E-07
  8.600E+01  4.65122E-01  2.11043E-24  7.53647E-08  0.00000E+00  1.0E-07
  8.650E+01  4.69476E-01  2.05840E-24  7.35069E-08  0.00000E+00  1.0E-07
  8.700E+01  4.73832E-01  2.00782E-24  7.17006E-08  0.00000E+00  1.0E-07
  8.750E+01  4.78190E-01  1.95864E-24  6.99442E-08  0.00000E+00  1.0E-07
  8.800E+01  4.82550E-01  1.91080E-24  6.82359E-08  0.00000E+00  1.0E-07
  8.850E+01  4.86912E-01  1.86427E-24  6.65743E-08  0.00000E+00  1.0E-07
  8.900E+01  4.91274E-01  1.81901E-24  6.49579E-08  0.00000E+00  1.0E-07
  8.950E+01  4.95637E-01  1.77496E-24  6.33851E-08  0.00000E+00  1.0E-07
  9.000E+01  5.00000E-01  1.73211E-24  6.18547E-08  0.00000E+00  1.0E-07
  9.050E+01  5.04363E-01  1.69040E-24  6.03653E-08  0.00000E+00  1.0E-07
  9.100E+01  5.08726E-01  1.64980E-24  5.89156E-08  0.00000E+00  1.0E-07
  9.150E+01  5.13088E-01  1.61029E-24  5.75043E-08  0.00000E+00  1.0E-07
  9.200E+01  5.17450E-01  1.57181E-24  5.61304E-08  0.00000E+00  1.0E-07
  9.250E+01  5.21810E-01  1.53435E-24  5.47925E-08  0.00000E+00  1.0E-07
  9.300E+01  5.26168E-01  1.49786E-24  5.34895E-08  0.00000E+00  1.0E-07
  9.350E+01  5.30524E-01  1.46232E-24  5.22204E-08  0.00000E+00  1.0E-07
  9.400E+01  5.34878E-01  1.42770E-24  5.09841E-08  0.00000E+00  1.0E-07
  9.450E+01  5.39230E-01  1.39397E-24  4.97797E-08  0.00000E+00  1.0E-07
  9.500E+01  5.43578E-01  1.36111E-24  4.86061E-08  0.00000E+00  1.0E-07
  9.550E+01  5.47923E-01  1.32909E-24  4.74625E-08  0.00000E+00  1.0E-07
  9.600E+01  5.52264E-01  1.29788E-24  4.63480E-08  0.00000E+00  1.0E-07
  9.650E+01  5.56602E-01  1.26746E-24  4.52618E-08  0.00000E+00  1.0E-07
  9.700E+01  5.60935E-01  1.23781E-24  4.42030E-08  0.00000E+00  1.0E-07
  9.750E+01  5.65263E-01  1.20890E-24  4.31707E-08  0.00000E+00  1.0E-07
  9.800E+01  5.69587E-01  1.18072E-24  4.21642E-08  0.00000E+00  1.0E-07
  9.850E+01  5.73905E-01  1.15324E-24  4.11828E-08  0.00000E+00  1.0E-07
  9.900E+01  5.78217E-01  1.12643E-24  4.02256E-08  0.00000E+00  1.0E-07
  9.950E+01  5.82524E-01  1.10028E-24  3.92919E-08  0.00000E+00  1.0E-07
  1.000E+02  5.86824E-01  1.07478E-24  3.83811E-08  0.00000E+00  1.0E-07
  1.005E+02  5.91118E-01  1.04990E-24  3.74925E-08  0.00000E+00  1.0E-07
  1.010E+02  5.95404E-01  1.02562E-24  3.66256E-08  0.00000E+00  1.0E-07
  1.015E+02  5.99684E-01  1.00194E-24  3.57799E-08  0.00000E+00  1.0E-07
  1.020E+02  6.03956E-01  9.78829E-25  3.49546E-08  0.00000E+00  1.0E-07
  1.025E+02  6.08220E-01  9.56275E-25  3.41492E-08  0.00000E+00  1.0E-07
  1.030E+02  6.12476E-01  9.34260E-25  3.33630E-08  0.00000E+00  1.0E-07
  1.035E+02  6.16723E-01  9.12770E-25  3.25956E-08  0.00000E+00  1.0E-07
  1.040E+02  6.20961E-01  8.91790E-25  3.18464E-08  0.00000E+00  1.0E-07
  1.045E+02  6.25190E-01  8.71305E-25  3.11149E-08  0.00000E+00  1.0E-07
  1.050E+02  6.29410E-01  8.51304E-25  3.04006E-08  0.00000E+00  1.0E-07
  1.055E+02  6.33619E-01  8.31773E-25  2.97032E-08  0.00000E+00  1.0E-07
  1.060E+02  6.37819E-01  8.12700E-25  2.90220E-08  0.00000E+00  1.0E-07
  1.065E+02  6.42008E-01  7.94072E-25  2.83568E-08  0.00000E+00  1.0E-07
  1.070E+02  6.46186E-01  7.75878E-25  2.77071E-08  0.00000E+00  1.0E-07
  1.075E+02  6.50353E-01  7.58106E-25  2.70724E-08  0.00000E+00  1.0E-07
  1.080E+02  6.54508E-01  7.40743E-25  2.64524E-08  0.00000E+00  1.0E-07
  1.085E+02  6.58652E-01  7.23780E-25  2.58467E-08  0.00000E+00  1.0E-07
  1.090E+02  6.62784E-01  7.07206E-25  2.52548E-08  0.00000E+00  1.0E-07
  1.095E+02  6.66903E-01  6.91010E-25  2.46764E-08  0.00000E+00  1.0E-07
  1.100E+02  6.71010E-01  6.75182E-25  2.41112E-08  0.00000E+00  1.0E-07
  1.105E+02  6.75104E-01  6.59714E-25  2.35588E-08  0.00000E+00  1.0E-07
  1.110E+02  6.79184E-01  6.44595E-25  2.30189E-08  0.00000E+00  1.0E-07
  1.115E+02  6.83251E-01  6.29817E-25  2.24912E-08  0.00000E+00  1.0E-07
  1.120E+02  6.87303E-01  6.15371E-25  2.19753E-08  0.00000E+00  1.0E-07
  1.125E+02  6.91342E-01  6.01248E-25  2.14710E-08  0.00000E+00  1.0E-07
  1.130E+02  6.95366E-01  5.87442E-25  2.09779E-08  0.00000E+00  1.0E-07
  1.135E+02  6.99375E-01  5.73943E-25  2.04959E-08  0.00000E+00  1.0E-07
  1.140E+02  7.03368E-01  5.60743E-25  2.00245E-08  0.00000E+00  1.0E-07
  1.145E+02  7.07347E-01  5.47836E-25  1.95636E-08  0.00000E+00  1.0E-07
  1.150E+02  7.11309E-01  5.35214E-25  1.91128E-08  0.00000E+00  1.0E-07
  1.155E+02  7.15256E-01  5.22869E-25  1.86720E-08  0.00000E+00  1.0E-07
  1.160E+02  7.19186E-01  5.10796E-25  1.82408E-08  0.00000E+00  1.0E-07
  1.165E+02  7.23099E-01  4.98986E-25  1.78191E-08  0.00000E+00  1.0E-07
  1.170E+02  7.26995E-01  4.87434E-25  1.74066E-08  0.00000E+00  1.0E-07
  1.175E+02  7.30874E-01  4.76134E-25  1.70031E-08  0.00000E+00  1.0E-07
  1.180E+02  7.34736E-01  4.65079E-25  1.66083E-08  0.00000E+00  1.0E-07
  1.185E+02  7.38579E-01  4.54264E-25  1.62220E-08  0.00000E+00  1.0E-07
  1.190E+02  7.42405E-01  4.43682E-25  1.58442E-08  0.00000E+00  1.0E-07
  1.195E+02  7.46212E-01  4.33328E-25  1.54744E-08  0.00000E+00  1.0E-07
  1.200E+02  7.50000E-01  4.23198E-25  1.51127E-08  0.00000E+00  1.0E-07
  1.205E+02  7.53769E-01  4.13285E-25  1.47587E-08  0.00000E+00  1.0E-07
  1.210E+02  7.57519E-01  4.03584E-25  1.44122E-08  0.00000E+00  1.0E-07
  1.215E+02  7.61249E-01  3.94090E-25  1.40732E-08  0.00000E+00  1.0E-07
  1.220E+02  7.64960E-01  3.84799E-25  1.37414E-08  0.00000E+00  1.0E-07
  1.225E+02  7.68650E-01  3.75706E-25  1.34167E-08  0.00000E+00  1.0E-07
  1.230E+02  7.72320E-01  3.66806E-25  1.30989E-08  0.00000E+00  1.0E-07
  1.235E+02  7.75968E-01  3.58094E-25  1.27878E-08  0.00000E+00  1.0E-07
  1.240E+02  7.79596E-01  3.49567E-25  1.24833E-08  0.00000E+00  1.0E-07
  1.245E+02  7.83203E-01  3.41220E-25  1.21852E-08  0.00000E+00  1.0E-07
  1.250E+02  7.86788E-01  3.33050E-25  1.18934E-08  0.00000E+00  1.0E-07
  1.255E+02  7.90351E-01  3.25051E-25  1.16078E-08  0.00000E+00  1.0E-07
  1.260E+02  7.93893E-01  3.17221E-25  1.13282E-08  0.00000E+00  1.0E-07
  1.265E+02  7.97411E-01  3.09555E-25  1.10544E-08  0.00000E+00  1.0E-07
  1.270E+02  8.00908E-01  3.02050E-25  1.07864E-08  0.00000E+00  1.0E-07
  1.275E+02  8.04381E-01  2.94702E-25  1.05240E-08  0.00000E+00  1.0E-07
  1.280E+02  8.07831E-01  2.87508E-25  1.02671E-08  0.00000E+00  1.0E-07
  1.285E+02  8.11257E-01  2.80464E-25  1.00156E-08  0.00000E+00  1.0E-07
  1.290E+02  8.14660E-01  2.73568E-25  9.76930E-09  0.00000E+00  1.0E-07
  1.295E+02  8.18039E-01  2.66816E-25  9.52817E-09  0.00000E+00  1.0E-07
  1.300E+02  8.21394E-01  2.60204E-25  9.29206E-09  0.00000E+00  1.0E-07
  1.305E+02  8.24724E-01  2.53731E-25  9.06088E-09  0.00000E+00  1.0E-07
  1.310E+02  8.28030E-01  2.47392E-25  8.83452E-09  0.00000E+00  1.0E-07
  1.315E+02  8.31310E-01  2.41185E-25  8.61287E-09  0.00000E+00  1.0E-07
  1.320E+02  8.34565E-01  2.35107E-25  8.39583E-09  0.00000E+00  1.0E-07
  1.325E+02  8.37795E-01  2.29156E-25  8.18330E-09  0.00000E+00  1.0E-07
  1.330E+02  8.40999E-01  2.23328E-25  7.97520E-09  0.00000E+00  1.0E-07
  1.335E+02  8.44177E-01  2.17622E-25  7.77144E-09  0.00000E+00  1.0E-07
  1.340E+02  8.47329E-01  2.12035E-25  7.57191E-09  0.00000E+00  1.0E-07
  1.345E+02  8.50455E-01  2.06564E-25  7.37653E-09  0.00000E+00  1.0E-07
  1.350E+02  8.53553E-01  2.01207E-25  7.18523E-09  0.00000E+00  1.0E-07
  1.355E+02  8.56625E-01  1.95962E-25  6.99791E-09  0.00000E+00  1.0E-07
  1.360E+02  8.59670E-01  1.90826E-25  6.81450E-09  0.00000E+00  1.0E-07
  1.365E+02  8.62687E-01  1.85797E-25  6.63492E-09  0.00000E+00  1.0E-07
  1.370E+02  8.65677E-01  1.80873E-25  6.45909E-09  0.00000E+00  1.0E-07
  1.375E+02  8.68639E-01  1.76052E-25  6.28694E-09  0.00000E+00  1.0E-07
  1.380E+02  8.71572E-01  1.71332E-25  6.11838E-09  0.00000E+00  1.0E-07
  1.385E+02  8.74478E-01  1.66711E-25  5.95337E-09  0.00000E+00  1.0E-07
  1.390E+02  8.77355E-01  1.62187E-25  5.79182E-09  0.00000E+00  1.0E-07
  1.395E+02  8.80203E-01  1.57759E-25  5.63366E-09  0.00000E+00  1.0E-07
  1.400E+02  8.83022E-01  1.53423E-25  5.47884E-09  0.00000E+00  1.0E-07
  1.405E+02  8.85812E-01  1.49179E-25  5.32729E-09  0.00000E+00  1.0E-07
  1.410E+02  8.88573E-01  1.45025E-25  5.17894E-09  0.00000E+00  1.0E-07
  1.415E+02  8.91304E-01  1.40959E-25  5.03374E-09  0.00000E+00  1.0E-07
  1.420E+02  8.94005E-01  1.36980E-25  4.89163E-09  0.00000E+00  1.0E-07
  1.425E+02  8.96677E-01  1.33085E-25  4.75255E-09  0.00000E+00  1.0E-07
  1.430E+02  8.99318E-01  1.29273E-25  4.61644E-09  0.00000E+00  1.0E-07
  1.435E+02  9.01928E-01  1.25544E-25  4.48325E-09  0.00000E+00  1.0E-07
  1.440E+02  9.04508E-01  1.21895E-25  4.35294E-09  0.00000E+00  1.0E-07
  1.445E+02  9.07058E-01  1.18324E-25  4.22544E-09  0.00000E+00  1.0E-07
  1.450E+02  9.09576E-01  1.14831E-25  4.10070E-09  0.00000E+00  1.0E-07
  1.455E+02  9.12063E-01  1.11415E-25  3.97869E-09  0.00000E+00  1.0E-07
  1.460E+02  9.14519E-01  1.08073E-25  3.85934E-09  0.00000E+00  1.0E-07
  1.465E+02  9.16943E-01  1.04804E-25  3.74262E-09  0.00000E+00  1.0E-07
  1.470E+02  9.19335E-01  1.01608E-25  3.62847E-09  0.00000E+00  1.0E-07
  1.475E+02  9.21696E-01  9.84822E-26  3.51686E-09  0.00000E+00  1.0E-07
  1.480E+02  9.24024E-01  9.54266E-26  3.40774E-09  0.00000E+00  1.0E-07
  1.485E+02  9.26320E-01  9.24395E-26  3.30108E-09  0.00000E+00  1.0E-07
  1.490E+02  9.28584E-01  8.95200E-26  3.19682E-09  0.00000E+00  1.0E-07
  1.495E+02  9.30815E-01  8.66667E-26  3.09493E-09  0.00000E+00  1.0E-07
  1.500E+02  9.33013E-01  8.38788E-26  2.99537E-09  0.00000E+00  1.0E-07
  1.505E+02  9.35178E-01  8.11551E-26  2.89810E-09  0.00000E+00  1.0E-07
  1.510E+02  9.37310E-01  7.84946E-26  2.80309E-09  0.00000E+00  1.0E-07
  1.515E+02  9.39409E-01  7.58963E-26  2.71031E-09  0.00000E+00  1.0E-07
  1.520E+02  9.41474E-01  7.33593E-26  2.61971E-09  0.00000E+00  1.0E-07
  1.525E+02  9.43505E-01  7.08826E-26  2.53126E-09  0.00000E+00  1.0E-07
  1.530E+02  9.45503E-01  6.84653E-26  2.44494E-09  0.00000E+00  1.0E-07
  1.535E+02  9.47467E-01  6.61065E-26  2.36071E-09  0.00000E+00  1.0E-07
  1.540E+02  9.49397E-01  6.38054E-26  2.27853E-09  0.00000E+00  1.0E-07
  1.545E+02  9.51293E-01  6.15610E-26  2.19838E-09  0.00000E+00  1.0E-07
  1.550E+02  9.53154E-01  5.93727E-26  2.12024E-09  0.00000E+00  1.0E-07
  1.555E+02  9.54981E-01  5.72395E-26  2.04406E-09  0.00000E+00  1.0E-07
  1.560E+02  9.56773E-01  5.51607E-26  1.96983E-09  0.00000E+00  1.0E-07
  1.565E+02  9.58530E-01  5.31357E-26  1.89751E-09  0.00000E+00  1.0E-07
  1.570E+02  9.60252E-01  5.11635E-26  1.82708E-09  0.00000E+00  1.0E-07
  1.575E+02  9.61940E-01  4.92436E-26  1.75852E-09  0.00000E+00  1.0E-07
  1.580E+02  9.63592E-01  4.73753E-26  1.69180E-09  0.00000E+00  1.0E-07
  1.585E+02  9.65209E-01  4.55578E-26  1.62690E-09  0.00000E+00  1.0E-07
  1.590E+02  9.66790E-01  4.37905E-26  1.56379E-09  0.00000E+00  1.0E-07
  1.595E+02  9.68336E-01  4.20729E-26  1.50245E-09  0.00000E+00  1.0E-07
  1.600E+02  9.69846E-01  4.04043E-26  1.44286E-09  0.00000E+00  1.0E-07
  1.605E+02  9.71321E-01  3.87840E-26  1.38500E-09  0.00000E+00  1.0E-07
  1.610E+02  9.72759E-01  3.72117E-26  1.32885E-09  0.00000E+00  1.0E-07
  1.615E+02  9.74162E-01  3.56866E-26  1.27439E-09  0.00000E+00  1.0E-07
  1.620E+02  9.75528E-01  3.42082E-26  1.22160E-09  0.00000E+00  1.0E-07
  1.625E+02  9.76858E-01  3.27762E-26  1.17046E-09  0.00000E+00  1.0E-07
  1.630E+02  9.78152E-01  3.13898E-26  1.12095E-09  0.00000E+00  1.0E-07
  1.635E+02  9.79410E-01  3.00487E-26  1.07306E-09  0.00000E+00  1.0E-07
  1.640E+02  9.80631E-01  2.87524E-26  1.02677E-09  0.00000E+00  1.0E-07
  1.645E+02  9.81815E-01  2.75005E-26  9.82060E-10  0.00000E+00  1.0E-07
  1.650E+02  9.82963E-01  2.62924E-26  9.38920E-10  0.00000E+00  1.0E-07
  1.655E+02  9.84074E-01  2.51279E-26  8.97334E-10  0.00000E+00  1.0E-07
  1.660E+02  9.85148E-01  2.40065E-26  8.57287E-10  0.00000E+00  1.0E-07
  1.665E+02  9.86185E-01  2.29278E-26  8.18765E-10  0.00000E+00  1.0E-07
  1.670E+02  9.87185E-01  2.18914E-26  7.81755E-10  0.00000E+00  1.0E-07
  1.675E+02  9.88148E-01  2.08970E-26  7.46245E-10  0.00000E+00  1.0E-07
  1.680E+02  9.89074E-01  1.99442E-26  7.12222E-10  0.00000E+00  1.0E-07
  1.685E+02  9.89962E-01  1.90328E-26  6.79675E-10  0.00000E+00  1.0E-07
  1.690E+02  9.90814E-01  1.81624E-26  6.48592E-10  0.00000E+00  1.0E-07
  1.695E+02  9.91627E-01  1.73327E-26  6.18963E-10  0.00000E+00  1.0E-07
  1.700E+02  9.92404E-01  1.65435E-26  5.90779E-10  0.00000E+00  1.0E-07
  1.705E+02  9.93143E-01  1.57944E-26  5.64028E-10  0.00000E+00  1.0E-07
  1.710E+02  9.93844E-01  1.50852E-26  5.38704E-10  0.00000E+00  1.0E-07
  1.715E+02  9.94508E-01  1.44158E-26  5.14796E-10  0.00000E+00  1.0E-07
  1.720E+02  9.95134E-01  1.37857E-26  4.92297E-10  0.00000E+00  1.0E-07
  1.725E+02  9.95722E-01  1.31949E-26  4.71199E-10  0.00000E+00  1.0E-07
  1.730E+02  9.96273E-01  1.26432E-26  4.51495E-10  0.00000E+00  1.0E-07
  1.735E+02  9.96786E-01  1.21302E-26  4.33179E-10  0.00000E+00  1.0E-07
  1.740E+02  9.97261E-01  1.16560E-26  4.16244E-10  0.00000E+00  1.0E-07
  1.745E+02  9.97698E-01  1.12203E-26  4.00684E-10  0.00000E+00  1.0E-07
  1.750E+02  9.98097E-01  1.08230E-26  3.86495E-10  0.00000E+00  1.0E-07
  1.755E+02  9.98459E-01  1.04639E-26  3.73672E-10  0.00000E+00  1.0E-07
  1.760E+02  9.98782E-01  1.01429E-26  3.62210E-10  0.00000E+00  1.0E-07
  1.765E+02  9.99067E-01  9.85995E-27  3.52105E-10  0.00000E+00  1.0E-07
  1.770E+02  9.99315E-01  9.61491E-27  3.43355E-10  0.00000E+00  1.0E-07
  1.775E+02  9.99524E-01  9.40771E-27  3.35955E-10  0.00000E+00  1.0E-07
  1.780E+02  9.99695E-01  9.23827E-27  3.29905E-10  0.00000E+00  1.0E-07
  1.785E+02  9.99829E-01  9.10655E-27  3.25201E-10  0.00000E+00  1.0E-07
  1.790E+02  9.99924E-01  9.01249E-27  3.21842E-10  0.00000E+00  1.0E-07
  1.795E+02  9.99981E-01  8.95607E-27  3.19827E-10  0.00000E+00  1.0E-07
  1.800E+02  1.00000E+00  8.93727E-27  3.19156E-10  0.00000E+00  1.0E-07
