 #
 # Subroutine ELSEPA. Elastic scattering of electrons and positrons
 #                    by neutral atoms and positive ions
 #
 # Projectile: electron
 # Kinetic energy = 3.70000E+06 eV = 1.35973E+05 a.u.
 #
 # WARNING: High-energy factorization with free-atom DF screening.
 #          Absorption, polarization and exchange corrections are
 #          switched off.
 #          Phase shifts are calculated for the bare nucleus.
 #          Scattering amplitudes are not evaluated.
 #
 # Element: Ne,  Z =  10,  atomic weight = 2.01797E+01 g/mol
 #
 # Nuclear model: Fermi distribution
 #                Average radius = 2.91310E-13 cm
 #                Skin thickness = 5.46000E-14 cm
 #
 # Number of electrons = 10
 #
 # Total elastic cross section = 2.97572E-19 cm**2 = 1.06265E-02 a0**2
 # 1st transport cross section = 8.75299E-24 cm**2 = 3.12575E-07 a0**2
 # 2nd transport cross section = 2.50119E-23 cm**2 = 8.93192E-07 a0**2
 #
 #
 # Differential cross section:                       MU=(1-COS(THETA))/2
 #
 #  THETA        MU          DCS          DCS        Sherman      error
 #  (deg)                 (cm**2/sr)   (a0**2/sr)    function
 #----------------------------------------------------------------------
  0.000E+00  0.00000E+00  1.84631E-14  6.59329E+02  0.00000E+00  1.0E-05
  1.000E-04  7.61557E-13  1.84631E-14  6.59328E+02  0.00000E+00  1.0E-05
  1.250E-04  1.18994E-12  1.84630E-14  6.59327E+02  0.00000E+00  1.0E-05
  1.500E-04  1.71346E-12  1.84630E-14  6.59327E+02  0.00000E+00  1.0E-05
  1.750E-04  2.33225E-12  1.84630E-14  6.59326E+02  0.00000E+00  1.0E-05
  2.000E-04  3.04617E-12  1.84630E-14  6.59325E+02  0.00000E+00  1.0E-05
  2.250E-04  3.85530E-12  1.84630E-14  6.59324E+02  0.00000E+00  1.0E-05
  2.500E-04  4.75964E-12  1.84629E-14  6.59324E+02  0.00000E+00  1.0E-05
  2.750E-04  5.75917E-12  1.84629E-14  6.59323E+02  0.00000E+00  1.0E-05
  3.000E-04  6.85391E-12  1.84629E-14  6.59321E+02  0.00000E+00  1.0E-05
  3.250E-04  8.04379E-12  1.84628E-14  6.59320E+02  0.00000E+00  1.0E-05
  3.500E-04  9.32893E-12  1.84628E-14  6.59319E+02  0.00000E+00  1.0E-05
  3.750E-04  1.07092E-11  1.84628E-14  6.59318E+02  0.00000E+00  1.0E-05
  4.000E-04  1.21847E-11  1.84627E-14  6.59316E+02  0.00000E+00  1.0E-05
  4.250E-04  1.37554E-11  1.84627E-14  6.59315E+02  0.00000E+00  1.0E-05
  4.500E-04  1.54213E-11  1.84626E-14  6.59313E+02  0.00000E+00  1.0E-05
  4.750E-04  1.71823E-11  1.84626E-14  6.59311E+02  0.00000E+00  1.0E-05
  5.000E-04  1.90386E-11  1.84625E-14  6.59309E+02  0.00000E+00  1.0E-05
  5.250E-04  2.09900E-11  1.84625E-14  6.59308E+02  0.00000E+00  1.0E-05
  5.500E-04  2.30367E-11  1.84624E-14  6.59306E+02  0.00000E+00  1.0E-05
  5.750E-04  2.51785E-11  1.84624E-14  6.59303E+02  0.00000E+00  1.0E-05
  6.000E-04  2.74156E-11  1.84623E-14  6.59301E+02  0.00000E+00  1.0E-05
  6.250E-04  2.97478E-11  1.84623E-14  6.59299E+02  0.00000E+00  1.0E-05
  6.500E-04  3.21752E-11  1.84622E-14  6.59297E+02  0.00000E+00  1.0E-05
  6.750E-04  3.46979E-11  1.84621E-14  6.59294E+02  0.00000E+00  1.0E-05
  7.000E-04  3.73157E-11  1.84620E-14  6.59292E+02  0.00000E+00  1.0E-05
  7.250E-04  4.00286E-11  1.84620E-14  6.59289E+02  0.00000E+00  1.0E-05
  7.500E-04  4.28368E-11  1.84619E-14  6.59286E+02  0.00000E+00  1.0E-05
  7.750E-04  4.57402E-11  1.84618E-14  6.59283E+02  0.00000E+00  1.0E-05
  8.000E-04  4.87388E-11  1.84617E-14  6.59281E+02  0.00000E+00  1.0E-05
  8.250E-04  5.18325E-11  1.84617E-14  6.59277E+02  0.00000E+00  1.0E-05
  8.500E-04  5.50215E-11  1.84616E-14  6.59274E+02  0.00000E+00  1.0E-05
  8.750E-04  5.83057E-11  1.84615E-14  6.59271E+02  0.00000E+00  1.0E-05
  9.000E-04  6.16850E-11  1.84614E-14  6.59268E+02  0.00000E+00  1.0E-05
  9.250E-04  6.51595E-11  1.84613E-14  6.59265E+02  0.00000E+00  1.0E-05
  9.500E-04  6.87293E-11  1.84612E-14  6.59261E+02  0.00000E+00  1.0E-05
  9.750E-04  7.23943E-11  1.84611E-14  6.59258E+02  0.00000E+00  1.0E-05
  1.000E-03  7.61544E-11  1.84610E-14  6.59254E+02  0.00000E+00  1.0E-05
  1.250E-03  1.18991E-10  1.84598E-14  6.59213E+02  0.00000E+00  1.0E-05
  1.500E-03  1.71347E-10  1.84584E-14  6.59162E+02  0.00000E+00  1.0E-05
  1.750E-03  2.33223E-10  1.84568E-14  6.59103E+02  0.00000E+00  1.0E-05
  2.000E-03  3.04617E-10  1.84549E-14  6.59035E+02  0.00000E+00  1.0E-05
  2.250E-03  3.85531E-10  1.84527E-14  6.58957E+02  0.00000E+00  1.0E-05
  2.500E-03  4.75965E-10  1.84503E-14  6.58871E+02  0.00000E+00  1.0E-05
  2.750E-03  5.75917E-10  1.84476E-14  6.58775E+02  0.00000E+00  1.0E-05
  3.000E-03  6.85389E-10  1.84447E-14  6.58671E+02  0.00000E+00  1.0E-05
  3.250E-03  8.04380E-10  1.84415E-14  6.58558E+02  0.00000E+00  1.0E-05
  3.500E-03  9.32891E-10  1.84381E-14  6.58435E+02  0.00000E+00  1.0E-05
  3.750E-03  1.07092E-09  1.84344E-14  6.58304E+02  0.00000E+00  1.0E-05
  4.000E-03  1.21847E-09  1.84304E-14  6.58163E+02  0.00000E+00  1.0E-05
  4.250E-03  1.37554E-09  1.84263E-14  6.58014E+02  0.00000E+00  1.0E-05
  4.500E-03  1.54213E-09  1.84218E-14  6.57855E+02  0.00000E+00  1.0E-05
  4.750E-03  1.71823E-09  1.84171E-14  6.57688E+02  0.00000E+00  1.0E-05
  5.000E-03  1.90386E-09  1.84122E-14  6.57512E+02  0.00000E+00  1.0E-05
  5.250E-03  2.09900E-09  1.84070E-14  6.57326E+02  0.00000E+00  1.0E-05
  5.500E-03  2.30367E-09  1.84016E-14  6.57132E+02  0.00000E+00  1.0E-05
  5.750E-03  2.51785E-09  1.83959E-14  6.56929E+02  0.00000E+00  1.0E-05
  6.000E-03  2.74156E-09  1.83900E-14  6.56717E+02  0.00000E+00  1.0E-05
  6.250E-03  2.97478E-09  1.83838E-14  6.56496E+02  0.00000E+00  1.0E-05
  6.500E-03  3.21752E-09  1.83773E-14  6.56266E+02  0.00000E+00  1.0E-05
  6.750E-03  3.46978E-09  1.83707E-14  6.56028E+02  0.00000E+00  1.0E-05
  7.000E-03  3.73156E-09  1.83637E-14  6.55780E+02  0.00000E+00  1.0E-05
  7.250E-03  4.00286E-09  1.83565E-14  6.55524E+02  0.00000E+00  1.0E-05
  7.500E-03  4.28368E-09  1.83491E-14  6.55259E+02  0.00000E+00  1.0E-05
  7.750E-03  4.57402E-09  1.83415E-14  6.54985E+02  0.00000E+00  1.0E-05
  8.000E-03  4.87388E-09  1.83335E-14  6.54702E+02  0.00000E+00  1.0E-05
  8.250E-03  5.18326E-09  1.83254E-14  6.54411E+02  0.00000E+00  1.0E-05
  8.500E-03  5.50215E-09  1.83170E-14  6.54111E+02  0.00000E+00  1.0E-05
  8.750E-03  5.83057E-09  1.83083E-14  6.53801E+02  0.00000E+00  1.0E-05
  9.000E-03  6.16850E-09  1.82994E-14  6.53483E+02  0.00000E+00  1.0E-05
  9.250E-03  6.51596E-09  1.82903E-14  6.53158E+02  0.00000E+00  1.0E-05
  9.500E-03  6.87293E-09  1.82809E-14  6.52822E+02  0.00000E+00  1.0E-05
  9.750E-03  7.23942E-09  1.82712E-14  6.52478E+02  0.00000E+00  1.0E-05
  1.000E-02  7.61544E-09  1.82614E-14  6.52126E+02  0.00000E+00  1.0E-05
  1.250E-02  1.18991E-08  1.81495E-14  6.48130E+02  0.00000E+00  1.0E-05
  1.500E-02  1.71347E-08  1.80141E-14  6.43295E+02  0.00000E+00  1.0E-05
  1.750E-02  2.33223E-08  1.78559E-14  6.37647E+02  0.00000E+00  1.0E-05
  2.000E-02  3.04617E-08  1.76759E-14  6.31219E+02  0.00000E+00  1.0E-05
  2.250E-02  3.85531E-08  1.74751E-14  6.24047E+02  0.00000E+00  1.0E-05
  2.500E-02  4.75965E-08  1.72545E-14  6.16168E+02  0.00000E+00  1.0E-05
  2.750E-02  5.75917E-08  1.70153E-14  6.07626E+02  0.00000E+00  1.0E-05
  3.000E-02  6.85389E-08  1.67587E-14  5.98465E+02  0.00000E+00  1.0E-05
  3.250E-02  8.04380E-08  1.64861E-14  5.88731E+02  0.00000E+00  1.0E-05
  3.500E-02  9.32891E-08  1.61854E-14  5.77990E+02  0.00000E+00  1.0E-05
  3.750E-02  1.07092E-07  1.58659E-14  5.66581E+02  0.00000E+00  1.0E-05
  4.000E-02  1.21847E-07  1.55579E-14  5.55581E+02  0.00000E+00  1.0E-05
  4.250E-02  1.37554E-07  1.52625E-14  5.45034E+02  0.00000E+00  1.0E-05
  4.500E-02  1.54213E-07  1.48998E-14  5.32081E+02  0.00000E+00  1.0E-05
  4.750E-02  1.71823E-07  1.45551E-14  5.19772E+02  0.00000E+00  1.0E-05
  5.000E-02  1.90386E-07  1.42293E-14  5.08138E+02  0.00000E+00  1.0E-05
  5.250E-02  2.09900E-07  1.38715E-14  4.95360E+02  0.00000E+00  1.0E-05
  5.500E-02  2.30367E-07  1.35013E-14  4.82141E+02  0.00000E+00  1.0E-05
  5.750E-02  2.51785E-07  1.31546E-14  4.69758E+02  0.00000E+00  1.0E-05
  6.000E-02  2.74156E-07  1.28143E-14  4.57608E+02  0.00000E+00  1.0E-05
  6.250E-02  2.97478E-07  1.24305E-14  4.43901E+02  0.00000E+00  1.0E-05
  6.500E-02  3.21752E-07  1.20729E-14  4.31131E+02  0.00000E+00  1.0E-05
  6.750E-02  3.46978E-07  1.17398E-14  4.19235E+02  0.00000E+00  1.0E-05
  7.000E-02  3.73156E-07  1.13705E-14  4.06048E+02  0.00000E+00  1.0E-05
  7.250E-02  4.00286E-07  1.10118E-14  3.93239E+02  0.00000E+00  1.0E-05
  7.500E-02  4.28368E-07  1.06785E-14  3.81336E+02  0.00000E+00  1.0E-05
  7.750E-02  4.57402E-07  1.03430E-14  3.69354E+02  0.00000E+00  1.0E-05
  8.000E-02  4.87388E-07  9.99171E-15  3.56811E+02  0.00000E+00  1.0E-05
  8.250E-02  5.18325E-07  9.66565E-15  3.45167E+02  0.00000E+00  1.0E-05
  8.500E-02  5.50215E-07  9.36270E-15  3.34348E+02  0.00000E+00  1.0E-05
  8.750E-02  5.83057E-07  9.02673E-15  3.22351E+02  0.00000E+00  1.0E-05
  9.000E-02  6.16850E-07  8.71388E-15  3.11178E+02  0.00000E+00  1.0E-05
  9.250E-02  6.51596E-07  8.42321E-15  3.00798E+02  0.00000E+00  1.0E-05
  9.500E-02  6.87293E-07  8.12577E-15  2.90176E+02  0.00000E+00  1.0E-05
  9.750E-02  7.23942E-07  7.83042E-15  2.79629E+02  0.00000E+00  1.0E-05
  1.000E-01  7.61543E-07  7.55587E-15  2.69825E+02  0.00000E+00  1.0E-05
  1.250E-01  1.18991E-06  5.18874E-15  1.85293E+02  0.00000E+00  1.0E-05
  1.500E-01  1.71347E-06  3.52298E-15  1.25808E+02  0.00000E+00  1.0E-05
  1.750E-01  2.33223E-06  2.39486E-15  8.55222E+01  0.00000E+00  1.0E-05
  2.000E-01  3.04617E-06  1.64492E-15  5.87411E+01  0.00000E+00  1.0E-05
  2.250E-01  3.85531E-06  1.14680E-15  4.09531E+01  0.00000E+00  1.0E-05
  2.500E-01  4.75964E-06  8.12446E-16  2.90130E+01  0.00000E+00  1.0E-05
  2.750E-01  5.75916E-06  5.85796E-16  2.09192E+01  0.00000E+00  1.0E-05
  3.000E-01  6.85388E-06  4.30497E-16  1.53733E+01  0.00000E+00  1.0E-05
  3.250E-01  8.04378E-06  3.22032E-16  1.15000E+01  0.00000E+00  1.0E-05
  3.500E-01  9.32888E-06  2.44607E-16  8.73507E+00  0.00000E+00  1.0E-05
  3.750E-01  1.07092E-05  1.89120E-16  6.75360E+00  0.00000E+00  1.0E-05
  4.000E-01  1.21846E-05  1.48271E-16  5.29487E+00  0.00000E+00  1.0E-05
  4.250E-01  1.37553E-05  1.17895E-16  4.21009E+00  0.00000E+00  1.0E-05
  4.500E-01  1.54212E-05  9.49414E-17  3.39042E+00  0.00000E+00  1.0E-05
  4.750E-01  1.71822E-05  7.73445E-17  2.76202E+00  0.00000E+00  1.0E-05
  5.000E-01  1.90385E-05  6.36694E-17  2.27367E+00  0.00000E+00  1.0E-05
  5.250E-01  2.09899E-05  5.29275E-17  1.89008E+00  0.00000E+00  1.0E-05
  5.500E-01  2.30365E-05  4.43899E-17  1.58519E+00  0.00000E+00  1.0E-05
  5.750E-01  2.51783E-05  3.75304E-17  1.34024E+00  0.00000E+00  1.0E-05
  6.000E-01  2.74153E-05  3.19639E-17  1.14145E+00  0.00000E+00  1.0E-05
  6.250E-01  2.97475E-05  2.74086E-17  9.78780E-01  0.00000E+00  1.0E-05
  6.500E-01  3.21749E-05  2.36500E-17  8.44556E-01  0.00000E+00  1.0E-05
  6.750E-01  3.46974E-05  2.05222E-17  7.32863E-01  0.00000E+00  1.0E-05
  7.000E-01  3.73152E-05  1.79014E-17  6.39270E-01  0.00000E+00  1.0E-05
  7.250E-01  4.00281E-05  1.56920E-17  5.60373E-01  0.00000E+00  1.0E-05
  7.500E-01  4.28362E-05  1.38180E-17  4.93451E-01  0.00000E+00  1.0E-05
  7.750E-01  4.57395E-05  1.22171E-17  4.36282E-01  0.00000E+00  1.0E-05
  8.000E-01  4.87380E-05  1.08438E-17  3.87239E-01  0.00000E+00  1.0E-05
  8.250E-01  5.18317E-05  9.66016E-18  3.44971E-01  0.00000E+00  1.0E-05
  8.500E-01  5.50205E-05  8.63519E-18  3.08368E-01  0.00000E+00  1.0E-05
  8.750E-01  5.83045E-05  7.74229E-18  2.76482E-01  0.00000E+00  1.0E-05
  9.000E-01  6.16838E-05  6.96276E-18  2.48645E-01  0.00000E+00  1.0E-05
  9.250E-01  6.51582E-05  6.27958E-18  2.24248E-01  0.00000E+00  1.0E-05
  9.500E-01  6.87277E-05  5.67836E-18  2.02778E-01  0.00000E+00  1.0E-05
  9.750E-01  7.23925E-05  5.14708E-18  1.83805E-01  0.00000E+00  1.0E-05
  1.000E+00  7.61524E-05  4.67676E-18  1.67010E-01  0.00000E+00  9.0E-07
  1.100E+00  9.21439E-05  3.25647E-18  1.16290E-01  0.00000E+00  6.8E-07
  1.200E+00  1.09658E-04  2.33565E-18  8.34076E-02  0.00000E+00  3.7E-07
  1.300E+00  1.28695E-04  1.71748E-18  6.13323E-02  0.00000E+00  1.0E-07
  1.400E+00  1.49255E-04  1.29015E-18  4.60720E-02  0.00000E+00  1.5E-07
  1.500E+00  1.71338E-04  9.87268E-19  3.52560E-02  0.00000E+00  2.6E-07
  1.600E+00  1.94942E-04  7.67886E-19  2.74217E-02  0.00000E+00  2.8E-07
  1.700E+00  2.20070E-04  6.05928E-19  2.16381E-02  0.00000E+00  2.2E-07
  1.800E+00  2.46720E-04  4.84325E-19  1.72956E-02  0.00000E+00  1.3E-07
  1.900E+00  2.74892E-04  3.91633E-19  1.39855E-02  0.00000E+00  1.0E-07
  2.000E+00  3.04586E-04  3.20013E-19  1.14279E-02  0.00000E+00  1.0E-07
  2.100E+00  3.35803E-04  2.63985E-19  9.42709E-03  0.00000E+00  1.2E-07
  2.200E+00  3.68542E-04  2.19663E-19  7.84430E-03  0.00000E+00  1.3E-07
  2.300E+00  4.02802E-04  1.84238E-19  6.57926E-03  0.00000E+00  1.0E-07
  2.400E+00  4.38585E-04  1.55657E-19  5.55862E-03  0.00000E+00  1.0E-07
  2.500E+00  4.75889E-04  1.32397E-19  4.72799E-03  0.00000E+00  1.0E-07
  2.600E+00  5.14715E-04  1.13315E-19  4.04656E-03  0.00000E+00  1.0E-07
  2.700E+00  5.55063E-04  9.75442E-20  3.48337E-03  0.00000E+00  1.0E-07
  2.800E+00  5.96931E-04  8.44195E-20  3.01468E-03  0.00000E+00  1.0E-07
  2.900E+00  6.40321E-04  7.34267E-20  2.62212E-03  0.00000E+00  1.0E-07
  3.000E+00  6.85233E-04  6.41642E-20  2.29134E-03  0.00000E+00  1.0E-07
  3.100E+00  7.31665E-04  5.63156E-20  2.01106E-03  0.00000E+00  1.0E-07
  3.200E+00  7.79618E-04  4.96300E-20  1.77232E-03  0.00000E+00  1.0E-07
  3.300E+00  8.29092E-04  4.39069E-20  1.56795E-03  0.00000E+00  1.0E-07
  3.400E+00  8.80086E-04  3.89849E-20  1.39218E-03  0.00000E+00  1.0E-07
  3.500E+00  9.32601E-04  3.47333E-20  1.24035E-03  0.00000E+00  1.0E-07
  3.600E+00  9.86636E-04  3.10454E-20  1.10865E-03  0.00000E+00  1.0E-07
  3.700E+00  1.04219E-03  2.78342E-20  9.93976E-04  0.00000E+00  1.0E-07
  3.800E+00  1.09927E-03  2.50274E-20  8.93746E-04  0.00000E+00  1.0E-07
  3.900E+00  1.15786E-03  2.25657E-20  8.05834E-04  0.00000E+00  1.0E-07
  4.000E+00  1.21797E-03  2.03992E-20  7.28468E-04  0.00000E+00  1.0E-07
  4.100E+00  1.27961E-03  1.84865E-20  6.60167E-04  0.00000E+00  1.0E-07
  4.200E+00  1.34276E-03  1.67929E-20  5.99685E-04  0.00000E+00  1.0E-07
  4.300E+00  1.40743E-03  1.52888E-20  5.45975E-04  0.00000E+00  1.0E-07
  4.400E+00  1.47362E-03  1.39495E-20  4.98145E-04  0.00000E+00  1.0E-07
  4.500E+00  1.54133E-03  1.27537E-20  4.55441E-04  0.00000E+00  1.0E-07
  4.600E+00  1.61056E-03  1.16833E-20  4.17217E-04  0.00000E+00  1.0E-07
  4.700E+00  1.68131E-03  1.07229E-20  3.82921E-04  0.00000E+00  1.0E-07
  4.800E+00  1.75357E-03  9.85920E-21  3.52079E-04  0.00000E+00  1.0E-07
  4.900E+00  1.82735E-03  9.08078E-21  3.24281E-04  0.00000E+00  1.0E-07
  5.000E+00  1.90265E-03  8.37772E-21  2.99174E-04  0.00000E+00  1.0E-07
  5.100E+00  1.97947E-03  7.74142E-21  2.76451E-04  0.00000E+00  1.0E-07
  5.200E+00  2.05780E-03  7.16442E-21  2.55846E-04  0.00000E+00  1.0E-07
  5.300E+00  2.13765E-03  6.64021E-21  2.37126E-04  0.00000E+00  1.0E-07
  5.400E+00  2.21902E-03  6.16310E-21  2.20088E-04  0.00000E+00  1.0E-07
  5.500E+00  2.30190E-03  5.72810E-21  2.04554E-04  0.00000E+00  1.0E-07
  5.600E+00  2.38630E-03  5.33083E-21  1.90367E-04  0.00000E+00  1.0E-07
  5.700E+00  2.47222E-03  4.96743E-21  1.77390E-04  0.00000E+00  1.0E-07
  5.800E+00  2.55965E-03  4.63449E-21  1.65501E-04  0.00000E+00  1.0E-07
  5.900E+00  2.64859E-03  4.32899E-21  1.54591E-04  0.00000E+00  1.0E-07
  6.000E+00  2.73905E-03  4.04828E-21  1.44567E-04  0.00000E+00  1.0E-07
  6.100E+00  2.83103E-03  3.78996E-21  1.35342E-04  0.00000E+00  1.0E-07
  6.200E+00  2.92452E-03  3.55194E-21  1.26842E-04  0.00000E+00  1.0E-07
  6.300E+00  3.01952E-03  3.33232E-21  1.18999E-04  0.00000E+00  1.0E-07
  6.400E+00  3.11604E-03  3.12943E-21  1.11754E-04  0.00000E+00  1.0E-07
  6.500E+00  3.21407E-03  2.94176E-21  1.05052E-04  0.00000E+00  1.0E-07
  6.600E+00  3.31362E-03  2.76795E-21  9.88454E-05  0.00000E+00  1.0E-07
  6.700E+00  3.41468E-03  2.60681E-21  9.30907E-05  0.00000E+00  1.0E-07
  6.800E+00  3.51725E-03  2.45722E-21  8.77491E-05  0.00000E+00  1.0E-07
  6.900E+00  3.62133E-03  2.31823E-21  8.27854E-05  0.00000E+00  1.0E-07
  7.000E+00  3.72692E-03  2.18893E-21  7.81680E-05  0.00000E+00  1.0E-07
  7.100E+00  3.83403E-03  2.06852E-21  7.38684E-05  0.00000E+00  1.0E-07
  7.200E+00  3.94265E-03  1.95629E-21  6.98605E-05  0.00000E+00  1.0E-07
  7.300E+00  4.05278E-03  1.85157E-21  6.61207E-05  0.00000E+00  1.0E-07
  7.400E+00  4.16442E-03  1.75376E-21  6.26279E-05  0.00000E+00  1.0E-07
  7.500E+00  4.27757E-03  1.66233E-21  5.93628E-05  0.00000E+00  1.0E-07
  7.600E+00  4.39223E-03  1.57678E-21  5.63079E-05  0.00000E+00  1.0E-07
  7.700E+00  4.50840E-03  1.49668E-21  5.34472E-05  0.00000E+00  1.0E-07
  7.800E+00  4.62608E-03  1.42160E-21  5.07661E-05  0.00000E+00  1.0E-07
  7.900E+00  4.74527E-03  1.35117E-21  4.82511E-05  0.00000E+00  1.0E-07
  8.000E+00  4.86597E-03  1.28505E-21  4.58901E-05  0.00000E+00  1.0E-07
  8.100E+00  4.98817E-03  1.22294E-21  4.36718E-05  0.00000E+00  1.0E-07
  8.200E+00  5.11188E-03  1.16453E-21  4.15861E-05  0.00000E+00  1.0E-07
  8.300E+00  5.23711E-03  1.10957E-21  3.96236E-05  0.00000E+00  1.0E-07
  8.400E+00  5.36383E-03  1.05782E-21  3.77755E-05  0.00000E+00  1.0E-07
  8.500E+00  5.49207E-03  1.00906E-21  3.60341E-05  0.00000E+00  1.0E-07
  8.600E+00  5.62181E-03  9.63072E-22  3.43919E-05  0.00000E+00  1.0E-07
  8.700E+00  5.75306E-03  9.19679E-22  3.28423E-05  0.00000E+00  1.0E-07
  8.800E+00  5.88581E-03  8.78705E-22  3.13791E-05  0.00000E+00  1.0E-07
  8.900E+00  6.02007E-03  8.39989E-22  2.99965E-05  0.00000E+00  1.0E-07
  9.000E+00  6.15583E-03  8.03384E-22  2.86894E-05  0.00000E+00  1.0E-07
  9.100E+00  6.29310E-03  7.68753E-22  2.74527E-05  0.00000E+00  1.0E-07
  9.200E+00  6.43187E-03  7.35970E-22  2.62820E-05  0.00000E+00  1.0E-07
  9.300E+00  6.57214E-03  7.04918E-22  2.51731E-05  0.00000E+00  1.0E-07
  9.400E+00  6.71392E-03  6.75487E-22  2.41221E-05  0.00000E+00  1.0E-07
  9.500E+00  6.85720E-03  6.47578E-22  2.31254E-05  0.00000E+00  1.0E-07
  9.600E+00  7.00198E-03  6.21096E-22  2.21798E-05  0.00000E+00  1.0E-07
  9.700E+00  7.14827E-03  5.95956E-22  2.12820E-05  0.00000E+00  1.0E-07
  9.800E+00  7.29605E-03  5.72076E-22  2.04292E-05  0.00000E+00  1.0E-07
  9.900E+00  7.44534E-03  5.49381E-22  1.96188E-05  0.00000E+00  1.0E-07
  1.000E+01  7.59612E-03  5.27802E-22  1.88481E-05  0.00000E+00  1.0E-07
  1.025E+01  7.97965E-03  4.78316E-22  1.70810E-05  0.00000E+00  1.0E-07
  1.050E+01  8.37255E-03  4.34500E-22  1.55163E-05  0.00000E+00  1.0E-07
  1.075E+01  8.77480E-03  3.95592E-22  1.41269E-05  0.00000E+00  1.0E-07
  1.100E+01  9.18641E-03  3.60947E-22  1.28897E-05  0.00000E+00  1.0E-07
  1.125E+01  9.60736E-03  3.30016E-22  1.17851E-05  0.00000E+00  1.0E-07
  1.150E+01  1.00376E-02  3.02331E-22  1.07964E-05  0.00000E+00  1.0E-07
  1.175E+01  1.04773E-02  2.77491E-22  9.90938E-06  0.00000E+00  1.0E-07
  1.200E+01  1.09262E-02  2.55153E-22  9.11166E-06  0.00000E+00  1.0E-07
  1.225E+01  1.13844E-02  2.35019E-22  8.39268E-06  0.00000E+00  1.0E-07
  1.250E+01  1.18520E-02  2.16834E-22  7.74328E-06  0.00000E+00  1.0E-07
  1.275E+01  1.23288E-02  2.00376E-22  7.15554E-06  0.00000E+00  1.0E-07
  1.300E+01  1.28150E-02  1.85451E-22  6.62256E-06  0.00000E+00  1.0E-07
  1.325E+01  1.33104E-02  1.71891E-22  6.13833E-06  0.00000E+00  1.0E-07
  1.350E+01  1.38150E-02  1.59548E-22  5.69758E-06  0.00000E+00  1.0E-07
  1.375E+01  1.43290E-02  1.48295E-22  5.29571E-06  0.00000E+00  1.0E-07
  1.400E+01  1.48521E-02  1.38017E-22  4.92868E-06  0.00000E+00  1.0E-07
  1.425E+01  1.53845E-02  1.28615E-22  4.59292E-06  0.00000E+00  1.0E-07
  1.450E+01  1.59262E-02  1.20000E-22  4.28529E-06  0.00000E+00  1.0E-07
  1.475E+01  1.64770E-02  1.12095E-22  4.00300E-06  0.00000E+00  1.0E-07
  1.500E+01  1.70371E-02  1.04831E-22  3.74359E-06  0.00000E+00  1.0E-07
  1.525E+01  1.76063E-02  9.81462E-23  3.50487E-06  0.00000E+00  1.0E-07
  1.550E+01  1.81848E-02  9.19860E-23  3.28488E-06  0.00000E+00  1.0E-07
  1.575E+01  1.87724E-02  8.63017E-23  3.08189E-06  0.00000E+00  1.0E-07
  1.600E+01  1.93692E-02  8.10500E-23  2.89435E-06  0.00000E+00  1.0E-07
  1.625E+01  1.99751E-02  7.61918E-23  2.72086E-06  0.00000E+00  1.0E-07
  1.650E+01  2.05901E-02  7.16924E-23  2.56018E-06  0.00000E+00  1.0E-07
  1.675E+01  2.12143E-02  6.75204E-23  2.41120E-06  0.00000E+00  1.0E-07
  1.700E+01  2.18476E-02  6.36475E-23  2.27289E-06  0.00000E+00  1.0E-07
  1.725E+01  2.24900E-02  6.00484E-23  2.14437E-06  0.00000E+00  1.0E-07
  1.750E+01  2.31415E-02  5.67002E-23  2.02480E-06  0.00000E+00  1.0E-07
  1.775E+01  2.38021E-02  5.35821E-23  1.91345E-06  0.00000E+00  1.0E-07
  1.800E+01  2.44717E-02  5.06755E-23  1.80965E-06  0.00000E+00  1.0E-07
  1.825E+01  2.51504E-02  4.79633E-23  1.71280E-06  0.00000E+00  1.0E-07
  1.850E+01  2.58382E-02  4.54301E-23  1.62234E-06  0.00000E+00  1.0E-07
  1.875E+01  2.65349E-02  4.30620E-23  1.53777E-06  0.00000E+00  1.0E-07
  1.900E+01  2.72407E-02  4.08462E-23  1.45864E-06  0.00000E+00  1.0E-07
  1.925E+01  2.79555E-02  3.87710E-23  1.38454E-06  0.00000E+00  1.0E-07
  1.950E+01  2.86793E-02  3.68259E-23  1.31508E-06  0.00000E+00  1.0E-07
  1.975E+01  2.94120E-02  3.50013E-23  1.24992E-06  0.00000E+00  1.0E-07
  2.000E+01  3.01537E-02  3.32882E-23  1.18874E-06  0.00000E+00  1.0E-07
  2.025E+01  3.09043E-02  3.16786E-23  1.13126E-06  0.00000E+00  1.0E-07
  2.050E+01  3.16639E-02  3.01651E-23  1.07722E-06  0.00000E+00  1.0E-07
  2.075E+01  3.24324E-02  2.87409E-23  1.02635E-06  0.00000E+00  1.0E-07
  2.100E+01  3.32098E-02  2.73996E-23  9.78459E-07  0.00000E+00  1.0E-07
  2.125E+01  3.39961E-02  2.61357E-23  9.33323E-07  0.00000E+00  1.0E-07
  2.150E+01  3.47912E-02  2.49437E-23  8.90757E-07  0.00000E+00  1.0E-07
  2.175E+01  3.55952E-02  2.38189E-23  8.50589E-07  0.00000E+00  1.0E-07
  2.200E+01  3.64081E-02  2.27567E-23  8.12657E-07  0.00000E+00  1.0E-07
  2.225E+01  3.72297E-02  2.17530E-23  7.76815E-07  0.00000E+00  1.0E-07
  2.250E+01  3.80602E-02  2.08040E-23  7.42925E-07  0.00000E+00  1.0E-07
  2.275E+01  3.88995E-02  1.99061E-23  7.10861E-07  0.00000E+00  1.0E-07
  2.300E+01  3.97476E-02  1.90561E-23  6.80506E-07  0.00000E+00  1.0E-07
  2.325E+01  4.06044E-02  1.82509E-23  6.51752E-07  0.00000E+00  1.0E-07
  2.350E+01  4.14700E-02  1.74878E-23  6.24499E-07  0.00000E+00  1.0E-07
  2.375E+01  4.23443E-02  1.67640E-23  5.98654E-07  0.00000E+00  1.0E-07
  2.400E+01  4.32273E-02  1.60773E-23  5.74130E-07  0.00000E+00  1.0E-07
  2.425E+01  4.41190E-02  1.54253E-23  5.50847E-07  0.00000E+00  1.0E-07
  2.450E+01  4.50194E-02  1.48060E-23  5.28730E-07  0.00000E+00  1.0E-07
  2.475E+01  4.59284E-02  1.42173E-23  5.07711E-07  0.00000E+00  1.0E-07
  2.500E+01  4.68461E-02  1.36576E-23  4.87723E-07  0.00000E+00  1.0E-07
  2.550E+01  4.87074E-02  1.26183E-23  4.50609E-07  0.00000E+00  1.0E-07
  2.600E+01  5.06030E-02  1.16758E-23  4.16951E-07  0.00000E+00  1.0E-07
  2.650E+01  5.25328E-02  1.08195E-23  3.86372E-07  0.00000E+00  1.0E-07
  2.700E+01  5.44967E-02  1.00401E-23  3.58538E-07  0.00000E+00  1.0E-07
  2.750E+01  5.64946E-02  9.32943E-24  3.33160E-07  0.00000E+00  1.0E-07
  2.800E+01  5.85262E-02  8.68037E-24  3.09982E-07  0.00000E+00  1.0E-07
  2.850E+01  6.05914E-02  8.08662E-24  2.88779E-07  0.00000E+00  1.0E-07
  2.900E+01  6.26901E-02  7.54263E-24  2.69352E-07  0.00000E+00  1.0E-07
  2.950E+01  6.48222E-02  7.04346E-24  2.51526E-07  0.00000E+00  1.0E-07
  3.000E+01  6.69873E-02  6.58476E-24  2.35146E-07  0.00000E+00  1.0E-07
  3.050E+01  6.91854E-02  6.16266E-24  2.20073E-07  0.00000E+00  1.0E-07
  3.100E+01  7.14163E-02  5.77371E-24  2.06183E-07  0.00000E+00  1.0E-07
  3.150E+01  7.36799E-02  5.41483E-24  1.93367E-07  0.00000E+00  1.0E-07
  3.200E+01  7.59760E-02  5.08328E-24  1.81527E-07  0.00000E+00  1.0E-07
  3.250E+01  7.83043E-02  4.77660E-24  1.70575E-07  0.00000E+00  1.0E-07
  3.300E+01  8.06647E-02  4.49258E-24  1.60433E-07  0.00000E+00  1.0E-07
  3.350E+01  8.30571E-02  4.22925E-24  1.51029E-07  0.00000E+00  1.0E-07
  3.400E+01  8.54812E-02  3.98483E-24  1.42301E-07  0.00000E+00  1.0E-07
  3.450E+01  8.79369E-02  3.75771E-24  1.34190E-07  0.00000E+00  1.0E-07
  3.500E+01  9.04240E-02  3.54644E-24  1.26646E-07  0.00000E+00  1.0E-07
  3.550E+01  9.29422E-02  3.34971E-24  1.19620E-07  0.00000E+00  1.0E-07
  3.600E+01  9.54915E-02  3.16635E-24  1.13072E-07  0.00000E+00  1.0E-07
  3.650E+01  9.80716E-02  2.99527E-24  1.06963E-07  0.00000E+00  1.0E-07
  3.700E+01  1.00682E-01  2.83551E-24  1.01258E-07  0.00000E+00  1.0E-07
  3.750E+01  1.03323E-01  2.68617E-24  9.59249E-08  0.00000E+00  1.0E-07
  3.800E+01  1.05995E-01  2.54646E-24  9.09358E-08  0.00000E+00  1.0E-07
  3.850E+01  1.08696E-01  2.41564E-24  8.62641E-08  0.00000E+00  1.0E-07
  3.900E+01  1.11427E-01  2.29304E-24  8.18859E-08  0.00000E+00  1.0E-07
  3.950E+01  1.14188E-01  2.17805E-24  7.77795E-08  0.00000E+00  1.0E-07
  4.000E+01  1.16978E-01  2.07011E-24  7.39248E-08  0.00000E+00  1.0E-07
  4.050E+01  1.19797E-01  1.96870E-24  7.03037E-08  0.00000E+00  1.0E-07
  4.100E+01  1.22645E-01  1.87337E-24  6.68993E-08  0.00000E+00  1.0E-07
  4.150E+01  1.25522E-01  1.78368E-24  6.36963E-08  0.00000E+00  1.0E-07
  4.200E+01  1.28428E-01  1.69923E-24  6.06806E-08  0.00000E+00  1.0E-07
  4.250E+01  1.31361E-01  1.61967E-24  5.78393E-08  0.00000E+00  1.0E-07
  4.300E+01  1.34323E-01  1.54465E-24  5.51604E-08  0.00000E+00  1.0E-07
  4.350E+01  1.37313E-01  1.47387E-24  5.26329E-08  0.00000E+00  1.0E-07
  4.400E+01  1.40330E-01  1.40705E-24  5.02467E-08  0.00000E+00  1.0E-07
  4.450E+01  1.43375E-01  1.34392E-24  4.79924E-08  0.00000E+00  1.0E-07
  4.500E+01  1.46447E-01  1.28425E-24  4.58615E-08  0.00000E+00  1.0E-07
  4.550E+01  1.49545E-01  1.22781E-24  4.38458E-08  0.00000E+00  1.0E-07
  4.600E+01  1.52671E-01  1.17439E-24  4.19381E-08  0.00000E+00  1.0E-07
  4.650E+01  1.55823E-01  1.12380E-24  4.01315E-08  0.00000E+00  1.0E-07
  4.700E+01  1.59001E-01  1.07586E-24  3.84196E-08  0.00000E+00  1.0E-07
  4.750E+01  1.62205E-01  1.03041E-24  3.67966E-08  0.00000E+00  1.0E-07
  4.800E+01  1.65435E-01  9.87297E-25  3.52570E-08  0.00000E+00  1.0E-07
  4.850E+01  1.68690E-01  9.46377E-25  3.37957E-08  0.00000E+00  1.0E-07
  4.900E+01  1.71970E-01  9.07519E-25  3.24081E-08  0.00000E+00  1.0E-07
  4.950E+01  1.75276E-01  8.70599E-25  3.10897E-08  0.00000E+00  1.0E-07
  5.000E+01  1.78606E-01  8.35503E-25  2.98364E-08  0.00000E+00  1.0E-07
  5.050E+01  1.81961E-01  8.02125E-25  2.86444E-08  0.00000E+00  1.0E-07
  5.100E+01  1.85340E-01  7.70364E-25  2.75102E-08  0.00000E+00  1.0E-07
  5.150E+01  1.88743E-01  7.40129E-25  2.64305E-08  0.00000E+00  1.0E-07
  5.200E+01  1.92169E-01  7.11332E-25  2.54021E-08  0.00000E+00  1.0E-07
  5.250E+01  1.95619E-01  6.83892E-25  2.44222E-08  0.00000E+00  1.0E-07
  5.300E+01  1.99092E-01  6.57734E-25  2.34881E-08  0.00000E+00  1.0E-07
  5.350E+01  2.02589E-01  6.32787E-25  2.25972E-08  0.00000E+00  1.0E-07
  5.400E+01  2.06107E-01  6.08984E-25  2.17472E-08  0.00000E+00  1.0E-07
  5.450E+01  2.09649E-01  5.86264E-25  2.09359E-08  0.00000E+00  1.0E-07
  5.500E+01  2.13212E-01  5.64568E-25  2.01611E-08  0.00000E+00  1.0E-07
  5.550E+01  2.16797E-01  5.43842E-25  1.94209E-08  0.00000E+00  1.0E-07
  5.600E+01  2.20404E-01  5.24033E-25  1.87136E-08  0.00000E+00  1.0E-07
  5.650E+01  2.24032E-01  5.05095E-25  1.80373E-08  0.00000E+00  1.0E-07
  5.700E+01  2.27680E-01  4.86982E-25  1.73904E-08  0.00000E+00  1.0E-07
  5.750E+01  2.31350E-01  4.69651E-25  1.67716E-08  0.00000E+00  1.0E-07
  5.800E+01  2.35040E-01  4.53063E-25  1.61792E-08  0.00000E+00  1.0E-07
  5.850E+01  2.38751E-01  4.37180E-25  1.56120E-08  0.00000E+00  1.0E-07
  5.900E+01  2.42481E-01  4.21966E-25  1.50687E-08  0.00000E+00  1.0E-07
  5.950E+01  2.46231E-01  4.07388E-25  1.45481E-08  0.00000E+00  1.0E-07
  6.000E+01  2.50000E-01  3.93415E-25  1.40491E-08  0.00000E+00  1.0E-07
  6.050E+01  2.53788E-01  3.80017E-25  1.35706E-08  0.00000E+00  1.0E-07
  6.100E+01  2.57595E-01  3.67166E-25  1.31117E-08  0.00000E+00  1.0E-07
  6.150E+01  2.61421E-01  3.54835E-25  1.26714E-08  0.00000E+00  1.0E-07
  6.200E+01  2.65264E-01  3.43000E-25  1.22488E-08  0.00000E+00  1.0E-07
  6.250E+01  2.69126E-01  3.31638E-25  1.18430E-08  0.00000E+00  1.0E-07
  6.300E+01  2.73005E-01  3.20725E-25  1.14533E-08  0.00000E+00  1.0E-07
  6.350E+01  2.76901E-01  3.10241E-25  1.10789E-08  0.00000E+00  1.0E-07
  6.400E+01  2.80814E-01  3.00166E-25  1.07191E-08  0.00000E+00  1.0E-07
  6.450E+01  2.84744E-01  2.90481E-25  1.03733E-08  0.00000E+00  1.0E-07
  6.500E+01  2.88691E-01  2.81169E-25  1.00407E-08  0.00000E+00  1.0E-07
  6.550E+01  2.92653E-01  2.72211E-25  9.72084E-09  0.00000E+00  1.0E-07
  6.600E+01  2.96632E-01  2.63594E-25  9.41310E-09  0.00000E+00  1.0E-07
  6.650E+01  3.00625E-01  2.55300E-25  9.11693E-09  0.00000E+00  1.0E-07
  6.700E+01  3.04634E-01  2.47316E-25  8.83182E-09  0.00000E+00  1.0E-07
  6.750E+01  3.08658E-01  2.39628E-25  8.55729E-09  0.00000E+00  1.0E-07
  6.800E+01  3.12697E-01  2.32224E-25  8.29287E-09  0.00000E+00  1.0E-07
  6.850E+01  3.16749E-01  2.25090E-25  8.03812E-09  0.00000E+00  1.0E-07
  6.900E+01  3.20816E-01  2.18216E-25  7.79263E-09  0.00000E+00  1.0E-07
  6.950E+01  3.24896E-01  2.11590E-25  7.55600E-09  0.00000E+00  1.0E-07
  7.000E+01  3.28990E-01  2.05201E-25  7.32785E-09  0.00000E+00  1.0E-07
  7.050E+01  3.33097E-01  1.99039E-25  7.10782E-09  0.00000E+00  1.0E-07
  7.100E+01  3.37216E-01  1.93096E-25  6.89558E-09  0.00000E+00  1.0E-07
  7.150E+01  3.41348E-01  1.87361E-25  6.69080E-09  0.00000E+00  1.0E-07
  7.200E+01  3.45492E-01  1.81827E-25  6.49316E-09  0.00000E+00  1.0E-07
  7.250E+01  3.49647E-01  1.76485E-25  6.30238E-09  0.00000E+00  1.0E-07
  7.300E+01  3.53814E-01  1.71326E-25  6.11818E-09  0.00000E+00  1.0E-07
  7.350E+01  3.57992E-01  1.66345E-25  5.94028E-09  0.00000E+00  1.0E-07
  7.400E+01  3.62181E-01  1.61533E-25  5.76844E-09  0.00000E+00  1.0E-07
  7.450E+01  3.66381E-01  1.56883E-25  5.60241E-09  0.00000E+00  1.0E-07
  7.500E+01  3.70590E-01  1.52390E-25  5.44196E-09  0.00000E+00  1.0E-07
  7.550E+01  3.74810E-01  1.48047E-25  5.28686E-09  0.00000E+00  1.0E-07
  7.600E+01  3.79039E-01  1.43848E-25  5.13692E-09  0.00000E+00  1.0E-07
  7.650E+01  3.83277E-01  1.39788E-25  4.99193E-09  0.00000E+00  1.0E-07
  7.700E+01  3.87524E-01  1.35861E-25  4.85169E-09  0.00000E+00  1.0E-07
  7.750E+01  3.91780E-01  1.32062E-25  4.71602E-09  0.00000E+00  1.0E-07
  7.800E+01  3.96044E-01  1.28386E-25  4.58475E-09  0.00000E+00  1.0E-07
  7.850E+01  4.00316E-01  1.24829E-25  4.45771E-09  0.00000E+00  1.0E-07
  7.900E+01  4.04596E-01  1.21385E-25  4.33474E-09  0.00000E+00  1.0E-07
  7.950E+01  4.08882E-01  1.18051E-25  4.21568E-09  0.00000E+00  1.0E-07
  8.000E+01  4.13176E-01  1.14823E-25  4.10040E-09  0.00000E+00  1.0E-07
  8.050E+01  4.17476E-01  1.11696E-25  3.98874E-09  0.00000E+00  1.0E-07
  8.100E+01  4.21783E-01  1.08667E-25  3.88058E-09  0.00000E+00  1.0E-07
  8.150E+01  4.26095E-01  1.05733E-25  3.77579E-09  0.00000E+00  1.0E-07
  8.200E+01  4.30413E-01  1.02889E-25  3.67424E-09  0.00000E+00  1.0E-07
  8.250E+01  4.34737E-01  1.00133E-25  3.57582E-09  0.00000E+00  1.0E-07
  8.300E+01  4.39065E-01  9.74614E-26  3.48041E-09  0.00000E+00  1.0E-07
  8.350E+01  4.43398E-01  9.48710E-26  3.38790E-09  0.00000E+00  1.0E-07
  8.400E+01  4.47736E-01  9.23591E-26  3.29820E-09  0.00000E+00  1.0E-07
  8.450E+01  4.52077E-01  8.99228E-26  3.21120E-09  0.00000E+00  1.0E-07
  8.500E+01  4.56422E-01  8.75595E-26  3.12681E-09  0.00000E+00  1.0E-07
  8.550E+01  4.60770E-01  8.52667E-26  3.04493E-09  0.00000E+00  1.0E-07
  8.600E+01  4.65122E-01  8.30419E-26  2.96548E-09  0.00000E+00  1.0E-07
  8.650E+01  4.69476E-01  8.08827E-26  2.88837E-09  0.00000E+00  1.0E-07
  8.700E+01  4.73832E-01  7.87868E-26  2.81353E-09  0.00000E+00  1.0E-07
  8.750E+01  4.78190E-01  7.67521E-26  2.74087E-09  0.00000E+00  1.0E-07
  8.800E+01  4.82550E-01  7.47766E-26  2.67032E-09  0.00000E+00  1.0E-07
  8.850E+01  4.86912E-01  7.28581E-26  2.60181E-09  0.00000E+00  1.0E-07
  8.900E+01  4.91274E-01  7.09947E-26  2.53527E-09  0.00000E+00  1.0E-07
  8.950E+01  4.95637E-01  6.91847E-26  2.47063E-09  0.00000E+00  1.0E-07
  9.000E+01  5.00000E-01  6.74262E-26  2.40783E-09  0.00000E+00  1.0E-07
  9.050E+01  5.04363E-01  6.57175E-26  2.34682E-09  0.00000E+00  1.0E-07
  9.100E+01  5.08726E-01  6.40570E-26  2.28752E-09  0.00000E+00  1.0E-07
  9.150E+01  5.13088E-01  6.24431E-26  2.22988E-09  0.00000E+00  1.0E-07
  9.200E+01  5.17450E-01  6.08742E-26  2.17386E-09  0.00000E+00  1.0E-07
  9.250E+01  5.21810E-01  5.93490E-26  2.11939E-09  0.00000E+00  1.0E-07
  9.300E+01  5.26168E-01  5.78659E-26  2.06643E-09  0.00000E+00  1.0E-07
  9.350E+01  5.30524E-01  5.64236E-26  2.01492E-09  0.00000E+00  1.0E-07
  9.400E+01  5.34878E-01  5.50209E-26  1.96483E-09  0.00000E+00  1.0E-07
  9.450E+01  5.39230E-01  5.36564E-26  1.91611E-09  0.00000E+00  1.0E-07
  9.500E+01  5.43578E-01  5.23290E-26  1.86870E-09  0.00000E+00  1.0E-07
  9.550E+01  5.47923E-01  5.10375E-26  1.82258E-09  0.00000E+00  1.0E-07
  9.600E+01  5.52264E-01  4.97807E-26  1.77770E-09  0.00000E+00  1.0E-07
  9.650E+01  5.56602E-01  4.85575E-26  1.73402E-09  0.00000E+00  1.0E-07
  9.700E+01  5.60935E-01  4.73670E-26  1.69151E-09  0.00000E+00  1.0E-07
  9.750E+01  5.65263E-01  4.62081E-26  1.65012E-09  0.00000E+00  1.0E-07
  9.800E+01  5.69587E-01  4.50799E-26  1.60983E-09  0.00000E+00  1.0E-07
  9.850E+01  5.73905E-01  4.39813E-26  1.57060E-09  0.00000E+00  1.0E-07
  9.900E+01  5.78217E-01  4.29115E-26  1.53240E-09  0.00000E+00  1.0E-07
  9.950E+01  5.82524E-01  4.18697E-26  1.49519E-09  0.00000E+00  1.0E-07
  1.000E+02  5.86824E-01  4.08549E-26  1.45895E-09  0.00000E+00  1.0E-07
  1.005E+02  5.91118E-01  3.98664E-26  1.42365E-09  0.00000E+00  1.0E-07
  1.010E+02  5.95404E-01  3.89033E-26  1.38926E-09  0.00000E+00  1.0E-07
  1.015E+02  5.99684E-01  3.79650E-26  1.35576E-09  0.00000E+00  1.0E-07
  1.020E+02  6.03956E-01  3.70507E-26  1.32310E-09  0.00000E+00  1.0E-07
  1.025E+02  6.08220E-01  3.61597E-26  1.29129E-09  0.00000E+00  1.0E-07
  1.030E+02  6.12476E-01  3.52912E-26  1.26027E-09  0.00000E+00  1.0E-07
  1.035E+02  6.16723E-01  3.44447E-26  1.23004E-09  0.00000E+00  1.0E-07
  1.040E+02  6.20961E-01  3.36195E-26  1.20057E-09  0.00000E+00  1.0E-07
  1.045E+02  6.25190E-01  3.28150E-26  1.17184E-09  0.00000E+00  1.0E-07
  1.050E+02  6.29410E-01  3.20306E-26  1.14383E-09  0.00000E+00  1.0E-07
  1.055E+02  6.33619E-01  3.12656E-26  1.11652E-09  0.00000E+00  1.0E-07
  1.060E+02  6.37819E-01  3.05197E-26  1.08988E-09  0.00000E+00  1.0E-07
  1.065E+02  6.42008E-01  2.97921E-26  1.06390E-09  0.00000E+00  1.0E-07
  1.070E+02  6.46186E-01  2.90825E-26  1.03855E-09  0.00000E+00  1.0E-07
  1.075E+02  6.50353E-01  2.83902E-26  1.01383E-09  0.00000E+00  1.0E-07
  1.080E+02  6.54508E-01  2.77149E-26  9.89717E-10  0.00000E+00  1.0E-07
  1.085E+02  6.58652E-01  2.70560E-26  9.66187E-10  0.00000E+00  1.0E-07
  1.090E+02  6.62784E-01  2.64130E-26  9.43227E-10  0.00000E+00  1.0E-07
  1.095E+02  6.66903E-01  2.57857E-26  9.20822E-10  0.00000E+00  1.0E-07
  1.100E+02  6.71010E-01  2.51734E-26  8.98957E-10  0.00000E+00  1.0E-07
  1.105E+02  6.75104E-01  2.45758E-26  8.77617E-10  0.00000E+00  1.0E-07
  1.110E+02  6.79184E-01  2.39925E-26  8.56787E-10  0.00000E+00  1.0E-07
  1.115E+02  6.83251E-01  2.34231E-26  8.36454E-10  0.00000E+00  1.0E-07
  1.120E+02  6.87303E-01  2.28672E-26  8.16604E-10  0.00000E+00  1.0E-07
  1.125E+02  6.91342E-01  2.23245E-26  7.97224E-10  0.00000E+00  1.0E-07
  1.130E+02  6.95366E-01  2.17947E-26  7.78301E-10  0.00000E+00  1.0E-07
  1.135E+02  6.99375E-01  2.12773E-26  7.59825E-10  0.00000E+00  1.0E-07
  1.140E+02  7.03368E-01  2.07720E-26  7.41781E-10  0.00000E+00  1.0E-07
  1.145E+02  7.07347E-01  2.02785E-26  7.24160E-10  0.00000E+00  1.0E-07
  1.150E+02  7.11309E-01  1.97966E-26  7.06950E-10  0.00000E+00  1.0E-07
  1.155E+02  7.15256E-01  1.93259E-26  6.90140E-10  0.00000E+00  1.0E-07
  1.160E+02  7.19186E-01  1.88661E-26  6.73720E-10  0.00000E+00  1.0E-07
  1.165E+02  7.23099E-01  1.84169E-26  6.57679E-10  0.00000E+00  1.0E-07
  1.170E+02  7.26995E-01  1.79781E-26  6.42009E-10  0.00000E+00  1.0E-07
  1.175E+02  7.30874E-01  1.75493E-26  6.26698E-10  0.00000E+00  1.0E-07
  1.180E+02  7.34736E-01  1.71304E-26  6.11739E-10  0.00000E+00  1.0E-07
  1.185E+02  7.38579E-01  1.67211E-26  5.97122E-10  0.00000E+00  1.0E-07
  1.190E+02  7.42405E-01  1.63211E-26  5.82839E-10  0.00000E+00  1.0E-07
  1.195E+02  7.46212E-01  1.59303E-26  5.68880E-10  0.00000E+00  1.0E-07
  1.200E+02  7.50000E-01  1.55483E-26  5.55238E-10  0.00000E+00  1.0E-07
  1.205E+02  7.53769E-01  1.51749E-26  5.41906E-10  0.00000E+00  1.0E-07
  1.210E+02  7.57519E-01  1.48100E-26  5.28874E-10  0.00000E+00  1.0E-07
  1.215E+02  7.61249E-01  1.44533E-26  5.16136E-10  0.00000E+00  1.0E-07
  1.220E+02  7.64960E-01  1.41046E-26  5.03685E-10  0.00000E+00  1.0E-07
  1.225E+02  7.68650E-01  1.37638E-26  4.91513E-10  0.00000E+00  1.0E-07
  1.230E+02  7.72320E-01  1.34305E-26  4.79613E-10  0.00000E+00  1.0E-07
  1.235E+02  7.75968E-01  1.31048E-26  4.67980E-10  0.00000E+00  1.0E-07
  1.240E+02  7.79596E-01  1.27863E-26  4.56605E-10  0.00000E+00  1.0E-07
  1.245E+02  7.83203E-01  1.24748E-26  4.45484E-10  0.00000E+00  1.0E-07
  1.250E+02  7.86788E-01  1.21703E-26  4.34611E-10  0.00000E+00  1.0E-07
  1.255E+02  7.90351E-01  1.18726E-26  4.23978E-10  0.00000E+00  1.0E-07
  1.260E+02  7.93893E-01  1.15814E-26  4.13581E-10  0.00000E+00  1.0E-07
  1.265E+02  7.97411E-01  1.12967E-26  4.03413E-10  0.00000E+00  1.0E-07
  1.270E+02  8.00908E-01  1.10183E-26  3.93470E-10  0.00000E+00  1.0E-07
  1.275E+02  8.04381E-01  1.07460E-26  3.83746E-10  0.00000E+00  1.0E-07
  1.280E+02  8.07831E-01  1.04797E-26  3.74236E-10  0.00000E+00  1.0E-07
  1.285E+02  8.11257E-01  1.02192E-26  3.64935E-10  0.00000E+00  1.0E-07
  1.290E+02  8.14660E-01  9.96448E-27  3.55838E-10  0.00000E+00  1.0E-07
  1.295E+02  8.18039E-01  9.71533E-27  3.46941E-10  0.00000E+00  1.0E-07
  1.300E+02  8.21394E-01  9.47164E-27  3.38238E-10  0.00000E+00  1.0E-07
  1.305E+02  8.24724E-01  9.23327E-27  3.29726E-10  0.00000E+00  1.0E-07
  1.310E+02  8.28030E-01  9.00012E-27  3.21400E-10  0.00000E+00  1.0E-07
  1.315E+02  8.31310E-01  8.77206E-27  3.13256E-10  0.00000E+00  1.0E-07
  1.320E+02  8.34565E-01  8.54898E-27  3.05290E-10  0.00000E+00  1.0E-07
  1.325E+02  8.37795E-01  8.33077E-27  2.97497E-10  0.00000E+00  1.0E-07
  1.330E+02  8.40999E-01  8.11732E-27  2.89875E-10  0.00000E+00  1.0E-07
  1.335E+02  8.44177E-01  7.90852E-27  2.82418E-10  0.00000E+00  1.0E-07
  1.340E+02  8.47329E-01  7.70427E-27  2.75125E-10  0.00000E+00  1.0E-07
  1.345E+02  8.50455E-01  7.50448E-27  2.67990E-10  0.00000E+00  1.0E-07
  1.350E+02  8.53553E-01  7.30903E-27  2.61010E-10  0.00000E+00  1.0E-07
  1.355E+02  8.56625E-01  7.11785E-27  2.54183E-10  0.00000E+00  1.0E-07
  1.360E+02  8.59670E-01  6.93084E-27  2.47505E-10  0.00000E+00  1.0E-07
  1.365E+02  8.62687E-01  6.74790E-27  2.40972E-10  0.00000E+00  1.0E-07
  1.370E+02  8.65677E-01  6.56896E-27  2.34582E-10  0.00000E+00  1.0E-07
  1.375E+02  8.68639E-01  6.39392E-27  2.28331E-10  0.00000E+00  1.0E-07
  1.380E+02  8.71572E-01  6.22271E-27  2.22217E-10  0.00000E+00  1.0E-07
  1.385E+02  8.74478E-01  6.05524E-27  2.16237E-10  0.00000E+00  1.0E-07
  1.390E+02  8.77355E-01  5.89144E-27  2.10387E-10  0.00000E+00  1.0E-07
  1.395E+02  8.80203E-01  5.73123E-27  2.04666E-10  0.00000E+00  1.0E-07
  1.400E+02  8.83022E-01  5.57454E-27  1.99070E-10  0.00000E+00  1.0E-07
  1.405E+02  8.85812E-01  5.42129E-27  1.93598E-10  0.00000E+00  1.0E-07
  1.410E+02  8.88573E-01  5.27142E-27  1.88246E-10  0.00000E+00  1.0E-07
  1.415E+02  8.91304E-01  5.12486E-27  1.83012E-10  0.00000E+00  1.0E-07
  1.420E+02  8.94005E-01  4.98154E-27  1.77894E-10  0.00000E+00  1.0E-07
  1.425E+02  8.96677E-01  4.84139E-27  1.72889E-10  0.00000E+00  1.0E-07
  1.430E+02  8.99318E-01  4.70436E-27  1.67996E-10  0.00000E+00  1.0E-07
  1.435E+02  9.01928E-01  4.57038E-27  1.63211E-10  0.00000E+00  1.0E-07
  1.440E+02  9.04508E-01  4.43939E-27  1.58534E-10  0.00000E+00  1.0E-07
  1.445E+02  9.07058E-01  4.31134E-27  1.53961E-10  0.00000E+00  1.0E-07
  1.450E+02  9.09576E-01  4.18617E-27  1.49491E-10  0.00000E+00  1.0E-07
  1.455E+02  9.12063E-01  4.06383E-27  1.45122E-10  0.00000E+00  1.0E-07
  1.460E+02  9.14519E-01  3.94426E-27  1.40852E-10  0.00000E+00  1.0E-07
  1.465E+02  9.16943E-01  3.82740E-27  1.36679E-10  0.00000E+00  1.0E-07
  1.470E+02  9.19335E-01  3.71322E-27  1.32601E-10  0.00000E+00  1.0E-07
  1.475E+02  9.21696E-01  3.60165E-27  1.28617E-10  0.00000E+00  1.0E-07
  1.480E+02  9.24024E-01  3.49266E-27  1.24725E-10  0.00000E+00  1.0E-07
  1.485E+02  9.26320E-01  3.38620E-27  1.20923E-10  0.00000E+00  1.0E-07
  1.490E+02  9.28584E-01  3.28221E-27  1.17210E-10  0.00000E+00  1.0E-07
  1.495E+02  9.30815E-01  3.18066E-27  1.13584E-10  0.00000E+00  1.0E-07
  1.500E+02  9.33013E-01  3.08151E-27  1.10043E-10  0.00000E+00  1.0E-07
  1.505E+02  9.35178E-01  2.98471E-27  1.06586E-10  0.00000E+00  1.0E-07
  1.510E+02  9.37310E-01  2.89022E-27  1.03212E-10  0.00000E+00  1.0E-07
  1.515E+02  9.39409E-01  2.79800E-27  9.99184E-11  0.00000E+00  1.0E-07
  1.520E+02  9.41474E-01  2.70802E-27  9.67050E-11  0.00000E+00  1.0E-07
  1.525E+02  9.43505E-01  2.62023E-27  9.35701E-11  0.00000E+00  1.0E-07
  1.530E+02  9.45503E-01  2.53461E-27  9.05124E-11  0.00000E+00  1.0E-07
  1.535E+02  9.47467E-01  2.45111E-27  8.75306E-11  0.00000E+00  1.0E-07
  1.540E+02  9.49397E-01  2.36970E-27  8.46235E-11  0.00000E+00  1.0E-07
  1.545E+02  9.51293E-01  2.29035E-27  8.17899E-11  0.00000E+00  1.0E-07
  1.550E+02  9.53154E-01  2.21303E-27  7.90287E-11  0.00000E+00  1.0E-07
  1.555E+02  9.54981E-01  2.13770E-27  7.63387E-11  0.00000E+00  1.0E-07
  1.560E+02  9.56773E-01  2.06434E-27  7.37189E-11  0.00000E+00  1.0E-07
  1.565E+02  9.58530E-01  1.99291E-27  7.11681E-11  0.00000E+00  1.0E-07
  1.570E+02  9.60252E-01  1.92339E-27  6.86855E-11  0.00000E+00  1.0E-07
  1.575E+02  9.61940E-01  1.85575E-27  6.62699E-11  0.00000E+00  1.0E-07
  1.580E+02  9.63592E-01  1.78996E-27  6.39205E-11  0.00000E+00  1.0E-07
  1.585E+02  9.65209E-01  1.72599E-27  6.16363E-11  0.00000E+00  1.0E-07
  1.590E+02  9.66790E-01  1.66383E-27  5.94163E-11  0.00000E+00  1.0E-07
  1.595E+02  9.68336E-01  1.60344E-27  5.72598E-11  0.00000E+00  1.0E-07
  1.600E+02  9.69846E-01  1.54480E-27  5.51658E-11  0.00000E+00  1.0E-07
  1.605E+02  9.71321E-01  1.48789E-27  5.31336E-11  0.00000E+00  1.0E-07
  1.610E+02  9.72759E-01  1.43269E-27  5.11623E-11  0.00000E+00  1.0E-07
  1.615E+02  9.74162E-01  1.37917E-27  4.92512E-11  0.00000E+00  1.0E-07
  1.620E+02  9.75528E-01  1.32732E-27  4.73995E-11  0.00000E+00  1.0E-07
  1.625E+02  9.76858E-01  1.27711E-27  4.56065E-11  0.00000E+00  1.0E-07
  1.630E+02  9.78152E-01  1.22853E-27  4.38715E-11  0.00000E+00  1.0E-07
  1.635E+02  9.79410E-01  1.18155E-27  4.21939E-11  0.00000E+00  1.0E-07
  1.640E+02  9.80631E-01  1.13616E-27  4.05730E-11  0.00000E+00  1.0E-07
  1.645E+02  9.81815E-01  1.09234E-27  3.90081E-11  0.00000E+00  1.0E-07
  1.650E+02  9.82963E-01  1.05007E-27  3.74987E-11  0.00000E+00  1.0E-07
  1.655E+02  9.84074E-01  1.00934E-27  3.60442E-11  0.00000E+00  1.0E-07
  1.660E+02  9.85148E-01  9.70130E-28  3.46440E-11  0.00000E+00  1.0E-07
  1.665E+02  9.86185E-01  9.32427E-28  3.32976E-11  0.00000E+00  1.0E-07
  1.670E+02  9.87185E-01  8.96216E-28  3.20045E-11  0.00000E+00  1.0E-07
  1.675E+02  9.88148E-01  8.61484E-28  3.07641E-11  0.00000E+00  1.0E-07
  1.680E+02  9.89074E-01  8.28216E-28  2.95761E-11  0.00000E+00  1.0E-07
  1.685E+02  9.89962E-01  7.96401E-28  2.84400E-11  0.00000E+00  1.0E-07
  1.690E+02  9.90814E-01  7.66026E-28  2.73553E-11  0.00000E+00  1.0E-07
  1.695E+02  9.91627E-01  7.37080E-28  2.63216E-11  0.00000E+00  1.0E-07
  1.700E+02  9.92404E-01  7.09552E-28  2.53386E-11  0.00000E+00  1.0E-07
  1.705E+02  9.93143E-01  6.83431E-28  2.44058E-11  0.00000E+00  1.0E-07
  1.710E+02  9.93844E-01  6.58709E-28  2.35229E-11  0.00000E+00  1.0E-07
  1.715E+02  9.94508E-01  6.35374E-28  2.26896E-11  0.00000E+00  1.0E-07
  1.720E+02  9.95134E-01  6.13419E-28  2.19056E-11  0.00000E+00  1.0E-07
  1.725E+02  9.95722E-01  5.92836E-28  2.11706E-11  0.00000E+00  1.0E-07
  1.730E+02  9.96273E-01  5.73616E-28  2.04842E-11  0.00000E+00  1.0E-07
  1.735E+02  9.96786E-01  5.55753E-28  1.98463E-11  0.00000E+00  1.0E-07
  1.740E+02  9.97261E-01  5.39240E-28  1.92566E-11  0.00000E+00  1.0E-07
  1.745E+02  9.97698E-01  5.24070E-28  1.87149E-11  0.00000E+00  1.0E-07
  1.750E+02  9.98097E-01  5.10238E-28  1.82209E-11  0.00000E+00  1.0E-07
  1.755E+02  9.98459E-01  4.97739E-28  1.77746E-11  0.00000E+00  1.0E-07
  1.760E+02  9.98782E-01  4.86569E-28  1.73757E-11  0.00000E+00  1.0E-07
  1.765E+02  9.99067E-01  4.76721E-28  1.70240E-11  0.00000E+00  1.0E-07
  1.770E+02  9.99315E-01  4.68195E-28  1.67195E-11  0.00000E+00  1.0E-07
  1.775E+02  9.99524E-01  4.60986E-28  1.64621E-11  0.00000E+00  1.0E-07
  1.780E+02  9.99695E-01  4.55091E-28  1.62516E-11  0.00000E+00  1.0E-07
  1.785E+02  9.99829E-01  4.50508E-28  1.60879E-11  0.00000E+00  1.0E-07
  1.790E+02  9.99924E-01  4.47235E-28  1.59711E-11  0.00000E+00  1.4E-07
  1.795E+02  9.99981E-01  4.45274E-28  1.59010E-11  0.00000E+00  1.9E-07
  1.800E+02  1.00000E+00  4.44618E-28  1.58776E-11  0.00000E+00  9.2E-07
