 #
 # Subroutine ELSEPA. Elastic scattering of electrons and positrons
 #                    by neutral atoms and positive ions
 #
 # Projectile: electron
 # Kinetic energy = 3.70000E+06 eV = 1.35973E+05 a.u.
 #
 # WARNING: High-energy factorization with free-atom DF screening.
 #          Absorption, polarization and exchange corrections are
 #          switched off.
 #          Phase shifts are calculated for the bare nucleus.
 #          Scattering amplitudes are not evaluated.
 #
 # Element: Pb,  Z =  82,  atomic weight = 2.07200E+02 g/mol
 #
 # Nuclear model: Fermi distribution
 #                Average radius = 6.33160E-13 cm
 #                Skin thickness = 5.46000E-14 cm
 #
 # Number of electrons = 82
 #
 # Total elastic cross section = 8.74693E-18 cm**2 = 3.12359E-01 a0**2
 # 1st transport cross section = 6.26676E-22 cm**2 = 2.23790E-05 a0**2
 # 2nd transport cross section = 1.66251E-21 cm**2 = 5.93694E-05 a0**2
 #
 #
 # Differential cross section:                       MU=(1-COS(THETA))/2
 #
 #  THETA        MU          DCS          DCS        Sherman      error
 #  (deg)                 (cm**2/sr)   (a0**2/sr)    function
 #----------------------------------------------------------------------
  0.000E+00  0.00000E+00  1.09683E-12  3.91686E+04  0.00000E+00  1.0E-05
  1.000E-04  7.61557E-13  1.09683E-12  3.91685E+04  0.00000E+00  1.0E-05
  1.250E-04  1.18994E-12  1.09683E-12  3.91684E+04  0.00000E+00  1.0E-05
  1.500E-04  1.71346E-12  1.09682E-12  3.91682E+04  0.00000E+00  1.0E-05
  1.750E-04  2.33225E-12  1.09682E-12  3.91681E+04  0.00000E+00  1.0E-05
  2.000E-04  3.04617E-12  1.09681E-12  3.91679E+04  0.00000E+00  1.0E-05
  2.250E-04  3.85530E-12  1.09681E-12  3.91678E+04  0.00000E+00  1.0E-05
  2.500E-04  4.75964E-12  1.09680E-12  3.91676E+04  0.00000E+00  1.0E-05
  2.750E-04  5.75917E-12  1.09680E-12  3.91673E+04  0.00000E+00  1.0E-05
  3.000E-04  6.85391E-12  1.09679E-12  3.91671E+04  0.00000E+00  1.0E-05
  3.250E-04  8.04379E-12  1.09678E-12  3.91668E+04  0.00000E+00  1.0E-05
  3.500E-04  9.32893E-12  1.09677E-12  3.91665E+04  0.00000E+00  1.0E-05
  3.750E-04  1.07092E-11  1.09677E-12  3.91662E+04  0.00000E+00  1.0E-05
  4.000E-04  1.21847E-11  1.09676E-12  3.91659E+04  0.00000E+00  1.0E-05
  4.250E-04  1.37554E-11  1.09675E-12  3.91655E+04  0.00000E+00  1.0E-05
  4.500E-04  1.54213E-11  1.09674E-12  3.91652E+04  0.00000E+00  1.0E-05
  4.750E-04  1.71823E-11  1.09673E-12  3.91648E+04  0.00000E+00  1.0E-05
  5.000E-04  1.90386E-11  1.09671E-12  3.91644E+04  0.00000E+00  1.0E-05
  5.250E-04  2.09900E-11  1.09670E-12  3.91639E+04  0.00000E+00  1.0E-05
  5.500E-04  2.30367E-11  1.09669E-12  3.91635E+04  0.00000E+00  1.0E-05
  5.750E-04  2.51785E-11  1.09668E-12  3.91630E+04  0.00000E+00  1.0E-05
  6.000E-04  2.74156E-11  1.09666E-12  3.91625E+04  0.00000E+00  1.0E-05
  6.250E-04  2.97478E-11  1.09665E-12  3.91620E+04  0.00000E+00  1.0E-05
  6.500E-04  3.21752E-11  1.09663E-12  3.91614E+04  0.00000E+00  1.0E-05
  6.750E-04  3.46979E-11  1.09662E-12  3.91608E+04  0.00000E+00  1.0E-05
  7.000E-04  3.73157E-11  1.09660E-12  3.91603E+04  0.00000E+00  1.0E-05
  7.250E-04  4.00286E-11  1.09658E-12  3.91596E+04  0.00000E+00  1.0E-05
  7.500E-04  4.28368E-11  1.09656E-12  3.91590E+04  0.00000E+00  1.0E-05
  7.750E-04  4.57402E-11  1.09655E-12  3.91584E+04  0.00000E+00  1.0E-05
  8.000E-04  4.87388E-11  1.09653E-12  3.91577E+04  0.00000E+00  1.0E-05
  8.250E-04  5.18325E-11  1.09651E-12  3.91570E+04  0.00000E+00  1.0E-05
  8.500E-04  5.50215E-11  1.09649E-12  3.91563E+04  0.00000E+00  1.0E-05
  8.750E-04  5.83057E-11  1.09647E-12  3.91555E+04  0.00000E+00  1.0E-05
  9.000E-04  6.16850E-11  1.09645E-12  3.91548E+04  0.00000E+00  1.0E-05
  9.250E-04  6.51595E-11  1.09642E-12  3.91540E+04  0.00000E+00  1.0E-05
  9.500E-04  6.87293E-11  1.09640E-12  3.91532E+04  0.00000E+00  1.0E-05
  9.750E-04  7.23943E-11  1.09638E-12  3.91524E+04  0.00000E+00  1.0E-05
  1.000E-03  7.61544E-11  1.09635E-12  3.91515E+04  0.00000E+00  1.0E-05
  1.250E-03  1.18991E-10  1.09608E-12  3.91419E+04  0.00000E+00  1.0E-05
  1.500E-03  1.71347E-10  1.09576E-12  3.91301E+04  0.00000E+00  1.0E-05
  1.750E-03  2.33223E-10  1.09537E-12  3.91162E+04  0.00000E+00  1.0E-05
  2.000E-03  3.04617E-10  1.09492E-12  3.91002E+04  0.00000E+00  1.0E-05
  2.250E-03  3.85531E-10  1.09441E-12  3.90821E+04  0.00000E+00  1.0E-05
  2.500E-03  4.75965E-10  1.09384E-12  3.90618E+04  0.00000E+00  1.0E-05
  2.750E-03  5.75917E-10  1.09322E-12  3.90394E+04  0.00000E+00  1.0E-05
  3.000E-03  6.85389E-10  1.09253E-12  3.90149E+04  0.00000E+00  1.0E-05
  3.250E-03  8.04380E-10  1.09178E-12  3.89883E+04  0.00000E+00  1.0E-05
  3.500E-03  9.32891E-10  1.09098E-12  3.89597E+04  0.00000E+00  1.0E-05
  3.750E-03  1.07092E-09  1.09012E-12  3.89289E+04  0.00000E+00  1.0E-05
  4.000E-03  1.21847E-09  1.08920E-12  3.88961E+04  0.00000E+00  1.0E-05
  4.250E-03  1.37554E-09  1.08822E-12  3.88612E+04  0.00000E+00  1.0E-05
  4.500E-03  1.54213E-09  1.08719E-12  3.88242E+04  0.00000E+00  1.0E-05
  4.750E-03  1.71823E-09  1.08610E-12  3.87852E+04  0.00000E+00  1.0E-05
  5.000E-03  1.90386E-09  1.08495E-12  3.87442E+04  0.00000E+00  1.0E-05
  5.250E-03  2.09900E-09  1.08374E-12  3.87011E+04  0.00000E+00  1.0E-05
  5.500E-03  2.30367E-09  1.08248E-12  3.86561E+04  0.00000E+00  1.0E-05
  5.750E-03  2.51785E-09  1.08116E-12  3.86090E+04  0.00000E+00  1.0E-05
  6.000E-03  2.74156E-09  1.07979E-12  3.85600E+04  0.00000E+00  1.0E-05
  6.250E-03  2.97478E-09  1.07836E-12  3.85090E+04  0.00000E+00  1.0E-05
  6.500E-03  3.21752E-09  1.07688E-12  3.84560E+04  0.00000E+00  1.0E-05
  6.750E-03  3.46978E-09  1.07534E-12  3.84011E+04  0.00000E+00  1.0E-05
  7.000E-03  3.73156E-09  1.07375E-12  3.83443E+04  0.00000E+00  1.0E-05
  7.250E-03  4.00286E-09  1.07211E-12  3.82856E+04  0.00000E+00  1.0E-05
  7.500E-03  4.28368E-09  1.07041E-12  3.82250E+04  0.00000E+00  1.0E-05
  7.750E-03  4.57402E-09  1.06866E-12  3.81625E+04  0.00000E+00  1.0E-05
  8.000E-03  4.87388E-09  1.06686E-12  3.80981E+04  0.00000E+00  1.0E-05
  8.250E-03  5.18326E-09  1.06500E-12  3.80320E+04  0.00000E+00  1.0E-05
  8.500E-03  5.50215E-09  1.06310E-12  3.79640E+04  0.00000E+00  1.0E-05
  8.750E-03  5.83057E-09  1.06114E-12  3.78942E+04  0.00000E+00  1.0E-05
  9.000E-03  6.16850E-09  1.05914E-12  3.78226E+04  0.00000E+00  1.0E-05
  9.250E-03  6.51596E-09  1.05709E-12  3.77493E+04  0.00000E+00  1.0E-05
  9.500E-03  6.87293E-09  1.05498E-12  3.76742E+04  0.00000E+00  1.0E-05
  9.750E-03  7.23942E-09  1.05283E-12  3.75974E+04  0.00000E+00  1.0E-05
  1.000E-02  7.61544E-09  1.05064E-12  3.75189E+04  0.00000E+00  1.0E-05
  1.250E-02  1.18991E-08  1.02617E-12  3.66452E+04  0.00000E+00  1.0E-05
  1.500E-02  1.71347E-08  9.97564E-13  3.56237E+04  0.00000E+00  1.0E-05
  1.750E-02  2.33223E-08  9.65654E-13  3.44841E+04  0.00000E+00  1.0E-05
  2.000E-02  3.04617E-08  9.31147E-13  3.32519E+04  0.00000E+00  1.0E-05
  2.250E-02  3.85531E-08  8.94616E-13  3.19473E+04  0.00000E+00  1.0E-05
  2.500E-02  4.75965E-08  8.56749E-13  3.05951E+04  0.00000E+00  1.0E-05
  2.750E-02  5.75917E-08  8.18266E-13  2.92208E+04  0.00000E+00  1.0E-05
  3.000E-02  6.85389E-08  7.79716E-13  2.78442E+04  0.00000E+00  1.0E-05
  3.250E-02  8.04380E-08  7.41444E-13  2.64775E+04  0.00000E+00  1.0E-05
  3.500E-02  9.32891E-08  7.03772E-13  2.51321E+04  0.00000E+00  1.0E-05
  3.750E-02  1.07092E-07  6.67175E-13  2.38253E+04  0.00000E+00  1.0E-05
  4.000E-02  1.21847E-07  6.31883E-13  2.25649E+04  0.00000E+00  1.0E-05
  4.250E-02  1.37554E-07  5.97998E-13  2.13549E+04  0.00000E+00  1.0E-05
  4.500E-02  1.54213E-07  5.65485E-13  2.01938E+04  0.00000E+00  1.0E-05
  4.750E-02  1.71823E-07  5.34617E-13  1.90915E+04  0.00000E+00  1.0E-05
  5.000E-02  1.90386E-07  5.05411E-13  1.80485E+04  0.00000E+00  1.0E-05
  5.250E-02  2.09900E-07  4.77851E-13  1.70644E+04  0.00000E+00  1.0E-05
  5.500E-02  2.30367E-07  4.51703E-13  1.61306E+04  0.00000E+00  1.0E-05
  5.750E-02  2.51785E-07  4.27137E-13  1.52533E+04  0.00000E+00  1.0E-05
  6.000E-02  2.74156E-07  4.04088E-13  1.44302E+04  0.00000E+00  1.0E-05
  6.250E-02  2.97478E-07  3.82480E-13  1.36586E+04  0.00000E+00  1.0E-05
  6.500E-02  3.21752E-07  3.62104E-13  1.29310E+04  0.00000E+00  1.0E-05
  6.750E-02  3.46978E-07  3.42999E-13  1.22487E+04  0.00000E+00  1.0E-05
  7.000E-02  3.73156E-07  3.25116E-13  1.16101E+04  0.00000E+00  1.0E-05
  7.250E-02  4.00286E-07  3.08374E-13  1.10122E+04  0.00000E+00  1.0E-05
  7.500E-02  4.28368E-07  2.92618E-13  1.04496E+04  0.00000E+00  1.0E-05
  7.750E-02  4.57402E-07  2.77817E-13  9.92102E+03  0.00000E+00  1.0E-05
  8.000E-02  4.87388E-07  2.63951E-13  9.42588E+03  0.00000E+00  1.0E-05
  8.250E-02  5.18325E-07  2.50954E-13  8.96174E+03  0.00000E+00  1.0E-05
  8.500E-02  5.50215E-07  2.38721E-13  8.52489E+03  0.00000E+00  1.0E-05
  8.750E-02  5.83057E-07  2.27188E-13  8.11301E+03  0.00000E+00  1.0E-05
  9.000E-02  6.16850E-07  2.16358E-13  7.72630E+03  0.00000E+00  1.0E-05
  9.250E-02  6.51596E-07  2.06183E-13  7.36292E+03  0.00000E+00  1.0E-05
  9.500E-02  6.87293E-07  1.96596E-13  7.02057E+03  0.00000E+00  1.0E-05
  9.750E-02  7.23942E-07  1.87518E-13  6.69638E+03  0.00000E+00  1.0E-05
  1.000E-01  7.61543E-07  1.78971E-13  6.39117E+03  0.00000E+00  1.0E-05
  1.250E-01  1.18991E-06  1.15269E-13  4.11634E+03  0.00000E+00  1.0E-05
  1.500E-01  1.71347E-06  7.62105E-14  2.72153E+03  0.00000E+00  1.0E-05
  1.750E-01  2.33223E-06  5.29139E-14  1.88959E+03  0.00000E+00  1.0E-05
  2.000E-01  3.04617E-06  3.78271E-14  1.35083E+03  0.00000E+00  1.0E-05
  2.250E-01  3.85531E-06  2.75472E-14  9.83727E+02  0.00000E+00  1.0E-05
  2.500E-01  4.75964E-06  2.05317E-14  7.33201E+02  0.00000E+00  1.0E-05
  2.750E-01  5.75916E-06  1.56676E-14  5.59499E+02  0.00000E+00  1.0E-05
  3.000E-01  6.85388E-06  1.21965E-14  4.35544E+02  0.00000E+00  1.0E-05
  3.250E-01  8.04378E-06  9.64242E-15  3.44337E+02  0.00000E+00  1.0E-05
  3.500E-01  9.32888E-06  7.72388E-15  2.75825E+02  0.00000E+00  1.0E-05
  3.750E-01  1.07092E-05  6.27053E-15  2.23925E+02  0.00000E+00  1.0E-05
  4.000E-01  1.21846E-05  5.14845E-15  1.83855E+02  0.00000E+00  1.0E-05
  4.250E-01  1.37553E-05  4.26525E-15  1.52315E+02  0.00000E+00  1.0E-05
  4.500E-01  1.54212E-05  3.55617E-15  1.26993E+02  0.00000E+00  1.0E-05
  4.750E-01  1.71822E-05  2.98819E-15  1.06710E+02  0.00000E+00  1.0E-05
  5.000E-01  1.90385E-05  2.52672E-15  9.02308E+01  0.00000E+00  1.0E-05
  5.250E-01  2.09899E-05  2.15263E-15  7.68717E+01  0.00000E+00  1.0E-05
  5.500E-01  2.30365E-05  1.84117E-15  6.57493E+01  0.00000E+00  1.0E-05
  5.750E-01  2.51783E-05  1.58330E-15  5.65407E+01  0.00000E+00  1.0E-05
  6.000E-01  2.74153E-05  1.36841E-15  4.88666E+01  0.00000E+00  1.0E-05
  6.250E-01  2.97475E-05  1.18843E-15  4.24397E+01  0.00000E+00  1.0E-05
  6.500E-01  3.21749E-05  1.03684E-15  3.70262E+01  0.00000E+00  1.0E-05
  6.750E-01  3.46974E-05  9.08165E-16  3.24311E+01  0.00000E+00  1.0E-05
  7.000E-01  3.73152E-05  7.98995E-16  2.85326E+01  0.00000E+00  1.0E-05
  7.250E-01  4.00281E-05  7.06097E-16  2.52152E+01  0.00000E+00  1.0E-05
  7.500E-01  4.28362E-05  6.26504E-16  2.23729E+01  0.00000E+00  1.0E-05
  7.750E-01  4.57395E-05  5.58026E-16  1.99275E+01  0.00000E+00  1.0E-05
  8.000E-01  4.87380E-05  4.98853E-16  1.78144E+01  0.00000E+00  1.0E-05
  8.250E-01  5.18317E-05  4.47464E-16  1.59792E+01  0.00000E+00  1.0E-05
  8.500E-01  5.50205E-05  4.02576E-16  1.43762E+01  0.00000E+00  1.0E-05
  8.750E-01  5.83045E-05  3.63192E-16  1.29698E+01  0.00000E+00  1.0E-05
  9.000E-01  6.16838E-05  3.28580E-16  1.17338E+01  0.00000E+00  1.0E-05
  9.250E-01  6.51582E-05  2.98057E-16  1.06438E+01  0.00000E+00  1.0E-05
  9.500E-01  6.87277E-05  2.71031E-16  9.67870E+00  0.00000E+00  1.0E-05
  9.750E-01  7.23925E-05  2.46998E-16  8.82047E+00  0.00000E+00  1.0E-05
  1.000E+00  7.61524E-05  2.25609E-16  8.05665E+00  0.00000E+00  1.1E-05
  1.100E+00  9.21439E-05  1.60262E-16  5.72305E+00  0.00000E+00  8.0E-06
  1.200E+00  1.09658E-04  1.17065E-16  4.18046E+00  0.00000E+00  4.4E-06
  1.300E+00  1.28695E-04  8.75054E-17  3.12487E+00  0.00000E+00  8.8E-07
  1.400E+00  1.49255E-04  6.66749E-17  2.38100E+00  0.00000E+00  1.7E-06
  1.500E+00  1.71338E-04  5.17456E-17  1.84787E+00  0.00000E+00  3.1E-06
  1.600E+00  1.94942E-04  4.07896E-17  1.45662E+00  0.00000E+00  3.3E-06
  1.700E+00  2.20070E-04  3.25880E-17  1.16374E+00  0.00000E+00  2.7E-06
  1.800E+00  2.46720E-04  2.63383E-17  9.40559E-01  0.00000E+00  1.5E-06
  1.900E+00  2.74892E-04  2.15246E-17  7.68656E-01  0.00000E+00  2.4E-07
  2.000E+00  3.04586E-04  1.77653E-17  6.34411E-01  0.00000E+00  7.8E-07
  2.100E+00  3.35803E-04  1.47937E-17  5.28294E-01  0.00000E+00  1.4E-06
  2.200E+00  3.68542E-04  1.24125E-17  4.43259E-01  0.00000E+00  1.5E-06
  2.300E+00  4.02802E-04  1.04931E-17  3.74715E-01  0.00000E+00  1.2E-06
  2.400E+00  4.38585E-04  8.93154E-18  3.18951E-01  0.00000E+00  6.8E-07
  2.500E+00  4.75889E-04  7.65031E-18  2.73198E-01  0.00000E+00  1.0E-07
  2.600E+00  5.14715E-04  6.58954E-18  2.35317E-01  0.00000E+00  4.5E-07
  2.700E+00  5.55063E-04  5.70665E-18  2.03788E-01  0.00000E+00  7.6E-07
  2.800E+00  5.96931E-04  4.96731E-18  1.77386E-01  0.00000E+00  8.2E-07
  2.900E+00  6.40321E-04  4.34431E-18  1.55138E-01  0.00000E+00  6.6E-07
  3.000E+00  6.85233E-04  3.81584E-18  1.36266E-01  0.00000E+00  3.6E-07
  3.100E+00  7.31665E-04  3.36550E-18  1.20184E-01  0.00000E+00  1.0E-07
  3.200E+00  7.79618E-04  2.97999E-18  1.06417E-01  0.00000E+00  2.9E-07
  3.300E+00  8.29092E-04  2.64841E-18  9.45763E-02  0.00000E+00  4.7E-07
  3.400E+00  8.80086E-04  2.36175E-18  8.43397E-02  0.00000E+00  5.0E-07
  3.500E+00  9.32601E-04  2.11292E-18  7.54538E-02  0.00000E+00  4.0E-07
  3.600E+00  9.86636E-04  1.89619E-18  6.77143E-02  0.00000E+00  2.1E-07
  3.700E+00  1.04219E-03  1.70669E-18  6.09470E-02  0.00000E+00  1.0E-07
  3.800E+00  1.09927E-03  1.54037E-18  5.50075E-02  0.00000E+00  2.0E-07
  3.900E+00  1.15786E-03  1.39382E-18  4.97744E-02  0.00000E+00  3.2E-07
  4.000E+00  1.21797E-03  1.26439E-18  4.51521E-02  0.00000E+00  3.3E-07
  4.100E+00  1.27961E-03  1.14971E-18  4.10568E-02  0.00000E+00  2.6E-07
  4.200E+00  1.34276E-03  1.04780E-18  3.74175E-02  0.00000E+00  1.3E-07
  4.300E+00  1.40743E-03  9.56912E-19  3.41720E-02  0.00000E+00  1.0E-07
  4.400E+00  1.47362E-03  8.75715E-19  3.12724E-02  0.00000E+00  1.5E-07
  4.500E+00  1.54133E-03  8.02990E-19  2.86753E-02  0.00000E+00  2.3E-07
  4.600E+00  1.61056E-03  7.37689E-19  2.63434E-02  0.00000E+00  2.3E-07
  4.700E+00  1.68131E-03  6.78883E-19  2.42434E-02  0.00000E+00  1.8E-07
  4.800E+00  1.75357E-03  6.25842E-19  2.23492E-02  0.00000E+00  1.0E-07
  4.900E+00  1.82735E-03  5.77901E-19  2.06372E-02  0.00000E+00  1.0E-07
  5.000E+00  1.90265E-03  5.34480E-19  1.90866E-02  0.00000E+00  1.2E-07
  5.100E+00  1.97947E-03  4.95061E-19  1.76789E-02  0.00000E+00  1.7E-07
  5.200E+00  2.05780E-03  4.59216E-19  1.63989E-02  0.00000E+00  1.7E-07
  5.300E+00  2.13765E-03  4.26570E-19  1.52331E-02  0.00000E+00  1.3E-07
  5.400E+00  2.21902E-03  3.96784E-19  1.41694E-02  0.00000E+00  1.0E-07
  5.500E+00  2.30190E-03  3.69557E-19  1.31971E-02  0.00000E+00  1.0E-07
  5.600E+00  2.38630E-03  3.44627E-19  1.23068E-02  0.00000E+00  1.0E-07
  5.700E+00  2.47222E-03  3.21773E-19  1.14907E-02  0.00000E+00  1.3E-07
  5.800E+00  2.55965E-03  3.00790E-19  1.07414E-02  0.00000E+00  1.3E-07
  5.900E+00  2.64859E-03  2.81493E-19  1.00523E-02  0.00000E+00  1.0E-07
  6.000E+00  2.73905E-03  2.63721E-19  9.41765E-03  0.00000E+00  1.0E-07
  6.100E+00  2.83103E-03  2.47336E-19  8.83252E-03  0.00000E+00  1.0E-07
  6.200E+00  2.92452E-03  2.32209E-19  8.29234E-03  0.00000E+00  1.0E-07
  6.300E+00  3.01952E-03  2.18226E-19  7.79299E-03  0.00000E+00  1.0E-07
  6.400E+00  3.11604E-03  2.05280E-19  7.33069E-03  0.00000E+00  1.0E-07
  6.500E+00  3.21407E-03  1.93285E-19  6.90234E-03  0.00000E+00  1.0E-07
  6.600E+00  3.31362E-03  1.82158E-19  6.50499E-03  0.00000E+00  1.0E-07
  6.700E+00  3.41468E-03  1.71825E-19  6.13598E-03  0.00000E+00  1.0E-07
  6.800E+00  3.51725E-03  1.62215E-19  5.79280E-03  0.00000E+00  1.0E-07
  6.900E+00  3.62133E-03  1.53271E-19  5.47342E-03  0.00000E+00  1.0E-07
  7.000E+00  3.72692E-03  1.44939E-19  5.17587E-03  0.00000E+00  1.0E-07
  7.100E+00  3.83403E-03  1.37169E-19  4.89840E-03  0.00000E+00  1.0E-07
  7.200E+00  3.94265E-03  1.29915E-19  4.63934E-03  0.00000E+00  1.0E-07
  7.300E+00  4.05278E-03  1.23136E-19  4.39727E-03  0.00000E+00  1.0E-07
  7.400E+00  4.16442E-03  1.16797E-19  4.17090E-03  0.00000E+00  1.0E-07
  7.500E+00  4.27757E-03  1.10863E-19  3.95900E-03  0.00000E+00  1.0E-07
  7.600E+00  4.39223E-03  1.05304E-19  3.76047E-03  0.00000E+00  1.0E-07
  7.700E+00  4.50840E-03  1.00090E-19  3.57429E-03  0.00000E+00  1.0E-07
  7.800E+00  4.62608E-03  9.51982E-20  3.39959E-03  0.00000E+00  1.0E-07
  7.900E+00  4.74527E-03  9.06036E-20  3.23551E-03  0.00000E+00  1.0E-07
  8.000E+00  4.86597E-03  8.62848E-20  3.08129E-03  0.00000E+00  1.0E-07
  8.100E+00  4.98817E-03  8.22218E-20  2.93619E-03  0.00000E+00  1.0E-07
  8.200E+00  5.11188E-03  7.83973E-20  2.79962E-03  0.00000E+00  1.0E-07
  8.300E+00  5.23711E-03  7.47945E-20  2.67096E-03  0.00000E+00  1.0E-07
  8.400E+00  5.36383E-03  7.13980E-20  2.54967E-03  0.00000E+00  1.0E-07
  8.500E+00  5.49207E-03  6.81935E-20  2.43523E-03  0.00000E+00  1.0E-07
  8.600E+00  5.62181E-03  6.51684E-20  2.32721E-03  0.00000E+00  1.0E-07
  8.700E+00  5.75306E-03  6.23109E-20  2.22516E-03  0.00000E+00  1.0E-07
  8.800E+00  5.88581E-03  5.96098E-20  2.12870E-03  0.00000E+00  1.0E-07
  8.900E+00  6.02007E-03  5.70546E-20  2.03746E-03  0.00000E+00  1.0E-07
  9.000E+00  6.15583E-03  5.46362E-20  1.95109E-03  0.00000E+00  1.0E-07
  9.100E+00  6.29310E-03  5.23460E-20  1.86931E-03  0.00000E+00  1.0E-07
  9.200E+00  6.43187E-03  5.01758E-20  1.79181E-03  0.00000E+00  1.0E-07
  9.300E+00  6.57214E-03  4.81180E-20  1.71832E-03  0.00000E+00  1.0E-07
  9.400E+00  6.71392E-03  4.61657E-20  1.64861E-03  0.00000E+00  1.0E-07
  9.500E+00  6.85720E-03  4.43125E-20  1.58243E-03  0.00000E+00  1.0E-07
  9.600E+00  7.00198E-03  4.25525E-20  1.51958E-03  0.00000E+00  1.0E-07
  9.700E+00  7.14827E-03  4.08799E-20  1.45985E-03  0.00000E+00  1.0E-07
  9.800E+00  7.29605E-03  3.92896E-20  1.40306E-03  0.00000E+00  1.0E-07
  9.900E+00  7.44534E-03  3.77769E-20  1.34904E-03  0.00000E+00  1.0E-07
  1.000E+01  7.59612E-03  3.63372E-20  1.29762E-03  0.00000E+00  1.0E-07
  1.025E+01  7.97965E-03  3.30302E-20  1.17953E-03  0.00000E+00  1.0E-07
  1.050E+01  8.37255E-03  3.00954E-20  1.07473E-03  0.00000E+00  1.0E-07
  1.075E+01  8.77480E-03  2.74835E-20  9.81454E-04  0.00000E+00  1.0E-07
  1.100E+01  9.18641E-03  2.51526E-20  8.98214E-04  0.00000E+00  1.0E-07
  1.125E+01  9.60736E-03  2.30669E-20  8.23735E-04  0.00000E+00  1.0E-07
  1.150E+01  1.00376E-02  2.11961E-20  7.56927E-04  0.00000E+00  1.0E-07
  1.175E+01  1.04773E-02  1.95140E-20  6.96856E-04  0.00000E+00  1.0E-07
  1.200E+01  1.09262E-02  1.79980E-20  6.42719E-04  0.00000E+00  1.0E-07
  1.225E+01  1.13844E-02  1.66287E-20  5.93823E-04  0.00000E+00  1.0E-07
  1.250E+01  1.18520E-02  1.53894E-20  5.49566E-04  0.00000E+00  1.0E-07
  1.275E+01  1.23288E-02  1.42654E-20  5.09427E-04  0.00000E+00  1.0E-07
  1.300E+01  1.28150E-02  1.32440E-20  4.72951E-04  0.00000E+00  1.0E-07
  1.325E+01  1.33104E-02  1.23140E-20  4.39740E-04  0.00000E+00  1.0E-07
  1.350E+01  1.38150E-02  1.14658E-20  4.09452E-04  0.00000E+00  1.0E-07
  1.375E+01  1.43290E-02  1.06909E-20  3.81778E-04  0.00000E+00  1.0E-07
  1.400E+01  1.48521E-02  9.98158E-21  3.56449E-04  0.00000E+00  1.0E-07
  1.425E+01  1.53845E-02  9.33142E-21  3.33231E-04  0.00000E+00  1.0E-07
  1.450E+01  1.59262E-02  8.73451E-21  3.11915E-04  0.00000E+00  1.0E-07
  1.475E+01  1.64770E-02  8.18561E-21  2.92313E-04  0.00000E+00  1.0E-07
  1.500E+01  1.70371E-02  7.68012E-21  2.74262E-04  0.00000E+00  1.0E-07
  1.525E+01  1.76063E-02  7.21400E-21  2.57617E-04  0.00000E+00  1.0E-07
  1.550E+01  1.81848E-02  6.78358E-21  2.42246E-04  0.00000E+00  1.0E-07
  1.575E+01  1.87724E-02  6.38559E-21  2.28033E-04  0.00000E+00  1.0E-07
  1.600E+01  1.93692E-02  6.01708E-21  2.14874E-04  0.00000E+00  1.0E-07
  1.625E+01  1.99751E-02  5.67549E-21  2.02676E-04  0.00000E+00  1.0E-07
  1.650E+01  2.05901E-02  5.35847E-21  1.91354E-04  0.00000E+00  1.0E-07
  1.675E+01  2.12143E-02  5.06389E-21  1.80835E-04  0.00000E+00  1.0E-07
  1.700E+01  2.18476E-02  4.78983E-21  1.71048E-04  0.00000E+00  1.0E-07
  1.725E+01  2.24900E-02  4.53461E-21  1.61934E-04  0.00000E+00  1.0E-07
  1.750E+01  2.31415E-02  4.29668E-21  1.53437E-04  0.00000E+00  1.0E-07
  1.775E+01  2.38021E-02  4.07464E-21  1.45508E-04  0.00000E+00  1.0E-07
  1.800E+01  2.44717E-02  3.86719E-21  1.38100E-04  0.00000E+00  1.0E-07
  1.825E+01  2.51504E-02  3.67320E-21  1.31172E-04  0.00000E+00  1.0E-07
  1.850E+01  2.58382E-02  3.49162E-21  1.24688E-04  0.00000E+00  1.0E-07
  1.875E+01  2.65349E-02  3.32151E-21  1.18613E-04  0.00000E+00  1.0E-07
  1.900E+01  2.72407E-02  3.16197E-21  1.12916E-04  0.00000E+00  1.0E-07
  1.925E+01  2.79555E-02  3.01224E-21  1.07569E-04  0.00000E+00  1.0E-07
  1.950E+01  2.86793E-02  2.87158E-21  1.02546E-04  0.00000E+00  1.0E-07
  1.975E+01  2.94120E-02  2.73933E-21  9.78234E-05  0.00000E+00  1.0E-07
  2.000E+01  3.01537E-02  2.61489E-21  9.33795E-05  0.00000E+00  1.0E-07
  2.025E+01  3.09043E-02  2.49770E-21  8.91947E-05  0.00000E+00  1.0E-07
  2.050E+01  3.16639E-02  2.38726E-21  8.52507E-05  0.00000E+00  1.0E-07
  2.075E+01  3.24324E-02  2.28310E-21  8.15310E-05  0.00000E+00  1.0E-07
  2.100E+01  3.32098E-02  2.18478E-21  7.80199E-05  0.00000E+00  1.0E-07
  2.125E+01  3.39961E-02  2.09191E-21  7.47034E-05  0.00000E+00  1.0E-07
  2.150E+01  3.47912E-02  2.00412E-21  7.15686E-05  0.00000E+00  1.0E-07
  2.175E+01  3.55952E-02  1.92109E-21  6.86035E-05  0.00000E+00  1.0E-07
  2.200E+01  3.64081E-02  1.84250E-21  6.57968E-05  0.00000E+00  1.0E-07
  2.225E+01  3.72297E-02  1.76806E-21  6.31384E-05  0.00000E+00  1.0E-07
  2.250E+01  3.80602E-02  1.69750E-21  6.06189E-05  0.00000E+00  1.0E-07
  2.275E+01  3.88995E-02  1.63059E-21  5.82295E-05  0.00000E+00  1.0E-07
  2.300E+01  3.97476E-02  1.56709E-21  5.59619E-05  0.00000E+00  1.0E-07
  2.325E+01  4.06044E-02  1.50680E-21  5.38087E-05  0.00000E+00  1.0E-07
  2.350E+01  4.14700E-02  1.44951E-21  5.17629E-05  0.00000E+00  1.0E-07
  2.375E+01  4.23443E-02  1.39505E-21  4.98181E-05  0.00000E+00  1.0E-07
  2.400E+01  4.32273E-02  1.34324E-21  4.79681E-05  0.00000E+00  1.0E-07
  2.425E+01  4.41190E-02  1.29394E-21  4.62073E-05  0.00000E+00  1.0E-07
  2.450E+01  4.50194E-02  1.24699E-21  4.45307E-05  0.00000E+00  1.0E-07
  2.475E+01  4.59284E-02  1.20225E-21  4.29331E-05  0.00000E+00  1.0E-07
  2.500E+01  4.68461E-02  1.15961E-21  4.14103E-05  0.00000E+00  1.0E-07
  2.550E+01  4.87074E-02  1.08012E-21  3.85716E-05  0.00000E+00  1.0E-07
  2.600E+01  5.06030E-02  1.00766E-21  3.59842E-05  0.00000E+00  1.0E-07
  2.650E+01  5.25328E-02  9.41489E-22  3.36212E-05  0.00000E+00  1.0E-07
  2.700E+01  5.44967E-02  8.80945E-22  3.14591E-05  0.00000E+00  1.0E-07
  2.750E+01  5.64946E-02  8.25447E-22  2.94773E-05  0.00000E+00  1.0E-07
  2.800E+01  5.85262E-02  7.74489E-22  2.76575E-05  0.00000E+00  1.0E-07
  2.850E+01  6.05914E-02  7.27620E-22  2.59838E-05  0.00000E+00  1.0E-07
  2.900E+01  6.26901E-02  6.84444E-22  2.44419E-05  0.00000E+00  1.0E-07
  2.950E+01  6.48222E-02  6.44605E-22  2.30193E-05  0.00000E+00  1.0E-07
  3.000E+01  6.69873E-02  6.07793E-22  2.17047E-05  0.00000E+00  1.0E-07
  3.050E+01  6.91854E-02  5.73726E-22  2.04881E-05  0.00000E+00  1.0E-07
  3.100E+01  7.14163E-02  5.42157E-22  1.93608E-05  0.00000E+00  1.0E-07
  3.150E+01  7.36799E-02  5.12861E-22  1.83146E-05  0.00000E+00  1.0E-07
  3.200E+01  7.59760E-02  4.85640E-22  1.73425E-05  0.00000E+00  1.0E-07
  3.250E+01  7.83043E-02  4.60313E-22  1.64381E-05  0.00000E+00  1.0E-07
  3.300E+01  8.06647E-02  4.36720E-22  1.55955E-05  0.00000E+00  1.0E-07
  3.350E+01  8.30571E-02  4.14714E-22  1.48097E-05  0.00000E+00  1.0E-07
  3.400E+01  8.54812E-02  3.94167E-22  1.40760E-05  0.00000E+00  1.0E-07
  3.450E+01  8.79369E-02  3.74959E-22  1.33900E-05  0.00000E+00  1.0E-07
  3.500E+01  9.04240E-02  3.56984E-22  1.27481E-05  0.00000E+00  1.0E-07
  3.550E+01  9.29422E-02  3.40143E-22  1.21467E-05  0.00000E+00  1.0E-07
  3.600E+01  9.54915E-02  3.24350E-22  1.15827E-05  0.00000E+00  1.0E-07
  3.650E+01  9.80716E-02  3.09523E-22  1.10533E-05  0.00000E+00  1.0E-07
  3.700E+01  1.00682E-01  2.95591E-22  1.05557E-05  0.00000E+00  1.0E-07
  3.750E+01  1.03323E-01  2.82486E-22  1.00878E-05  0.00000E+00  1.0E-07
  3.800E+01  1.05995E-01  2.70148E-22  9.64717E-06  0.00000E+00  1.0E-07
  3.850E+01  1.08696E-01  2.58522E-22  9.23200E-06  0.00000E+00  1.0E-07
  3.900E+01  1.11427E-01  2.47557E-22  8.84043E-06  0.00000E+00  1.0E-07
  3.950E+01  1.14188E-01  2.37206E-22  8.47079E-06  0.00000E+00  1.0E-07
  4.000E+01  1.16978E-01  2.27427E-22  8.12158E-06  0.00000E+00  1.0E-07
  4.050E+01  1.19797E-01  2.18181E-22  7.79140E-06  0.00000E+00  1.0E-07
  4.100E+01  1.22645E-01  2.09432E-22  7.47895E-06  0.00000E+00  1.0E-07
  4.150E+01  1.25522E-01  2.01146E-22  7.18307E-06  0.00000E+00  1.0E-07
  4.200E+01  1.28428E-01  1.93294E-22  6.90265E-06  0.00000E+00  1.0E-07
  4.250E+01  1.31361E-01  1.85846E-22  6.63670E-06  0.00000E+00  1.0E-07
  4.300E+01  1.34323E-01  1.78778E-22  6.38428E-06  0.00000E+00  1.0E-07
  4.350E+01  1.37313E-01  1.72065E-22  6.14454E-06  0.00000E+00  1.0E-07
  4.400E+01  1.40330E-01  1.65684E-22  5.91670E-06  0.00000E+00  1.0E-07
  4.450E+01  1.43375E-01  1.59616E-22  5.70000E-06  0.00000E+00  1.0E-07
  4.500E+01  1.46447E-01  1.53842E-22  5.49378E-06  0.00000E+00  1.0E-07
  4.550E+01  1.49545E-01  1.48342E-22  5.29740E-06  0.00000E+00  1.0E-07
  4.600E+01  1.52671E-01  1.43102E-22  5.11027E-06  0.00000E+00  1.0E-07
  4.650E+01  1.55823E-01  1.38106E-22  4.93186E-06  0.00000E+00  1.0E-07
  4.700E+01  1.59001E-01  1.33340E-22  4.76164E-06  0.00000E+00  1.0E-07
  4.750E+01  1.62205E-01  1.28790E-22  4.59917E-06  0.00000E+00  1.0E-07
  4.800E+01  1.65435E-01  1.24444E-22  4.44398E-06  0.00000E+00  1.0E-07
  4.850E+01  1.68690E-01  1.20291E-22  4.29568E-06  0.00000E+00  1.0E-07
  4.900E+01  1.71970E-01  1.16320E-22  4.15388E-06  0.00000E+00  1.0E-07
  4.950E+01  1.75276E-01  1.12522E-22  4.01822E-06  0.00000E+00  1.0E-07
  5.000E+01  1.78606E-01  1.08886E-22  3.88838E-06  0.00000E+00  1.0E-07
  5.050E+01  1.81961E-01  1.05404E-22  3.76403E-06  0.00000E+00  1.0E-07
  5.100E+01  1.85340E-01  1.02067E-22  3.64489E-06  0.00000E+00  1.0E-07
  5.150E+01  1.88743E-01  9.88690E-23  3.53068E-06  0.00000E+00  1.0E-07
  5.200E+01  1.92169E-01  9.58017E-23  3.42114E-06  0.00000E+00  1.0E-07
  5.250E+01  1.95619E-01  9.28587E-23  3.31605E-06  0.00000E+00  1.0E-07
  5.300E+01  1.99092E-01  9.00336E-23  3.21516E-06  0.00000E+00  1.0E-07
  5.350E+01  2.02589E-01  8.73204E-23  3.11827E-06  0.00000E+00  1.0E-07
  5.400E+01  2.06107E-01  8.47136E-23  3.02518E-06  0.00000E+00  1.0E-07
  5.450E+01  2.09649E-01  8.22078E-23  2.93570E-06  0.00000E+00  1.0E-07
  5.500E+01  2.13212E-01  7.97983E-23  2.84965E-06  0.00000E+00  1.0E-07
  5.550E+01  2.16797E-01  7.74803E-23  2.76687E-06  0.00000E+00  1.0E-07
  5.600E+01  2.20404E-01  7.52494E-23  2.68721E-06  0.00000E+00  1.0E-07
  5.650E+01  2.24032E-01  7.31016E-23  2.61051E-06  0.00000E+00  1.0E-07
  5.700E+01  2.27680E-01  7.10329E-23  2.53663E-06  0.00000E+00  1.0E-07
  5.750E+01  2.31350E-01  6.90397E-23  2.46545E-06  0.00000E+00  1.0E-07
  5.800E+01  2.35040E-01  6.71185E-23  2.39685E-06  0.00000E+00  1.0E-07
  5.850E+01  2.38751E-01  6.52660E-23  2.33069E-06  0.00000E+00  1.0E-07
  5.900E+01  2.42481E-01  6.34791E-23  2.26688E-06  0.00000E+00  1.0E-07
  5.950E+01  2.46231E-01  6.17548E-23  2.20530E-06  0.00000E+00  1.0E-07
  6.000E+01  2.50000E-01  6.00905E-23  2.14587E-06  0.00000E+00  1.0E-07
  6.050E+01  2.53788E-01  5.84834E-23  2.08848E-06  0.00000E+00  1.0E-07
  6.100E+01  2.57595E-01  5.69311E-23  2.03305E-06  0.00000E+00  1.0E-07
  6.150E+01  2.61421E-01  5.54312E-23  1.97948E-06  0.00000E+00  1.0E-07
  6.200E+01  2.65264E-01  5.39815E-23  1.92772E-06  0.00000E+00  1.0E-07
  6.250E+01  2.69126E-01  5.25800E-23  1.87766E-06  0.00000E+00  1.0E-07
  6.300E+01  2.73005E-01  5.12244E-23  1.82926E-06  0.00000E+00  1.0E-07
  6.350E+01  2.76901E-01  4.99131E-23  1.78243E-06  0.00000E+00  1.0E-07
  6.400E+01  2.80814E-01  4.86440E-23  1.73711E-06  0.00000E+00  1.0E-07
  6.450E+01  2.84744E-01  4.74156E-23  1.69324E-06  0.00000E+00  1.0E-07
  6.500E+01  2.88691E-01  4.62260E-23  1.65076E-06  0.00000E+00  1.0E-07
  6.550E+01  2.92653E-01  4.50739E-23  1.60962E-06  0.00000E+00  1.0E-07
  6.600E+01  2.96632E-01  4.39577E-23  1.56976E-06  0.00000E+00  1.0E-07
  6.650E+01  3.00625E-01  4.28761E-23  1.53113E-06  0.00000E+00  1.0E-07
  6.700E+01  3.04634E-01  4.18275E-23  1.49369E-06  0.00000E+00  1.0E-07
  6.750E+01  3.08658E-01  4.08109E-23  1.45738E-06  0.00000E+00  1.0E-07
  6.800E+01  3.12697E-01  3.98249E-23  1.42217E-06  0.00000E+00  1.0E-07
  6.850E+01  3.16749E-01  3.88684E-23  1.38801E-06  0.00000E+00  1.0E-07
  6.900E+01  3.20816E-01  3.79402E-23  1.35487E-06  0.00000E+00  1.0E-07
  6.950E+01  3.24896E-01  3.70393E-23  1.32270E-06  0.00000E+00  1.0E-07
  7.000E+01  3.28990E-01  3.61647E-23  1.29147E-06  0.00000E+00  1.0E-07
  7.050E+01  3.33097E-01  3.53155E-23  1.26114E-06  0.00000E+00  1.0E-07
  7.100E+01  3.37216E-01  3.44906E-23  1.23168E-06  0.00000E+00  1.0E-07
  7.150E+01  3.41348E-01  3.36892E-23  1.20306E-06  0.00000E+00  1.0E-07
  7.200E+01  3.45492E-01  3.29106E-23  1.17526E-06  0.00000E+00  1.0E-07
  7.250E+01  3.49647E-01  3.21537E-23  1.14823E-06  0.00000E+00  1.0E-07
  7.300E+01  3.53814E-01  3.14180E-23  1.12196E-06  0.00000E+00  1.0E-07
  7.350E+01  3.57992E-01  3.07026E-23  1.09641E-06  0.00000E+00  1.0E-07
  7.400E+01  3.62181E-01  3.00068E-23  1.07156E-06  0.00000E+00  1.0E-07
  7.450E+01  3.66381E-01  2.93300E-23  1.04739E-06  0.00000E+00  1.0E-07
  7.500E+01  3.70590E-01  2.86715E-23  1.02388E-06  0.00000E+00  1.0E-07
  7.550E+01  3.74810E-01  2.80307E-23  1.00099E-06  0.00000E+00  1.0E-07
  7.600E+01  3.79039E-01  2.74069E-23  9.78718E-07  0.00000E+00  1.0E-07
  7.650E+01  3.83277E-01  2.67996E-23  9.57032E-07  0.00000E+00  1.0E-07
  7.700E+01  3.87524E-01  2.62083E-23  9.35916E-07  0.00000E+00  1.0E-07
  7.750E+01  3.91780E-01  2.56325E-23  9.15352E-07  0.00000E+00  1.0E-07
  7.800E+01  3.96044E-01  2.50715E-23  8.95321E-07  0.00000E+00  1.0E-07
  7.850E+01  4.00316E-01  2.45250E-23  8.75805E-07  0.00000E+00  1.0E-07
  7.900E+01  4.04596E-01  2.39925E-23  8.56789E-07  0.00000E+00  1.0E-07
  7.950E+01  4.08882E-01  2.34735E-23  8.38255E-07  0.00000E+00  1.0E-07
  8.000E+01  4.13176E-01  2.29676E-23  8.20188E-07  0.00000E+00  1.0E-07
  8.050E+01  4.17476E-01  2.24743E-23  8.02574E-07  0.00000E+00  1.0E-07
  8.100E+01  4.21783E-01  2.19934E-23  7.85398E-07  0.00000E+00  1.0E-07
  8.150E+01  4.26095E-01  2.15243E-23  7.68647E-07  0.00000E+00  1.0E-07
  8.200E+01  4.30413E-01  2.10667E-23  7.52307E-07  0.00000E+00  1.0E-07
  8.250E+01  4.34737E-01  2.06204E-23  7.36367E-07  0.00000E+00  1.0E-07
  8.300E+01  4.39065E-01  2.01848E-23  7.20814E-07  0.00000E+00  1.0E-07
  8.350E+01  4.43398E-01  1.97598E-23  7.05635E-07  0.00000E+00  1.0E-07
  8.400E+01  4.47736E-01  1.93450E-23  6.90821E-07  0.00000E+00  1.0E-07
  8.450E+01  4.52077E-01  1.89400E-23  6.76359E-07  0.00000E+00  1.0E-07
  8.500E+01  4.56422E-01  1.85446E-23  6.62239E-07  0.00000E+00  1.0E-07
  8.550E+01  4.60770E-01  1.81585E-23  6.48452E-07  0.00000E+00  1.0E-07
  8.600E+01  4.65122E-01  1.77814E-23  6.34986E-07  0.00000E+00  1.0E-07
  8.650E+01  4.69476E-01  1.74131E-23  6.21834E-07  0.00000E+00  1.0E-07
  8.700E+01  4.73832E-01  1.70533E-23  6.08986E-07  0.00000E+00  1.0E-07
  8.750E+01  4.78190E-01  1.67018E-23  5.96433E-07  0.00000E+00  1.0E-07
  8.800E+01  4.82550E-01  1.63583E-23  5.84167E-07  0.00000E+00  1.0E-07
  8.850E+01  4.86912E-01  1.60227E-23  5.72180E-07  0.00000E+00  1.0E-07
  8.900E+01  4.91274E-01  1.56946E-23  5.60463E-07  0.00000E+00  1.0E-07
  8.950E+01  4.95637E-01  1.53739E-23  5.49010E-07  0.00000E+00  1.0E-07
  9.000E+01  5.00000E-01  1.50603E-23  5.37813E-07  0.00000E+00  1.0E-07
  9.050E+01  5.04363E-01  1.47537E-23  5.26865E-07  0.00000E+00  1.0E-07
  9.100E+01  5.08726E-01  1.44539E-23  5.16158E-07  0.00000E+00  1.0E-07
  9.150E+01  5.13088E-01  1.41607E-23  5.05686E-07  0.00000E+00  1.0E-07
  9.200E+01  5.17450E-01  1.38738E-23  4.95444E-07  0.00000E+00  1.0E-07
  9.250E+01  5.21810E-01  1.35932E-23  4.85424E-07  0.00000E+00  1.0E-07
  9.300E+01  5.26168E-01  1.33187E-23  4.75621E-07  0.00000E+00  1.0E-07
  9.350E+01  5.30524E-01  1.30501E-23  4.66029E-07  0.00000E+00  1.0E-07
  9.400E+01  5.34878E-01  1.27873E-23  4.56643E-07  0.00000E+00  1.0E-07
  9.450E+01  5.39230E-01  1.25301E-23  4.47457E-07  0.00000E+00  1.0E-07
  9.500E+01  5.43578E-01  1.22783E-23  4.38466E-07  0.00000E+00  1.0E-07
  9.550E+01  5.47923E-01  1.20318E-23  4.29665E-07  0.00000E+00  1.0E-07
  9.600E+01  5.52264E-01  1.17906E-23  4.21048E-07  0.00000E+00  1.0E-07
  9.650E+01  5.56602E-01  1.15543E-23  4.12612E-07  0.00000E+00  1.0E-07
  9.700E+01  5.60935E-01  1.13230E-23  4.04350E-07  0.00000E+00  1.0E-07
  9.750E+01  5.65263E-01  1.10964E-23  3.96259E-07  0.00000E+00  1.0E-07
  9.800E+01  5.69587E-01  1.08745E-23  3.88335E-07  0.00000E+00  1.0E-07
  9.850E+01  5.73905E-01  1.06572E-23  3.80574E-07  0.00000E+00  1.0E-07
  9.900E+01  5.78217E-01  1.04443E-23  3.72972E-07  0.00000E+00  1.0E-07
  9.950E+01  5.82524E-01  1.02357E-23  3.65525E-07  0.00000E+00  1.0E-07
  1.000E+02  5.86824E-01  1.00314E-23  3.58228E-07  0.00000E+00  1.0E-07
  1.005E+02  5.91118E-01  9.83122E-24  3.51079E-07  0.00000E+00  1.0E-07
  1.010E+02  5.95404E-01  9.63504E-24  3.44074E-07  0.00000E+00  1.0E-07
  1.015E+02  5.99684E-01  9.44275E-24  3.37207E-07  0.00000E+00  1.0E-07
  1.020E+02  6.03956E-01  9.25429E-24  3.30477E-07  0.00000E+00  1.0E-07
  1.025E+02  6.08220E-01  9.06955E-24  3.23880E-07  0.00000E+00  1.0E-07
  1.030E+02  6.12476E-01  8.88848E-24  3.17413E-07  0.00000E+00  1.0E-07
  1.035E+02  6.16723E-01  8.71097E-24  3.11074E-07  0.00000E+00  1.0E-07
  1.040E+02  6.20961E-01  8.53694E-24  3.04860E-07  0.00000E+00  1.0E-07
  1.045E+02  6.25190E-01  8.36632E-24  2.98767E-07  0.00000E+00  1.0E-07
  1.050E+02  6.29410E-01  8.19901E-24  2.92792E-07  0.00000E+00  1.0E-07
  1.055E+02  6.33619E-01  8.03494E-24  2.86933E-07  0.00000E+00  1.0E-07
  1.060E+02  6.37819E-01  7.87404E-24  2.81187E-07  0.00000E+00  1.0E-07
  1.065E+02  6.42008E-01  7.71622E-24  2.75551E-07  0.00000E+00  1.0E-07
  1.070E+02  6.46186E-01  7.56142E-24  2.70023E-07  0.00000E+00  1.0E-07
  1.075E+02  6.50353E-01  7.40958E-24  2.64601E-07  0.00000E+00  1.0E-07
  1.080E+02  6.54508E-01  7.26062E-24  2.59282E-07  0.00000E+00  1.0E-07
  1.085E+02  6.58652E-01  7.11449E-24  2.54063E-07  0.00000E+00  1.0E-07
  1.090E+02  6.62784E-01  6.97113E-24  2.48943E-07  0.00000E+00  1.0E-07
  1.095E+02  6.66903E-01  6.83046E-24  2.43920E-07  0.00000E+00  1.0E-07
  1.100E+02  6.71010E-01  6.69244E-24  2.38991E-07  0.00000E+00  1.0E-07
  1.105E+02  6.75104E-01  6.55701E-24  2.34155E-07  0.00000E+00  1.0E-07
  1.110E+02  6.79184E-01  6.42410E-24  2.29409E-07  0.00000E+00  1.0E-07
  1.115E+02  6.83251E-01  6.29367E-24  2.24751E-07  0.00000E+00  1.0E-07
  1.120E+02  6.87303E-01  6.16565E-24  2.20179E-07  0.00000E+00  1.0E-07
  1.125E+02  6.91342E-01  6.04001E-24  2.15693E-07  0.00000E+00  1.0E-07
  1.130E+02  6.95366E-01  5.91668E-24  2.11288E-07  0.00000E+00  1.0E-07
  1.135E+02  6.99375E-01  5.79562E-24  2.06965E-07  0.00000E+00  1.0E-07
  1.140E+02  7.03368E-01  5.67678E-24  2.02721E-07  0.00000E+00  1.0E-07
  1.145E+02  7.07347E-01  5.56012E-24  1.98555E-07  0.00000E+00  1.0E-07
  1.150E+02  7.11309E-01  5.44559E-24  1.94465E-07  0.00000E+00  1.0E-07
  1.155E+02  7.15256E-01  5.33314E-24  1.90450E-07  0.00000E+00  1.0E-07
  1.160E+02  7.19186E-01  5.22274E-24  1.86508E-07  0.00000E+00  1.0E-07
  1.165E+02  7.23099E-01  5.11435E-24  1.82637E-07  0.00000E+00  1.0E-07
  1.170E+02  7.26995E-01  5.00791E-24  1.78836E-07  0.00000E+00  1.0E-07
  1.175E+02  7.30874E-01  4.90340E-24  1.75104E-07  0.00000E+00  1.0E-07
  1.180E+02  7.34736E-01  4.80078E-24  1.71439E-07  0.00000E+00  1.0E-07
  1.185E+02  7.38579E-01  4.70000E-24  1.67840E-07  0.00000E+00  1.0E-07
  1.190E+02  7.42405E-01  4.60103E-24  1.64306E-07  0.00000E+00  1.0E-07
  1.195E+02  7.46212E-01  4.50383E-24  1.60835E-07  0.00000E+00  1.0E-07
  1.200E+02  7.50000E-01  4.40838E-24  1.57426E-07  0.00000E+00  1.0E-07
  1.205E+02  7.53769E-01  4.31463E-24  1.54078E-07  0.00000E+00  1.0E-07
  1.210E+02  7.57519E-01  4.22255E-24  1.50790E-07  0.00000E+00  1.0E-07
  1.215E+02  7.61249E-01  4.13211E-24  1.47560E-07  0.00000E+00  1.0E-07
  1.220E+02  7.64960E-01  4.04329E-24  1.44388E-07  0.00000E+00  1.0E-07
  1.225E+02  7.68650E-01  3.95604E-24  1.41273E-07  0.00000E+00  1.0E-07
  1.230E+02  7.72320E-01  3.87034E-24  1.38212E-07  0.00000E+00  1.0E-07
  1.235E+02  7.75968E-01  3.78617E-24  1.35206E-07  0.00000E+00  1.0E-07
  1.240E+02  7.79596E-01  3.70348E-24  1.32254E-07  0.00000E+00  1.0E-07
  1.245E+02  7.83203E-01  3.62226E-24  1.29353E-07  0.00000E+00  1.0E-07
  1.250E+02  7.86788E-01  3.54248E-24  1.26504E-07  0.00000E+00  1.0E-07
  1.255E+02  7.90351E-01  3.46411E-24  1.23706E-07  0.00000E+00  1.0E-07
  1.260E+02  7.93893E-01  3.38713E-24  1.20957E-07  0.00000E+00  1.0E-07
  1.265E+02  7.97411E-01  3.31150E-24  1.18256E-07  0.00000E+00  1.0E-07
  1.270E+02  8.00908E-01  3.23722E-24  1.15603E-07  0.00000E+00  1.0E-07
  1.275E+02  8.04381E-01  3.16424E-24  1.12997E-07  0.00000E+00  1.0E-07
  1.280E+02  8.07831E-01  3.09255E-24  1.10437E-07  0.00000E+00  1.0E-07
  1.285E+02  8.11257E-01  3.02213E-24  1.07922E-07  0.00000E+00  1.0E-07
  1.290E+02  8.14660E-01  2.95296E-24  1.05452E-07  0.00000E+00  1.0E-07
  1.295E+02  8.18039E-01  2.88501E-24  1.03025E-07  0.00000E+00  1.0E-07
  1.300E+02  8.21394E-01  2.81826E-24  1.00642E-07  0.00000E+00  1.0E-07
  1.305E+02  8.24724E-01  2.75269E-24  9.83003E-08  0.00000E+00  1.0E-07
  1.310E+02  8.28030E-01  2.68828E-24  9.60002E-08  0.00000E+00  1.0E-07
  1.315E+02  8.31310E-01  2.62501E-24  9.37410E-08  0.00000E+00  1.0E-07
  1.320E+02  8.34565E-01  2.56287E-24  9.15218E-08  0.00000E+00  1.0E-07
  1.325E+02  8.37795E-01  2.50183E-24  8.93420E-08  0.00000E+00  1.0E-07
  1.330E+02  8.40999E-01  2.44188E-24  8.72011E-08  0.00000E+00  1.0E-07
  1.335E+02  8.44177E-01  2.38299E-24  8.50982E-08  0.00000E+00  1.0E-07
  1.340E+02  8.47329E-01  2.32516E-24  8.30329E-08  0.00000E+00  1.0E-07
  1.345E+02  8.50455E-01  2.26836E-24  8.10044E-08  0.00000E+00  1.0E-07
  1.350E+02  8.53553E-01  2.21257E-24  7.90123E-08  0.00000E+00  1.0E-07
  1.355E+02  8.56625E-01  2.15779E-24  7.70559E-08  0.00000E+00  1.0E-07
  1.360E+02  8.59670E-01  2.10399E-24  7.51347E-08  0.00000E+00  1.0E-07
  1.365E+02  8.62687E-01  2.05116E-24  7.32481E-08  0.00000E+00  1.0E-07
  1.370E+02  8.65677E-01  1.99928E-24  7.13956E-08  0.00000E+00  1.0E-07
  1.375E+02  8.68639E-01  1.94834E-24  6.95766E-08  0.00000E+00  1.0E-07
  1.380E+02  8.71572E-01  1.89833E-24  6.77907E-08  0.00000E+00  1.0E-07
  1.385E+02  8.74478E-01  1.84923E-24  6.60373E-08  0.00000E+00  1.0E-07
  1.390E+02  8.77355E-01  1.80103E-24  6.43159E-08  0.00000E+00  1.0E-07
  1.395E+02  8.80203E-01  1.75371E-24  6.26262E-08  0.00000E+00  1.0E-07
  1.400E+02  8.83022E-01  1.70726E-24  6.09675E-08  0.00000E+00  1.0E-07
  1.405E+02  8.85812E-01  1.66168E-24  5.93395E-08  0.00000E+00  1.0E-07
  1.410E+02  8.88573E-01  1.61693E-24  5.77417E-08  0.00000E+00  1.0E-07
  1.415E+02  8.91304E-01  1.57302E-24  5.61737E-08  0.00000E+00  1.0E-07
  1.420E+02  8.94005E-01  1.52994E-24  5.46351E-08  0.00000E+00  1.0E-07
  1.425E+02  8.96677E-01  1.48766E-24  5.31253E-08  0.00000E+00  1.0E-07
  1.430E+02  8.99318E-01  1.44618E-24  5.16441E-08  0.00000E+00  1.0E-07
  1.435E+02  9.01928E-01  1.40549E-24  5.01910E-08  0.00000E+00  1.0E-07
  1.440E+02  9.04508E-01  1.36558E-24  4.87657E-08  0.00000E+00  1.0E-07
  1.445E+02  9.07058E-01  1.32643E-24  4.73678E-08  0.00000E+00  1.0E-07
  1.450E+02  9.09576E-01  1.28804E-24  4.59968E-08  0.00000E+00  1.0E-07
  1.455E+02  9.12063E-01  1.25040E-24  4.46525E-08  0.00000E+00  1.0E-07
  1.460E+02  9.14519E-01  1.21349E-24  4.33345E-08  0.00000E+00  1.0E-07
  1.465E+02  9.16943E-01  1.17731E-24  4.20424E-08  0.00000E+00  1.0E-07
  1.470E+02  9.19335E-01  1.14184E-24  4.07759E-08  0.00000E+00  1.0E-07
  1.475E+02  9.21696E-01  1.10709E-24  3.95347E-08  0.00000E+00  1.0E-07
  1.480E+02  9.24024E-01  1.07303E-24  3.83185E-08  0.00000E+00  1.0E-07
  1.485E+02  9.26320E-01  1.03966E-24  3.71270E-08  0.00000E+00  1.0E-07
  1.490E+02  9.28584E-01  1.00698E-24  3.59598E-08  0.00000E+00  1.0E-07
  1.495E+02  9.30815E-01  9.74967E-25  3.48167E-08  0.00000E+00  1.0E-07
  1.500E+02  9.33013E-01  9.43622E-25  3.36974E-08  0.00000E+00  1.0E-07
  1.505E+02  9.35178E-01  9.12936E-25  3.26015E-08  0.00000E+00  1.0E-07
  1.510E+02  9.37310E-01  8.82899E-25  3.15289E-08  0.00000E+00  1.0E-07
  1.515E+02  9.39409E-01  8.53505E-25  3.04792E-08  0.00000E+00  1.0E-07
  1.520E+02  9.41474E-01  8.24747E-25  2.94522E-08  0.00000E+00  1.0E-07
  1.525E+02  9.43505E-01  7.96616E-25  2.84477E-08  0.00000E+00  1.0E-07
  1.530E+02  9.45503E-01  7.69108E-25  2.74653E-08  0.00000E+00  1.0E-07
  1.535E+02  9.47467E-01  7.42213E-25  2.65049E-08  0.00000E+00  1.0E-07
  1.540E+02  9.49397E-01  7.15927E-25  2.55662E-08  0.00000E+00  1.0E-07
  1.545E+02  9.51293E-01  6.90243E-25  2.46490E-08  0.00000E+00  1.0E-07
  1.550E+02  9.53154E-01  6.65153E-25  2.37531E-08  0.00000E+00  1.0E-07
  1.555E+02  9.54981E-01  6.40653E-25  2.28782E-08  0.00000E+00  1.0E-07
  1.560E+02  9.56773E-01  6.16737E-25  2.20241E-08  0.00000E+00  1.0E-07
  1.565E+02  9.58530E-01  5.93398E-25  2.11906E-08  0.00000E+00  1.0E-07
  1.570E+02  9.60252E-01  5.70631E-25  2.03776E-08  0.00000E+00  1.0E-07
  1.575E+02  9.61940E-01  5.48430E-25  1.95848E-08  0.00000E+00  1.0E-07
  1.580E+02  9.63592E-01  5.26791E-25  1.88120E-08  0.00000E+00  1.0E-07
  1.585E+02  9.65209E-01  5.05707E-25  1.80591E-08  0.00000E+00  1.0E-07
  1.590E+02  9.66790E-01  4.85175E-25  1.73259E-08  0.00000E+00  1.0E-07
  1.595E+02  9.68336E-01  4.65189E-25  1.66122E-08  0.00000E+00  1.0E-07
  1.600E+02  9.69846E-01  4.45744E-25  1.59178E-08  0.00000E+00  1.0E-07
  1.605E+02  9.71321E-01  4.26837E-25  1.52426E-08  0.00000E+00  1.0E-07
  1.610E+02  9.72759E-01  4.08461E-25  1.45864E-08  0.00000E+00  1.0E-07
  1.615E+02  9.74162E-01  3.90614E-25  1.39491E-08  0.00000E+00  1.0E-07
  1.620E+02  9.75528E-01  3.73291E-25  1.33305E-08  0.00000E+00  1.0E-07
  1.625E+02  9.76858E-01  3.56488E-25  1.27304E-08  0.00000E+00  1.0E-07
  1.630E+02  9.78152E-01  3.40201E-25  1.21488E-08  0.00000E+00  1.0E-07
  1.635E+02  9.79410E-01  3.24426E-25  1.15855E-08  0.00000E+00  1.0E-07
  1.640E+02  9.80631E-01  3.09160E-25  1.10403E-08  0.00000E+00  1.0E-07
  1.645E+02  9.81815E-01  2.94399E-25  1.05132E-08  0.00000E+00  1.0E-07
  1.650E+02  9.82963E-01  2.80140E-25  1.00040E-08  0.00000E+00  1.0E-07
  1.655E+02  9.84074E-01  2.66379E-25  9.51256E-09  0.00000E+00  1.0E-07
  1.660E+02  9.85148E-01  2.53113E-25  9.03883E-09  0.00000E+00  1.0E-07
  1.665E+02  9.86185E-01  2.40340E-25  8.58268E-09  0.00000E+00  1.0E-07
  1.670E+02  9.87185E-01  2.28055E-25  8.14401E-09  0.00000E+00  1.0E-07
  1.675E+02  9.88148E-01  2.16258E-25  7.72270E-09  0.00000E+00  1.0E-07
  1.680E+02  9.89074E-01  2.04944E-25  7.31867E-09  0.00000E+00  1.0E-07
  1.685E+02  9.89962E-01  1.94111E-25  6.93183E-09  0.00000E+00  1.0E-07
  1.690E+02  9.90814E-01  1.83757E-25  6.56208E-09  0.00000E+00  1.0E-07
  1.695E+02  9.91627E-01  1.73879E-25  6.20934E-09  0.00000E+00  1.0E-07
  1.700E+02  9.92404E-01  1.64476E-25  5.87354E-09  0.00000E+00  1.0E-07
  1.705E+02  9.93143E-01  1.55544E-25  5.55459E-09  0.00000E+00  1.0E-07
  1.710E+02  9.93844E-01  1.47083E-25  5.25243E-09  0.00000E+00  1.0E-07
  1.715E+02  9.94508E-01  1.39090E-25  4.96699E-09  0.00000E+00  1.0E-07
  1.720E+02  9.95134E-01  1.31563E-25  4.69819E-09  0.00000E+00  1.0E-07
  1.725E+02  9.95722E-01  1.24500E-25  4.44599E-09  0.00000E+00  1.0E-07
  1.730E+02  9.96273E-01  1.17901E-25  4.21032E-09  0.00000E+00  1.0E-07
  1.735E+02  9.96786E-01  1.11763E-25  3.99114E-09  0.00000E+00  1.0E-07
  1.740E+02  9.97261E-01  1.06086E-25  3.78838E-09  0.00000E+00  1.0E-07
  1.745E+02  9.97698E-01  1.00867E-25  3.60202E-09  0.00000E+00  1.0E-07
  1.750E+02  9.98097E-01  9.61056E-26  3.43199E-09  0.00000E+00  1.0E-07
  1.755E+02  9.98459E-01  9.18012E-26  3.27828E-09  0.00000E+00  1.0E-07
  1.760E+02  9.98782E-01  8.79524E-26  3.14084E-09  0.00000E+00  1.0E-07
  1.765E+02  9.99067E-01  8.45584E-26  3.01964E-09  0.00000E+00  1.0E-07
  1.770E+02  9.99315E-01  8.16185E-26  2.91465E-09  0.00000E+00  1.0E-07
  1.775E+02  9.99524E-01  7.91321E-26  2.82586E-09  0.00000E+00  1.0E-07
  1.780E+02  9.99695E-01  7.70984E-26  2.75323E-09  0.00000E+00  1.0E-07
  1.785E+02  9.99829E-01  7.55172E-26  2.69677E-09  0.00000E+00  1.0E-07
  1.790E+02  9.99924E-01  7.43879E-26  2.65644E-09  0.00000E+00  1.0E-07
  1.795E+02  9.99981E-01  7.37105E-26  2.63225E-09  0.00000E+00  1.0E-07
  1.800E+02  1.00000E+00  7.34847E-26  2.62419E-09  0.00000E+00  1.0E-07
