 #
 # Subroutine ELSEPA. Elastic scattering of electrons and positrons
 #                    by neutral atoms and positive ions
 #
 # Projectile: electron
 # Kinetic energy = 3.70000E+06 eV = 1.35973E+05 a.u.
 #
 # WARNING: High-energy factorization with free-atom DF screening.
 #          Absorption, polarization and exchange corrections are
 #          switched off.
 #          Phase shifts are calculated for the bare nucleus.
 #          Scattering amplitudes are not evaluated.
 #
 # Element: Po,  Z =  84,  atomic weight = 2.08982E+02 g/mol
 #
 # Nuclear model: Fermi distribution
 #                Average radius = 6.34971E-13 cm
 #                Skin thickness = 5.46000E-14 cm
 #
 # Number of electrons = 84
 #
 # Total elastic cross section = 9.29527E-18 cm**2 = 3.31940E-01 a0**2
 # 1st transport cross section = 6.60187E-22 cm**2 = 2.35757E-05 a0**2
 # 2nd transport cross section = 1.74475E-21 cm**2 = 6.23062E-05 a0**2
 #
 #
 # Differential cross section:                       MU=(1-COS(THETA))/2
 #
 #  THETA        MU          DCS          DCS        Sherman      error
 #  (deg)                 (cm**2/sr)   (a0**2/sr)    function
 #----------------------------------------------------------------------
  0.000E+00  0.00000E+00  1.15266E-12  4.11622E+04  0.00000E+00  1.0E-05
  1.000E-04  7.61557E-13  1.15265E-12  4.11621E+04  0.00000E+00  1.0E-05
  1.250E-04  1.18994E-12  1.15265E-12  4.11620E+04  0.00000E+00  1.0E-05
  1.500E-04  1.71346E-12  1.15265E-12  4.11619E+04  0.00000E+00  1.0E-05
  1.750E-04  2.33225E-12  1.15265E-12  4.11617E+04  0.00000E+00  1.0E-05
  2.000E-04  3.04617E-12  1.15264E-12  4.11616E+04  0.00000E+00  1.0E-05
  2.250E-04  3.85530E-12  1.15264E-12  4.11615E+04  0.00000E+00  1.0E-05
  2.500E-04  4.75964E-12  1.15263E-12  4.11613E+04  0.00000E+00  1.0E-05
  2.750E-04  5.75917E-12  1.15263E-12  4.11611E+04  0.00000E+00  1.0E-05
  3.000E-04  6.85391E-12  1.15262E-12  4.11609E+04  0.00000E+00  1.0E-05
  3.250E-04  8.04379E-12  1.15262E-12  4.11606E+04  0.00000E+00  1.0E-05
  3.500E-04  9.32893E-12  1.15261E-12  4.11604E+04  0.00000E+00  1.0E-05
  3.750E-04  1.07092E-11  1.15260E-12  4.11601E+04  0.00000E+00  1.0E-05
  4.000E-04  1.21847E-11  1.15259E-12  4.11598E+04  0.00000E+00  1.0E-05
  4.250E-04  1.37554E-11  1.15258E-12  4.11595E+04  0.00000E+00  1.0E-05
  4.500E-04  1.54213E-11  1.15258E-12  4.11592E+04  0.00000E+00  1.0E-05
  4.750E-04  1.71823E-11  1.15257E-12  4.11589E+04  0.00000E+00  1.0E-05
  5.000E-04  1.90386E-11  1.15256E-12  4.11585E+04  0.00000E+00  1.0E-05
  5.250E-04  2.09900E-11  1.15254E-12  4.11581E+04  0.00000E+00  1.0E-05
  5.500E-04  2.30367E-11  1.15253E-12  4.11577E+04  0.00000E+00  1.0E-05
  5.750E-04  2.51785E-11  1.15252E-12  4.11573E+04  0.00000E+00  1.0E-05
  6.000E-04  2.74156E-11  1.15251E-12  4.11569E+04  0.00000E+00  1.0E-05
  6.250E-04  2.97478E-11  1.15250E-12  4.11564E+04  0.00000E+00  1.0E-05
  6.500E-04  3.21752E-11  1.15248E-12  4.11560E+04  0.00000E+00  1.0E-05
  6.750E-04  3.46979E-11  1.15247E-12  4.11555E+04  0.00000E+00  1.0E-05
  7.000E-04  3.73157E-11  1.15246E-12  4.11550E+04  0.00000E+00  1.0E-05
  7.250E-04  4.00286E-11  1.15244E-12  4.11544E+04  0.00000E+00  1.0E-05
  7.500E-04  4.28368E-11  1.15243E-12  4.11539E+04  0.00000E+00  1.0E-05
  7.750E-04  4.57402E-11  1.15241E-12  4.11533E+04  0.00000E+00  1.0E-05
  8.000E-04  4.87388E-11  1.15239E-12  4.11527E+04  0.00000E+00  1.0E-05
  8.250E-04  5.18325E-11  1.15238E-12  4.11521E+04  0.00000E+00  1.0E-05
  8.500E-04  5.50215E-11  1.15236E-12  4.11515E+04  0.00000E+00  1.0E-05
  8.750E-04  5.83057E-11  1.15234E-12  4.11509E+04  0.00000E+00  1.0E-05
  9.000E-04  6.16850E-11  1.15232E-12  4.11502E+04  0.00000E+00  1.0E-05
  9.250E-04  6.51595E-11  1.15230E-12  4.11495E+04  0.00000E+00  1.0E-05
  9.500E-04  6.87293E-11  1.15228E-12  4.11488E+04  0.00000E+00  1.0E-05
  9.750E-04  7.23943E-11  1.15226E-12  4.11481E+04  0.00000E+00  1.0E-05
  1.000E-03  7.61544E-11  1.15224E-12  4.11474E+04  0.00000E+00  1.0E-05
  1.250E-03  1.18991E-10  1.15201E-12  4.11390E+04  0.00000E+00  1.0E-05
  1.500E-03  1.71347E-10  1.15172E-12  4.11288E+04  0.00000E+00  1.0E-05
  1.750E-03  2.33223E-10  1.15139E-12  4.11168E+04  0.00000E+00  1.0E-05
  2.000E-03  3.04617E-10  1.15100E-12  4.11029E+04  0.00000E+00  1.0E-05
  2.250E-03  3.85531E-10  1.15056E-12  4.10871E+04  0.00000E+00  1.0E-05
  2.500E-03  4.75965E-10  1.15006E-12  4.10695E+04  0.00000E+00  1.0E-05
  2.750E-03  5.75917E-10  1.14952E-12  4.10501E+04  0.00000E+00  1.0E-05
  3.000E-03  6.85389E-10  1.14892E-12  4.10288E+04  0.00000E+00  1.0E-05
  3.250E-03  8.04380E-10  1.14828E-12  4.10057E+04  0.00000E+00  1.0E-05
  3.500E-03  9.32891E-10  1.14758E-12  4.09808E+04  0.00000E+00  1.0E-05
  3.750E-03  1.07092E-09  1.14683E-12  4.09541E+04  0.00000E+00  1.0E-05
  4.000E-03  1.21847E-09  1.14603E-12  4.09255E+04  0.00000E+00  1.0E-05
  4.250E-03  1.37554E-09  1.14518E-12  4.08952E+04  0.00000E+00  1.0E-05
  4.500E-03  1.54213E-09  1.14428E-12  4.08630E+04  0.00000E+00  1.0E-05
  4.750E-03  1.71823E-09  1.14333E-12  4.08290E+04  0.00000E+00  1.0E-05
  5.000E-03  1.90386E-09  1.14233E-12  4.07933E+04  0.00000E+00  1.0E-05
  5.250E-03  2.09900E-09  1.14128E-12  4.07558E+04  0.00000E+00  1.0E-05
  5.500E-03  2.30367E-09  1.14018E-12  4.07165E+04  0.00000E+00  1.0E-05
  5.750E-03  2.51785E-09  1.13903E-12  4.06754E+04  0.00000E+00  1.0E-05
  6.000E-03  2.74156E-09  1.13783E-12  4.06326E+04  0.00000E+00  1.0E-05
  6.250E-03  2.97478E-09  1.13658E-12  4.05880E+04  0.00000E+00  1.0E-05
  6.500E-03  3.21752E-09  1.13528E-12  4.05417E+04  0.00000E+00  1.0E-05
  6.750E-03  3.46978E-09  1.13394E-12  4.04937E+04  0.00000E+00  1.0E-05
  7.000E-03  3.73156E-09  1.13255E-12  4.04440E+04  0.00000E+00  1.0E-05
  7.250E-03  4.00286E-09  1.13111E-12  4.03925E+04  0.00000E+00  1.0E-05
  7.500E-03  4.28368E-09  1.12962E-12  4.03394E+04  0.00000E+00  1.0E-05
  7.750E-03  4.57402E-09  1.12808E-12  4.02846E+04  0.00000E+00  1.0E-05
  8.000E-03  4.87388E-09  1.12650E-12  4.02281E+04  0.00000E+00  1.0E-05
  8.250E-03  5.18326E-09  1.12487E-12  4.01699E+04  0.00000E+00  1.0E-05
  8.500E-03  5.50215E-09  1.12320E-12  4.01102E+04  0.00000E+00  1.0E-05
  8.750E-03  5.83057E-09  1.12148E-12  4.00487E+04  0.00000E+00  1.0E-05
  9.000E-03  6.16850E-09  1.11971E-12  3.99857E+04  0.00000E+00  1.0E-05
  9.250E-03  6.51596E-09  1.11790E-12  3.99210E+04  0.00000E+00  1.0E-05
  9.500E-03  6.87293E-09  1.11605E-12  3.98548E+04  0.00000E+00  1.0E-05
  9.750E-03  7.23942E-09  1.11415E-12  3.97869E+04  0.00000E+00  1.0E-05
  1.000E-02  7.61544E-09  1.11220E-12  3.97175E+04  0.00000E+00  1.0E-05
  1.250E-02  1.18991E-08  1.09045E-12  3.89406E+04  0.00000E+00  1.0E-05
  1.500E-02  1.71347E-08  1.06465E-12  3.80194E+04  0.00000E+00  1.0E-05
  1.750E-02  2.33223E-08  1.03555E-12  3.69801E+04  0.00000E+00  1.0E-05
  2.000E-02  3.04617E-08  1.00366E-12  3.58414E+04  0.00000E+00  1.0E-05
  2.250E-02  3.85531E-08  9.69302E-13  3.46144E+04  0.00000E+00  1.0E-05
  2.500E-02  4.75965E-08  9.33045E-13  3.33196E+04  0.00000E+00  1.0E-05
  2.750E-02  5.75917E-08  8.95609E-13  3.19828E+04  0.00000E+00  1.0E-05
  3.000E-02  6.85389E-08  8.57512E-13  3.06223E+04  0.00000E+00  1.0E-05
  3.250E-02  8.04380E-08  8.18988E-13  2.92466E+04  0.00000E+00  1.0E-05
  3.500E-02  9.32891E-08  7.80330E-13  2.78661E+04  0.00000E+00  1.0E-05
  3.750E-02  1.07092E-07  7.42209E-13  2.65048E+04  0.00000E+00  1.0E-05
  4.000E-02  1.21847E-07  7.04915E-13  2.51730E+04  0.00000E+00  1.0E-05
  4.250E-02  1.37554E-07  6.68574E-13  2.38752E+04  0.00000E+00  1.0E-05
  4.500E-02  1.54213E-07  6.33117E-13  2.26090E+04  0.00000E+00  1.0E-05
  4.750E-02  1.71823E-07  5.99073E-13  2.13933E+04  0.00000E+00  1.0E-05
  5.000E-02  1.90386E-07  5.66527E-13  2.02310E+04  0.00000E+00  1.0E-05
  5.250E-02  2.09900E-07  5.35521E-13  1.91238E+04  0.00000E+00  1.0E-05
  5.500E-02  2.30367E-07  5.05759E-13  1.80610E+04  0.00000E+00  1.0E-05
  5.750E-02  2.51785E-07  4.77615E-13  1.70560E+04  0.00000E+00  1.0E-05
  6.000E-02  2.74156E-07  4.51061E-13  1.61077E+04  0.00000E+00  1.0E-05
  6.250E-02  2.97478E-07  4.26049E-13  1.52145E+04  0.00000E+00  1.0E-05
  6.500E-02  3.21752E-07  4.02341E-13  1.43679E+04  0.00000E+00  1.0E-05
  6.750E-02  3.46978E-07  3.80058E-13  1.35721E+04  0.00000E+00  1.0E-05
  7.000E-02  3.73156E-07  3.59171E-13  1.28262E+04  0.00000E+00  1.0E-05
  7.250E-02  4.00286E-07  3.39604E-13  1.21275E+04  0.00000E+00  1.0E-05
  7.500E-02  4.28368E-07  3.21185E-13  1.14697E+04  0.00000E+00  1.0E-05
  7.750E-02  4.57402E-07  3.03902E-13  1.08526E+04  0.00000E+00  1.0E-05
  8.000E-02  4.87388E-07  2.87740E-13  1.02754E+04  0.00000E+00  1.0E-05
  8.250E-02  5.18325E-07  2.72624E-13  9.73558E+03  0.00000E+00  1.0E-05
  8.500E-02  5.50215E-07  2.58438E-13  9.22898E+03  0.00000E+00  1.0E-05
  8.750E-02  5.83057E-07  2.45113E-13  8.75314E+03  0.00000E+00  1.0E-05
  9.000E-02  6.16850E-07  2.32648E-13  8.30802E+03  0.00000E+00  1.0E-05
  9.250E-02  6.51596E-07  2.20982E-13  7.89140E+03  0.00000E+00  1.0E-05
  9.500E-02  6.87293E-07  2.10039E-13  7.50062E+03  0.00000E+00  1.0E-05
  9.750E-02  7.23942E-07  1.99733E-13  7.13258E+03  0.00000E+00  1.0E-05
  1.000E-01  7.61543E-07  1.90074E-13  6.78766E+03  0.00000E+00  1.0E-05
  1.250E-01  1.18991E-06  1.19855E-13  4.28011E+03  0.00000E+00  1.0E-05
  1.500E-01  1.71347E-06  7.87106E-14  2.81081E+03  0.00000E+00  1.0E-05
  1.750E-01  2.33223E-06  5.45261E-14  1.94716E+03  0.00000E+00  1.0E-05
  2.000E-01  3.04617E-06  3.90145E-14  1.39323E+03  0.00000E+00  1.0E-05
  2.250E-01  3.85531E-06  2.84403E-14  1.01562E+03  0.00000E+00  1.0E-05
  2.500E-01  4.75964E-06  2.11948E-14  7.56878E+02  0.00000E+00  1.0E-05
  2.750E-01  5.75916E-06  1.61595E-14  5.77065E+02  0.00000E+00  1.0E-05
  3.000E-01  6.85388E-06  1.25620E-14  4.48595E+02  0.00000E+00  1.0E-05
  3.250E-01  8.04378E-06  9.91630E-15  3.54118E+02  0.00000E+00  1.0E-05
  3.500E-01  9.32888E-06  7.93432E-15  2.83340E+02  0.00000E+00  1.0E-05
  3.750E-01  1.07092E-05  6.43700E-15  2.29869E+02  0.00000E+00  1.0E-05
  4.000E-01  1.21846E-05  5.28405E-15  1.88697E+02  0.00000E+00  1.0E-05
  4.250E-01  1.37553E-05  4.37896E-15  1.56375E+02  0.00000E+00  1.0E-05
  4.500E-01  1.54212E-05  3.65390E-15  1.30483E+02  0.00000E+00  1.0E-05
  4.750E-01  1.71822E-05  3.07349E-15  1.09756E+02  0.00000E+00  1.0E-05
  5.000E-01  1.90385E-05  2.60190E-15  9.29155E+01  0.00000E+00  1.0E-05
  5.250E-01  2.09899E-05  2.21957E-15  7.92622E+01  0.00000E+00  1.0E-05
  5.500E-01  2.30365E-05  1.90081E-15  6.78793E+01  0.00000E+00  1.0E-05
  5.750E-01  2.51783E-05  1.63649E-15  5.84402E+01  0.00000E+00  1.0E-05
  6.000E-01  2.74153E-05  1.41586E-15  5.05613E+01  0.00000E+00  1.0E-05
  6.250E-01  2.97475E-05  1.23078E-15  4.39518E+01  0.00000E+00  1.0E-05
  6.500E-01  3.21749E-05  1.07458E-15  3.83739E+01  0.00000E+00  1.0E-05
  6.750E-01  3.46974E-05  9.41764E-16  3.36310E+01  0.00000E+00  1.0E-05
  7.000E-01  3.73152E-05  8.28933E-16  2.96017E+01  0.00000E+00  1.0E-05
  7.250E-01  4.00281E-05  7.32813E-16  2.61692E+01  0.00000E+00  1.0E-05
  7.500E-01  4.28362E-05  6.50367E-16  2.32250E+01  0.00000E+00  1.0E-05
  7.750E-01  4.57395E-05  5.79379E-16  2.06900E+01  0.00000E+00  1.0E-05
  8.000E-01  4.87380E-05  5.18004E-16  1.84982E+01  0.00000E+00  1.0E-05
  8.250E-01  5.18317E-05  4.64679E-16  1.65940E+01  0.00000E+00  1.0E-05
  8.500E-01  5.50205E-05  4.18084E-16  1.49300E+01  0.00000E+00  1.0E-05
  8.750E-01  5.83045E-05  3.77192E-16  1.34698E+01  0.00000E+00  1.0E-05
  9.000E-01  6.16838E-05  3.41252E-16  1.21863E+01  0.00000E+00  1.0E-05
  9.250E-01  6.51582E-05  3.09554E-16  1.10544E+01  0.00000E+00  1.0E-05
  9.500E-01  6.87277E-05  2.81487E-16  1.00521E+01  0.00000E+00  1.0E-05
  9.750E-01  7.23925E-05  2.56529E-16  9.16081E+00  0.00000E+00  1.0E-05
  1.000E+00  7.61524E-05  2.34316E-16  8.36758E+00  0.00000E+00  9.2E-06
  1.100E+00  9.21439E-05  1.66463E-16  5.94450E+00  0.00000E+00  7.0E-06
  1.200E+00  1.09658E-04  1.21615E-16  4.34297E+00  0.00000E+00  3.8E-06
  1.300E+00  1.28695E-04  9.09278E-17  3.24709E+00  0.00000E+00  8.0E-07
  1.400E+00  1.49255E-04  6.93025E-17  2.47484E+00  0.00000E+00  1.5E-06
  1.500E+00  1.71338E-04  5.38017E-17  1.92129E+00  0.00000E+00  2.7E-06
  1.600E+00  1.94942E-04  4.24256E-17  1.51505E+00  0.00000E+00  2.9E-06
  1.700E+00  2.20070E-04  3.39087E-17  1.21090E+00  0.00000E+00  2.3E-06
  1.800E+00  2.46720E-04  2.74172E-17  9.79087E-01  0.00000E+00  1.3E-06
  1.900E+00  2.74892E-04  2.24160E-17  8.00490E-01  0.00000E+00  2.3E-07
  2.000E+00  3.04586E-04  1.85090E-17  6.60969E-01  0.00000E+00  6.6E-07
  2.100E+00  3.35803E-04  1.54195E-17  5.50640E-01  0.00000E+00  1.2E-06
  2.200E+00  3.68542E-04  1.29424E-17  4.62180E-01  0.00000E+00  1.3E-06
  2.300E+00  4.02802E-04  1.09447E-17  3.90843E-01  0.00000E+00  1.1E-06
  2.400E+00  4.38585E-04  9.31878E-18  3.32780E-01  0.00000E+00  6.0E-07
  2.500E+00  4.75889E-04  7.98409E-18  2.85117E-01  0.00000E+00  1.0E-07
  2.600E+00  5.14715E-04  6.87848E-18  2.45635E-01  0.00000E+00  3.8E-07
  2.700E+00  5.55063E-04  5.95790E-18  2.12760E-01  0.00000E+00  6.5E-07
  2.800E+00  5.96931E-04  5.18675E-18  1.85222E-01  0.00000E+00  7.1E-07
  2.900E+00  6.40321E-04  4.53675E-18  1.62010E-01  0.00000E+00  5.8E-07
  3.000E+00  6.85233E-04  3.98522E-18  1.42315E-01  0.00000E+00  3.2E-07
  3.100E+00  7.31665E-04  3.51513E-18  1.25528E-01  0.00000E+00  1.0E-07
  3.200E+00  7.79618E-04  3.11266E-18  1.11155E-01  0.00000E+00  2.4E-07
  3.300E+00  8.29092E-04  2.76645E-18  9.87916E-02  0.00000E+00  4.0E-07
  3.400E+00  8.80086E-04  2.46712E-18  8.81023E-02  0.00000E+00  4.4E-07
  3.500E+00  9.32601E-04  2.20727E-18  7.88229E-02  0.00000E+00  3.5E-07
  3.600E+00  9.86636E-04  1.98093E-18  7.07404E-02  0.00000E+00  1.9E-07
  3.700E+00  1.04219E-03  1.78302E-18  6.36730E-02  0.00000E+00  1.0E-07
  3.800E+00  1.09927E-03  1.60932E-18  5.74700E-02  0.00000E+00  1.7E-07
  3.900E+00  1.15786E-03  1.45628E-18  5.20046E-02  0.00000E+00  2.7E-07
  4.000E+00  1.21797E-03  1.32110E-18  4.71773E-02  0.00000E+00  2.9E-07
  4.100E+00  1.27961E-03  1.20133E-18  4.29002E-02  0.00000E+00  2.3E-07
  4.200E+00  1.34276E-03  1.09489E-18  3.90993E-02  0.00000E+00  1.2E-07
  4.300E+00  1.40743E-03  9.99973E-19  3.57097E-02  0.00000E+00  1.0E-07
  4.400E+00  1.47362E-03  9.15170E-19  3.26813E-02  0.00000E+00  1.3E-07
  4.500E+00  1.54133E-03  8.39214E-19  2.99689E-02  0.00000E+00  1.9E-07
  4.600E+00  1.61056E-03  7.71010E-19  2.75333E-02  0.00000E+00  2.0E-07
  4.700E+00  1.68131E-03  7.09588E-19  2.53398E-02  0.00000E+00  1.6E-07
  4.800E+00  1.75357E-03  6.54185E-19  2.33614E-02  0.00000E+00  1.0E-07
  4.900E+00  1.82735E-03  6.04106E-19  2.15730E-02  0.00000E+00  1.0E-07
  5.000E+00  1.90265E-03  5.58748E-19  1.99533E-02  0.00000E+00  1.0E-07
  5.100E+00  1.97947E-03  5.17568E-19  1.84827E-02  0.00000E+00  1.4E-07
  5.200E+00  2.05780E-03  4.80120E-19  1.71454E-02  0.00000E+00  1.5E-07
  5.300E+00  2.13765E-03  4.46011E-19  1.59273E-02  0.00000E+00  1.1E-07
  5.400E+00  2.21902E-03  4.14889E-19  1.48160E-02  0.00000E+00  1.0E-07
  5.500E+00  2.30190E-03  3.86438E-19  1.38000E-02  0.00000E+00  1.0E-07
  5.600E+00  2.38630E-03  3.60386E-19  1.28696E-02  0.00000E+00  1.0E-07
  5.700E+00  2.47222E-03  3.36502E-19  1.20167E-02  0.00000E+00  1.1E-07
  5.800E+00  2.55965E-03  3.14572E-19  1.12336E-02  0.00000E+00  1.1E-07
  5.900E+00  2.64859E-03  2.94404E-19  1.05133E-02  0.00000E+00  1.0E-07
  6.000E+00  2.73905E-03  2.75826E-19  9.84994E-03  0.00000E+00  1.0E-07
  6.100E+00  2.83103E-03  2.58698E-19  9.23827E-03  0.00000E+00  1.0E-07
  6.200E+00  2.92452E-03  2.42884E-19  8.67355E-03  0.00000E+00  1.0E-07
  6.300E+00  3.01952E-03  2.28265E-19  8.15148E-03  0.00000E+00  1.0E-07
  6.400E+00  3.11604E-03  2.14729E-19  7.66812E-03  0.00000E+00  1.0E-07
  6.500E+00  3.21407E-03  2.02187E-19  7.22023E-03  0.00000E+00  1.0E-07
  6.600E+00  3.31362E-03  1.90552E-19  6.80473E-03  0.00000E+00  1.0E-07
  6.700E+00  3.41468E-03  1.79746E-19  6.41884E-03  0.00000E+00  1.0E-07
  6.800E+00  3.51725E-03  1.69695E-19  6.05994E-03  0.00000E+00  1.0E-07
  6.900E+00  3.62133E-03  1.60342E-19  5.72590E-03  0.00000E+00  1.0E-07
  7.000E+00  3.72692E-03  1.51627E-19  5.41470E-03  0.00000E+00  1.0E-07
  7.100E+00  3.83403E-03  1.43500E-19  5.12447E-03  0.00000E+00  1.0E-07
  7.200E+00  3.94265E-03  1.35911E-19  4.85348E-03  0.00000E+00  1.0E-07
  7.300E+00  4.05278E-03  1.28821E-19  4.60027E-03  0.00000E+00  1.0E-07
  7.400E+00  4.16442E-03  1.22189E-19  4.36346E-03  0.00000E+00  1.0E-07
  7.500E+00  4.27757E-03  1.15982E-19  4.14178E-03  0.00000E+00  1.0E-07
  7.600E+00  4.39223E-03  1.10165E-19  3.93408E-03  0.00000E+00  1.0E-07
  7.700E+00  4.50840E-03  1.04711E-19  3.73930E-03  0.00000E+00  1.0E-07
  7.800E+00  4.62608E-03  9.95926E-20  3.55652E-03  0.00000E+00  1.0E-07
  7.900E+00  4.74527E-03  9.47853E-20  3.38485E-03  0.00000E+00  1.0E-07
  8.000E+00  4.86597E-03  9.02665E-20  3.22348E-03  0.00000E+00  1.0E-07
  8.100E+00  4.98817E-03  8.60153E-20  3.07166E-03  0.00000E+00  1.0E-07
  8.200E+00  5.11188E-03  8.20135E-20  2.92875E-03  0.00000E+00  1.0E-07
  8.300E+00  5.23711E-03  7.82436E-20  2.79413E-03  0.00000E+00  1.0E-07
  8.400E+00  5.36383E-03  7.46896E-20  2.66721E-03  0.00000E+00  1.0E-07
  8.500E+00  5.49207E-03  7.13363E-20  2.54746E-03  0.00000E+00  1.0E-07
  8.600E+00  5.62181E-03  6.81708E-20  2.43442E-03  0.00000E+00  1.0E-07
  8.700E+00  5.75306E-03  6.51806E-20  2.32764E-03  0.00000E+00  1.0E-07
  8.800E+00  5.88581E-03  6.23540E-20  2.22670E-03  0.00000E+00  1.0E-07
  8.900E+00  6.02007E-03  5.96801E-20  2.13122E-03  0.00000E+00  1.0E-07
  9.000E+00  6.15583E-03  5.71494E-20  2.04084E-03  0.00000E+00  1.0E-07
  9.100E+00  6.29310E-03  5.47528E-20  1.95526E-03  0.00000E+00  1.0E-07
  9.200E+00  6.43187E-03  5.24818E-20  1.87416E-03  0.00000E+00  1.0E-07
  9.300E+00  6.57214E-03  5.03283E-20  1.79726E-03  0.00000E+00  1.0E-07
  9.400E+00  6.71392E-03  4.82853E-20  1.72430E-03  0.00000E+00  1.0E-07
  9.500E+00  6.85720E-03  4.63460E-20  1.65505E-03  0.00000E+00  1.0E-07
  9.600E+00  7.00198E-03  4.45042E-20  1.58928E-03  0.00000E+00  1.0E-07
  9.700E+00  7.14827E-03  4.27540E-20  1.52677E-03  0.00000E+00  1.0E-07
  9.800E+00  7.29605E-03  4.10898E-20  1.46734E-03  0.00000E+00  1.0E-07
  9.900E+00  7.44534E-03  3.95068E-20  1.41081E-03  0.00000E+00  1.0E-07
  1.000E+01  7.59612E-03  3.80003E-20  1.35701E-03  0.00000E+00  1.0E-07
  1.025E+01  7.97965E-03  3.45398E-20  1.23344E-03  0.00000E+00  1.0E-07
  1.050E+01  8.37255E-03  3.14689E-20  1.12378E-03  0.00000E+00  1.0E-07
  1.075E+01  8.77480E-03  2.87360E-20  1.02618E-03  0.00000E+00  1.0E-07
  1.100E+01  9.18641E-03  2.62971E-20  9.39088E-04  0.00000E+00  1.0E-07
  1.125E+01  9.60736E-03  2.41151E-20  8.61164E-04  0.00000E+00  1.0E-07
  1.150E+01  1.00376E-02  2.21578E-20  7.91270E-04  0.00000E+00  1.0E-07
  1.175E+01  1.04773E-02  2.03981E-20  7.28428E-04  0.00000E+00  1.0E-07
  1.200E+01  1.09262E-02  1.88122E-20  6.71796E-04  0.00000E+00  1.0E-07
  1.225E+01  1.13844E-02  1.73800E-20  6.20649E-04  0.00000E+00  1.0E-07
  1.250E+01  1.18520E-02  1.60837E-20  5.74359E-04  0.00000E+00  1.0E-07
  1.275E+01  1.23288E-02  1.49081E-20  5.32377E-04  0.00000E+00  1.0E-07
  1.300E+01  1.28150E-02  1.38398E-20  4.94230E-04  0.00000E+00  1.0E-07
  1.325E+01  1.33104E-02  1.28673E-20  4.59499E-04  0.00000E+00  1.0E-07
  1.350E+01  1.38150E-02  1.19804E-20  4.27827E-04  0.00000E+00  1.0E-07
  1.375E+01  1.43290E-02  1.11701E-20  3.98890E-04  0.00000E+00  1.0E-07
  1.400E+01  1.48521E-02  1.04285E-20  3.72407E-04  0.00000E+00  1.0E-07
  1.425E+01  1.53845E-02  9.74874E-21  3.48134E-04  0.00000E+00  1.0E-07
  1.450E+01  1.59262E-02  9.12472E-21  3.25850E-04  0.00000E+00  1.0E-07
  1.475E+01  1.64770E-02  8.55093E-21  3.05359E-04  0.00000E+00  1.0E-07
  1.500E+01  1.70371E-02  8.02256E-21  2.86491E-04  0.00000E+00  1.0E-07
  1.525E+01  1.76063E-02  7.53537E-21  2.69093E-04  0.00000E+00  1.0E-07
  1.550E+01  1.81848E-02  7.08553E-21  2.53029E-04  0.00000E+00  1.0E-07
  1.575E+01  1.87724E-02  6.66960E-21  2.38176E-04  0.00000E+00  1.0E-07
  1.600E+01  1.93692E-02  6.28452E-21  2.24424E-04  0.00000E+00  1.0E-07
  1.625E+01  1.99751E-02  5.92758E-21  2.11678E-04  0.00000E+00  1.0E-07
  1.650E+01  2.05901E-02  5.59634E-21  1.99849E-04  0.00000E+00  1.0E-07
  1.675E+01  2.12143E-02  5.28857E-21  1.88858E-04  0.00000E+00  1.0E-07
  1.700E+01  2.18476E-02  5.00225E-21  1.78634E-04  0.00000E+00  1.0E-07
  1.725E+01  2.24900E-02  4.73564E-21  1.69113E-04  0.00000E+00  1.0E-07
  1.750E+01  2.31415E-02  4.48711E-21  1.60237E-04  0.00000E+00  1.0E-07
  1.775E+01  2.38021E-02  4.25518E-21  1.51955E-04  0.00000E+00  1.0E-07
  1.800E+01  2.44717E-02  4.03850E-21  1.44218E-04  0.00000E+00  1.0E-07
  1.825E+01  2.51504E-02  3.83590E-21  1.36983E-04  0.00000E+00  1.0E-07
  1.850E+01  2.58382E-02  3.64628E-21  1.30211E-04  0.00000E+00  1.0E-07
  1.875E+01  2.65349E-02  3.46864E-21  1.23867E-04  0.00000E+00  1.0E-07
  1.900E+01  2.72407E-02  3.30205E-21  1.17918E-04  0.00000E+00  1.0E-07
  1.925E+01  2.79555E-02  3.14570E-21  1.12335E-04  0.00000E+00  1.0E-07
  1.950E+01  2.86793E-02  2.99884E-21  1.07091E-04  0.00000E+00  1.0E-07
  1.975E+01  2.94120E-02  2.86078E-21  1.02160E-04  0.00000E+00  1.0E-07
  2.000E+01  3.01537E-02  2.73087E-21  9.75210E-05  0.00000E+00  1.0E-07
  2.025E+01  3.09043E-02  2.60853E-21  9.31524E-05  0.00000E+00  1.0E-07
  2.050E+01  3.16639E-02  2.49325E-21  8.90354E-05  0.00000E+00  1.0E-07
  2.075E+01  3.24324E-02  2.38452E-21  8.51528E-05  0.00000E+00  1.0E-07
  2.100E+01  3.32098E-02  2.28190E-21  8.14880E-05  0.00000E+00  1.0E-07
  2.125E+01  3.39961E-02  2.18497E-21  7.80266E-05  0.00000E+00  1.0E-07
  2.150E+01  3.47912E-02  2.09335E-21  7.47550E-05  0.00000E+00  1.0E-07
  2.175E+01  3.55952E-02  2.00670E-21  7.16606E-05  0.00000E+00  1.0E-07
  2.200E+01  3.64081E-02  1.92468E-21  6.87316E-05  0.00000E+00  1.0E-07
  2.225E+01  3.72297E-02  1.84700E-21  6.59575E-05  0.00000E+00  1.0E-07
  2.250E+01  3.80602E-02  1.77338E-21  6.33285E-05  0.00000E+00  1.0E-07
  2.275E+01  3.88995E-02  1.70356E-21  6.08353E-05  0.00000E+00  1.0E-07
  2.300E+01  3.97476E-02  1.63731E-21  5.84693E-05  0.00000E+00  1.0E-07
  2.325E+01  4.06044E-02  1.57440E-21  5.62227E-05  0.00000E+00  1.0E-07
  2.350E+01  4.14700E-02  1.51463E-21  5.40883E-05  0.00000E+00  1.0E-07
  2.375E+01  4.23443E-02  1.45781E-21  5.20594E-05  0.00000E+00  1.0E-07
  2.400E+01  4.32273E-02  1.40376E-21  5.01293E-05  0.00000E+00  1.0E-07
  2.425E+01  4.41190E-02  1.35233E-21  4.82925E-05  0.00000E+00  1.0E-07
  2.450E+01  4.50194E-02  1.30335E-21  4.65434E-05  0.00000E+00  1.0E-07
  2.475E+01  4.59284E-02  1.25668E-21  4.48770E-05  0.00000E+00  1.0E-07
  2.500E+01  4.68461E-02  1.21220E-21  4.32884E-05  0.00000E+00  1.0E-07
  2.550E+01  4.87074E-02  1.12928E-21  4.03274E-05  0.00000E+00  1.0E-07
  2.600E+01  5.06030E-02  1.05371E-21  3.76287E-05  0.00000E+00  1.0E-07
  2.650E+01  5.25328E-02  9.84693E-22  3.51640E-05  0.00000E+00  1.0E-07
  2.700E+01  5.44967E-02  9.21546E-22  3.29090E-05  0.00000E+00  1.0E-07
  2.750E+01  5.64946E-02  8.63664E-22  3.08420E-05  0.00000E+00  1.0E-07
  2.800E+01  5.85262E-02  8.10518E-22  2.89441E-05  0.00000E+00  1.0E-07
  2.850E+01  6.05914E-02  7.61637E-22  2.71986E-05  0.00000E+00  1.0E-07
  2.900E+01  6.26901E-02  7.16607E-22  2.55905E-05  0.00000E+00  1.0E-07
  2.950E+01  6.48222E-02  6.75058E-22  2.41068E-05  0.00000E+00  1.0E-07
  3.000E+01  6.69873E-02  6.36665E-22  2.27357E-05  0.00000E+00  1.0E-07
  3.050E+01  6.91854E-02  6.01134E-22  2.14669E-05  0.00000E+00  1.0E-07
  3.100E+01  7.14163E-02  5.68207E-22  2.02910E-05  0.00000E+00  1.0E-07
  3.150E+01  7.36799E-02  5.37650E-22  1.91998E-05  0.00000E+00  1.0E-07
  3.200E+01  7.59760E-02  5.09256E-22  1.81859E-05  0.00000E+00  1.0E-07
  3.250E+01  7.83043E-02  4.82836E-22  1.72424E-05  0.00000E+00  1.0E-07
  3.300E+01  8.06647E-02  4.58224E-22  1.63635E-05  0.00000E+00  1.0E-07
  3.350E+01  8.30571E-02  4.35267E-22  1.55437E-05  0.00000E+00  1.0E-07
  3.400E+01  8.54812E-02  4.13829E-22  1.47781E-05  0.00000E+00  1.0E-07
  3.450E+01  8.79369E-02  3.93788E-22  1.40624E-05  0.00000E+00  1.0E-07
  3.500E+01  9.04240E-02  3.75030E-22  1.33926E-05  0.00000E+00  1.0E-07
  3.550E+01  9.29422E-02  3.57455E-22  1.27649E-05  0.00000E+00  1.0E-07
  3.600E+01  9.54915E-02  3.40971E-22  1.21763E-05  0.00000E+00  1.0E-07
  3.650E+01  9.80716E-02  3.25495E-22  1.16236E-05  0.00000E+00  1.0E-07
  3.700E+01  1.00682E-01  3.10951E-22  1.11043E-05  0.00000E+00  1.0E-07
  3.750E+01  1.03323E-01  2.97268E-22  1.06156E-05  0.00000E+00  1.0E-07
  3.800E+01  1.05995E-01  2.84385E-22  1.01556E-05  0.00000E+00  1.0E-07
  3.850E+01  1.08696E-01  2.72244E-22  9.72200E-06  0.00000E+00  1.0E-07
  3.900E+01  1.11427E-01  2.60791E-22  9.31301E-06  0.00000E+00  1.0E-07
  3.950E+01  1.14188E-01  2.49978E-22  8.92688E-06  0.00000E+00  1.0E-07
  4.000E+01  1.16978E-01  2.39761E-22  8.56203E-06  0.00000E+00  1.0E-07
  4.050E+01  1.19797E-01  2.30099E-22  8.21700E-06  0.00000E+00  1.0E-07
  4.100E+01  1.22645E-01  2.20955E-22  7.89045E-06  0.00000E+00  1.0E-07
  4.150E+01  1.25522E-01  2.12294E-22  7.58115E-06  0.00000E+00  1.0E-07
  4.200E+01  1.28428E-01  2.04084E-22  7.28797E-06  0.00000E+00  1.0E-07
  4.250E+01  1.31361E-01  1.96296E-22  7.00987E-06  0.00000E+00  1.0E-07
  4.300E+01  1.34323E-01  1.88904E-22  6.74587E-06  0.00000E+00  1.0E-07
  4.350E+01  1.37313E-01  1.81881E-22  6.49508E-06  0.00000E+00  1.0E-07
  4.400E+01  1.40330E-01  1.75205E-22  6.25668E-06  0.00000E+00  1.0E-07
  4.450E+01  1.43375E-01  1.68854E-22  6.02990E-06  0.00000E+00  1.0E-07
  4.500E+01  1.46447E-01  1.62810E-22  5.81404E-06  0.00000E+00  1.0E-07
  4.550E+01  1.49545E-01  1.57052E-22  5.60843E-06  0.00000E+00  1.0E-07
  4.600E+01  1.52671E-01  1.51565E-22  5.41247E-06  0.00000E+00  1.0E-07
  4.650E+01  1.55823E-01  1.46332E-22  5.22560E-06  0.00000E+00  1.0E-07
  4.700E+01  1.59001E-01  1.41338E-22  5.04726E-06  0.00000E+00  1.0E-07
  4.750E+01  1.62205E-01  1.36570E-22  4.87699E-06  0.00000E+00  1.0E-07
  4.800E+01  1.65435E-01  1.32015E-22  4.71433E-06  0.00000E+00  1.0E-07
  4.850E+01  1.68690E-01  1.27661E-22  4.55884E-06  0.00000E+00  1.0E-07
  4.900E+01  1.71970E-01  1.23496E-22  4.41013E-06  0.00000E+00  1.0E-07
  4.950E+01  1.75276E-01  1.19511E-22  4.26783E-06  0.00000E+00  1.0E-07
  5.000E+01  1.78606E-01  1.15696E-22  4.13159E-06  0.00000E+00  1.0E-07
  5.050E+01  1.81961E-01  1.12042E-22  4.00108E-06  0.00000E+00  1.0E-07
  5.100E+01  1.85340E-01  1.08539E-22  3.87600E-06  0.00000E+00  1.0E-07
  5.150E+01  1.88743E-01  1.05181E-22  3.75607E-06  0.00000E+00  1.0E-07
  5.200E+01  1.92169E-01  1.01959E-22  3.64101E-06  0.00000E+00  1.0E-07
  5.250E+01  1.95619E-01  9.88665E-23  3.53059E-06  0.00000E+00  1.0E-07
  5.300E+01  1.99092E-01  9.58973E-23  3.42456E-06  0.00000E+00  1.0E-07
  5.350E+01  2.02589E-01  9.30450E-23  3.32270E-06  0.00000E+00  1.0E-07
  5.400E+01  2.06107E-01  9.03037E-23  3.22480E-06  0.00000E+00  1.0E-07
  5.450E+01  2.09649E-01  8.76679E-23  3.13068E-06  0.00000E+00  1.0E-07
  5.500E+01  2.13212E-01  8.51325E-23  3.04014E-06  0.00000E+00  1.0E-07
  5.550E+01  2.16797E-01  8.26927E-23  2.95301E-06  0.00000E+00  1.0E-07
  5.600E+01  2.20404E-01  8.03439E-23  2.86913E-06  0.00000E+00  1.0E-07
  5.650E+01  2.24032E-01  7.80818E-23  2.78835E-06  0.00000E+00  1.0E-07
  5.700E+01  2.27680E-01  7.59025E-23  2.71053E-06  0.00000E+00  1.0E-07
  5.750E+01  2.31350E-01  7.38020E-23  2.63552E-06  0.00000E+00  1.0E-07
  5.800E+01  2.35040E-01  7.17766E-23  2.56319E-06  0.00000E+00  1.0E-07
  5.850E+01  2.38751E-01  6.98232E-23  2.49343E-06  0.00000E+00  1.0E-07
  5.900E+01  2.42481E-01  6.79383E-23  2.42612E-06  0.00000E+00  1.0E-07
  5.950E+01  2.46231E-01  6.61189E-23  2.36115E-06  0.00000E+00  1.0E-07
  6.000E+01  2.50000E-01  6.43621E-23  2.29841E-06  0.00000E+00  1.0E-07
  6.050E+01  2.53788E-01  6.26652E-23  2.23781E-06  0.00000E+00  1.0E-07
  6.100E+01  2.57595E-01  6.10256E-23  2.17926E-06  0.00000E+00  1.0E-07
  6.150E+01  2.61421E-01  5.94409E-23  2.12267E-06  0.00000E+00  1.0E-07
  6.200E+01  2.65264E-01  5.79087E-23  2.06796E-06  0.00000E+00  1.0E-07
  6.250E+01  2.69126E-01  5.64269E-23  2.01504E-06  0.00000E+00  1.0E-07
  6.300E+01  2.73005E-01  5.49932E-23  1.96384E-06  0.00000E+00  1.0E-07
  6.350E+01  2.76901E-01  5.36058E-23  1.91430E-06  0.00000E+00  1.0E-07
  6.400E+01  2.80814E-01  5.22627E-23  1.86633E-06  0.00000E+00  1.0E-07
  6.450E+01  2.84744E-01  5.09621E-23  1.81989E-06  0.00000E+00  1.0E-07
  6.500E+01  2.88691E-01  4.97023E-23  1.77490E-06  0.00000E+00  1.0E-07
  6.550E+01  2.92653E-01  4.84817E-23  1.73131E-06  0.00000E+00  1.0E-07
  6.600E+01  2.96632E-01  4.72988E-23  1.68907E-06  0.00000E+00  1.0E-07
  6.650E+01  3.00625E-01  4.61520E-23  1.64812E-06  0.00000E+00  1.0E-07
  6.700E+01  3.04634E-01  4.50400E-23  1.60841E-06  0.00000E+00  1.0E-07
  6.750E+01  3.08658E-01  4.39614E-23  1.56989E-06  0.00000E+00  1.0E-07
  6.800E+01  3.12697E-01  4.29150E-23  1.53252E-06  0.00000E+00  1.0E-07
  6.850E+01  3.16749E-01  4.18995E-23  1.49626E-06  0.00000E+00  1.0E-07
  6.900E+01  3.20816E-01  4.09137E-23  1.46106E-06  0.00000E+00  1.0E-07
  6.950E+01  3.24896E-01  3.99566E-23  1.42688E-06  0.00000E+00  1.0E-07
  7.000E+01  3.28990E-01  3.90271E-23  1.39368E-06  0.00000E+00  1.0E-07
  7.050E+01  3.33097E-01  3.81242E-23  1.36144E-06  0.00000E+00  1.0E-07
  7.100E+01  3.37216E-01  3.72469E-23  1.33011E-06  0.00000E+00  1.0E-07
  7.150E+01  3.41348E-01  3.63943E-23  1.29967E-06  0.00000E+00  1.0E-07
  7.200E+01  3.45492E-01  3.55656E-23  1.27007E-06  0.00000E+00  1.0E-07
  7.250E+01  3.49647E-01  3.47598E-23  1.24130E-06  0.00000E+00  1.0E-07
  7.300E+01  3.53814E-01  3.39762E-23  1.21331E-06  0.00000E+00  1.0E-07
  7.350E+01  3.57992E-01  3.32140E-23  1.18609E-06  0.00000E+00  1.0E-07
  7.400E+01  3.62181E-01  3.24724E-23  1.15961E-06  0.00000E+00  1.0E-07
  7.450E+01  3.66381E-01  3.17508E-23  1.13384E-06  0.00000E+00  1.0E-07
  7.500E+01  3.70590E-01  3.10484E-23  1.10876E-06  0.00000E+00  1.0E-07
  7.550E+01  3.74810E-01  3.03646E-23  1.08434E-06  0.00000E+00  1.0E-07
  7.600E+01  3.79039E-01  2.96988E-23  1.06056E-06  0.00000E+00  1.0E-07
  7.650E+01  3.83277E-01  2.90504E-23  1.03741E-06  0.00000E+00  1.0E-07
  7.700E+01  3.87524E-01  2.84188E-23  1.01485E-06  0.00000E+00  1.0E-07
  7.750E+01  3.91780E-01  2.78035E-23  9.92882E-07  0.00000E+00  1.0E-07
  7.800E+01  3.96044E-01  2.72039E-23  9.71470E-07  0.00000E+00  1.0E-07
  7.850E+01  4.00316E-01  2.66196E-23  9.50602E-07  0.00000E+00  1.0E-07
  7.900E+01  4.04596E-01  2.60499E-23  9.30261E-07  0.00000E+00  1.0E-07
  7.950E+01  4.08882E-01  2.54946E-23  9.10428E-07  0.00000E+00  1.0E-07
  8.000E+01  4.13176E-01  2.49530E-23  8.91088E-07  0.00000E+00  1.0E-07
  8.050E+01  4.17476E-01  2.44248E-23  8.72226E-07  0.00000E+00  1.0E-07
  8.100E+01  4.21783E-01  2.39096E-23  8.53827E-07  0.00000E+00  1.0E-07
  8.150E+01  4.26095E-01  2.34069E-23  8.35876E-07  0.00000E+00  1.0E-07
  8.200E+01  4.30413E-01  2.29164E-23  8.18361E-07  0.00000E+00  1.0E-07
  8.250E+01  4.34737E-01  2.24377E-23  8.01267E-07  0.00000E+00  1.0E-07
  8.300E+01  4.39065E-01  2.19705E-23  7.84582E-07  0.00000E+00  1.0E-07
  8.350E+01  4.43398E-01  2.15144E-23  7.68293E-07  0.00000E+00  1.0E-07
  8.400E+01  4.47736E-01  2.10690E-23  7.52389E-07  0.00000E+00  1.0E-07
  8.450E+01  4.52077E-01  2.06341E-23  7.36859E-07  0.00000E+00  1.0E-07
  8.500E+01  4.56422E-01  2.02094E-23  7.21690E-07  0.00000E+00  1.0E-07
  8.550E+01  4.60770E-01  1.97944E-23  7.06873E-07  0.00000E+00  1.0E-07
  8.600E+01  4.65122E-01  1.93891E-23  6.92397E-07  0.00000E+00  1.0E-07
  8.650E+01  4.69476E-01  1.89930E-23  6.78252E-07  0.00000E+00  1.0E-07
  8.700E+01  4.73832E-01  1.86059E-23  6.64429E-07  0.00000E+00  1.0E-07
  8.750E+01  4.78190E-01  1.82276E-23  6.50920E-07  0.00000E+00  1.0E-07
  8.800E+01  4.82550E-01  1.78578E-23  6.37714E-07  0.00000E+00  1.0E-07
  8.850E+01  4.86912E-01  1.74963E-23  6.24804E-07  0.00000E+00  1.0E-07
  8.900E+01  4.91274E-01  1.71428E-23  6.12182E-07  0.00000E+00  1.0E-07
  8.950E+01  4.95637E-01  1.67972E-23  5.99839E-07  0.00000E+00  1.0E-07
  9.000E+01  5.00000E-01  1.64592E-23  5.87767E-07  0.00000E+00  1.0E-07
  9.050E+01  5.04363E-01  1.61285E-23  5.75959E-07  0.00000E+00  1.0E-07
  9.100E+01  5.08726E-01  1.58050E-23  5.64408E-07  0.00000E+00  1.0E-07
  9.150E+01  5.13088E-01  1.54886E-23  5.53107E-07  0.00000E+00  1.0E-07
  9.200E+01  5.17450E-01  1.51789E-23  5.42049E-07  0.00000E+00  1.0E-07
  9.250E+01  5.21810E-01  1.48759E-23  5.31228E-07  0.00000E+00  1.0E-07
  9.300E+01  5.26168E-01  1.45793E-23  5.20637E-07  0.00000E+00  1.0E-07
  9.350E+01  5.30524E-01  1.42890E-23  5.10271E-07  0.00000E+00  1.0E-07
  9.400E+01  5.34878E-01  1.40049E-23  5.00123E-07  0.00000E+00  1.0E-07
  9.450E+01  5.39230E-01  1.37267E-23  4.90189E-07  0.00000E+00  1.0E-07
  9.500E+01  5.43578E-01  1.34543E-23  4.80463E-07  0.00000E+00  1.0E-07
  9.550E+01  5.47923E-01  1.31876E-23  4.70938E-07  0.00000E+00  1.0E-07
  9.600E+01  5.52264E-01  1.29264E-23  4.61610E-07  0.00000E+00  1.0E-07
  9.650E+01  5.56602E-01  1.26705E-23  4.52473E-07  0.00000E+00  1.0E-07
  9.700E+01  5.60935E-01  1.24199E-23  4.43523E-07  0.00000E+00  1.0E-07
  9.750E+01  5.65263E-01  1.21744E-23  4.34756E-07  0.00000E+00  1.0E-07
  9.800E+01  5.69587E-01  1.19339E-23  4.26166E-07  0.00000E+00  1.0E-07
  9.850E+01  5.73905E-01  1.16982E-23  4.17750E-07  0.00000E+00  1.0E-07
  9.900E+01  5.78217E-01  1.14673E-23  4.09503E-07  0.00000E+00  1.0E-07
  9.950E+01  5.82524E-01  1.12410E-23  4.01422E-07  0.00000E+00  1.0E-07
  1.000E+02  5.86824E-01  1.10192E-23  3.93502E-07  0.00000E+00  1.0E-07
  1.005E+02  5.91118E-01  1.08018E-23  3.85739E-07  0.00000E+00  1.0E-07
  1.010E+02  5.95404E-01  1.05887E-23  3.78130E-07  0.00000E+00  1.0E-07
  1.015E+02  5.99684E-01  1.03798E-23  3.70669E-07  0.00000E+00  1.0E-07
  1.020E+02  6.03956E-01  1.01749E-23  3.63354E-07  0.00000E+00  1.0E-07
  1.025E+02  6.08220E-01  9.97408E-24  3.56181E-07  0.00000E+00  1.0E-07
  1.030E+02  6.12476E-01  9.77714E-24  3.49148E-07  0.00000E+00  1.0E-07
  1.035E+02  6.16723E-01  9.58401E-24  3.42251E-07  0.00000E+00  1.0E-07
  1.040E+02  6.20961E-01  9.39462E-24  3.35488E-07  0.00000E+00  1.0E-07
  1.045E+02  6.25190E-01  9.20887E-24  3.28855E-07  0.00000E+00  1.0E-07
  1.050E+02  6.29410E-01  9.02667E-24  3.22348E-07  0.00000E+00  1.0E-07
  1.055E+02  6.33619E-01  8.84795E-24  3.15966E-07  0.00000E+00  1.0E-07
  1.060E+02  6.37819E-01  8.67261E-24  3.09705E-07  0.00000E+00  1.0E-07
  1.065E+02  6.42008E-01  8.50058E-24  3.03561E-07  0.00000E+00  1.0E-07
  1.070E+02  6.46186E-01  8.33180E-24  2.97534E-07  0.00000E+00  1.0E-07
  1.075E+02  6.50353E-01  8.16618E-24  2.91620E-07  0.00000E+00  1.0E-07
  1.080E+02  6.54508E-01  8.00366E-24  2.85816E-07  0.00000E+00  1.0E-07
  1.085E+02  6.58652E-01  7.84418E-24  2.80121E-07  0.00000E+00  1.0E-07
  1.090E+02  6.62784E-01  7.68766E-24  2.74531E-07  0.00000E+00  1.0E-07
  1.095E+02  6.66903E-01  7.53405E-24  2.69046E-07  0.00000E+00  1.0E-07
  1.100E+02  6.71010E-01  7.38327E-24  2.63662E-07  0.00000E+00  1.0E-07
  1.105E+02  6.75104E-01  7.23528E-24  2.58377E-07  0.00000E+00  1.0E-07
  1.110E+02  6.79184E-01  7.09001E-24  2.53189E-07  0.00000E+00  1.0E-07
  1.115E+02  6.83251E-01  6.94740E-24  2.48096E-07  0.00000E+00  1.0E-07
  1.120E+02  6.87303E-01  6.80739E-24  2.43096E-07  0.00000E+00  1.0E-07
  1.125E+02  6.91342E-01  6.66993E-24  2.38187E-07  0.00000E+00  1.0E-07
  1.130E+02  6.95366E-01  6.53496E-24  2.33368E-07  0.00000E+00  1.0E-07
  1.135E+02  6.99375E-01  6.40244E-24  2.28635E-07  0.00000E+00  1.0E-07
  1.140E+02  7.03368E-01  6.27231E-24  2.23988E-07  0.00000E+00  1.0E-07
  1.145E+02  7.07347E-01  6.14453E-24  2.19425E-07  0.00000E+00  1.0E-07
  1.150E+02  7.11309E-01  6.01905E-24  2.14944E-07  0.00000E+00  1.0E-07
  1.155E+02  7.15256E-01  5.89581E-24  2.10543E-07  0.00000E+00  1.0E-07
  1.160E+02  7.19186E-01  5.77479E-24  2.06221E-07  0.00000E+00  1.0E-07
  1.165E+02  7.23099E-01  5.65592E-24  2.01977E-07  0.00000E+00  1.0E-07
  1.170E+02  7.26995E-01  5.53918E-24  1.97808E-07  0.00000E+00  1.0E-07
  1.175E+02  7.30874E-01  5.42451E-24  1.93713E-07  0.00000E+00  1.0E-07
  1.180E+02  7.34736E-01  5.31188E-24  1.89691E-07  0.00000E+00  1.0E-07
  1.185E+02  7.38579E-01  5.20125E-24  1.85740E-07  0.00000E+00  1.0E-07
  1.190E+02  7.42405E-01  5.09257E-24  1.81859E-07  0.00000E+00  1.0E-07
  1.195E+02  7.46212E-01  4.98581E-24  1.78047E-07  0.00000E+00  1.0E-07
  1.200E+02  7.50000E-01  4.88093E-24  1.74301E-07  0.00000E+00  1.0E-07
  1.205E+02  7.53769E-01  4.77790E-24  1.70622E-07  0.00000E+00  1.0E-07
  1.210E+02  7.57519E-01  4.67668E-24  1.67007E-07  0.00000E+00  1.0E-07
  1.215E+02  7.61249E-01  4.57724E-24  1.63456E-07  0.00000E+00  1.0E-07
  1.220E+02  7.64960E-01  4.47954E-24  1.59967E-07  0.00000E+00  1.0E-07
  1.225E+02  7.68650E-01  4.38355E-24  1.56540E-07  0.00000E+00  1.0E-07
  1.230E+02  7.72320E-01  4.28925E-24  1.53172E-07  0.00000E+00  1.0E-07
  1.235E+02  7.75968E-01  4.19659E-24  1.49863E-07  0.00000E+00  1.0E-07
  1.240E+02  7.79596E-01  4.10556E-24  1.46612E-07  0.00000E+00  1.0E-07
  1.245E+02  7.83203E-01  4.01611E-24  1.43418E-07  0.00000E+00  1.0E-07
  1.250E+02  7.86788E-01  3.92822E-24  1.40279E-07  0.00000E+00  1.0E-07
  1.255E+02  7.90351E-01  3.84187E-24  1.37196E-07  0.00000E+00  1.0E-07
  1.260E+02  7.93893E-01  3.75702E-24  1.34166E-07  0.00000E+00  1.0E-07
  1.265E+02  7.97411E-01  3.67365E-24  1.31188E-07  0.00000E+00  1.0E-07
  1.270E+02  8.00908E-01  3.59174E-24  1.28263E-07  0.00000E+00  1.0E-07
  1.275E+02  8.04381E-01  3.51125E-24  1.25389E-07  0.00000E+00  1.0E-07
  1.280E+02  8.07831E-01  3.43216E-24  1.22565E-07  0.00000E+00  1.0E-07
  1.285E+02  8.11257E-01  3.35445E-24  1.19790E-07  0.00000E+00  1.0E-07
  1.290E+02  8.14660E-01  3.27810E-24  1.17063E-07  0.00000E+00  1.0E-07
  1.295E+02  8.18039E-01  3.20308E-24  1.14384E-07  0.00000E+00  1.0E-07
  1.300E+02  8.21394E-01  3.12937E-24  1.11752E-07  0.00000E+00  1.0E-07
  1.305E+02  8.24724E-01  3.05694E-24  1.09165E-07  0.00000E+00  1.0E-07
  1.310E+02  8.28030E-01  2.98579E-24  1.06624E-07  0.00000E+00  1.0E-07
  1.315E+02  8.31310E-01  2.91587E-24  1.04128E-07  0.00000E+00  1.0E-07
  1.320E+02  8.34565E-01  2.84719E-24  1.01675E-07  0.00000E+00  1.0E-07
  1.325E+02  8.37795E-01  2.77970E-24  9.92651E-08  0.00000E+00  1.0E-07
  1.330E+02  8.40999E-01  2.71341E-24  9.68976E-08  0.00000E+00  1.0E-07
  1.335E+02  8.44177E-01  2.64828E-24  9.45717E-08  0.00000E+00  1.0E-07
  1.340E+02  8.47329E-01  2.58430E-24  9.22869E-08  0.00000E+00  1.0E-07
  1.345E+02  8.50455E-01  2.52144E-24  9.00423E-08  0.00000E+00  1.0E-07
  1.350E+02  8.53553E-01  2.45970E-24  8.78375E-08  0.00000E+00  1.0E-07
  1.355E+02  8.56625E-01  2.39905E-24  8.56718E-08  0.00000E+00  1.0E-07
  1.360E+02  8.59670E-01  2.33948E-24  8.35445E-08  0.00000E+00  1.0E-07
  1.365E+02  8.62687E-01  2.28098E-24  8.14551E-08  0.00000E+00  1.0E-07
  1.370E+02  8.65677E-01  2.22351E-24  7.94031E-08  0.00000E+00  1.0E-07
  1.375E+02  8.68639E-01  2.16708E-24  7.73878E-08  0.00000E+00  1.0E-07
  1.380E+02  8.71572E-01  2.11166E-24  7.54087E-08  0.00000E+00  1.0E-07
  1.385E+02  8.74478E-01  2.05724E-24  7.34653E-08  0.00000E+00  1.0E-07
  1.390E+02  8.77355E-01  2.00380E-24  7.15570E-08  0.00000E+00  1.0E-07
  1.395E+02  8.80203E-01  1.95133E-24  6.96833E-08  0.00000E+00  1.0E-07
  1.400E+02  8.83022E-01  1.89982E-24  6.78438E-08  0.00000E+00  1.0E-07
  1.405E+02  8.85812E-01  1.84925E-24  6.60380E-08  0.00000E+00  1.0E-07
  1.410E+02  8.88573E-01  1.79961E-24  6.42653E-08  0.00000E+00  1.0E-07
  1.415E+02  8.91304E-01  1.75089E-24  6.25253E-08  0.00000E+00  1.0E-07
  1.420E+02  8.94005E-01  1.70307E-24  6.08176E-08  0.00000E+00  1.0E-07
  1.425E+02  8.96677E-01  1.65613E-24  5.91416E-08  0.00000E+00  1.0E-07
  1.430E+02  8.99318E-01  1.61008E-24  5.74971E-08  0.00000E+00  1.0E-07
  1.435E+02  9.01928E-01  1.56490E-24  5.58835E-08  0.00000E+00  1.0E-07
  1.440E+02  9.04508E-01  1.52057E-24  5.43004E-08  0.00000E+00  1.0E-07
  1.445E+02  9.07058E-01  1.47708E-24  5.27474E-08  0.00000E+00  1.0E-07
  1.450E+02  9.09576E-01  1.43442E-24  5.12242E-08  0.00000E+00  1.0E-07
  1.455E+02  9.12063E-01  1.39259E-24  4.97303E-08  0.00000E+00  1.0E-07
  1.460E+02  9.14519E-01  1.35157E-24  4.82654E-08  0.00000E+00  1.0E-07
  1.465E+02  9.16943E-01  1.31135E-24  4.68290E-08  0.00000E+00  1.0E-07
  1.470E+02  9.19335E-01  1.27192E-24  4.54210E-08  0.00000E+00  1.0E-07
  1.475E+02  9.21696E-01  1.23327E-24  4.40408E-08  0.00000E+00  1.0E-07
  1.480E+02  9.24024E-01  1.19539E-24  4.26882E-08  0.00000E+00  1.0E-07
  1.485E+02  9.26320E-01  1.15828E-24  4.13628E-08  0.00000E+00  1.0E-07
  1.490E+02  9.28584E-01  1.12191E-24  4.00642E-08  0.00000E+00  1.0E-07
  1.495E+02  9.30815E-01  1.08629E-24  3.87923E-08  0.00000E+00  1.0E-07
  1.500E+02  9.33013E-01  1.05141E-24  3.75466E-08  0.00000E+00  1.0E-07
  1.505E+02  9.35178E-01  1.01726E-24  3.63269E-08  0.00000E+00  1.0E-07
  1.510E+02  9.37310E-01  9.83821E-25  3.51329E-08  0.00000E+00  1.0E-07
  1.515E+02  9.39409E-01  9.51095E-25  3.39642E-08  0.00000E+00  1.0E-07
  1.520E+02  9.41474E-01  9.19072E-25  3.28207E-08  0.00000E+00  1.0E-07
  1.525E+02  9.43505E-01  8.87745E-25  3.17019E-08  0.00000E+00  1.0E-07
  1.530E+02  9.45503E-01  8.57105E-25  3.06078E-08  0.00000E+00  1.0E-07
  1.535E+02  9.47467E-01  8.27146E-25  2.95379E-08  0.00000E+00  1.0E-07
  1.540E+02  9.49397E-01  7.97860E-25  2.84921E-08  0.00000E+00  1.0E-07
  1.545E+02  9.51293E-01  7.69241E-25  2.74701E-08  0.00000E+00  1.0E-07
  1.550E+02  9.53154E-01  7.41281E-25  2.64716E-08  0.00000E+00  1.0E-07
  1.555E+02  9.54981E-01  7.13975E-25  2.54965E-08  0.00000E+00  1.0E-07
  1.560E+02  9.56773E-01  6.87316E-25  2.45445E-08  0.00000E+00  1.0E-07
  1.565E+02  9.58530E-01  6.61297E-25  2.36153E-08  0.00000E+00  1.0E-07
  1.570E+02  9.60252E-01  6.35913E-25  2.27089E-08  0.00000E+00  1.0E-07
  1.575E+02  9.61940E-01  6.11158E-25  2.18248E-08  0.00000E+00  1.0E-07
  1.580E+02  9.63592E-01  5.87025E-25  2.09631E-08  0.00000E+00  1.0E-07
  1.585E+02  9.65209E-01  5.63511E-25  2.01233E-08  0.00000E+00  1.0E-07
  1.590E+02  9.66790E-01  5.40608E-25  1.93055E-08  0.00000E+00  1.0E-07
  1.595E+02  9.68336E-01  5.18313E-25  1.85093E-08  0.00000E+00  1.0E-07
  1.600E+02  9.69846E-01  4.96619E-25  1.77346E-08  0.00000E+00  1.0E-07
  1.605E+02  9.71321E-01  4.75522E-25  1.69812E-08  0.00000E+00  1.0E-07
  1.610E+02  9.72759E-01  4.55017E-25  1.62490E-08  0.00000E+00  1.0E-07
  1.615E+02  9.74162E-01  4.35100E-25  1.55377E-08  0.00000E+00  1.0E-07
  1.620E+02  9.75528E-01  4.15765E-25  1.48473E-08  0.00000E+00  1.0E-07
  1.625E+02  9.76858E-01  3.97010E-25  1.41775E-08  0.00000E+00  1.0E-07
  1.630E+02  9.78152E-01  3.78828E-25  1.35282E-08  0.00000E+00  1.0E-07
  1.635E+02  9.79410E-01  3.61217E-25  1.28993E-08  0.00000E+00  1.0E-07
  1.640E+02  9.80631E-01  3.44173E-25  1.22906E-08  0.00000E+00  1.0E-07
  1.645E+02  9.81815E-01  3.27691E-25  1.17020E-08  0.00000E+00  1.0E-07
  1.650E+02  9.82963E-01  3.11767E-25  1.11334E-08  0.00000E+00  1.0E-07
  1.655E+02  9.84074E-01  2.96400E-25  1.05846E-08  0.00000E+00  1.0E-07
  1.660E+02  9.85148E-01  2.81584E-25  1.00555E-08  0.00000E+00  1.0E-07
  1.665E+02  9.86185E-01  2.67317E-25  9.54606E-09  0.00000E+00  1.0E-07
  1.670E+02  9.87185E-01  2.53595E-25  9.05606E-09  0.00000E+00  1.0E-07
  1.675E+02  9.88148E-01  2.40417E-25  8.58543E-09  0.00000E+00  1.0E-07
  1.680E+02  9.89074E-01  2.27777E-25  8.13407E-09  0.00000E+00  1.0E-07
  1.685E+02  9.89962E-01  2.15675E-25  7.70188E-09  0.00000E+00  1.0E-07
  1.690E+02  9.90814E-01  2.04106E-25  7.28877E-09  0.00000E+00  1.0E-07
  1.695E+02  9.91627E-01  1.93070E-25  6.89465E-09  0.00000E+00  1.0E-07
  1.700E+02  9.92404E-01  1.82562E-25  6.51942E-09  0.00000E+00  1.0E-07
  1.705E+02  9.93143E-01  1.72582E-25  6.16301E-09  0.00000E+00  1.0E-07
  1.710E+02  9.93844E-01  1.63126E-25  5.82534E-09  0.00000E+00  1.0E-07
  1.715E+02  9.94508E-01  1.54193E-25  5.50634E-09  0.00000E+00  1.0E-07
  1.720E+02  9.95134E-01  1.45781E-25  5.20593E-09  0.00000E+00  1.0E-07
  1.725E+02  9.95722E-01  1.37888E-25  4.92405E-09  0.00000E+00  1.0E-07
  1.730E+02  9.96273E-01  1.30511E-25  4.66065E-09  0.00000E+00  1.0E-07
  1.735E+02  9.96786E-01  1.23651E-25  4.41565E-09  0.00000E+00  1.0E-07
  1.740E+02  9.97261E-01  1.17304E-25  4.18902E-09  0.00000E+00  1.0E-07
  1.745E+02  9.97698E-01  1.11471E-25  3.98070E-09  0.00000E+00  1.0E-07
  1.750E+02  9.98097E-01  1.06149E-25  3.79064E-09  0.00000E+00  1.0E-07
  1.755E+02  9.98459E-01  1.01337E-25  3.61880E-09  0.00000E+00  1.0E-07
  1.760E+02  9.98782E-01  9.70343E-26  3.46516E-09  0.00000E+00  1.0E-07
  1.765E+02  9.99067E-01  9.32401E-26  3.32967E-09  0.00000E+00  1.0E-07
  1.770E+02  9.99315E-01  8.99535E-26  3.21230E-09  0.00000E+00  1.0E-07
  1.775E+02  9.99524E-01  8.71737E-26  3.11303E-09  0.00000E+00  1.0E-07
  1.780E+02  9.99695E-01  8.49001E-26  3.03184E-09  0.00000E+00  1.0E-07
  1.785E+02  9.99829E-01  8.31323E-26  2.96871E-09  0.00000E+00  1.0E-07
  1.790E+02  9.99924E-01  8.18699E-26  2.92363E-09  0.00000E+00  1.0E-07
  1.795E+02  9.99981E-01  8.11125E-26  2.89658E-09  0.00000E+00  1.0E-07
  1.800E+02  1.00000E+00  8.08601E-26  2.88757E-09  0.00000E+00  1.0E-07
