 #
 # Subroutine ELSEPA. Elastic scattering of electrons and positrons
 #                    by neutral atoms and positive ions
 #
 # Projectile: electron
 # Kinetic energy = 3.70000E+06 eV = 1.35973E+05 a.u.
 #
 # WARNING: High-energy factorization with free-atom DF screening.
 #          Absorption, polarization and exchange corrections are
 #          switched off.
 #          Phase shifts are calculated for the bare nucleus.
 #          Scattering amplitudes are not evaluated.
 #
 # Element: Ra,  Z =  88,  atomic weight = 2.26025E+02 g/mol
 #
 # Nuclear model: Fermi distribution
 #                Average radius = 6.51783E-13 cm
 #                Skin thickness = 5.46000E-14 cm
 #
 # Number of electrons = 88
 #
 # Total elastic cross section = 1.13001E-17 cm**2 = 4.03532E-01 a0**2
 # 1st transport cross section = 7.29985E-22 cm**2 = 2.60682E-05 a0**2
 # 2nd transport cross section = 1.91424E-21 cm**2 = 6.83587E-05 a0**2
 #
 #
 # Differential cross section:                       MU=(1-COS(THETA))/2
 #
 #  THETA        MU          DCS          DCS        Sherman      error
 #  (deg)                 (cm**2/sr)   (a0**2/sr)    function
 #----------------------------------------------------------------------
  0.000E+00  0.00000E+00  2.69613E-12  9.62807E+04  0.00000E+00  1.0E-05
  1.000E-04  7.61557E-13  2.69611E-12  9.62798E+04  0.00000E+00  1.0E-05
  1.250E-04  1.18994E-12  2.69609E-12  9.62792E+04  0.00000E+00  1.0E-05
  1.500E-04  1.71346E-12  2.69608E-12  9.62786E+04  0.00000E+00  1.0E-05
  1.750E-04  2.33225E-12  2.69605E-12  9.62778E+04  0.00000E+00  1.0E-05
  2.000E-04  3.04617E-12  2.69603E-12  9.62770E+04  0.00000E+00  1.0E-05
  2.250E-04  3.85530E-12  2.69600E-12  9.62760E+04  0.00000E+00  1.0E-05
  2.500E-04  4.75964E-12  2.69597E-12  9.62749E+04  0.00000E+00  1.0E-05
  2.750E-04  5.75917E-12  2.69594E-12  9.62737E+04  0.00000E+00  1.0E-05
  3.000E-04  6.85391E-12  2.69590E-12  9.62723E+04  0.00000E+00  1.0E-05
  3.250E-04  8.04379E-12  2.69586E-12  9.62709E+04  0.00000E+00  1.0E-05
  3.500E-04  9.32893E-12  2.69582E-12  9.62693E+04  0.00000E+00  1.0E-05
  3.750E-04  1.07092E-11  2.69577E-12  9.62676E+04  0.00000E+00  1.0E-05
  4.000E-04  1.21847E-11  2.69572E-12  9.62658E+04  0.00000E+00  1.0E-05
  4.250E-04  1.37554E-11  2.69566E-12  9.62639E+04  0.00000E+00  1.0E-05
  4.500E-04  1.54213E-11  2.69561E-12  9.62619E+04  0.00000E+00  1.0E-05
  4.750E-04  1.71823E-11  2.69555E-12  9.62598E+04  0.00000E+00  1.0E-05
  5.000E-04  1.90386E-11  2.69548E-12  9.62575E+04  0.00000E+00  1.0E-05
  5.250E-04  2.09900E-11  2.69542E-12  9.62551E+04  0.00000E+00  1.0E-05
  5.500E-04  2.30367E-11  2.69535E-12  9.62526E+04  0.00000E+00  1.0E-05
  5.750E-04  2.51785E-11  2.69527E-12  9.62500E+04  0.00000E+00  1.0E-05
  6.000E-04  2.74156E-11  2.69520E-12  9.62473E+04  0.00000E+00  1.0E-05
  6.250E-04  2.97478E-11  2.69512E-12  9.62444E+04  0.00000E+00  1.0E-05
  6.500E-04  3.21752E-11  2.69504E-12  9.62415E+04  0.00000E+00  1.0E-05
  6.750E-04  3.46979E-11  2.69495E-12  9.62384E+04  0.00000E+00  1.0E-05
  7.000E-04  3.73157E-11  2.69486E-12  9.62352E+04  0.00000E+00  1.0E-05
  7.250E-04  4.00286E-11  2.69477E-12  9.62319E+04  0.00000E+00  1.0E-05
  7.500E-04  4.28368E-11  2.69467E-12  9.62285E+04  0.00000E+00  1.0E-05
  7.750E-04  4.57402E-11  2.69457E-12  9.62249E+04  0.00000E+00  1.0E-05
  8.000E-04  4.87388E-11  2.69447E-12  9.62213E+04  0.00000E+00  1.0E-05
  8.250E-04  5.18325E-11  2.69436E-12  9.62175E+04  0.00000E+00  1.0E-05
  8.500E-04  5.50215E-11  2.69425E-12  9.62136E+04  0.00000E+00  1.0E-05
  8.750E-04  5.83057E-11  2.69414E-12  9.62096E+04  0.00000E+00  1.0E-05
  9.000E-04  6.16850E-11  2.69403E-12  9.62055E+04  0.00000E+00  1.0E-05
  9.250E-04  6.51595E-11  2.69391E-12  9.62012E+04  0.00000E+00  1.0E-05
  9.500E-04  6.87293E-11  2.69379E-12  9.61969E+04  0.00000E+00  1.0E-05
  9.750E-04  7.23943E-11  2.69366E-12  9.61924E+04  0.00000E+00  1.0E-05
  1.000E-03  7.61544E-11  2.69353E-12  9.61878E+04  0.00000E+00  1.0E-05
  1.250E-03  1.18991E-10  2.69207E-12  9.61356E+04  0.00000E+00  1.0E-05
  1.500E-03  1.71347E-10  2.69029E-12  9.60719E+04  0.00000E+00  1.0E-05
  1.750E-03  2.33223E-10  2.68818E-12  9.59966E+04  0.00000E+00  1.0E-05
  2.000E-03  3.04617E-10  2.68575E-12  9.59099E+04  0.00000E+00  1.0E-05
  2.250E-03  3.85531E-10  2.68300E-12  9.58118E+04  0.00000E+00  1.0E-05
  2.500E-03  4.75965E-10  2.67994E-12  9.57023E+04  0.00000E+00  1.0E-05
  2.750E-03  5.75917E-10  2.67655E-12  9.55815E+04  0.00000E+00  1.0E-05
  3.000E-03  6.85389E-10  2.67286E-12  9.54495E+04  0.00000E+00  1.0E-05
  3.250E-03  8.04380E-10  2.66885E-12  9.53064E+04  0.00000E+00  1.0E-05
  3.500E-03  9.32891E-10  2.66453E-12  9.51522E+04  0.00000E+00  1.0E-05
  3.750E-03  1.07092E-09  2.65991E-12  9.49871E+04  0.00000E+00  1.0E-05
  4.000E-03  1.21847E-09  2.65498E-12  9.48111E+04  0.00000E+00  1.0E-05
  4.250E-03  1.37554E-09  2.64975E-12  9.46243E+04  0.00000E+00  1.0E-05
  4.500E-03  1.54213E-09  2.64422E-12  9.44269E+04  0.00000E+00  1.0E-05
  4.750E-03  1.71823E-09  2.63840E-12  9.42190E+04  0.00000E+00  1.0E-05
  5.000E-03  1.90386E-09  2.63228E-12  9.40006E+04  0.00000E+00  1.0E-05
  5.250E-03  2.09900E-09  2.62588E-12  9.37719E+04  0.00000E+00  1.0E-05
  5.500E-03  2.30367E-09  2.61919E-12  9.35331E+04  0.00000E+00  1.0E-05
  5.750E-03  2.51785E-09  2.61223E-12  9.32843E+04  0.00000E+00  1.0E-05
  6.000E-03  2.74156E-09  2.60498E-12  9.30256E+04  0.00000E+00  1.0E-05
  6.250E-03  2.97478E-09  2.59746E-12  9.27571E+04  0.00000E+00  1.0E-05
  6.500E-03  3.21752E-09  2.58968E-12  9.24791E+04  0.00000E+00  1.0E-05
  6.750E-03  3.46978E-09  2.58163E-12  9.21916E+04  0.00000E+00  1.0E-05
  7.000E-03  3.73156E-09  2.57332E-12  9.18949E+04  0.00000E+00  1.0E-05
  7.250E-03  4.00286E-09  2.56475E-12  9.15890E+04  0.00000E+00  1.0E-05
  7.500E-03  4.28368E-09  2.55594E-12  9.12742E+04  0.00000E+00  1.0E-05
  7.750E-03  4.57402E-09  2.54688E-12  9.09507E+04  0.00000E+00  1.0E-05
  8.000E-03  4.87388E-09  2.53758E-12  9.06186E+04  0.00000E+00  1.0E-05
  8.250E-03  5.18326E-09  2.52804E-12  9.02780E+04  0.00000E+00  1.0E-05
  8.500E-03  5.50215E-09  2.51827E-12  8.99292E+04  0.00000E+00  1.0E-05
  8.750E-03  5.83057E-09  2.50828E-12  8.95725E+04  0.00000E+00  1.0E-05
  9.000E-03  6.16850E-09  2.49807E-12  8.92078E+04  0.00000E+00  1.0E-05
  9.250E-03  6.51596E-09  2.48764E-12  8.88354E+04  0.00000E+00  1.0E-05
  9.500E-03  6.87293E-09  2.47701E-12  8.84555E+04  0.00000E+00  1.0E-05
  9.750E-03  7.23942E-09  2.46617E-12  8.80685E+04  0.00000E+00  1.0E-05
  1.000E-02  7.61544E-09  2.45513E-12  8.76743E+04  0.00000E+00  1.0E-05
  1.250E-02  1.18991E-08  2.33506E-12  8.33867E+04  0.00000E+00  1.0E-05
  1.500E-02  1.71347E-08  2.20209E-12  7.86382E+04  0.00000E+00  1.0E-05
  1.750E-02  2.33223E-08  2.06043E-12  7.35792E+04  0.00000E+00  1.0E-05
  2.000E-02  3.04617E-08  1.91526E-12  6.83953E+04  0.00000E+00  1.0E-05
  2.250E-02  3.85531E-08  1.77198E-12  6.32784E+04  0.00000E+00  1.0E-05
  2.500E-02  4.75965E-08  1.63363E-12  5.83382E+04  0.00000E+00  1.0E-05
  2.750E-02  5.75917E-08  1.50187E-12  5.36327E+04  0.00000E+00  1.0E-05
  3.000E-02  6.85389E-08  1.37828E-12  4.92194E+04  0.00000E+00  1.0E-05
  3.250E-02  8.04380E-08  1.26449E-12  4.51556E+04  0.00000E+00  1.0E-05
  3.500E-02  9.32891E-08  1.16089E-12  4.14560E+04  0.00000E+00  1.0E-05
  3.750E-02  1.07092E-07  1.06641E-12  3.80822E+04  0.00000E+00  1.0E-05
  4.000E-02  1.21847E-07  9.80752E-13  3.50233E+04  0.00000E+00  1.0E-05
  4.250E-02  1.37554E-07  9.03592E-13  3.22679E+04  0.00000E+00  1.0E-05
  4.500E-02  1.54213E-07  8.34561E-13  2.98027E+04  0.00000E+00  1.0E-05
  4.750E-02  1.71823E-07  7.72233E-13  2.75769E+04  0.00000E+00  1.0E-05
  5.000E-02  1.90386E-07  7.15993E-13  2.55686E+04  0.00000E+00  1.0E-05
  5.250E-02  2.09900E-07  6.65241E-13  2.37562E+04  0.00000E+00  1.0E-05
  5.500E-02  2.30367E-07  6.19562E-13  2.21249E+04  0.00000E+00  1.0E-05
  5.750E-02  2.51785E-07  5.78064E-13  2.06430E+04  0.00000E+00  1.0E-05
  6.000E-02  2.74156E-07  5.40310E-13  1.92948E+04  0.00000E+00  1.0E-05
  6.250E-02  2.97478E-07  5.05897E-13  1.80659E+04  0.00000E+00  1.0E-05
  6.500E-02  3.21752E-07  4.74433E-13  1.69423E+04  0.00000E+00  1.0E-05
  6.750E-02  3.46978E-07  4.45546E-13  1.59107E+04  0.00000E+00  1.0E-05
  7.000E-02  3.73156E-07  4.18976E-13  1.49619E+04  0.00000E+00  1.0E-05
  7.250E-02  4.00286E-07  3.94491E-13  1.40875E+04  0.00000E+00  1.0E-05
  7.500E-02  4.28368E-07  3.71814E-13  1.32777E+04  0.00000E+00  1.0E-05
  7.750E-02  4.57402E-07  3.50773E-13  1.25263E+04  0.00000E+00  1.0E-05
  8.000E-02  4.87388E-07  3.31249E-13  1.18291E+04  0.00000E+00  1.0E-05
  8.250E-02  5.18325E-07  3.13106E-13  1.11812E+04  0.00000E+00  1.0E-05
  8.500E-02  5.50215E-07  2.96174E-13  1.05766E+04  0.00000E+00  1.0E-05
  8.750E-02  5.83057E-07  2.80331E-13  1.00108E+04  0.00000E+00  1.0E-05
  9.000E-02  6.16850E-07  2.65546E-13  9.48281E+03  0.00000E+00  1.0E-05
  9.250E-02  6.51596E-07  2.51731E-13  8.98948E+03  0.00000E+00  1.0E-05
  9.500E-02  6.87293E-07  2.38790E-13  8.52734E+03  0.00000E+00  1.0E-05
  9.750E-02  7.23942E-07  2.26610E-13  8.09238E+03  0.00000E+00  1.0E-05
  1.000E-01  7.61543E-07  2.15200E-13  7.68494E+03  0.00000E+00  1.0E-05
  1.250E-01  1.18991E-06  1.32513E-13  4.73213E+03  0.00000E+00  1.0E-05
  1.500E-01  1.71347E-06  8.52457E-14  3.04418E+03  0.00000E+00  1.0E-05
  1.750E-01  2.33223E-06  5.82332E-14  2.07954E+03  0.00000E+00  1.0E-05
  2.000E-01  3.04617E-06  4.13897E-14  1.47805E+03  0.00000E+00  1.0E-05
  2.250E-01  3.85531E-06  3.01543E-14  1.07683E+03  0.00000E+00  1.0E-05
  2.500E-01  4.75964E-06  2.24856E-14  8.02975E+02  0.00000E+00  1.0E-05
  2.750E-01  5.75916E-06  1.71494E-14  6.12415E+02  0.00000E+00  1.0E-05
  3.000E-01  6.85388E-06  1.33257E-14  4.75868E+02  0.00000E+00  1.0E-05
  3.250E-01  8.04378E-06  1.05041E-14  3.75107E+02  0.00000E+00  1.0E-05
  3.500E-01  9.32888E-06  8.38948E-15  2.99594E+02  0.00000E+00  1.0E-05
  3.750E-01  1.07092E-05  6.79512E-15  2.42658E+02  0.00000E+00  1.0E-05
  4.000E-01  1.21846E-05  5.57102E-15  1.98945E+02  0.00000E+00  1.0E-05
  4.250E-01  1.37553E-05  4.61394E-15  1.64767E+02  0.00000E+00  1.0E-05
  4.500E-01  1.54212E-05  3.85100E-15  1.37522E+02  0.00000E+00  1.0E-05
  4.750E-01  1.71822E-05  3.24195E-15  1.15772E+02  0.00000E+00  1.0E-05
  5.000E-01  1.90385E-05  2.74797E-15  9.81316E+01  0.00000E+00  1.0E-05
  5.250E-01  2.09899E-05  2.34819E-15  8.38554E+01  0.00000E+00  1.0E-05
  5.500E-01  2.30365E-05  2.01489E-15  7.19531E+01  0.00000E+00  1.0E-05
  5.750E-01  2.51783E-05  1.73811E-15  6.20689E+01  0.00000E+00  1.0E-05
  6.000E-01  2.74153E-05  1.50665E-15  5.38035E+01  0.00000E+00  1.0E-05
  6.250E-01  2.97475E-05  1.31208E-15  4.68551E+01  0.00000E+00  1.0E-05
  6.500E-01  3.21749E-05  1.14741E-15  4.09746E+01  0.00000E+00  1.0E-05
  6.750E-01  3.46974E-05  1.00696E-15  3.59593E+01  0.00000E+00  1.0E-05
  7.000E-01  3.73152E-05  8.87356E-16  3.16881E+01  0.00000E+00  1.0E-05
  7.250E-01  4.00281E-05  7.85237E-16  2.80413E+01  0.00000E+00  1.0E-05
  7.500E-01  4.28362E-05  6.97433E-16  2.49058E+01  0.00000E+00  1.0E-05
  7.750E-01  4.57395E-05  6.21689E-16  2.22009E+01  0.00000E+00  1.0E-05
  8.000E-01  4.87380E-05  5.56109E-16  1.98590E+01  0.00000E+00  1.0E-05
  8.250E-01  5.18317E-05  4.99063E-16  1.78218E+01  0.00000E+00  1.0E-05
  8.500E-01  5.50205E-05  4.49157E-16  1.60397E+01  0.00000E+00  1.0E-05
  8.750E-01  5.83045E-05  4.05322E-16  1.44743E+01  0.00000E+00  1.0E-05
  9.000E-01  6.16838E-05  3.66774E-16  1.30977E+01  0.00000E+00  1.0E-05
  9.250E-01  6.51582E-05  3.32761E-16  1.18831E+01  0.00000E+00  1.0E-05
  9.500E-01  6.87277E-05  3.02632E-16  1.08072E+01  0.00000E+00  1.0E-05
  9.750E-01  7.23925E-05  2.75833E-16  9.85016E+00  0.00000E+00  1.0E-05
  1.000E+00  7.61524E-05  2.51977E-16  8.99825E+00  0.00000E+00  1.1E-05
  1.100E+00  9.21439E-05  1.79090E-16  6.39542E+00  0.00000E+00  8.2E-06
  1.200E+00  1.09658E-04  1.30897E-16  4.67440E+00  0.00000E+00  4.5E-06
  1.300E+00  1.28695E-04  9.79071E-17  3.49633E+00  0.00000E+00  9.1E-07
  1.400E+00  1.49255E-04  7.46530E-17  2.66591E+00  0.00000E+00  1.7E-06
  1.500E+00  1.71338E-04  5.79801E-17  2.07051E+00  0.00000E+00  3.2E-06
  1.600E+00  1.94942E-04  4.57428E-17  1.63350E+00  0.00000E+00  3.4E-06
  1.700E+00  2.20070E-04  3.65810E-17  1.30633E+00  0.00000E+00  2.7E-06
  1.800E+00  2.46720E-04  2.95974E-17  1.05694E+00  0.00000E+00  1.5E-06
  1.900E+00  2.74892E-04  2.42163E-17  8.64780E-01  0.00000E+00  2.6E-07
  2.000E+00  3.04586E-04  2.00110E-17  7.14606E-01  0.00000E+00  7.9E-07
  2.100E+00  3.35803E-04  1.66841E-17  5.95801E-01  0.00000E+00  1.4E-06
  2.200E+00  3.68542E-04  1.40146E-17  5.00472E-01  0.00000E+00  1.5E-06
  2.300E+00  4.02802E-04  1.18602E-17  4.23535E-01  0.00000E+00  1.2E-06
  2.400E+00  4.38585E-04  1.01051E-17  3.60861E-01  0.00000E+00  7.0E-07
  2.500E+00  4.75889E-04  8.66316E-18  3.09367E-01  0.00000E+00  1.0E-07
  2.600E+00  5.14715E-04  7.46743E-18  2.66667E-01  0.00000E+00  4.5E-07
  2.700E+00  5.55063E-04  6.47090E-18  2.31080E-01  0.00000E+00  7.7E-07
  2.800E+00  5.96931E-04  5.63550E-18  2.01247E-01  0.00000E+00  8.4E-07
  2.900E+00  6.40321E-04  4.93084E-18  1.76083E-01  0.00000E+00  6.8E-07
  3.000E+00  6.85233E-04  4.33248E-18  1.54716E-01  0.00000E+00  3.7E-07
  3.100E+00  7.31665E-04  3.82218E-18  1.36493E-01  0.00000E+00  1.0E-07
  3.200E+00  7.79618E-04  3.38510E-18  1.20884E-01  0.00000E+00  2.9E-07
  3.300E+00  8.29092E-04  3.00898E-18  1.07453E-01  0.00000E+00  4.8E-07
  3.400E+00  8.80086E-04  2.68368E-18  9.58360E-02  0.00000E+00  5.2E-07
  3.500E+00  9.32601E-04  2.40122E-18  8.57493E-02  0.00000E+00  4.1E-07
  3.600E+00  9.86636E-04  2.15516E-18  7.69622E-02  0.00000E+00  2.2E-07
  3.700E+00  1.04219E-03  1.93997E-18  6.92777E-02  0.00000E+00  1.0E-07
  3.800E+00  1.09927E-03  1.75109E-18  6.25326E-02  0.00000E+00  2.1E-07
  3.900E+00  1.15786E-03  1.58466E-18  5.65893E-02  0.00000E+00  3.2E-07
  4.000E+00  1.21797E-03  1.43766E-18  5.13396E-02  0.00000E+00  3.4E-07
  4.100E+00  1.27961E-03  1.30740E-18  4.66882E-02  0.00000E+00  2.7E-07
  4.200E+00  1.34276E-03  1.19165E-18  4.25547E-02  0.00000E+00  1.4E-07
  4.300E+00  1.40743E-03  1.08843E-18  3.88684E-02  0.00000E+00  1.0E-07
  4.400E+00  1.47362E-03  9.96200E-19  3.55750E-02  0.00000E+00  1.5E-07
  4.500E+00  1.54133E-03  9.13594E-19  3.26250E-02  0.00000E+00  2.3E-07
  4.600E+00  1.61056E-03  8.39417E-19  2.99761E-02  0.00000E+00  2.4E-07
  4.700E+00  1.68131E-03  7.72615E-19  2.75906E-02  0.00000E+00  1.9E-07
  4.800E+00  1.75357E-03  7.12357E-19  2.54387E-02  0.00000E+00  1.0E-07
  4.900E+00  1.82735E-03  6.57888E-19  2.34936E-02  0.00000E+00  1.0E-07
  5.000E+00  1.90265E-03  6.08550E-19  2.17317E-02  0.00000E+00  1.2E-07
  5.100E+00  1.97947E-03  5.63754E-19  2.01320E-02  0.00000E+00  1.7E-07
  5.200E+00  2.05780E-03  5.23014E-19  1.86772E-02  0.00000E+00  1.8E-07
  5.300E+00  2.13765E-03  4.85905E-19  1.73520E-02  0.00000E+00  1.3E-07
  5.400E+00  2.21902E-03  4.52042E-19  1.61427E-02  0.00000E+00  1.0E-07
  5.500E+00  2.30190E-03  4.21082E-19  1.50371E-02  0.00000E+00  1.0E-07
  5.600E+00  2.38630E-03  3.92730E-19  1.40246E-02  0.00000E+00  1.0E-07
  5.700E+00  2.47222E-03  3.66734E-19  1.30963E-02  0.00000E+00  1.3E-07
  5.800E+00  2.55965E-03  3.42862E-19  1.22438E-02  0.00000E+00  1.3E-07
  5.900E+00  2.64859E-03  3.20906E-19  1.14597E-02  0.00000E+00  1.0E-07
  6.000E+00  2.73905E-03  3.00679E-19  1.07374E-02  0.00000E+00  1.0E-07
  6.100E+00  2.83103E-03  2.82027E-19  1.00714E-02  0.00000E+00  1.0E-07
  6.200E+00  2.92452E-03  2.64805E-19  9.45635E-03  0.00000E+00  1.0E-07
  6.300E+00  3.01952E-03  2.48882E-19  8.88773E-03  0.00000E+00  1.0E-07
  6.400E+00  3.11604E-03  2.34137E-19  8.36119E-03  0.00000E+00  1.0E-07
  6.500E+00  3.21407E-03  2.20473E-19  7.87323E-03  0.00000E+00  1.0E-07
  6.600E+00  3.31362E-03  2.07795E-19  7.42051E-03  0.00000E+00  1.0E-07
  6.700E+00  3.41468E-03  1.96020E-19  7.00000E-03  0.00000E+00  1.0E-07
  6.800E+00  3.51725E-03  1.85067E-19  6.60886E-03  0.00000E+00  1.0E-07
  6.900E+00  3.62133E-03  1.74872E-19  6.24478E-03  0.00000E+00  1.0E-07
  7.000E+00  3.72692E-03  1.65372E-19  5.90555E-03  0.00000E+00  1.0E-07
  7.100E+00  3.83403E-03  1.56512E-19  5.58915E-03  0.00000E+00  1.0E-07
  7.200E+00  3.94265E-03  1.48239E-19  5.29370E-03  0.00000E+00  1.0E-07
  7.300E+00  4.05278E-03  1.40507E-19  5.01759E-03  0.00000E+00  1.0E-07
  7.400E+00  4.16442E-03  1.33275E-19  4.75935E-03  0.00000E+00  1.0E-07
  7.500E+00  4.27757E-03  1.26506E-19  4.51760E-03  0.00000E+00  1.0E-07
  7.600E+00  4.39223E-03  1.20162E-19  4.29106E-03  0.00000E+00  1.0E-07
  7.700E+00  4.50840E-03  1.14213E-19  4.07861E-03  0.00000E+00  1.0E-07
  7.800E+00  4.62608E-03  1.08629E-19  3.87922E-03  0.00000E+00  1.0E-07
  7.900E+00  4.74527E-03  1.03385E-19  3.69194E-03  0.00000E+00  1.0E-07
  8.000E+00  4.86597E-03  9.84550E-20  3.51589E-03  0.00000E+00  1.0E-07
  8.100E+00  4.98817E-03  9.38167E-20  3.35026E-03  0.00000E+00  1.0E-07
  8.200E+00  5.11188E-03  8.94503E-20  3.19433E-03  0.00000E+00  1.0E-07
  8.300E+00  5.23711E-03  8.53368E-20  3.04743E-03  0.00000E+00  1.0E-07
  8.400E+00  5.36383E-03  8.14587E-20  2.90894E-03  0.00000E+00  1.0E-07
  8.500E+00  5.49207E-03  7.77994E-20  2.77827E-03  0.00000E+00  1.0E-07
  8.600E+00  5.62181E-03  7.43449E-20  2.65490E-03  0.00000E+00  1.0E-07
  8.700E+00  5.75306E-03  7.10816E-20  2.53837E-03  0.00000E+00  1.0E-07
  8.800E+00  5.88581E-03  6.79968E-20  2.42821E-03  0.00000E+00  1.0E-07
  8.900E+00  6.02007E-03  6.50785E-20  2.32400E-03  0.00000E+00  1.0E-07
  9.000E+00  6.15583E-03  6.23164E-20  2.22536E-03  0.00000E+00  1.0E-07
  9.100E+00  6.29310E-03  5.97007E-20  2.13195E-03  0.00000E+00  1.0E-07
  9.200E+00  6.43187E-03  5.72220E-20  2.04344E-03  0.00000E+00  1.0E-07
  9.300E+00  6.57214E-03  5.48716E-20  1.95950E-03  0.00000E+00  1.0E-07
  9.400E+00  6.71392E-03  5.26417E-20  1.87987E-03  0.00000E+00  1.0E-07
  9.500E+00  6.85720E-03  5.05250E-20  1.80428E-03  0.00000E+00  1.0E-07
  9.600E+00  7.00198E-03  4.85148E-20  1.73250E-03  0.00000E+00  1.0E-07
  9.700E+00  7.14827E-03  4.66044E-20  1.66427E-03  0.00000E+00  1.0E-07
  9.800E+00  7.29605E-03  4.47880E-20  1.59941E-03  0.00000E+00  1.0E-07
  9.900E+00  7.44534E-03  4.30603E-20  1.53771E-03  0.00000E+00  1.0E-07
  1.000E+01  7.59612E-03  4.14159E-20  1.47899E-03  0.00000E+00  1.0E-07
  1.025E+01  7.97965E-03  3.76392E-20  1.34412E-03  0.00000E+00  1.0E-07
  1.050E+01  8.37255E-03  3.42877E-20  1.22444E-03  0.00000E+00  1.0E-07
  1.075E+01  8.77480E-03  3.13052E-20  1.11793E-03  0.00000E+00  1.0E-07
  1.100E+01  9.18641E-03  2.86439E-20  1.02289E-03  0.00000E+00  1.0E-07
  1.125E+01  9.60736E-03  2.62630E-20  9.37867E-04  0.00000E+00  1.0E-07
  1.150E+01  1.00376E-02  2.41276E-20  8.61611E-04  0.00000E+00  1.0E-07
  1.175E+01  1.04773E-02  2.22078E-20  7.93055E-04  0.00000E+00  1.0E-07
  1.200E+01  1.09262E-02  2.04780E-20  7.31283E-04  0.00000E+00  1.0E-07
  1.225E+01  1.13844E-02  1.89159E-20  6.75499E-04  0.00000E+00  1.0E-07
  1.250E+01  1.18520E-02  1.75023E-20  6.25018E-04  0.00000E+00  1.0E-07
  1.275E+01  1.23288E-02  1.62204E-20  5.79242E-04  0.00000E+00  1.0E-07
  1.300E+01  1.28150E-02  1.50558E-20  5.37653E-04  0.00000E+00  1.0E-07
  1.325E+01  1.33104E-02  1.39956E-20  4.99793E-04  0.00000E+00  1.0E-07
  1.350E+01  1.38150E-02  1.30290E-20  4.65275E-04  0.00000E+00  1.0E-07
  1.375E+01  1.43290E-02  1.21460E-20  4.33740E-04  0.00000E+00  1.0E-07
  1.400E+01  1.48521E-02  1.13379E-20  4.04885E-04  0.00000E+00  1.0E-07
  1.425E+01  1.53845E-02  1.05974E-20  3.78440E-04  0.00000E+00  1.0E-07
  1.450E+01  1.59262E-02  9.91770E-21  3.54167E-04  0.00000E+00  1.0E-07
  1.475E+01  1.64770E-02  9.29280E-21  3.31852E-04  0.00000E+00  1.0E-07
  1.500E+01  1.70371E-02  8.71746E-21  3.11306E-04  0.00000E+00  1.0E-07
  1.525E+01  1.76063E-02  8.18704E-21  2.92364E-04  0.00000E+00  1.0E-07
  1.550E+01  1.81848E-02  7.69736E-21  2.74878E-04  0.00000E+00  1.0E-07
  1.575E+01  1.87724E-02  7.24467E-21  2.58712E-04  0.00000E+00  1.0E-07
  1.600E+01  1.93692E-02  6.82562E-21  2.43747E-04  0.00000E+00  1.0E-07
  1.625E+01  1.99751E-02  6.43727E-21  2.29879E-04  0.00000E+00  1.0E-07
  1.650E+01  2.05901E-02  6.07693E-21  2.17011E-04  0.00000E+00  1.0E-07
  1.675E+01  2.12143E-02  5.74217E-21  2.05057E-04  0.00000E+00  1.0E-07
  1.700E+01  2.18476E-02  5.43081E-21  1.93938E-04  0.00000E+00  1.0E-07
  1.725E+01  2.24900E-02  5.14092E-21  1.83586E-04  0.00000E+00  1.0E-07
  1.750E+01  2.31415E-02  4.87073E-21  1.73937E-04  0.00000E+00  1.0E-07
  1.775E+01  2.38021E-02  4.61863E-21  1.64934E-04  0.00000E+00  1.0E-07
  1.800E+01  2.44717E-02  4.38315E-21  1.56525E-04  0.00000E+00  1.0E-07
  1.825E+01  2.51504E-02  4.16300E-21  1.48663E-04  0.00000E+00  1.0E-07
  1.850E+01  2.58382E-02  3.95698E-21  1.41306E-04  0.00000E+00  1.0E-07
  1.875E+01  2.65349E-02  3.76402E-21  1.34415E-04  0.00000E+00  1.0E-07
  1.900E+01  2.72407E-02  3.58308E-21  1.27954E-04  0.00000E+00  1.0E-07
  1.925E+01  2.79555E-02  3.41330E-21  1.21891E-04  0.00000E+00  1.0E-07
  1.950E+01  2.86793E-02  3.25385E-21  1.16197E-04  0.00000E+00  1.0E-07
  1.975E+01  2.94120E-02  3.10396E-21  1.10845E-04  0.00000E+00  1.0E-07
  2.000E+01  3.01537E-02  2.96295E-21  1.05809E-04  0.00000E+00  1.0E-07
  2.025E+01  3.09043E-02  2.83018E-21  1.01068E-04  0.00000E+00  1.0E-07
  2.050E+01  3.16639E-02  2.70509E-21  9.66004E-05  0.00000E+00  1.0E-07
  2.075E+01  3.24324E-02  2.58712E-21  9.23878E-05  0.00000E+00  1.0E-07
  2.100E+01  3.32098E-02  2.47580E-21  8.84123E-05  0.00000E+00  1.0E-07
  2.125E+01  3.39961E-02  2.37066E-21  8.46578E-05  0.00000E+00  1.0E-07
  2.150E+01  3.47912E-02  2.27130E-21  8.11097E-05  0.00000E+00  1.0E-07
  2.175E+01  3.55952E-02  2.17734E-21  7.77542E-05  0.00000E+00  1.0E-07
  2.200E+01  3.64081E-02  2.08841E-21  7.45786E-05  0.00000E+00  1.0E-07
  2.225E+01  3.72297E-02  2.00420E-21  7.15713E-05  0.00000E+00  1.0E-07
  2.250E+01  3.80602E-02  1.92440E-21  6.87216E-05  0.00000E+00  1.0E-07
  2.275E+01  3.88995E-02  1.84873E-21  6.60194E-05  0.00000E+00  1.0E-07
  2.300E+01  3.97476E-02  1.77694E-21  6.34556E-05  0.00000E+00  1.0E-07
  2.325E+01  4.06044E-02  1.70877E-21  6.10213E-05  0.00000E+00  1.0E-07
  2.350E+01  4.14700E-02  1.64402E-21  5.87089E-05  0.00000E+00  1.0E-07
  2.375E+01  4.23443E-02  1.58247E-21  5.65109E-05  0.00000E+00  1.0E-07
  2.400E+01  4.32273E-02  1.52393E-21  5.44204E-05  0.00000E+00  1.0E-07
  2.425E+01  4.41190E-02  1.46822E-21  5.24310E-05  0.00000E+00  1.0E-07
  2.450E+01  4.50194E-02  1.41518E-21  5.05369E-05  0.00000E+00  1.0E-07
  2.475E+01  4.59284E-02  1.36465E-21  4.87324E-05  0.00000E+00  1.0E-07
  2.500E+01  4.68461E-02  1.31648E-21  4.70125E-05  0.00000E+00  1.0E-07
  2.550E+01  4.87074E-02  1.22672E-21  4.38071E-05  0.00000E+00  1.0E-07
  2.600E+01  5.06030E-02  1.14493E-21  4.08861E-05  0.00000E+00  1.0E-07
  2.650E+01  5.25328E-02  1.07024E-21  3.82189E-05  0.00000E+00  1.0E-07
  2.700E+01  5.44967E-02  1.00191E-21  3.57789E-05  0.00000E+00  1.0E-07
  2.750E+01  5.64946E-02  9.39292E-22  3.35427E-05  0.00000E+00  1.0E-07
  2.800E+01  5.85262E-02  8.81803E-22  3.14898E-05  0.00000E+00  1.0E-07
  2.850E+01  6.05914E-02  8.28933E-22  2.96017E-05  0.00000E+00  1.0E-07
  2.900E+01  6.26901E-02  7.80233E-22  2.78626E-05  0.00000E+00  1.0E-07
  2.950E+01  6.48222E-02  7.35302E-22  2.62581E-05  0.00000E+00  1.0E-07
  3.000E+01  6.69873E-02  6.93786E-22  2.47755E-05  0.00000E+00  1.0E-07
  3.050E+01  6.91854E-02  6.55367E-22  2.34036E-05  0.00000E+00  1.0E-07
  3.100E+01  7.14163E-02  6.19765E-22  2.21322E-05  0.00000E+00  1.0E-07
  3.150E+01  7.36799E-02  5.86727E-22  2.09524E-05  0.00000E+00  1.0E-07
  3.200E+01  7.59760E-02  5.56027E-22  1.98561E-05  0.00000E+00  1.0E-07
  3.250E+01  7.83043E-02  5.27461E-22  1.88360E-05  0.00000E+00  1.0E-07
  3.300E+01  8.06647E-02  5.00849E-22  1.78856E-05  0.00000E+00  1.0E-07
  3.350E+01  8.30571E-02  4.76025E-22  1.69992E-05  0.00000E+00  1.0E-07
  3.400E+01  8.54812E-02  4.52843E-22  1.61713E-05  0.00000E+00  1.0E-07
  3.450E+01  8.79369E-02  4.31170E-22  1.53973E-05  0.00000E+00  1.0E-07
  3.500E+01  9.04240E-02  4.10883E-22  1.46729E-05  0.00000E+00  1.0E-07
  3.550E+01  9.29422E-02  3.91872E-22  1.39940E-05  0.00000E+00  1.0E-07
  3.600E+01  9.54915E-02  3.74040E-22  1.33572E-05  0.00000E+00  1.0E-07
  3.650E+01  9.80716E-02  3.57296E-22  1.27593E-05  0.00000E+00  1.0E-07
  3.700E+01  1.00682E-01  3.41558E-22  1.21973E-05  0.00000E+00  1.0E-07
  3.750E+01  1.03323E-01  3.26750E-22  1.16684E-05  0.00000E+00  1.0E-07
  3.800E+01  1.05995E-01  3.12804E-22  1.11704E-05  0.00000E+00  1.0E-07
  3.850E+01  1.08696E-01  2.99659E-22  1.07010E-05  0.00000E+00  1.0E-07
  3.900E+01  1.11427E-01  2.87256E-22  1.02581E-05  0.00000E+00  1.0E-07
  3.950E+01  1.14188E-01  2.75544E-22  9.83985E-06  0.00000E+00  1.0E-07
  4.000E+01  1.16978E-01  2.64475E-22  9.44456E-06  0.00000E+00  1.0E-07
  4.050E+01  1.19797E-01  2.54004E-22  9.07065E-06  0.00000E+00  1.0E-07
  4.100E+01  1.22645E-01  2.44091E-22  8.71666E-06  0.00000E+00  1.0E-07
  4.150E+01  1.25522E-01  2.34700E-22  8.38128E-06  0.00000E+00  1.0E-07
  4.200E+01  1.28428E-01  2.25795E-22  8.06329E-06  0.00000E+00  1.0E-07
  4.250E+01  1.31361E-01  2.17345E-22  7.76155E-06  0.00000E+00  1.0E-07
  4.300E+01  1.34323E-01  2.09322E-22  7.47502E-06  0.00000E+00  1.0E-07
  4.350E+01  1.37313E-01  2.01697E-22  7.20273E-06  0.00000E+00  1.0E-07
  4.400E+01  1.40330E-01  1.94446E-22  6.94380E-06  0.00000E+00  1.0E-07
  4.450E+01  1.43375E-01  1.87547E-22  6.69741E-06  0.00000E+00  1.0E-07
  4.500E+01  1.46447E-01  1.80976E-22  6.46279E-06  0.00000E+00  1.0E-07
  4.550E+01  1.49545E-01  1.74716E-22  6.23921E-06  0.00000E+00  1.0E-07
  4.600E+01  1.52671E-01  1.68747E-22  6.02605E-06  0.00000E+00  1.0E-07
  4.650E+01  1.55823E-01  1.63052E-22  5.82269E-06  0.00000E+00  1.0E-07
  4.700E+01  1.59001E-01  1.57615E-22  5.62853E-06  0.00000E+00  1.0E-07
  4.750E+01  1.62205E-01  1.52422E-22  5.44307E-06  0.00000E+00  1.0E-07
  4.800E+01  1.65435E-01  1.47458E-22  5.26582E-06  0.00000E+00  1.0E-07
  4.850E+01  1.68690E-01  1.42711E-22  5.09631E-06  0.00000E+00  1.0E-07
  4.900E+01  1.71970E-01  1.38169E-22  4.93411E-06  0.00000E+00  1.0E-07
  4.950E+01  1.75276E-01  1.33821E-22  4.77883E-06  0.00000E+00  1.0E-07
  5.000E+01  1.78606E-01  1.29655E-22  4.63008E-06  0.00000E+00  1.0E-07
  5.050E+01  1.81961E-01  1.25663E-22  4.48752E-06  0.00000E+00  1.0E-07
  5.100E+01  1.85340E-01  1.21835E-22  4.35082E-06  0.00000E+00  1.0E-07
  5.150E+01  1.88743E-01  1.18163E-22  4.21968E-06  0.00000E+00  1.0E-07
  5.200E+01  1.92169E-01  1.14638E-22  4.09380E-06  0.00000E+00  1.0E-07
  5.250E+01  1.95619E-01  1.11253E-22  3.97292E-06  0.00000E+00  1.0E-07
  5.300E+01  1.99092E-01  1.08001E-22  3.85679E-06  0.00000E+00  1.0E-07
  5.350E+01  2.02589E-01  1.04875E-22  3.74516E-06  0.00000E+00  1.0E-07
  5.400E+01  2.06107E-01  1.01869E-22  3.63782E-06  0.00000E+00  1.0E-07
  5.450E+01  2.09649E-01  9.89776E-23  3.53455E-06  0.00000E+00  1.0E-07
  5.500E+01  2.13212E-01  9.61943E-23  3.43516E-06  0.00000E+00  1.0E-07
  5.550E+01  2.16797E-01  9.35143E-23  3.33946E-06  0.00000E+00  1.0E-07
  5.600E+01  2.20404E-01  9.09327E-23  3.24727E-06  0.00000E+00  1.0E-07
  5.650E+01  2.24032E-01  8.84450E-23  3.15843E-06  0.00000E+00  1.0E-07
  5.700E+01  2.27680E-01  8.60467E-23  3.07278E-06  0.00000E+00  1.0E-07
  5.750E+01  2.31350E-01  8.37338E-23  2.99019E-06  0.00000E+00  1.0E-07
  5.800E+01  2.35040E-01  8.15022E-23  2.91050E-06  0.00000E+00  1.0E-07
  5.850E+01  2.38751E-01  7.93485E-23  2.83358E-06  0.00000E+00  1.0E-07
  5.900E+01  2.42481E-01  7.72690E-23  2.75933E-06  0.00000E+00  1.0E-07
  5.950E+01  2.46231E-01  7.52604E-23  2.68760E-06  0.00000E+00  1.0E-07
  6.000E+01  2.50000E-01  7.33197E-23  2.61830E-06  0.00000E+00  1.0E-07
  6.050E+01  2.53788E-01  7.14440E-23  2.55131E-06  0.00000E+00  1.0E-07
  6.100E+01  2.57595E-01  6.96304E-23  2.48655E-06  0.00000E+00  1.0E-07
  6.150E+01  2.61421E-01  6.78763E-23  2.42391E-06  0.00000E+00  1.0E-07
  6.200E+01  2.65264E-01  6.61792E-23  2.36330E-06  0.00000E+00  1.0E-07
  6.250E+01  2.69126E-01  6.45367E-23  2.30465E-06  0.00000E+00  1.0E-07
  6.300E+01  2.73005E-01  6.29466E-23  2.24787E-06  0.00000E+00  1.0E-07
  6.350E+01  2.76901E-01  6.14067E-23  2.19287E-06  0.00000E+00  1.0E-07
  6.400E+01  2.80814E-01  5.99150E-23  2.13960E-06  0.00000E+00  1.0E-07
  6.450E+01  2.84744E-01  5.84694E-23  2.08798E-06  0.00000E+00  1.0E-07
  6.500E+01  2.88691E-01  5.70683E-23  2.03794E-06  0.00000E+00  1.0E-07
  6.550E+01  2.92653E-01  5.57097E-23  1.98943E-06  0.00000E+00  1.0E-07
  6.600E+01  2.96632E-01  5.43921E-23  1.94238E-06  0.00000E+00  1.0E-07
  6.650E+01  3.00625E-01  5.31139E-23  1.89673E-06  0.00000E+00  1.0E-07
  6.700E+01  3.04634E-01  5.18736E-23  1.85244E-06  0.00000E+00  1.0E-07
  6.750E+01  3.08658E-01  5.06697E-23  1.80945E-06  0.00000E+00  1.0E-07
  6.800E+01  3.12697E-01  4.95009E-23  1.76771E-06  0.00000E+00  1.0E-07
  6.850E+01  3.16749E-01  4.83657E-23  1.72717E-06  0.00000E+00  1.0E-07
  6.900E+01  3.20816E-01  4.72631E-23  1.68779E-06  0.00000E+00  1.0E-07
  6.950E+01  3.24896E-01  4.61917E-23  1.64953E-06  0.00000E+00  1.0E-07
  7.000E+01  3.28990E-01  4.51504E-23  1.61235E-06  0.00000E+00  1.0E-07
  7.050E+01  3.33097E-01  4.41381E-23  1.57620E-06  0.00000E+00  1.0E-07
  7.100E+01  3.37216E-01  4.31539E-23  1.54105E-06  0.00000E+00  1.0E-07
  7.150E+01  3.41348E-01  4.21967E-23  1.50687E-06  0.00000E+00  1.0E-07
  7.200E+01  3.45492E-01  4.12655E-23  1.47362E-06  0.00000E+00  1.0E-07
  7.250E+01  3.49647E-01  4.03596E-23  1.44127E-06  0.00000E+00  1.0E-07
  7.300E+01  3.53814E-01  3.94778E-23  1.40978E-06  0.00000E+00  1.0E-07
  7.350E+01  3.57992E-01  3.86195E-23  1.37913E-06  0.00000E+00  1.0E-07
  7.400E+01  3.62181E-01  3.77839E-23  1.34929E-06  0.00000E+00  1.0E-07
  7.450E+01  3.66381E-01  3.69701E-23  1.32023E-06  0.00000E+00  1.0E-07
  7.500E+01  3.70590E-01  3.61774E-23  1.29192E-06  0.00000E+00  1.0E-07
  7.550E+01  3.74810E-01  3.54051E-23  1.26434E-06  0.00000E+00  1.0E-07
  7.600E+01  3.79039E-01  3.46526E-23  1.23747E-06  0.00000E+00  1.0E-07
  7.650E+01  3.83277E-01  3.39192E-23  1.21128E-06  0.00000E+00  1.0E-07
  7.700E+01  3.87524E-01  3.32043E-23  1.18575E-06  0.00000E+00  1.0E-07
  7.750E+01  3.91780E-01  3.25073E-23  1.16086E-06  0.00000E+00  1.0E-07
  7.800E+01  3.96044E-01  3.18276E-23  1.13658E-06  0.00000E+00  1.0E-07
  7.850E+01  4.00316E-01  3.11646E-23  1.11291E-06  0.00000E+00  1.0E-07
  7.900E+01  4.04596E-01  3.05179E-23  1.08982E-06  0.00000E+00  1.0E-07
  7.950E+01  4.08882E-01  2.98869E-23  1.06728E-06  0.00000E+00  1.0E-07
  8.000E+01  4.13176E-01  2.92712E-23  1.04529E-06  0.00000E+00  1.0E-07
  8.050E+01  4.17476E-01  2.86701E-23  1.02383E-06  0.00000E+00  1.0E-07
  8.100E+01  4.21783E-01  2.80834E-23  1.00288E-06  0.00000E+00  1.0E-07
  8.150E+01  4.26095E-01  2.75106E-23  9.82421E-07  0.00000E+00  1.0E-07
  8.200E+01  4.30413E-01  2.69512E-23  9.62445E-07  0.00000E+00  1.0E-07
  8.250E+01  4.34737E-01  2.64049E-23  9.42936E-07  0.00000E+00  1.0E-07
  8.300E+01  4.39065E-01  2.58713E-23  9.23880E-07  0.00000E+00  1.0E-07
  8.350E+01  4.43398E-01  2.53499E-23  9.05262E-07  0.00000E+00  1.0E-07
  8.400E+01  4.47736E-01  2.48405E-23  8.87071E-07  0.00000E+00  1.0E-07
  8.450E+01  4.52077E-01  2.43427E-23  8.69293E-07  0.00000E+00  1.0E-07
  8.500E+01  4.56422E-01  2.38561E-23  8.51917E-07  0.00000E+00  1.0E-07
  8.550E+01  4.60770E-01  2.33804E-23  8.34930E-07  0.00000E+00  1.0E-07
  8.600E+01  4.65122E-01  2.29154E-23  8.18323E-07  0.00000E+00  1.0E-07
  8.650E+01  4.69476E-01  2.24606E-23  8.02083E-07  0.00000E+00  1.0E-07
  8.700E+01  4.73832E-01  2.20159E-23  7.86202E-07  0.00000E+00  1.0E-07
  8.750E+01  4.78190E-01  2.15809E-23  7.70669E-07  0.00000E+00  1.0E-07
  8.800E+01  4.82550E-01  2.11554E-23  7.55474E-07  0.00000E+00  1.0E-07
  8.850E+01  4.86912E-01  2.07392E-23  7.40609E-07  0.00000E+00  1.0E-07
  8.900E+01  4.91274E-01  2.03319E-23  7.26064E-07  0.00000E+00  1.0E-07
  8.950E+01  4.95637E-01  1.99333E-23  7.11831E-07  0.00000E+00  1.0E-07
  9.000E+01  5.00000E-01  1.95432E-23  6.97900E-07  0.00000E+00  1.0E-07
  9.050E+01  5.04363E-01  1.91613E-23  6.84264E-07  0.00000E+00  1.0E-07
  9.100E+01  5.08726E-01  1.87875E-23  6.70915E-07  0.00000E+00  1.0E-07
  9.150E+01  5.13088E-01  1.84215E-23  6.57845E-07  0.00000E+00  1.0E-07
  9.200E+01  5.17450E-01  1.80631E-23  6.45046E-07  0.00000E+00  1.0E-07
  9.250E+01  5.21810E-01  1.77122E-23  6.32513E-07  0.00000E+00  1.0E-07
  9.300E+01  5.26168E-01  1.73684E-23  6.20238E-07  0.00000E+00  1.0E-07
  9.350E+01  5.30524E-01  1.70318E-23  6.08215E-07  0.00000E+00  1.0E-07
  9.400E+01  5.34878E-01  1.67020E-23  5.96438E-07  0.00000E+00  1.0E-07
  9.450E+01  5.39230E-01  1.63788E-23  5.84899E-07  0.00000E+00  1.0E-07
  9.500E+01  5.43578E-01  1.60623E-23  5.73594E-07  0.00000E+00  1.0E-07
  9.550E+01  5.47923E-01  1.57520E-23  5.62515E-07  0.00000E+00  1.0E-07
  9.600E+01  5.52264E-01  1.54480E-23  5.51657E-07  0.00000E+00  1.0E-07
  9.650E+01  5.56602E-01  1.51500E-23  5.41015E-07  0.00000E+00  1.0E-07
  9.700E+01  5.60935E-01  1.48578E-23  5.30583E-07  0.00000E+00  1.0E-07
  9.750E+01  5.65263E-01  1.45715E-23  5.20356E-07  0.00000E+00  1.0E-07
  9.800E+01  5.69587E-01  1.42907E-23  5.10330E-07  0.00000E+00  1.0E-07
  9.850E+01  5.73905E-01  1.40154E-23  5.00499E-07  0.00000E+00  1.0E-07
  9.900E+01  5.78217E-01  1.37455E-23  4.90860E-07  0.00000E+00  1.0E-07
  9.950E+01  5.82524E-01  1.34808E-23  4.81407E-07  0.00000E+00  1.0E-07
  1.000E+02  5.86824E-01  1.32212E-23  4.72137E-07  0.00000E+00  1.0E-07
  1.005E+02  5.91118E-01  1.29666E-23  4.63045E-07  0.00000E+00  1.0E-07
  1.010E+02  5.95404E-01  1.27168E-23  4.54126E-07  0.00000E+00  1.0E-07
  1.015E+02  5.99684E-01  1.24718E-23  4.45375E-07  0.00000E+00  1.0E-07
  1.020E+02  6.03956E-01  1.22314E-23  4.36790E-07  0.00000E+00  1.0E-07
  1.025E+02  6.08220E-01  1.19955E-23  4.28366E-07  0.00000E+00  1.0E-07
  1.030E+02  6.12476E-01  1.17640E-23  4.20101E-07  0.00000E+00  1.0E-07
  1.035E+02  6.16723E-01  1.15369E-23  4.11990E-07  0.00000E+00  1.0E-07
  1.040E+02  6.20961E-01  1.13140E-23  4.04031E-07  0.00000E+00  1.0E-07
  1.045E+02  6.25190E-01  1.10953E-23  3.96219E-07  0.00000E+00  1.0E-07
  1.050E+02  6.29410E-01  1.08806E-23  3.88552E-07  0.00000E+00  1.0E-07
  1.055E+02  6.33619E-01  1.06698E-23  3.81026E-07  0.00000E+00  1.0E-07
  1.060E+02  6.37819E-01  1.04629E-23  3.73639E-07  0.00000E+00  1.0E-07
  1.065E+02  6.42008E-01  1.02598E-23  3.66385E-07  0.00000E+00  1.0E-07
  1.070E+02  6.46186E-01  1.00604E-23  3.59264E-07  0.00000E+00  1.0E-07
  1.075E+02  6.50353E-01  9.86462E-24  3.52272E-07  0.00000E+00  1.0E-07
  1.080E+02  6.54508E-01  9.67237E-24  3.45407E-07  0.00000E+00  1.0E-07
  1.085E+02  6.58652E-01  9.48358E-24  3.38665E-07  0.00000E+00  1.0E-07
  1.090E+02  6.62784E-01  9.29819E-24  3.32044E-07  0.00000E+00  1.0E-07
  1.095E+02  6.66903E-01  9.11612E-24  3.25543E-07  0.00000E+00  1.0E-07
  1.100E+02  6.71010E-01  8.93731E-24  3.19157E-07  0.00000E+00  1.0E-07
  1.105E+02  6.75104E-01  8.76168E-24  3.12885E-07  0.00000E+00  1.0E-07
  1.110E+02  6.79184E-01  8.58917E-24  3.06725E-07  0.00000E+00  1.0E-07
  1.115E+02  6.83251E-01  8.41972E-24  3.00674E-07  0.00000E+00  1.0E-07
  1.120E+02  6.87303E-01  8.25326E-24  2.94729E-07  0.00000E+00  1.0E-07
  1.125E+02  6.91342E-01  8.08972E-24  2.88889E-07  0.00000E+00  1.0E-07
  1.130E+02  6.95366E-01  7.92906E-24  2.83152E-07  0.00000E+00  1.0E-07
  1.135E+02  6.99375E-01  7.77121E-24  2.77515E-07  0.00000E+00  1.0E-07
  1.140E+02  7.03368E-01  7.61612E-24  2.71977E-07  0.00000E+00  1.0E-07
  1.145E+02  7.07347E-01  7.46374E-24  2.66535E-07  0.00000E+00  1.0E-07
  1.150E+02  7.11309E-01  7.31400E-24  2.61188E-07  0.00000E+00  1.0E-07
  1.155E+02  7.15256E-01  7.16686E-24  2.55933E-07  0.00000E+00  1.0E-07
  1.160E+02  7.19186E-01  7.02228E-24  2.50770E-07  0.00000E+00  1.0E-07
  1.165E+02  7.23099E-01  6.88019E-24  2.45696E-07  0.00000E+00  1.0E-07
  1.170E+02  7.26995E-01  6.74056E-24  2.40710E-07  0.00000E+00  1.0E-07
  1.175E+02  7.30874E-01  6.60333E-24  2.35809E-07  0.00000E+00  1.0E-07
  1.180E+02  7.34736E-01  6.46846E-24  2.30993E-07  0.00000E+00  1.0E-07
  1.185E+02  7.38579E-01  6.33590E-24  2.26259E-07  0.00000E+00  1.0E-07
  1.190E+02  7.42405E-01  6.20561E-24  2.21606E-07  0.00000E+00  1.0E-07
  1.195E+02  7.46212E-01  6.07755E-24  2.17033E-07  0.00000E+00  1.0E-07
  1.200E+02  7.50000E-01  5.95168E-24  2.12538E-07  0.00000E+00  1.0E-07
  1.205E+02  7.53769E-01  5.82796E-24  2.08120E-07  0.00000E+00  1.0E-07
  1.210E+02  7.57519E-01  5.70634E-24  2.03777E-07  0.00000E+00  1.0E-07
  1.215E+02  7.61249E-01  5.58679E-24  1.99508E-07  0.00000E+00  1.0E-07
  1.220E+02  7.64960E-01  5.46928E-24  1.95312E-07  0.00000E+00  1.0E-07
  1.225E+02  7.68650E-01  5.35376E-24  1.91186E-07  0.00000E+00  1.0E-07
  1.230E+02  7.72320E-01  5.24020E-24  1.87131E-07  0.00000E+00  1.0E-07
  1.235E+02  7.75968E-01  5.12857E-24  1.83145E-07  0.00000E+00  1.0E-07
  1.240E+02  7.79596E-01  5.01884E-24  1.79226E-07  0.00000E+00  1.0E-07
  1.245E+02  7.83203E-01  4.91096E-24  1.75373E-07  0.00000E+00  1.0E-07
  1.250E+02  7.86788E-01  4.80491E-24  1.71586E-07  0.00000E+00  1.0E-07
  1.255E+02  7.90351E-01  4.70065E-24  1.67863E-07  0.00000E+00  1.0E-07
  1.260E+02  7.93893E-01  4.59816E-24  1.64203E-07  0.00000E+00  1.0E-07
  1.265E+02  7.97411E-01  4.49740E-24  1.60605E-07  0.00000E+00  1.0E-07
  1.270E+02  8.00908E-01  4.39835E-24  1.57068E-07  0.00000E+00  1.0E-07
  1.275E+02  8.04381E-01  4.30098E-24  1.53591E-07  0.00000E+00  1.0E-07
  1.280E+02  8.07831E-01  4.20525E-24  1.50172E-07  0.00000E+00  1.0E-07
  1.285E+02  8.11257E-01  4.11115E-24  1.46812E-07  0.00000E+00  1.0E-07
  1.290E+02  8.14660E-01  4.01864E-24  1.43508E-07  0.00000E+00  1.0E-07
  1.295E+02  8.18039E-01  3.92770E-24  1.40261E-07  0.00000E+00  1.0E-07
  1.300E+02  8.21394E-01  3.83831E-24  1.37068E-07  0.00000E+00  1.0E-07
  1.305E+02  8.24724E-01  3.75043E-24  1.33930E-07  0.00000E+00  1.0E-07
  1.310E+02  8.28030E-01  3.66405E-24  1.30846E-07  0.00000E+00  1.0E-07
  1.315E+02  8.31310E-01  3.57915E-24  1.27814E-07  0.00000E+00  1.0E-07
  1.320E+02  8.34565E-01  3.49569E-24  1.24833E-07  0.00000E+00  1.0E-07
  1.325E+02  8.37795E-01  3.41365E-24  1.21904E-07  0.00000E+00  1.0E-07
  1.330E+02  8.40999E-01  3.33302E-24  1.19024E-07  0.00000E+00  1.0E-07
  1.335E+02  8.44177E-01  3.25378E-24  1.16195E-07  0.00000E+00  1.0E-07
  1.340E+02  8.47329E-01  3.17589E-24  1.13413E-07  0.00000E+00  1.0E-07
  1.345E+02  8.50455E-01  3.09935E-24  1.10680E-07  0.00000E+00  1.0E-07
  1.350E+02  8.53553E-01  3.02412E-24  1.07993E-07  0.00000E+00  1.0E-07
  1.355E+02  8.56625E-01  2.95020E-24  1.05354E-07  0.00000E+00  1.0E-07
  1.360E+02  8.59670E-01  2.87756E-24  1.02760E-07  0.00000E+00  1.0E-07
  1.365E+02  8.62687E-01  2.80618E-24  1.00211E-07  0.00000E+00  1.0E-07
  1.370E+02  8.65677E-01  2.73605E-24  9.77061E-08  0.00000E+00  1.0E-07
  1.375E+02  8.68639E-01  2.66714E-24  9.52455E-08  0.00000E+00  1.0E-07
  1.380E+02  8.71572E-01  2.59945E-24  9.28280E-08  0.00000E+00  1.0E-07
  1.385E+02  8.74478E-01  2.53295E-24  9.04531E-08  0.00000E+00  1.0E-07
  1.390E+02  8.77355E-01  2.46762E-24  8.81202E-08  0.00000E+00  1.0E-07
  1.395E+02  8.80203E-01  2.40345E-24  8.58288E-08  0.00000E+00  1.0E-07
  1.400E+02  8.83022E-01  2.34043E-24  8.35782E-08  0.00000E+00  1.0E-07
  1.405E+02  8.85812E-01  2.27853E-24  8.13679E-08  0.00000E+00  1.0E-07
  1.410E+02  8.88573E-01  2.21775E-24  7.91973E-08  0.00000E+00  1.0E-07
  1.415E+02  8.91304E-01  2.15807E-24  7.70660E-08  0.00000E+00  1.0E-07
  1.420E+02  8.94005E-01  2.09947E-24  7.49734E-08  0.00000E+00  1.0E-07
  1.425E+02  8.96677E-01  2.04194E-24  7.29189E-08  0.00000E+00  1.0E-07
  1.430E+02  8.99318E-01  1.98546E-24  7.09022E-08  0.00000E+00  1.0E-07
  1.435E+02  9.01928E-01  1.93003E-24  6.89227E-08  0.00000E+00  1.0E-07
  1.440E+02  9.04508E-01  1.87563E-24  6.69799E-08  0.00000E+00  1.0E-07
  1.445E+02  9.07058E-01  1.82224E-24  6.50734E-08  0.00000E+00  1.0E-07
  1.450E+02  9.09576E-01  1.76986E-24  6.32028E-08  0.00000E+00  1.0E-07
  1.455E+02  9.12063E-01  1.71847E-24  6.13676E-08  0.00000E+00  1.0E-07
  1.460E+02  9.14519E-01  1.66805E-24  5.95673E-08  0.00000E+00  1.0E-07
  1.465E+02  9.16943E-01  1.61861E-24  5.78016E-08  0.00000E+00  1.0E-07
  1.470E+02  9.19335E-01  1.57012E-24  5.60700E-08  0.00000E+00  1.0E-07
  1.475E+02  9.21696E-01  1.52257E-24  5.43721E-08  0.00000E+00  1.0E-07
  1.480E+02  9.24024E-01  1.47596E-24  5.27076E-08  0.00000E+00  1.0E-07
  1.485E+02  9.26320E-01  1.43028E-24  5.10761E-08  0.00000E+00  1.0E-07
  1.490E+02  9.28584E-01  1.38550E-24  4.94772E-08  0.00000E+00  1.0E-07
  1.495E+02  9.30815E-01  1.34163E-24  4.79105E-08  0.00000E+00  1.0E-07
  1.500E+02  9.33013E-01  1.29865E-24  4.63757E-08  0.00000E+00  1.0E-07
  1.505E+02  9.35178E-01  1.25656E-24  4.48724E-08  0.00000E+00  1.0E-07
  1.510E+02  9.37310E-01  1.21533E-24  4.34003E-08  0.00000E+00  1.0E-07
  1.515E+02  9.39409E-01  1.17498E-24  4.19591E-08  0.00000E+00  1.0E-07
  1.520E+02  9.41474E-01  1.13547E-24  4.05485E-08  0.00000E+00  1.0E-07
  1.525E+02  9.43505E-01  1.09682E-24  3.91681E-08  0.00000E+00  1.0E-07
  1.530E+02  9.45503E-01  1.05900E-24  3.78176E-08  0.00000E+00  1.0E-07
  1.535E+02  9.47467E-01  1.02201E-24  3.64967E-08  0.00000E+00  1.0E-07
  1.540E+02  9.49397E-01  9.85846E-25  3.52052E-08  0.00000E+00  1.0E-07
  1.545E+02  9.51293E-01  9.50494E-25  3.39428E-08  0.00000E+00  1.0E-07
  1.550E+02  9.53154E-01  9.15948E-25  3.27091E-08  0.00000E+00  1.0E-07
  1.555E+02  9.54981E-01  8.82200E-25  3.15040E-08  0.00000E+00  1.0E-07
  1.560E+02  9.56773E-01  8.49244E-25  3.03271E-08  0.00000E+00  1.0E-07
  1.565E+02  9.58530E-01  8.17072E-25  2.91782E-08  0.00000E+00  1.0E-07
  1.570E+02  9.60252E-01  7.85677E-25  2.80570E-08  0.00000E+00  1.0E-07
  1.575E+02  9.61940E-01  7.55053E-25  2.69634E-08  0.00000E+00  1.0E-07
  1.580E+02  9.63592E-01  7.25192E-25  2.58971E-08  0.00000E+00  1.0E-07
  1.585E+02  9.65209E-01  6.96089E-25  2.48578E-08  0.00000E+00  1.0E-07
  1.590E+02  9.66790E-01  6.67738E-25  2.38453E-08  0.00000E+00  1.0E-07
  1.595E+02  9.68336E-01  6.40131E-25  2.28595E-08  0.00000E+00  1.0E-07
  1.600E+02  9.69846E-01  6.13265E-25  2.19001E-08  0.00000E+00  1.0E-07
  1.605E+02  9.71321E-01  5.87132E-25  2.09669E-08  0.00000E+00  1.0E-07
  1.610E+02  9.72759E-01  5.61727E-25  2.00596E-08  0.00000E+00  1.0E-07
  1.615E+02  9.74162E-01  5.37046E-25  1.91783E-08  0.00000E+00  1.0E-07
  1.620E+02  9.75528E-01  5.13082E-25  1.83225E-08  0.00000E+00  1.0E-07
  1.625E+02  9.76858E-01  4.89832E-25  1.74922E-08  0.00000E+00  1.0E-07
  1.630E+02  9.78152E-01  4.67289E-25  1.66872E-08  0.00000E+00  1.0E-07
  1.635E+02  9.79410E-01  4.45449E-25  1.59073E-08  0.00000E+00  1.0E-07
  1.640E+02  9.80631E-01  4.24309E-25  1.51523E-08  0.00000E+00  1.0E-07
  1.645E+02  9.81815E-01  4.03863E-25  1.44222E-08  0.00000E+00  1.0E-07
  1.650E+02  9.82963E-01  3.84107E-25  1.37167E-08  0.00000E+00  1.0E-07
  1.655E+02  9.84074E-01  3.65037E-25  1.30357E-08  0.00000E+00  1.0E-07
  1.660E+02  9.85148E-01  3.46649E-25  1.23791E-08  0.00000E+00  1.0E-07
  1.665E+02  9.86185E-01  3.28940E-25  1.17467E-08  0.00000E+00  1.0E-07
  1.670E+02  9.87185E-01  3.11906E-25  1.11384E-08  0.00000E+00  1.0E-07
  1.675E+02  9.88148E-01  2.95543E-25  1.05540E-08  0.00000E+00  1.0E-07
  1.680E+02  9.89074E-01  2.79847E-25  9.99353E-09  0.00000E+00  1.0E-07
  1.685E+02  9.89962E-01  2.64817E-25  9.45679E-09  0.00000E+00  1.0E-07
  1.690E+02  9.90814E-01  2.50448E-25  8.94367E-09  0.00000E+00  1.0E-07
  1.695E+02  9.91627E-01  2.36739E-25  8.45409E-09  0.00000E+00  1.0E-07
  1.700E+02  9.92404E-01  2.23685E-25  7.98793E-09  0.00000E+00  1.0E-07
  1.705E+02  9.93143E-01  2.11284E-25  7.54510E-09  0.00000E+00  1.0E-07
  1.710E+02  9.93844E-01  1.99535E-25  7.12551E-09  0.00000E+00  1.0E-07
  1.715E+02  9.94508E-01  1.88433E-25  6.72908E-09  0.00000E+00  1.0E-07
  1.720E+02  9.95134E-01  1.77978E-25  6.35573E-09  0.00000E+00  1.0E-07
  1.725E+02  9.95722E-01  1.68168E-25  6.00538E-09  0.00000E+00  1.0E-07
  1.730E+02  9.96273E-01  1.58999E-25  5.67796E-09  0.00000E+00  1.0E-07
  1.735E+02  9.96786E-01  1.50471E-25  5.37340E-09  0.00000E+00  1.0E-07
  1.740E+02  9.97261E-01  1.42581E-25  5.09165E-09  0.00000E+00  1.0E-07
  1.745E+02  9.97698E-01  1.35328E-25  4.83265E-09  0.00000E+00  1.0E-07
  1.750E+02  9.98097E-01  1.28711E-25  4.59634E-09  0.00000E+00  1.0E-07
  1.755E+02  9.98459E-01  1.22728E-25  4.38268E-09  0.00000E+00  1.0E-07
  1.760E+02  9.98782E-01  1.17378E-25  4.19163E-09  0.00000E+00  1.0E-07
  1.765E+02  9.99067E-01  1.12659E-25  4.02314E-09  0.00000E+00  1.0E-07
  1.770E+02  9.99315E-01  1.08572E-25  3.87719E-09  0.00000E+00  1.0E-07
  1.775E+02  9.99524E-01  1.05115E-25  3.75374E-09  0.00000E+00  1.0E-07
  1.780E+02  9.99695E-01  1.02288E-25  3.65277E-09  0.00000E+00  1.0E-07
  1.785E+02  9.99829E-01  1.00089E-25  3.57425E-09  0.00000E+00  1.0E-07
  1.790E+02  9.99924E-01  9.85192E-26  3.51818E-09  0.00000E+00  1.0E-07
  1.795E+02  9.99981E-01  9.75773E-26  3.48455E-09  0.00000E+00  1.0E-07
  1.800E+02  1.00000E+00  9.72633E-26  3.47334E-09  0.00000E+00  1.0E-07
