 #
 # Subroutine ELSEPA. Elastic scattering of electrons and positrons
 #                    by neutral atoms and positive ions
 #
 # Projectile: electron
 # Kinetic energy = 3.70000E+06 eV = 1.35973E+05 a.u.
 #
 # WARNING: High-energy factorization with free-atom DF screening.
 #          Absorption, polarization and exchange corrections are
 #          switched off.
 #          Phase shifts are calculated for the bare nucleus.
 #          Scattering amplitudes are not evaluated.
 #
 # Element: Rh,  Z =  45,  atomic weight = 1.02906E+02 g/mol
 #
 # Nuclear model: Fermi distribution
 #                Average radius = 5.01414E-13 cm
 #                Skin thickness = 5.46000E-14 cm
 #
 # Number of electrons = 45
 #
 # Total elastic cross section = 4.27858E-18 cm**2 = 1.52791E-01 a0**2
 # 1st transport cross section = 1.77439E-22 cm**2 = 6.33648E-06 a0**2
 # 2nd transport cross section = 4.94985E-22 cm**2 = 1.76762E-05 a0**2
 #
 #
 # Differential cross section:                       MU=(1-COS(THETA))/2
 #
 #  THETA        MU          DCS          DCS        Sherman      error
 #  (deg)                 (cm**2/sr)   (a0**2/sr)    function
 #----------------------------------------------------------------------
  0.000E+00  0.00000E+00  5.63029E-13  2.01061E+04  0.00000E+00  1.0E-05
  1.000E-04  7.61557E-13  5.63026E-13  2.01060E+04  0.00000E+00  1.0E-05
  1.250E-04  1.18994E-12  5.63025E-13  2.01060E+04  0.00000E+00  1.0E-05
  1.500E-04  1.71346E-12  5.63023E-13  2.01059E+04  0.00000E+00  1.0E-05
  1.750E-04  2.33225E-12  5.63022E-13  2.01059E+04  0.00000E+00  1.0E-05
  2.000E-04  3.04617E-12  5.63019E-13  2.01058E+04  0.00000E+00  1.0E-05
  2.250E-04  3.85530E-12  5.63017E-13  2.01057E+04  0.00000E+00  1.0E-05
  2.500E-04  4.75964E-12  5.63014E-13  2.01056E+04  0.00000E+00  1.0E-05
  2.750E-04  5.75917E-12  5.63011E-13  2.01055E+04  0.00000E+00  1.0E-05
  3.000E-04  6.85391E-12  5.63008E-13  2.01054E+04  0.00000E+00  1.0E-05
  3.250E-04  8.04379E-12  5.63004E-13  2.01052E+04  0.00000E+00  1.0E-05
  3.500E-04  9.32893E-12  5.63000E-13  2.01051E+04  0.00000E+00  1.0E-05
  3.750E-04  1.07092E-11  5.62996E-13  2.01049E+04  0.00000E+00  1.0E-05
  4.000E-04  1.21847E-11  5.62991E-13  2.01048E+04  0.00000E+00  1.0E-05
  4.250E-04  1.37554E-11  5.62986E-13  2.01046E+04  0.00000E+00  1.0E-05
  4.500E-04  1.54213E-11  5.62981E-13  2.01044E+04  0.00000E+00  1.0E-05
  4.750E-04  1.71823E-11  5.62976E-13  2.01042E+04  0.00000E+00  1.0E-05
  5.000E-04  1.90386E-11  5.62970E-13  2.01040E+04  0.00000E+00  1.0E-05
  5.250E-04  2.09900E-11  5.62964E-13  2.01038E+04  0.00000E+00  1.0E-05
  5.500E-04  2.30367E-11  5.62958E-13  2.01036E+04  0.00000E+00  1.0E-05
  5.750E-04  2.51785E-11  5.62951E-13  2.01033E+04  0.00000E+00  1.0E-05
  6.000E-04  2.74156E-11  5.62944E-13  2.01031E+04  0.00000E+00  1.0E-05
  6.250E-04  2.97478E-11  5.62937E-13  2.01028E+04  0.00000E+00  1.0E-05
  6.500E-04  3.21752E-11  5.62929E-13  2.01026E+04  0.00000E+00  1.0E-05
  6.750E-04  3.46979E-11  5.62922E-13  2.01023E+04  0.00000E+00  1.0E-05
  7.000E-04  3.73157E-11  5.62913E-13  2.01020E+04  0.00000E+00  1.0E-05
  7.250E-04  4.00286E-11  5.62905E-13  2.01017E+04  0.00000E+00  1.0E-05
  7.500E-04  4.28368E-11  5.62896E-13  2.01014E+04  0.00000E+00  1.0E-05
  7.750E-04  4.57402E-11  5.62887E-13  2.01011E+04  0.00000E+00  1.0E-05
  8.000E-04  4.87388E-11  5.62878E-13  2.01007E+04  0.00000E+00  1.0E-05
  8.250E-04  5.18325E-11  5.62869E-13  2.01004E+04  0.00000E+00  1.0E-05
  8.500E-04  5.50215E-11  5.62859E-13  2.01000E+04  0.00000E+00  1.0E-05
  8.750E-04  5.83057E-11  5.62848E-13  2.00997E+04  0.00000E+00  1.0E-05
  9.000E-04  6.16850E-11  5.62838E-13  2.00993E+04  0.00000E+00  1.0E-05
  9.250E-04  6.51595E-11  5.62827E-13  2.00989E+04  0.00000E+00  1.0E-05
  9.500E-04  6.87293E-11  5.62816E-13  2.00985E+04  0.00000E+00  1.0E-05
  9.750E-04  7.23943E-11  5.62805E-13  2.00981E+04  0.00000E+00  1.0E-05
  1.000E-03  7.61544E-11  5.62793E-13  2.00977E+04  0.00000E+00  1.0E-05
  1.250E-03  1.18991E-10  5.62661E-13  2.00930E+04  0.00000E+00  1.0E-05
  1.500E-03  1.71347E-10  5.62498E-13  2.00872E+04  0.00000E+00  1.0E-05
  1.750E-03  2.33223E-10  5.62307E-13  2.00803E+04  0.00000E+00  1.0E-05
  2.000E-03  3.04617E-10  5.62086E-13  2.00725E+04  0.00000E+00  1.0E-05
  2.250E-03  3.85531E-10  5.61836E-13  2.00635E+04  0.00000E+00  1.0E-05
  2.500E-03  4.75965E-10  5.61557E-13  2.00536E+04  0.00000E+00  1.0E-05
  2.750E-03  5.75917E-10  5.61248E-13  2.00425E+04  0.00000E+00  1.0E-05
  3.000E-03  6.85389E-10  5.60911E-13  2.00305E+04  0.00000E+00  1.0E-05
  3.250E-03  8.04380E-10  5.60544E-13  2.00174E+04  0.00000E+00  1.0E-05
  3.500E-03  9.32891E-10  5.60149E-13  2.00033E+04  0.00000E+00  1.0E-05
  3.750E-03  1.07092E-09  5.59725E-13  1.99882E+04  0.00000E+00  1.0E-05
  4.000E-03  1.21847E-09  5.59273E-13  1.99720E+04  0.00000E+00  1.0E-05
  4.250E-03  1.37554E-09  5.58792E-13  1.99548E+04  0.00000E+00  1.0E-05
  4.500E-03  1.54213E-09  5.58283E-13  1.99366E+04  0.00000E+00  1.0E-05
  4.750E-03  1.71823E-09  5.57745E-13  1.99175E+04  0.00000E+00  1.0E-05
  5.000E-03  1.90386E-09  5.57180E-13  1.98973E+04  0.00000E+00  1.0E-05
  5.250E-03  2.09900E-09  5.56587E-13  1.98761E+04  0.00000E+00  1.0E-05
  5.500E-03  2.30367E-09  5.55966E-13  1.98539E+04  0.00000E+00  1.0E-05
  5.750E-03  2.51785E-09  5.55318E-13  1.98308E+04  0.00000E+00  1.0E-05
  6.000E-03  2.74156E-09  5.54642E-13  1.98066E+04  0.00000E+00  1.0E-05
  6.250E-03  2.97478E-09  5.53940E-13  1.97816E+04  0.00000E+00  1.0E-05
  6.500E-03  3.21752E-09  5.53210E-13  1.97555E+04  0.00000E+00  1.0E-05
  6.750E-03  3.46978E-09  5.52454E-13  1.97285E+04  0.00000E+00  1.0E-05
  7.000E-03  3.73156E-09  5.51671E-13  1.97005E+04  0.00000E+00  1.0E-05
  7.250E-03  4.00286E-09  5.50863E-13  1.96717E+04  0.00000E+00  1.0E-05
  7.500E-03  4.28368E-09  5.50028E-13  1.96419E+04  0.00000E+00  1.0E-05
  7.750E-03  4.57402E-09  5.49167E-13  1.96111E+04  0.00000E+00  1.0E-05
  8.000E-03  4.87388E-09  5.48281E-13  1.95795E+04  0.00000E+00  1.0E-05
  8.250E-03  5.18326E-09  5.47370E-13  1.95469E+04  0.00000E+00  1.0E-05
  8.500E-03  5.50215E-09  5.46433E-13  1.95135E+04  0.00000E+00  1.0E-05
  8.750E-03  5.83057E-09  5.45472E-13  1.94792E+04  0.00000E+00  1.0E-05
  9.000E-03  6.16850E-09  5.44486E-13  1.94440E+04  0.00000E+00  1.0E-05
  9.250E-03  6.51596E-09  5.43476E-13  1.94079E+04  0.00000E+00  1.0E-05
  9.500E-03  6.87293E-09  5.42443E-13  1.93710E+04  0.00000E+00  1.0E-05
  9.750E-03  7.23942E-09  5.41385E-13  1.93332E+04  0.00000E+00  1.0E-05
  1.000E-02  7.61544E-09  5.40304E-13  1.92946E+04  0.00000E+00  1.0E-05
  1.250E-02  1.18991E-08  5.28276E-13  1.88651E+04  0.00000E+00  1.0E-05
  1.500E-02  1.71347E-08  5.14221E-13  1.83632E+04  0.00000E+00  1.0E-05
  1.750E-02  2.33223E-08  4.98543E-13  1.78033E+04  0.00000E+00  1.0E-05
  2.000E-02  3.04617E-08  4.81591E-13  1.71979E+04  0.00000E+00  1.0E-05
  2.250E-02  3.85531E-08  4.63648E-13  1.65572E+04  0.00000E+00  1.0E-05
  2.500E-02  4.75965E-08  4.45045E-13  1.58929E+04  0.00000E+00  1.0E-05
  2.750E-02  5.75917E-08  4.26129E-13  1.52173E+04  0.00000E+00  1.0E-05
  3.000E-02  6.85389E-08  4.07165E-13  1.45401E+04  0.00000E+00  1.0E-05
  3.250E-02  8.04380E-08  3.88315E-13  1.38670E+04  0.00000E+00  1.0E-05
  3.500E-02  9.32891E-08  3.69729E-13  1.32033E+04  0.00000E+00  1.0E-05
  3.750E-02  1.07092E-07  3.51634E-13  1.25571E+04  0.00000E+00  1.0E-05
  4.000E-02  1.21847E-07  3.34140E-13  1.19323E+04  0.00000E+00  1.0E-05
  4.250E-02  1.37554E-07  3.17292E-13  1.13307E+04  0.00000E+00  1.0E-05
  4.500E-02  1.54213E-07  3.01058E-13  1.07510E+04  0.00000E+00  1.0E-05
  4.750E-02  1.71823E-07  2.85582E-13  1.01983E+04  0.00000E+00  1.0E-05
  5.000E-02  1.90386E-07  2.70875E-13  9.67312E+03  0.00000E+00  1.0E-05
  5.250E-02  2.09900E-07  2.56931E-13  9.17516E+03  0.00000E+00  1.0E-05
  5.500E-02  2.30367E-07  2.43609E-13  8.69943E+03  0.00000E+00  1.0E-05
  5.750E-02  2.51785E-07  2.31022E-13  8.24994E+03  0.00000E+00  1.0E-05
  6.000E-02  2.74156E-07  2.19142E-13  7.82572E+03  0.00000E+00  1.0E-05
  6.250E-02  2.97478E-07  2.07939E-13  7.42563E+03  0.00000E+00  1.0E-05
  6.500E-02  3.21752E-07  1.97288E-13  7.04528E+03  0.00000E+00  1.0E-05
  6.750E-02  3.46978E-07  1.87233E-13  6.68620E+03  0.00000E+00  1.0E-05
  7.000E-02  3.73156E-07  1.77760E-13  6.34792E+03  0.00000E+00  1.0E-05
  7.250E-02  4.00286E-07  1.68835E-13  6.02921E+03  0.00000E+00  1.0E-05
  7.500E-02  4.28368E-07  1.60369E-13  5.72688E+03  0.00000E+00  1.0E-05
  7.750E-02  4.57402E-07  1.52359E-13  5.44084E+03  0.00000E+00  1.0E-05
  8.000E-02  4.87388E-07  1.44810E-13  5.17126E+03  0.00000E+00  1.0E-05
  8.250E-02  5.18325E-07  1.37693E-13  4.91710E+03  0.00000E+00  1.0E-05
  8.500E-02  5.50215E-07  1.30949E-13  4.67628E+03  0.00000E+00  1.0E-05
  8.750E-02  5.83057E-07  1.24549E-13  4.44771E+03  0.00000E+00  1.0E-05
  9.000E-02  6.16850E-07  1.18510E-13  4.23206E+03  0.00000E+00  1.0E-05
  9.250E-02  6.51596E-07  1.12809E-13  4.02848E+03  0.00000E+00  1.0E-05
  9.500E-02  6.87293E-07  1.07412E-13  3.83576E+03  0.00000E+00  1.0E-05
  9.750E-02  7.23942E-07  1.02274E-13  3.65226E+03  0.00000E+00  1.0E-05
  1.000E-01  7.61543E-07  9.74195E-14  3.47891E+03  0.00000E+00  1.0E-05
  1.250E-01  1.18991E-06  6.08144E-14  2.17172E+03  0.00000E+00  1.0E-05
  1.500E-01  1.71347E-06  3.84340E-14  1.37250E+03  0.00000E+00  1.0E-05
  1.750E-01  2.33223E-06  2.54888E-14  9.10222E+02  0.00000E+00  1.0E-05
  2.000E-01  3.04617E-06  1.74156E-14  6.21924E+02  0.00000E+00  1.0E-05
  2.250E-01  3.85531E-06  1.21931E-14  4.35424E+02  0.00000E+00  1.0E-05
  2.500E-01  4.75964E-06  8.80192E-15  3.14322E+02  0.00000E+00  1.0E-05
  2.750E-01  5.75916E-06  6.54486E-15  2.33721E+02  0.00000E+00  1.0E-05
  3.000E-01  6.85388E-06  4.99338E-15  1.78317E+02  0.00000E+00  1.0E-05
  3.250E-01  8.04378E-06  3.89254E-15  1.39005E+02  0.00000E+00  1.0E-05
  3.500E-01  9.32888E-06  3.08930E-15  1.10321E+02  0.00000E+00  1.0E-05
  3.750E-01  1.07092E-05  2.49182E-15  8.89845E+01  0.00000E+00  1.0E-05
  4.000E-01  1.21846E-05  2.03719E-15  7.27494E+01  0.00000E+00  1.0E-05
  4.250E-01  1.37553E-05  1.68340E-15  6.01152E+01  0.00000E+00  1.0E-05
  4.500E-01  1.54212E-05  1.40147E-15  5.00474E+01  0.00000E+00  1.0E-05
  4.750E-01  1.71822E-05  1.17626E-15  4.20049E+01  0.00000E+00  1.0E-05
  5.000E-01  1.90385E-05  9.93938E-16  3.54942E+01  0.00000E+00  1.0E-05
  5.250E-01  2.09899E-05  8.45376E-16  3.01889E+01  0.00000E+00  1.0E-05
  5.500E-01  2.30365E-05  7.21642E-16  2.57703E+01  0.00000E+00  1.0E-05
  5.750E-01  2.51783E-05  6.19213E-16  2.21125E+01  0.00000E+00  1.0E-05
  6.000E-01  2.74153E-05  5.33841E-16  1.90638E+01  0.00000E+00  1.0E-05
  6.250E-01  2.97475E-05  4.62279E-16  1.65083E+01  0.00000E+00  1.0E-05
  6.500E-01  3.21749E-05  4.01763E-16  1.43472E+01  0.00000E+00  1.0E-05
  6.750E-01  3.46974E-05  3.50545E-16  1.25182E+01  0.00000E+00  1.0E-05
  7.000E-01  3.73152E-05  3.07115E-16  1.09673E+01  0.00000E+00  1.0E-05
  7.250E-01  4.00281E-05  2.70144E-16  9.64702E+00  0.00000E+00  1.0E-05
  7.500E-01  4.28362E-05  2.38472E-16  8.51599E+00  0.00000E+00  1.0E-05
  7.750E-01  4.57395E-05  2.11276E-16  7.54482E+00  0.00000E+00  1.0E-05
  8.000E-01  4.87380E-05  1.87851E-16  6.70829E+00  0.00000E+00  1.0E-05
  8.250E-01  5.18317E-05  1.67587E-16  5.98462E+00  0.00000E+00  1.0E-05
  8.500E-01  5.50205E-05  1.49973E-16  5.35563E+00  0.00000E+00  1.0E-05
  8.750E-01  5.83045E-05  1.34611E-16  4.80703E+00  0.00000E+00  1.0E-05
  9.000E-01  6.16838E-05  1.21183E-16  4.32752E+00  0.00000E+00  1.0E-05
  9.250E-01  6.51582E-05  1.09406E-16  3.90696E+00  0.00000E+00  1.0E-05
  9.500E-01  6.87277E-05  9.90396E-17  3.53677E+00  0.00000E+00  1.0E-05
  9.750E-01  7.23925E-05  8.98813E-17  3.20972E+00  0.00000E+00  1.0E-05
  1.000E+00  7.61524E-05  8.17747E-17  2.92023E+00  0.00000E+00  3.7E-06
  1.100E+00  9.21439E-05  5.73018E-17  2.04629E+00  0.00000E+00  2.8E-06
  1.200E+00  1.09658E-04  4.14222E-17  1.47922E+00  0.00000E+00  1.5E-06
  1.300E+00  1.28695E-04  3.07169E-17  1.09692E+00  0.00000E+00  3.0E-07
  1.400E+00  1.49255E-04  2.32561E-17  8.30489E-01  0.00000E+00  6.2E-07
  1.500E+00  1.71338E-04  1.79429E-17  6.40751E-01  0.00000E+00  1.1E-06
  1.600E+00  1.94942E-04  1.40656E-17  5.02293E-01  0.00000E+00  1.1E-06
  1.700E+00  2.20070E-04  1.11774E-17  3.99153E-01  0.00000E+00  9.1E-07
  1.800E+00  2.46720E-04  8.98739E-18  3.20946E-01  0.00000E+00  5.1E-07
  1.900E+00  2.74892E-04  7.30733E-18  2.60950E-01  0.00000E+00  1.0E-07
  2.000E+00  3.04586E-04  6.00115E-18  2.14305E-01  0.00000E+00  2.9E-07
  2.100E+00  3.35803E-04  4.97319E-18  1.77596E-01  0.00000E+00  4.8E-07
  2.200E+00  3.68542E-04  4.15403E-18  1.48343E-01  0.00000E+00  5.2E-07
  2.300E+00  4.02802E-04  3.49664E-18  1.24867E-01  0.00000E+00  4.2E-07
  2.400E+00  4.38585E-04  2.96416E-18  1.05852E-01  0.00000E+00  2.3E-07
  2.500E+00  4.75889E-04  2.52923E-18  9.03203E-02  0.00000E+00  1.0E-07
  2.600E+00  5.14715E-04  2.17083E-18  7.75217E-02  0.00000E+00  1.7E-07
  2.700E+00  5.55063E-04  1.87377E-18  6.69137E-02  0.00000E+00  2.7E-07
  2.800E+00  5.96931E-04  1.62591E-18  5.80622E-02  0.00000E+00  2.8E-07
  2.900E+00  6.40321E-04  1.41777E-18  5.06294E-02  0.00000E+00  2.3E-07
  3.000E+00  6.85233E-04  1.24189E-18  4.43488E-02  0.00000E+00  1.2E-07
  3.100E+00  7.31665E-04  1.09251E-18  3.90142E-02  0.00000E+00  1.0E-07
  3.200E+00  7.79618E-04  9.65002E-19  3.44609E-02  0.00000E+00  1.1E-07
  3.300E+00  8.29092E-04  8.55626E-19  3.05549E-02  0.00000E+00  1.7E-07
  3.400E+00  8.80086E-04  7.61357E-19  2.71885E-02  0.00000E+00  1.7E-07
  3.500E+00  9.32601E-04  6.79749E-19  2.42743E-02  0.00000E+00  1.4E-07
  3.600E+00  9.86636E-04  6.08836E-19  2.17419E-02  0.00000E+00  1.0E-07
  3.700E+00  1.04219E-03  5.46975E-19  1.95328E-02  0.00000E+00  1.0E-07
  3.800E+00  1.09927E-03  4.92803E-19  1.75983E-02  0.00000E+00  1.0E-07
  3.900E+00  1.15786E-03  4.45193E-19  1.58981E-02  0.00000E+00  1.1E-07
  4.000E+00  1.21797E-03  4.03223E-19  1.43994E-02  0.00000E+00  1.1E-07
  4.100E+00  1.27961E-03  3.66108E-19  1.30740E-02  0.00000E+00  1.0E-07
  4.200E+00  1.34276E-03  3.33187E-19  1.18983E-02  0.00000E+00  1.0E-07
  4.300E+00  1.40743E-03  3.03893E-19  1.08522E-02  0.00000E+00  1.0E-07
  4.400E+00  1.47362E-03  2.77765E-19  9.91915E-03  0.00000E+00  1.0E-07
  4.500E+00  1.54133E-03  2.54399E-19  9.08474E-03  0.00000E+00  1.0E-07
  4.600E+00  1.61056E-03  2.33451E-19  8.33668E-03  0.00000E+00  1.0E-07
  4.700E+00  1.68131E-03  2.14621E-19  7.66426E-03  0.00000E+00  1.0E-07
  4.800E+00  1.75357E-03  1.97661E-19  7.05860E-03  0.00000E+00  1.0E-07
  4.900E+00  1.82735E-03  1.82352E-19  6.51189E-03  0.00000E+00  1.0E-07
  5.000E+00  1.90265E-03  1.68503E-19  6.01737E-03  0.00000E+00  1.0E-07
  5.100E+00  1.97947E-03  1.55949E-19  5.56905E-03  0.00000E+00  1.0E-07
  5.200E+00  2.05780E-03  1.44548E-19  5.16189E-03  0.00000E+00  1.0E-07
  5.300E+00  2.13765E-03  1.34174E-19  4.79145E-03  0.00000E+00  1.0E-07
  5.400E+00  2.21902E-03  1.24720E-19  4.45382E-03  0.00000E+00  1.0E-07
  5.500E+00  2.30190E-03  1.16086E-19  4.14551E-03  0.00000E+00  1.0E-07
  5.600E+00  2.38630E-03  1.08190E-19  3.86352E-03  0.00000E+00  1.0E-07
  5.700E+00  2.47222E-03  1.00957E-19  3.60523E-03  0.00000E+00  1.0E-07
  5.800E+00  2.55965E-03  9.43211E-20  3.36827E-03  0.00000E+00  1.0E-07
  5.900E+00  2.64859E-03  8.82242E-20  3.15054E-03  0.00000E+00  1.0E-07
  6.000E+00  2.73905E-03  8.26135E-20  2.95018E-03  0.00000E+00  1.0E-07
  6.100E+00  2.83103E-03  7.74441E-20  2.76558E-03  0.00000E+00  1.0E-07
  6.200E+00  2.92452E-03  7.26748E-20  2.59527E-03  0.00000E+00  1.0E-07
  6.300E+00  3.01952E-03  6.82688E-20  2.43792E-03  0.00000E+00  1.0E-07
  6.400E+00  3.11604E-03  6.41927E-20  2.29236E-03  0.00000E+00  1.0E-07
  6.500E+00  3.21407E-03  6.04178E-20  2.15756E-03  0.00000E+00  1.0E-07
  6.600E+00  3.31362E-03  5.69178E-20  2.03257E-03  0.00000E+00  1.0E-07
  6.700E+00  3.41468E-03  5.36689E-20  1.91655E-03  0.00000E+00  1.0E-07
  6.800E+00  3.51725E-03  5.06492E-20  1.80872E-03  0.00000E+00  1.0E-07
  6.900E+00  3.62133E-03  4.78401E-20  1.70840E-03  0.00000E+00  1.0E-07
  7.000E+00  3.72692E-03  4.52240E-20  1.61498E-03  0.00000E+00  1.0E-07
  7.100E+00  3.83403E-03  4.27853E-20  1.52789E-03  0.00000E+00  1.0E-07
  7.200E+00  3.94265E-03  4.05094E-20  1.44662E-03  0.00000E+00  1.0E-07
  7.300E+00  4.05278E-03  3.83836E-20  1.37070E-03  0.00000E+00  1.0E-07
  7.400E+00  4.16442E-03  3.63962E-20  1.29973E-03  0.00000E+00  1.0E-07
  7.500E+00  4.27757E-03  3.45365E-20  1.23332E-03  0.00000E+00  1.0E-07
  7.600E+00  4.39223E-03  3.27945E-20  1.17111E-03  0.00000E+00  1.0E-07
  7.700E+00  4.50840E-03  3.11616E-20  1.11280E-03  0.00000E+00  1.0E-07
  7.800E+00  4.62608E-03  2.96296E-20  1.05809E-03  0.00000E+00  1.0E-07
  7.900E+00  4.74527E-03  2.81912E-20  1.00673E-03  0.00000E+00  1.0E-07
  8.000E+00  4.86597E-03  2.68394E-20  9.58454E-04  0.00000E+00  1.0E-07
  8.100E+00  4.98817E-03  2.55681E-20  9.13054E-04  0.00000E+00  1.0E-07
  8.200E+00  5.11188E-03  2.43717E-20  8.70328E-04  0.00000E+00  1.0E-07
  8.300E+00  5.23711E-03  2.32448E-20  8.30087E-04  0.00000E+00  1.0E-07
  8.400E+00  5.36383E-03  2.21827E-20  7.92158E-04  0.00000E+00  1.0E-07
  8.500E+00  5.49207E-03  2.11808E-20  7.56382E-04  0.00000E+00  1.0E-07
  8.600E+00  5.62181E-03  2.02353E-20  7.22615E-04  0.00000E+00  1.0E-07
  8.700E+00  5.75306E-03  1.93422E-20  6.90724E-04  0.00000E+00  1.0E-07
  8.800E+00  5.88581E-03  1.84982E-20  6.60584E-04  0.00000E+00  1.0E-07
  8.900E+00  6.02007E-03  1.77000E-20  6.32078E-04  0.00000E+00  1.0E-07
  9.000E+00  6.15583E-03  1.69446E-20  6.05104E-04  0.00000E+00  1.0E-07
  9.100E+00  6.29310E-03  1.62294E-20  5.79563E-04  0.00000E+00  1.0E-07
  9.200E+00  6.43187E-03  1.55518E-20  5.55364E-04  0.00000E+00  1.0E-07
  9.300E+00  6.57214E-03  1.49093E-20  5.32423E-04  0.00000E+00  1.0E-07
  9.400E+00  6.71392E-03  1.43000E-20  5.10661E-04  0.00000E+00  1.0E-07
  9.500E+00  6.85720E-03  1.37216E-20  4.90008E-04  0.00000E+00  1.0E-07
  9.600E+00  7.00198E-03  1.31724E-20  4.70396E-04  0.00000E+00  1.0E-07
  9.700E+00  7.14827E-03  1.26506E-20  4.51762E-04  0.00000E+00  1.0E-07
  9.800E+00  7.29605E-03  1.21546E-20  4.34047E-04  0.00000E+00  1.0E-07
  9.900E+00  7.44534E-03  1.16828E-20  4.17199E-04  0.00000E+00  1.0E-07
  1.000E+01  7.59612E-03  1.12338E-20  4.01166E-04  0.00000E+00  1.0E-07
  1.025E+01  7.97965E-03  1.02028E-20  3.64350E-04  0.00000E+00  1.0E-07
  1.050E+01  8.37255E-03  9.28828E-21  3.31690E-04  0.00000E+00  1.0E-07
  1.075E+01  8.77480E-03  8.47464E-21  3.02635E-04  0.00000E+00  1.0E-07
  1.100E+01  9.18641E-03  7.74882E-21  2.76715E-04  0.00000E+00  1.0E-07
  1.125E+01  9.60736E-03  7.09964E-21  2.53533E-04  0.00000E+00  1.0E-07
  1.150E+01  1.00376E-02  6.51756E-21  2.32746E-04  0.00000E+00  1.0E-07
  1.175E+01  1.04773E-02  5.99440E-21  2.14064E-04  0.00000E+00  1.0E-07
  1.200E+01  1.09262E-02  5.52312E-21  1.97234E-04  0.00000E+00  1.0E-07
  1.225E+01  1.13844E-02  5.09763E-21  1.82040E-04  0.00000E+00  1.0E-07
  1.250E+01  1.18520E-02  4.71269E-21  1.68293E-04  0.00000E+00  1.0E-07
  1.275E+01  1.23288E-02  4.36371E-21  1.55831E-04  0.00000E+00  1.0E-07
  1.300E+01  1.28150E-02  4.04674E-21  1.44512E-04  0.00000E+00  1.0E-07
  1.325E+01  1.33104E-02  3.75827E-21  1.34210E-04  0.00000E+00  1.0E-07
  1.350E+01  1.38150E-02  3.49531E-21  1.24820E-04  0.00000E+00  1.0E-07
  1.375E+01  1.43290E-02  3.25517E-21  1.16244E-04  0.00000E+00  1.0E-07
  1.400E+01  1.48521E-02  3.03549E-21  1.08399E-04  0.00000E+00  1.0E-07
  1.425E+01  1.53845E-02  2.83421E-21  1.01212E-04  0.00000E+00  1.0E-07
  1.450E+01  1.59262E-02  2.64952E-21  9.46161E-05  0.00000E+00  1.0E-07
  1.475E+01  1.64770E-02  2.47978E-21  8.85544E-05  0.00000E+00  1.0E-07
  1.500E+01  1.70371E-02  2.32355E-21  8.29754E-05  0.00000E+00  1.0E-07
  1.525E+01  1.76063E-02  2.17956E-21  7.78336E-05  0.00000E+00  1.0E-07
  1.550E+01  1.81848E-02  2.04668E-21  7.30883E-05  0.00000E+00  1.0E-07
  1.575E+01  1.87724E-02  1.92388E-21  6.87030E-05  0.00000E+00  1.0E-07
  1.600E+01  1.93692E-02  1.81025E-21  6.46452E-05  0.00000E+00  1.0E-07
  1.625E+01  1.99751E-02  1.70498E-21  6.08859E-05  0.00000E+00  1.0E-07
  1.650E+01  2.05901E-02  1.60734E-21  5.73991E-05  0.00000E+00  1.0E-07
  1.675E+01  2.12143E-02  1.51667E-21  5.41612E-05  0.00000E+00  1.0E-07
  1.700E+01  2.18476E-02  1.43237E-21  5.11510E-05  0.00000E+00  1.0E-07
  1.725E+01  2.24900E-02  1.35393E-21  4.83495E-05  0.00000E+00  1.0E-07
  1.750E+01  2.31415E-02  1.28084E-21  4.57395E-05  0.00000E+00  1.0E-07
  1.775E+01  2.38021E-02  1.21267E-21  4.33054E-05  0.00000E+00  1.0E-07
  1.800E+01  2.44717E-02  1.14904E-21  4.10329E-05  0.00000E+00  1.0E-07
  1.825E+01  2.51504E-02  1.08957E-21  3.89094E-05  0.00000E+00  1.0E-07
  1.850E+01  2.58382E-02  1.03395E-21  3.69232E-05  0.00000E+00  1.0E-07
  1.875E+01  2.65349E-02  9.81883E-22  3.50637E-05  0.00000E+00  1.0E-07
  1.900E+01  2.72407E-02  9.33089E-22  3.33212E-05  0.00000E+00  1.0E-07
  1.925E+01  2.79555E-02  8.87326E-22  3.16870E-05  0.00000E+00  1.0E-07
  1.950E+01  2.86793E-02  8.44372E-22  3.01531E-05  0.00000E+00  1.0E-07
  1.975E+01  2.94120E-02  8.04018E-22  2.87120E-05  0.00000E+00  1.0E-07
  2.000E+01  3.01537E-02  7.66078E-22  2.73571E-05  0.00000E+00  1.0E-07
  2.025E+01  3.09043E-02  7.30378E-22  2.60823E-05  0.00000E+00  1.0E-07
  2.050E+01  3.16639E-02  6.96761E-22  2.48818E-05  0.00000E+00  1.0E-07
  2.075E+01  3.24324E-02  6.65082E-22  2.37505E-05  0.00000E+00  1.0E-07
  2.100E+01  3.32098E-02  6.35206E-22  2.26836E-05  0.00000E+00  1.0E-07
  2.125E+01  3.39961E-02  6.07011E-22  2.16768E-05  0.00000E+00  1.0E-07
  2.150E+01  3.47912E-02  5.80385E-22  2.07259E-05  0.00000E+00  1.0E-07
  2.175E+01  3.55952E-02  5.55223E-22  1.98274E-05  0.00000E+00  1.0E-07
  2.200E+01  3.64081E-02  5.31428E-22  1.89776E-05  0.00000E+00  1.0E-07
  2.225E+01  3.72297E-02  5.08911E-22  1.81735E-05  0.00000E+00  1.0E-07
  2.250E+01  3.80602E-02  4.87590E-22  1.74122E-05  0.00000E+00  1.0E-07
  2.275E+01  3.88995E-02  4.67390E-22  1.66908E-05  0.00000E+00  1.0E-07
  2.300E+01  3.97476E-02  4.48239E-22  1.60069E-05  0.00000E+00  1.0E-07
  2.325E+01  4.06044E-02  4.30074E-22  1.53582E-05  0.00000E+00  1.0E-07
  2.350E+01  4.14700E-02  4.12831E-22  1.47425E-05  0.00000E+00  1.0E-07
  2.375E+01  4.23443E-02  3.96456E-22  1.41577E-05  0.00000E+00  1.0E-07
  2.400E+01  4.32273E-02  3.80897E-22  1.36021E-05  0.00000E+00  1.0E-07
  2.425E+01  4.41190E-02  3.66103E-22  1.30738E-05  0.00000E+00  1.0E-07
  2.450E+01  4.50194E-02  3.52031E-22  1.25713E-05  0.00000E+00  1.0E-07
  2.475E+01  4.59284E-02  3.38639E-22  1.20930E-05  0.00000E+00  1.0E-07
  2.500E+01  4.68461E-02  3.25886E-22  1.16376E-05  0.00000E+00  1.0E-07
  2.550E+01  4.87074E-02  3.02155E-22  1.07901E-05  0.00000E+00  1.0E-07
  2.600E+01  5.06030E-02  2.80574E-22  1.00195E-05  0.00000E+00  1.0E-07
  2.650E+01  5.25328E-02  2.60912E-22  9.31732E-06  0.00000E+00  1.0E-07
  2.700E+01  5.44967E-02  2.42965E-22  8.67643E-06  0.00000E+00  1.0E-07
  2.750E+01  5.64946E-02  2.26555E-22  8.09044E-06  0.00000E+00  1.0E-07
  2.800E+01  5.85262E-02  2.11527E-22  7.55376E-06  0.00000E+00  1.0E-07
  2.850E+01  6.05914E-02  1.97740E-22  7.06143E-06  0.00000E+00  1.0E-07
  2.900E+01  6.26901E-02  1.85074E-22  6.60910E-06  0.00000E+00  1.0E-07
  2.950E+01  6.48222E-02  1.73418E-22  6.19288E-06  0.00000E+00  1.0E-07
  3.000E+01  6.69873E-02  1.62679E-22  5.80936E-06  0.00000E+00  1.0E-07
  3.050E+01  6.91854E-02  1.52768E-22  5.45545E-06  0.00000E+00  1.0E-07
  3.100E+01  7.14163E-02  1.43611E-22  5.12843E-06  0.00000E+00  1.0E-07
  3.150E+01  7.36799E-02  1.35138E-22  4.82587E-06  0.00000E+00  1.0E-07
  3.200E+01  7.59760E-02  1.27289E-22  4.54557E-06  0.00000E+00  1.0E-07
  3.250E+01  7.83043E-02  1.20009E-22  4.28559E-06  0.00000E+00  1.0E-07
  3.300E+01  8.06647E-02  1.13248E-22  4.04415E-06  0.00000E+00  1.0E-07
  3.350E+01  8.30571E-02  1.06962E-22  3.81969E-06  0.00000E+00  1.0E-07
  3.400E+01  8.54812E-02  1.01112E-22  3.61077E-06  0.00000E+00  1.0E-07
  3.450E+01  8.79369E-02  9.56608E-23  3.41611E-06  0.00000E+00  1.0E-07
  3.500E+01  9.04240E-02  9.05764E-23  3.23454E-06  0.00000E+00  1.0E-07
  3.550E+01  9.29422E-02  8.58291E-23  3.06501E-06  0.00000E+00  1.0E-07
  3.600E+01  9.54915E-02  8.13923E-23  2.90657E-06  0.00000E+00  1.0E-07
  3.650E+01  9.80716E-02  7.72416E-23  2.75835E-06  0.00000E+00  1.0E-07
  3.700E+01  1.00682E-01  7.33549E-23  2.61955E-06  0.00000E+00  1.0E-07
  3.750E+01  1.03323E-01  6.97121E-23  2.48946E-06  0.00000E+00  1.0E-07
  3.800E+01  1.05995E-01  6.62948E-23  2.36743E-06  0.00000E+00  1.0E-07
  3.850E+01  1.08696E-01  6.30864E-23  2.25286E-06  0.00000E+00  1.0E-07
  3.900E+01  1.11427E-01  6.00715E-23  2.14519E-06  0.00000E+00  1.0E-07
  3.950E+01  1.14188E-01  5.72362E-23  2.04394E-06  0.00000E+00  1.0E-07
  4.000E+01  1.16978E-01  5.45676E-23  1.94864E-06  0.00000E+00  1.0E-07
  4.050E+01  1.19797E-01  5.20540E-23  1.85888E-06  0.00000E+00  1.0E-07
  4.100E+01  1.22645E-01  4.96846E-23  1.77427E-06  0.00000E+00  1.0E-07
  4.150E+01  1.25522E-01  4.74495E-23  1.69445E-06  0.00000E+00  1.0E-07
  4.200E+01  1.28428E-01  4.53396E-23  1.61911E-06  0.00000E+00  1.0E-07
  4.250E+01  1.31361E-01  4.33464E-23  1.54793E-06  0.00000E+00  1.0E-07
  4.300E+01  1.34323E-01  4.14621E-23  1.48064E-06  0.00000E+00  1.0E-07
  4.350E+01  1.37313E-01  3.96797E-23  1.41699E-06  0.00000E+00  1.0E-07
  4.400E+01  1.40330E-01  3.79926E-23  1.35674E-06  0.00000E+00  1.0E-07
  4.450E+01  1.43375E-01  3.63946E-23  1.29967E-06  0.00000E+00  1.0E-07
  4.500E+01  1.46447E-01  3.48800E-23  1.24559E-06  0.00000E+00  1.0E-07
  4.550E+01  1.49545E-01  3.34438E-23  1.19430E-06  0.00000E+00  1.0E-07
  4.600E+01  1.52671E-01  3.20809E-23  1.14563E-06  0.00000E+00  1.0E-07
  4.650E+01  1.55823E-01  3.07869E-23  1.09942E-06  0.00000E+00  1.0E-07
  4.700E+01  1.59001E-01  2.95576E-23  1.05552E-06  0.00000E+00  1.0E-07
  4.750E+01  1.62205E-01  2.83892E-23  1.01380E-06  0.00000E+00  1.0E-07
  4.800E+01  1.65435E-01  2.72779E-23  9.74112E-07  0.00000E+00  1.0E-07
  4.850E+01  1.68690E-01  2.62205E-23  9.36352E-07  0.00000E+00  1.0E-07
  4.900E+01  1.71970E-01  2.52138E-23  9.00402E-07  0.00000E+00  1.0E-07
  4.950E+01  1.75276E-01  2.42550E-23  8.66160E-07  0.00000E+00  1.0E-07
  5.000E+01  1.78606E-01  2.33412E-23  8.33528E-07  0.00000E+00  1.0E-07
  5.050E+01  1.81961E-01  2.24699E-23  8.02414E-07  0.00000E+00  1.0E-07
  5.100E+01  1.85340E-01  2.16388E-23  7.72735E-07  0.00000E+00  1.0E-07
  5.150E+01  1.88743E-01  2.08456E-23  7.44409E-07  0.00000E+00  1.0E-07
  5.200E+01  1.92169E-01  2.00882E-23  7.17364E-07  0.00000E+00  1.0E-07
  5.250E+01  1.95619E-01  1.93648E-23  6.91529E-07  0.00000E+00  1.0E-07
  5.300E+01  1.99092E-01  1.86734E-23  6.66840E-07  0.00000E+00  1.0E-07
  5.350E+01  2.02589E-01  1.80124E-23  6.43235E-07  0.00000E+00  1.0E-07
  5.400E+01  2.06107E-01  1.73802E-23  6.20657E-07  0.00000E+00  1.0E-07
  5.450E+01  2.09649E-01  1.67752E-23  5.99054E-07  0.00000E+00  1.0E-07
  5.500E+01  2.13212E-01  1.61961E-23  5.78374E-07  0.00000E+00  1.0E-07
  5.550E+01  2.16797E-01  1.56416E-23  5.58571E-07  0.00000E+00  1.0E-07
  5.600E+01  2.20404E-01  1.51103E-23  5.39598E-07  0.00000E+00  1.0E-07
  5.650E+01  2.24032E-01  1.46011E-23  5.21415E-07  0.00000E+00  1.0E-07
  5.700E+01  2.27680E-01  1.41129E-23  5.03982E-07  0.00000E+00  1.0E-07
  5.750E+01  2.31350E-01  1.36447E-23  4.87262E-07  0.00000E+00  1.0E-07
  5.800E+01  2.35040E-01  1.31955E-23  4.71219E-07  0.00000E+00  1.0E-07
  5.850E+01  2.38751E-01  1.27643E-23  4.55821E-07  0.00000E+00  1.0E-07
  5.900E+01  2.42481E-01  1.23503E-23  4.41037E-07  0.00000E+00  1.0E-07
  5.950E+01  2.46231E-01  1.19527E-23  4.26838E-07  0.00000E+00  1.0E-07
  6.000E+01  2.50000E-01  1.15706E-23  4.13195E-07  0.00000E+00  1.0E-07
  6.050E+01  2.53788E-01  1.12035E-23  4.00083E-07  0.00000E+00  1.0E-07
  6.100E+01  2.57595E-01  1.08505E-23  3.87477E-07  0.00000E+00  1.0E-07
  6.150E+01  2.61421E-01  1.05110E-23  3.75353E-07  0.00000E+00  1.0E-07
  6.200E+01  2.65264E-01  1.01843E-23  3.63689E-07  0.00000E+00  1.0E-07
  6.250E+01  2.69126E-01  9.87001E-24  3.52464E-07  0.00000E+00  1.0E-07
  6.300E+01  2.73005E-01  9.56742E-24  3.41659E-07  0.00000E+00  1.0E-07
  6.350E+01  2.76901E-01  9.27606E-24  3.31254E-07  0.00000E+00  1.0E-07
  6.400E+01  2.80814E-01  8.99542E-24  3.21232E-07  0.00000E+00  1.0E-07
  6.450E+01  2.84744E-01  8.72502E-24  3.11576E-07  0.00000E+00  1.0E-07
  6.500E+01  2.88691E-01  8.46444E-24  3.02270E-07  0.00000E+00  1.0E-07
  6.550E+01  2.92653E-01  8.21322E-24  2.93299E-07  0.00000E+00  1.0E-07
  6.600E+01  2.96632E-01  7.97097E-24  2.84649E-07  0.00000E+00  1.0E-07
  6.650E+01  3.00625E-01  7.73730E-24  2.76304E-07  0.00000E+00  1.0E-07
  6.700E+01  3.04634E-01  7.51185E-24  2.68253E-07  0.00000E+00  1.0E-07
  6.750E+01  3.08658E-01  7.29427E-24  2.60483E-07  0.00000E+00  1.0E-07
  6.800E+01  3.12697E-01  7.08424E-24  2.52983E-07  0.00000E+00  1.0E-07
  6.850E+01  3.16749E-01  6.88143E-24  2.45740E-07  0.00000E+00  1.0E-07
  6.900E+01  3.20816E-01  6.68556E-24  2.38746E-07  0.00000E+00  1.0E-07
  6.950E+01  3.24896E-01  6.49634E-24  2.31989E-07  0.00000E+00  1.0E-07
  7.000E+01  3.28990E-01  6.31351E-24  2.25460E-07  0.00000E+00  1.0E-07
  7.050E+01  3.33097E-01  6.13680E-24  2.19149E-07  0.00000E+00  1.0E-07
  7.100E+01  3.37216E-01  5.96596E-24  2.13048E-07  0.00000E+00  1.0E-07
  7.150E+01  3.41348E-01  5.80076E-24  2.07149E-07  0.00000E+00  1.0E-07
  7.200E+01  3.45492E-01  5.64098E-24  2.01443E-07  0.00000E+00  1.0E-07
  7.250E+01  3.49647E-01  5.48641E-24  1.95923E-07  0.00000E+00  1.0E-07
  7.300E+01  3.53814E-01  5.33684E-24  1.90582E-07  0.00000E+00  1.0E-07
  7.350E+01  3.57992E-01  5.19208E-24  1.85412E-07  0.00000E+00  1.0E-07
  7.400E+01  3.62181E-01  5.05194E-24  1.80408E-07  0.00000E+00  1.0E-07
  7.450E+01  3.66381E-01  4.91626E-24  1.75563E-07  0.00000E+00  1.0E-07
  7.500E+01  3.70590E-01  4.78486E-24  1.70871E-07  0.00000E+00  1.0E-07
  7.550E+01  3.74810E-01  4.65758E-24  1.66325E-07  0.00000E+00  1.0E-07
  7.600E+01  3.79039E-01  4.53427E-24  1.61922E-07  0.00000E+00  1.0E-07
  7.650E+01  3.83277E-01  4.41477E-24  1.57654E-07  0.00000E+00  1.0E-07
  7.700E+01  3.87524E-01  4.29894E-24  1.53518E-07  0.00000E+00  1.0E-07
  7.750E+01  3.91780E-01  4.18666E-24  1.49508E-07  0.00000E+00  1.0E-07
  7.800E+01  3.96044E-01  4.07779E-24  1.45620E-07  0.00000E+00  1.0E-07
  7.850E+01  4.00316E-01  3.97220E-24  1.41850E-07  0.00000E+00  1.0E-07
  7.900E+01  4.04596E-01  3.86979E-24  1.38193E-07  0.00000E+00  1.0E-07
  7.950E+01  4.08882E-01  3.77043E-24  1.34644E-07  0.00000E+00  1.0E-07
  8.000E+01  4.13176E-01  3.67402E-24  1.31202E-07  0.00000E+00  1.0E-07
  8.050E+01  4.17476E-01  3.58046E-24  1.27861E-07  0.00000E+00  1.0E-07
  8.100E+01  4.21783E-01  3.48965E-24  1.24618E-07  0.00000E+00  1.0E-07
  8.150E+01  4.26095E-01  3.40148E-24  1.21469E-07  0.00000E+00  1.0E-07
  8.200E+01  4.30413E-01  3.31586E-24  1.18412E-07  0.00000E+00  1.0E-07
  8.250E+01  4.34737E-01  3.23272E-24  1.15442E-07  0.00000E+00  1.0E-07
  8.300E+01  4.39065E-01  3.15195E-24  1.12558E-07  0.00000E+00  1.0E-07
  8.350E+01  4.43398E-01  3.07349E-24  1.09756E-07  0.00000E+00  1.0E-07
  8.400E+01  4.47736E-01  2.99725E-24  1.07034E-07  0.00000E+00  1.0E-07
  8.450E+01  4.52077E-01  2.92316E-24  1.04388E-07  0.00000E+00  1.0E-07
  8.500E+01  4.56422E-01  2.85115E-24  1.01816E-07  0.00000E+00  1.0E-07
  8.550E+01  4.60770E-01  2.78115E-24  9.93166E-08  0.00000E+00  1.0E-07
  8.600E+01  4.65122E-01  2.71309E-24  9.68862E-08  0.00000E+00  1.0E-07
  8.650E+01  4.69476E-01  2.64691E-24  9.45229E-08  0.00000E+00  1.0E-07
  8.700E+01  4.73832E-01  2.58255E-24  9.22245E-08  0.00000E+00  1.0E-07
  8.750E+01  4.78190E-01  2.51994E-24  8.99887E-08  0.00000E+00  1.0E-07
  8.800E+01  4.82550E-01  2.45903E-24  8.78137E-08  0.00000E+00  1.0E-07
  8.850E+01  4.86912E-01  2.39977E-24  8.56974E-08  0.00000E+00  1.0E-07
  8.900E+01  4.91274E-01  2.34210E-24  8.36379E-08  0.00000E+00  1.0E-07
  8.950E+01  4.95637E-01  2.28597E-24  8.16336E-08  0.00000E+00  1.0E-07
  9.000E+01  5.00000E-01  2.23134E-24  7.96826E-08  0.00000E+00  1.0E-07
  9.050E+01  5.04363E-01  2.17815E-24  7.77833E-08  0.00000E+00  1.0E-07
  9.100E+01  5.08726E-01  2.12637E-24  7.59341E-08  0.00000E+00  1.0E-07
  9.150E+01  5.13088E-01  2.07595E-24  7.41334E-08  0.00000E+00  1.0E-07
  9.200E+01  5.17450E-01  2.02684E-24  7.23798E-08  0.00000E+00  1.0E-07
  9.250E+01  5.21810E-01  1.97901E-24  7.06717E-08  0.00000E+00  1.0E-07
  9.300E+01  5.26168E-01  1.93241E-24  6.90077E-08  0.00000E+00  1.0E-07
  9.350E+01  5.30524E-01  1.88701E-24  6.73864E-08  0.00000E+00  1.0E-07
  9.400E+01  5.34878E-01  1.84277E-24  6.58067E-08  0.00000E+00  1.0E-07
  9.450E+01  5.39230E-01  1.79966E-24  6.42671E-08  0.00000E+00  1.0E-07
  9.500E+01  5.43578E-01  1.75764E-24  6.27666E-08  0.00000E+00  1.0E-07
  9.550E+01  5.47923E-01  1.71669E-24  6.13040E-08  0.00000E+00  1.0E-07
  9.600E+01  5.52264E-01  1.67676E-24  5.98782E-08  0.00000E+00  1.0E-07
  9.650E+01  5.56602E-01  1.63783E-24  5.84881E-08  0.00000E+00  1.0E-07
  9.700E+01  5.60935E-01  1.59988E-24  5.71327E-08  0.00000E+00  1.0E-07
  9.750E+01  5.65263E-01  1.56287E-24  5.58110E-08  0.00000E+00  1.0E-07
  9.800E+01  5.69587E-01  1.52677E-24  5.45219E-08  0.00000E+00  1.0E-07
  9.850E+01  5.73905E-01  1.49156E-24  5.32645E-08  0.00000E+00  1.0E-07
  9.900E+01  5.78217E-01  1.45721E-24  5.20377E-08  0.00000E+00  1.0E-07
  9.950E+01  5.82524E-01  1.42369E-24  5.08409E-08  0.00000E+00  1.0E-07
  1.000E+02  5.86824E-01  1.39098E-24  4.96730E-08  0.00000E+00  1.0E-07
  1.005E+02  5.91118E-01  1.35907E-24  4.85333E-08  0.00000E+00  1.0E-07
  1.010E+02  5.95404E-01  1.32792E-24  4.74210E-08  0.00000E+00  1.0E-07
  1.015E+02  5.99684E-01  1.29753E-24  4.63357E-08  0.00000E+00  1.0E-07
  1.020E+02  6.03956E-01  1.26787E-24  4.52763E-08  0.00000E+00  1.0E-07
  1.025E+02  6.08220E-01  1.23891E-24  4.42421E-08  0.00000E+00  1.0E-07
  1.030E+02  6.12476E-01  1.21063E-24  4.32324E-08  0.00000E+00  1.0E-07
  1.035E+02  6.16723E-01  1.18302E-24  4.22464E-08  0.00000E+00  1.0E-07
  1.040E+02  6.20961E-01  1.15606E-24  4.12836E-08  0.00000E+00  1.0E-07
  1.045E+02  6.25190E-01  1.12973E-24  4.03433E-08  0.00000E+00  1.0E-07
  1.050E+02  6.29410E-01  1.10401E-24  3.94249E-08  0.00000E+00  1.0E-07
  1.055E+02  6.33619E-01  1.07889E-24  3.85278E-08  0.00000E+00  1.0E-07
  1.060E+02  6.37819E-01  1.05435E-24  3.76516E-08  0.00000E+00  1.0E-07
  1.065E+02  6.42008E-01  1.03038E-24  3.67956E-08  0.00000E+00  1.0E-07
  1.070E+02  6.46186E-01  1.00696E-24  3.59592E-08  0.00000E+00  1.0E-07
  1.075E+02  6.50353E-01  9.84079E-25  3.51421E-08  0.00000E+00  1.0E-07
  1.080E+02  6.54508E-01  9.61719E-25  3.43436E-08  0.00000E+00  1.0E-07
  1.085E+02  6.58652E-01  9.39867E-25  3.35633E-08  0.00000E+00  1.0E-07
  1.090E+02  6.62784E-01  9.18510E-25  3.28006E-08  0.00000E+00  1.0E-07
  1.095E+02  6.66903E-01  8.97636E-25  3.20551E-08  0.00000E+00  1.0E-07
  1.100E+02  6.71010E-01  8.77230E-25  3.13265E-08  0.00000E+00  1.0E-07
  1.105E+02  6.75104E-01  8.57283E-25  3.06141E-08  0.00000E+00  1.0E-07
  1.110E+02  6.79184E-01  8.37781E-25  2.99177E-08  0.00000E+00  1.0E-07
  1.115E+02  6.83251E-01  8.18714E-25  2.92368E-08  0.00000E+00  1.0E-07
  1.120E+02  6.87303E-01  8.00071E-25  2.85710E-08  0.00000E+00  1.0E-07
  1.125E+02  6.91342E-01  7.81841E-25  2.79200E-08  0.00000E+00  1.0E-07
  1.130E+02  6.95366E-01  7.64014E-25  2.72834E-08  0.00000E+00  1.0E-07
  1.135E+02  6.99375E-01  7.46579E-25  2.66608E-08  0.00000E+00  1.0E-07
  1.140E+02  7.03368E-01  7.29528E-25  2.60519E-08  0.00000E+00  1.0E-07
  1.145E+02  7.07347E-01  7.12850E-25  2.54563E-08  0.00000E+00  1.0E-07
  1.150E+02  7.11309E-01  6.96536E-25  2.48737E-08  0.00000E+00  1.0E-07
  1.155E+02  7.15256E-01  6.80576E-25  2.43038E-08  0.00000E+00  1.0E-07
  1.160E+02  7.19186E-01  6.64964E-25  2.37463E-08  0.00000E+00  1.0E-07
  1.165E+02  7.23099E-01  6.49689E-25  2.32008E-08  0.00000E+00  1.0E-07
  1.170E+02  7.26995E-01  6.34743E-25  2.26671E-08  0.00000E+00  1.0E-07
  1.175E+02  7.30874E-01  6.20120E-25  2.21449E-08  0.00000E+00  1.0E-07
  1.180E+02  7.34736E-01  6.05811E-25  2.16339E-08  0.00000E+00  1.0E-07
  1.185E+02  7.38579E-01  5.91808E-25  2.11338E-08  0.00000E+00  1.0E-07
  1.190E+02  7.42405E-01  5.78104E-25  2.06445E-08  0.00000E+00  1.0E-07
  1.195E+02  7.46212E-01  5.64694E-25  2.01656E-08  0.00000E+00  1.0E-07
  1.200E+02  7.50000E-01  5.51568E-25  1.96969E-08  0.00000E+00  1.0E-07
  1.205E+02  7.53769E-01  5.38721E-25  1.92381E-08  0.00000E+00  1.0E-07
  1.210E+02  7.57519E-01  5.26147E-25  1.87890E-08  0.00000E+00  1.0E-07
  1.215E+02  7.61249E-01  5.13838E-25  1.83495E-08  0.00000E+00  1.0E-07
  1.220E+02  7.64960E-01  5.01790E-25  1.79192E-08  0.00000E+00  1.0E-07
  1.225E+02  7.68650E-01  4.89995E-25  1.74980E-08  0.00000E+00  1.0E-07
  1.230E+02  7.72320E-01  4.78447E-25  1.70857E-08  0.00000E+00  1.0E-07
  1.235E+02  7.75968E-01  4.67142E-25  1.66820E-08  0.00000E+00  1.0E-07
  1.240E+02  7.79596E-01  4.56074E-25  1.62867E-08  0.00000E+00  1.0E-07
  1.245E+02  7.83203E-01  4.45237E-25  1.58997E-08  0.00000E+00  1.0E-07
  1.250E+02  7.86788E-01  4.34627E-25  1.55208E-08  0.00000E+00  1.0E-07
  1.255E+02  7.90351E-01  4.24238E-25  1.51498E-08  0.00000E+00  1.0E-07
  1.260E+02  7.93893E-01  4.14065E-25  1.47865E-08  0.00000E+00  1.0E-07
  1.265E+02  7.97411E-01  4.04103E-25  1.44308E-08  0.00000E+00  1.0E-07
  1.270E+02  8.00908E-01  3.94349E-25  1.40824E-08  0.00000E+00  1.0E-07
  1.275E+02  8.04381E-01  3.84797E-25  1.37413E-08  0.00000E+00  1.0E-07
  1.280E+02  8.07831E-01  3.75443E-25  1.34073E-08  0.00000E+00  1.0E-07
  1.285E+02  8.11257E-01  3.66282E-25  1.30802E-08  0.00000E+00  1.0E-07
  1.290E+02  8.14660E-01  3.57311E-25  1.27598E-08  0.00000E+00  1.0E-07
  1.295E+02  8.18039E-01  3.48526E-25  1.24461E-08  0.00000E+00  1.0E-07
  1.300E+02  8.21394E-01  3.39921E-25  1.21388E-08  0.00000E+00  1.0E-07
  1.305E+02  8.24724E-01  3.31495E-25  1.18379E-08  0.00000E+00  1.0E-07
  1.310E+02  8.28030E-01  3.23242E-25  1.15432E-08  0.00000E+00  1.0E-07
  1.315E+02  8.31310E-01  3.15160E-25  1.12546E-08  0.00000E+00  1.0E-07
  1.320E+02  8.34565E-01  3.07244E-25  1.09719E-08  0.00000E+00  1.0E-07
  1.325E+02  8.37795E-01  2.99491E-25  1.06950E-08  0.00000E+00  1.0E-07
  1.330E+02  8.40999E-01  2.91898E-25  1.04239E-08  0.00000E+00  1.0E-07
  1.335E+02  8.44177E-01  2.84462E-25  1.01583E-08  0.00000E+00  1.0E-07
  1.340E+02  8.47329E-01  2.77179E-25  9.89824E-09  0.00000E+00  1.0E-07
  1.345E+02  8.50455E-01  2.70046E-25  9.64352E-09  0.00000E+00  1.0E-07
  1.350E+02  8.53553E-01  2.63060E-25  9.39406E-09  0.00000E+00  1.0E-07
  1.355E+02  8.56625E-01  2.56219E-25  9.14975E-09  0.00000E+00  1.0E-07
  1.360E+02  8.59670E-01  2.49519E-25  8.91050E-09  0.00000E+00  1.0E-07
  1.365E+02  8.62687E-01  2.42958E-25  8.67619E-09  0.00000E+00  1.0E-07
  1.370E+02  8.65677E-01  2.36533E-25  8.44673E-09  0.00000E+00  1.0E-07
  1.375E+02  8.68639E-01  2.30240E-25  8.22204E-09  0.00000E+00  1.0E-07
  1.380E+02  8.71572E-01  2.24079E-25  8.00200E-09  0.00000E+00  1.0E-07
  1.385E+02  8.74478E-01  2.18045E-25  7.78654E-09  0.00000E+00  1.0E-07
  1.390E+02  8.77355E-01  2.12137E-25  7.57556E-09  0.00000E+00  1.0E-07
  1.395E+02  8.80203E-01  2.06353E-25  7.36899E-09  0.00000E+00  1.0E-07
  1.400E+02  8.83022E-01  2.00689E-25  7.16673E-09  0.00000E+00  1.0E-07
  1.405E+02  8.85812E-01  1.95144E-25  6.96870E-09  0.00000E+00  1.0E-07
  1.410E+02  8.88573E-01  1.89715E-25  6.77484E-09  0.00000E+00  1.0E-07
  1.415E+02  8.91304E-01  1.84400E-25  6.58505E-09  0.00000E+00  1.0E-07
  1.420E+02  8.94005E-01  1.79198E-25  6.39927E-09  0.00000E+00  1.0E-07
  1.425E+02  8.96677E-01  1.74105E-25  6.21741E-09  0.00000E+00  1.0E-07
  1.430E+02  8.99318E-01  1.69121E-25  6.03942E-09  0.00000E+00  1.0E-07
  1.435E+02  9.01928E-01  1.64243E-25  5.86522E-09  0.00000E+00  1.0E-07
  1.440E+02  9.04508E-01  1.59469E-25  5.69475E-09  0.00000E+00  1.0E-07
  1.445E+02  9.07058E-01  1.54798E-25  5.52793E-09  0.00000E+00  1.0E-07
  1.450E+02  9.09576E-01  1.50227E-25  5.36471E-09  0.00000E+00  1.0E-07
  1.455E+02  9.12063E-01  1.45755E-25  5.20501E-09  0.00000E+00  1.0E-07
  1.460E+02  9.14519E-01  1.41380E-25  5.04879E-09  0.00000E+00  1.0E-07
  1.465E+02  9.16943E-01  1.37101E-25  4.89598E-09  0.00000E+00  1.0E-07
  1.470E+02  9.19335E-01  1.32916E-25  4.74652E-09  0.00000E+00  1.0E-07
  1.475E+02  9.21696E-01  1.28823E-25  4.60035E-09  0.00000E+00  1.0E-07
  1.480E+02  9.24024E-01  1.24821E-25  4.45743E-09  0.00000E+00  1.0E-07
  1.485E+02  9.26320E-01  1.20908E-25  4.31770E-09  0.00000E+00  1.0E-07
  1.490E+02  9.28584E-01  1.17083E-25  4.18110E-09  0.00000E+00  1.0E-07
  1.495E+02  9.30815E-01  1.13344E-25  4.04759E-09  0.00000E+00  1.0E-07
  1.500E+02  9.33013E-01  1.09691E-25  3.91712E-09  0.00000E+00  1.0E-07
  1.505E+02  9.35178E-01  1.06121E-25  3.78963E-09  0.00000E+00  1.0E-07
  1.510E+02  9.37310E-01  1.02633E-25  3.66509E-09  0.00000E+00  1.0E-07
  1.515E+02  9.39409E-01  9.92265E-26  3.54344E-09  0.00000E+00  1.0E-07
  1.520E+02  9.41474E-01  9.58999E-26  3.42465E-09  0.00000E+00  1.0E-07
  1.525E+02  9.43505E-01  9.26519E-26  3.30866E-09  0.00000E+00  1.0E-07
  1.530E+02  9.45503E-01  8.94815E-26  3.19544E-09  0.00000E+00  1.0E-07
  1.535E+02  9.47467E-01  8.63874E-26  3.08495E-09  0.00000E+00  1.0E-07
  1.540E+02  9.49397E-01  8.33685E-26  2.97714E-09  0.00000E+00  1.0E-07
  1.545E+02  9.51293E-01  8.04238E-26  2.87198E-09  0.00000E+00  1.0E-07
  1.550E+02  9.53154E-01  7.75522E-26  2.76944E-09  0.00000E+00  1.0E-07
  1.555E+02  9.54981E-01  7.47527E-26  2.66947E-09  0.00000E+00  1.0E-07
  1.560E+02  9.56773E-01  7.20243E-26  2.57203E-09  0.00000E+00  1.0E-07
  1.565E+02  9.58530E-01  6.93660E-26  2.47710E-09  0.00000E+00  1.0E-07
  1.570E+02  9.60252E-01  6.67769E-26  2.38465E-09  0.00000E+00  1.0E-07
  1.575E+02  9.61940E-01  6.42562E-26  2.29463E-09  0.00000E+00  1.0E-07
  1.580E+02  9.63592E-01  6.18029E-26  2.20702E-09  0.00000E+00  1.0E-07
  1.585E+02  9.65209E-01  5.94161E-26  2.12179E-09  0.00000E+00  1.0E-07
  1.590E+02  9.66790E-01  5.70950E-26  2.03890E-09  0.00000E+00  1.0E-07
  1.595E+02  9.68336E-01  5.48389E-26  1.95833E-09  0.00000E+00  1.0E-07
  1.600E+02  9.69846E-01  5.26470E-26  1.88006E-09  0.00000E+00  1.0E-07
  1.605E+02  9.71321E-01  5.05184E-26  1.80405E-09  0.00000E+00  1.0E-07
  1.610E+02  9.72759E-01  4.84525E-26  1.73027E-09  0.00000E+00  1.0E-07
  1.615E+02  9.74162E-01  4.64485E-26  1.65871E-09  0.00000E+00  1.0E-07
  1.620E+02  9.75528E-01  4.45059E-26  1.58933E-09  0.00000E+00  1.0E-07
  1.625E+02  9.76858E-01  4.26238E-26  1.52212E-09  0.00000E+00  1.0E-07
  1.630E+02  9.78152E-01  4.08016E-26  1.45705E-09  0.00000E+00  1.0E-07
  1.635E+02  9.79410E-01  3.90389E-26  1.39410E-09  0.00000E+00  1.0E-07
  1.640E+02  9.80631E-01  3.73348E-26  1.33325E-09  0.00000E+00  1.0E-07
  1.645E+02  9.81815E-01  3.56890E-26  1.27448E-09  0.00000E+00  1.0E-07
  1.650E+02  9.82963E-01  3.41007E-26  1.21776E-09  0.00000E+00  1.0E-07
  1.655E+02  9.84074E-01  3.25695E-26  1.16308E-09  0.00000E+00  1.0E-07
  1.660E+02  9.85148E-01  3.10949E-26  1.11042E-09  0.00000E+00  1.0E-07
  1.665E+02  9.86185E-01  2.96764E-26  1.05976E-09  0.00000E+00  1.0E-07
  1.670E+02  9.87185E-01  2.83134E-26  1.01109E-09  0.00000E+00  1.0E-07
  1.675E+02  9.88148E-01  2.70056E-26  9.64387E-10  0.00000E+00  1.0E-07
  1.680E+02  9.89074E-01  2.57525E-26  9.19637E-10  0.00000E+00  1.0E-07
  1.685E+02  9.89962E-01  2.45536E-26  8.76826E-10  0.00000E+00  1.0E-07
  1.690E+02  9.90814E-01  2.34087E-26  8.35939E-10  0.00000E+00  1.0E-07
  1.695E+02  9.91627E-01  2.23172E-26  7.96962E-10  0.00000E+00  1.0E-07
  1.700E+02  9.92404E-01  2.12789E-26  7.59883E-10  0.00000E+00  1.0E-07
  1.705E+02  9.93143E-01  2.02934E-26  7.24690E-10  0.00000E+00  1.0E-07
  1.710E+02  9.93844E-01  1.93603E-26  6.91370E-10  0.00000E+00  1.0E-07
  1.715E+02  9.94508E-01  1.84795E-26  6.59914E-10  0.00000E+00  1.0E-07
  1.720E+02  9.95134E-01  1.76505E-26  6.30309E-10  0.00000E+00  1.0E-07
  1.725E+02  9.95722E-01  1.68730E-26  6.02547E-10  0.00000E+00  1.0E-07
  1.730E+02  9.96273E-01  1.61470E-26  5.76619E-10  0.00000E+00  1.0E-07
  1.735E+02  9.96786E-01  1.54720E-26  5.52516E-10  0.00000E+00  1.0E-07
  1.740E+02  9.97261E-01  1.48479E-26  5.30229E-10  0.00000E+00  1.0E-07
  1.745E+02  9.97698E-01  1.42745E-26  5.09752E-10  0.00000E+00  1.0E-07
  1.750E+02  9.98097E-01  1.37516E-26  4.91079E-10  0.00000E+00  1.0E-07
  1.755E+02  9.98459E-01  1.32790E-26  4.74202E-10  0.00000E+00  1.0E-07
  1.760E+02  9.98782E-01  1.28566E-26  4.59116E-10  0.00000E+00  1.0E-07
  1.765E+02  9.99067E-01  1.24841E-26  4.45817E-10  0.00000E+00  1.0E-07
  1.770E+02  9.99315E-01  1.21616E-26  4.34300E-10  0.00000E+00  1.0E-07
  1.775E+02  9.99524E-01  1.18889E-26  4.24561E-10  0.00000E+00  1.0E-07
  1.780E+02  9.99695E-01  1.16659E-26  4.16597E-10  0.00000E+00  1.0E-07
  1.785E+02  9.99829E-01  1.14925E-26  4.10405E-10  0.00000E+00  1.0E-07
  1.790E+02  9.99924E-01  1.13687E-26  4.05984E-10  0.00000E+00  1.0E-07
  1.795E+02  9.99981E-01  1.12944E-26  4.03332E-10  0.00000E+00  1.0E-07
  1.800E+02  1.00000E+00  1.12697E-26  4.02448E-10  0.00000E+00  1.0E-07
