 #
 # Subroutine ELSEPA. Elastic scattering of electrons and positrons
 #                    by neutral atoms and positive ions
 #
 # Projectile: electron
 # Kinetic energy = 3.70000E+06 eV = 1.35973E+05 a.u.
 #
 # WARNING: High-energy factorization with free-atom DF screening.
 #          Absorption, polarization and exchange corrections are
 #          switched off.
 #          Phase shifts are calculated for the bare nucleus.
 #          Scattering amplitudes are not evaluated.
 #
 # Element: Sm,  Z =  62,  atomic weight = 1.50360E+02 g/mol
 #
 # Nuclear model: Fermi distribution
 #                Average radius = 5.68977E-13 cm
 #                Skin thickness = 5.46000E-14 cm
 #
 # Number of electrons = 62
 #
 # Total elastic cross section = 7.34150E-18 cm**2 = 2.62170E-01 a0**2
 # 1st transport cross section = 3.46395E-22 cm**2 = 1.23700E-05 a0**2
 # 2nd transport cross section = 9.48583E-22 cm**2 = 3.38745E-05 a0**2
 #
 #
 # Differential cross section:                       MU=(1-COS(THETA))/2
 #
 #  THETA        MU          DCS          DCS        Sherman      error
 #  (deg)                 (cm**2/sr)   (a0**2/sr)    function
 #----------------------------------------------------------------------
  0.000E+00  0.00000E+00  1.64881E-12  5.88801E+04  0.00000E+00  1.0E-05
  1.000E-04  7.61557E-13  1.64880E-12  5.88795E+04  0.00000E+00  1.0E-05
  1.250E-04  1.18994E-12  1.64879E-12  5.88792E+04  0.00000E+00  1.0E-05
  1.500E-04  1.71346E-12  1.64878E-12  5.88789E+04  0.00000E+00  1.0E-05
  1.750E-04  2.33225E-12  1.64876E-12  5.88784E+04  0.00000E+00  1.0E-05
  2.000E-04  3.04617E-12  1.64875E-12  5.88780E+04  0.00000E+00  1.0E-05
  2.250E-04  3.85530E-12  1.64873E-12  5.88774E+04  0.00000E+00  1.0E-05
  2.500E-04  4.75964E-12  1.64872E-12  5.88768E+04  0.00000E+00  1.0E-05
  2.750E-04  5.75917E-12  1.64870E-12  5.88761E+04  0.00000E+00  1.0E-05
  3.000E-04  6.85391E-12  1.64868E-12  5.88753E+04  0.00000E+00  1.0E-05
  3.250E-04  8.04379E-12  1.64865E-12  5.88745E+04  0.00000E+00  1.0E-05
  3.500E-04  9.32893E-12  1.64863E-12  5.88736E+04  0.00000E+00  1.0E-05
  3.750E-04  1.07092E-11  1.64860E-12  5.88726E+04  0.00000E+00  1.0E-05
  4.000E-04  1.21847E-11  1.64857E-12  5.88716E+04  0.00000E+00  1.0E-05
  4.250E-04  1.37554E-11  1.64854E-12  5.88705E+04  0.00000E+00  1.0E-05
  4.500E-04  1.54213E-11  1.64851E-12  5.88694E+04  0.00000E+00  1.0E-05
  4.750E-04  1.71823E-11  1.64848E-12  5.88681E+04  0.00000E+00  1.0E-05
  5.000E-04  1.90386E-11  1.64844E-12  5.88669E+04  0.00000E+00  1.0E-05
  5.250E-04  2.09900E-11  1.64840E-12  5.88655E+04  0.00000E+00  1.0E-05
  5.500E-04  2.30367E-11  1.64836E-12  5.88641E+04  0.00000E+00  1.0E-05
  5.750E-04  2.51785E-11  1.64832E-12  5.88626E+04  0.00000E+00  1.0E-05
  6.000E-04  2.74156E-11  1.64828E-12  5.88610E+04  0.00000E+00  1.0E-05
  6.250E-04  2.97478E-11  1.64823E-12  5.88594E+04  0.00000E+00  1.0E-05
  6.500E-04  3.21752E-11  1.64818E-12  5.88577E+04  0.00000E+00  1.0E-05
  6.750E-04  3.46979E-11  1.64814E-12  5.88560E+04  0.00000E+00  1.0E-05
  7.000E-04  3.73157E-11  1.64808E-12  5.88542E+04  0.00000E+00  1.0E-05
  7.250E-04  4.00286E-11  1.64803E-12  5.88523E+04  0.00000E+00  1.0E-05
  7.500E-04  4.28368E-11  1.64798E-12  5.88503E+04  0.00000E+00  1.0E-05
  7.750E-04  4.57402E-11  1.64792E-12  5.88483E+04  0.00000E+00  1.0E-05
  8.000E-04  4.87388E-11  1.64786E-12  5.88462E+04  0.00000E+00  1.0E-05
  8.250E-04  5.18325E-11  1.64780E-12  5.88441E+04  0.00000E+00  1.0E-05
  8.500E-04  5.50215E-11  1.64774E-12  5.88419E+04  0.00000E+00  1.0E-05
  8.750E-04  5.83057E-11  1.64768E-12  5.88396E+04  0.00000E+00  1.0E-05
  9.000E-04  6.16850E-11  1.64761E-12  5.88372E+04  0.00000E+00  1.0E-05
  9.250E-04  6.51595E-11  1.64754E-12  5.88348E+04  0.00000E+00  1.0E-05
  9.500E-04  6.87293E-11  1.64747E-12  5.88324E+04  0.00000E+00  1.0E-05
  9.750E-04  7.23943E-11  1.64740E-12  5.88298E+04  0.00000E+00  1.0E-05
  1.000E-03  7.61544E-11  1.64733E-12  5.88272E+04  0.00000E+00  1.0E-05
  1.250E-03  1.18991E-10  1.64650E-12  5.87975E+04  0.00000E+00  1.0E-05
  1.500E-03  1.71347E-10  1.64548E-12  5.87612E+04  0.00000E+00  1.0E-05
  1.750E-03  2.33223E-10  1.64428E-12  5.87183E+04  0.00000E+00  1.0E-05
  2.000E-03  3.04617E-10  1.64290E-12  5.86689E+04  0.00000E+00  1.0E-05
  2.250E-03  3.85531E-10  1.64133E-12  5.86130E+04  0.00000E+00  1.0E-05
  2.500E-03  4.75965E-10  1.63959E-12  5.85507E+04  0.00000E+00  1.0E-05
  2.750E-03  5.75917E-10  1.63766E-12  5.84819E+04  0.00000E+00  1.0E-05
  3.000E-03  6.85389E-10  1.63555E-12  5.84067E+04  0.00000E+00  1.0E-05
  3.250E-03  8.04380E-10  1.63327E-12  5.83251E+04  0.00000E+00  1.0E-05
  3.500E-03  9.32891E-10  1.63081E-12  5.82372E+04  0.00000E+00  1.0E-05
  3.750E-03  1.07092E-09  1.62817E-12  5.81430E+04  0.00000E+00  1.0E-05
  4.000E-03  1.21847E-09  1.62536E-12  5.80426E+04  0.00000E+00  1.0E-05
  4.250E-03  1.37554E-09  1.62238E-12  5.79361E+04  0.00000E+00  1.0E-05
  4.500E-03  1.54213E-09  1.61922E-12  5.78234E+04  0.00000E+00  1.0E-05
  4.750E-03  1.71823E-09  1.61590E-12  5.77048E+04  0.00000E+00  1.0E-05
  5.000E-03  1.90386E-09  1.61241E-12  5.75801E+04  0.00000E+00  1.0E-05
  5.250E-03  2.09900E-09  1.60875E-12  5.74494E+04  0.00000E+00  1.0E-05
  5.500E-03  2.30367E-09  1.60493E-12  5.73130E+04  0.00000E+00  1.0E-05
  5.750E-03  2.51785E-09  1.60095E-12  5.71708E+04  0.00000E+00  1.0E-05
  6.000E-03  2.74156E-09  1.59680E-12  5.70229E+04  0.00000E+00  1.0E-05
  6.250E-03  2.97478E-09  1.59250E-12  5.68693E+04  0.00000E+00  1.0E-05
  6.500E-03  3.21752E-09  1.58805E-12  5.67102E+04  0.00000E+00  1.0E-05
  6.750E-03  3.46978E-09  1.58344E-12  5.65457E+04  0.00000E+00  1.0E-05
  7.000E-03  3.73156E-09  1.57868E-12  5.63758E+04  0.00000E+00  1.0E-05
  7.250E-03  4.00286E-09  1.57377E-12  5.62005E+04  0.00000E+00  1.0E-05
  7.500E-03  4.28368E-09  1.56872E-12  5.60201E+04  0.00000E+00  1.0E-05
  7.750E-03  4.57402E-09  1.56353E-12  5.58346E+04  0.00000E+00  1.0E-05
  8.000E-03  4.87388E-09  1.55819E-12  5.56440E+04  0.00000E+00  1.0E-05
  8.250E-03  5.18326E-09  1.55272E-12  5.54486E+04  0.00000E+00  1.0E-05
  8.500E-03  5.50215E-09  1.54711E-12  5.52483E+04  0.00000E+00  1.0E-05
  8.750E-03  5.83057E-09  1.54137E-12  5.50433E+04  0.00000E+00  1.0E-05
  9.000E-03  6.16850E-09  1.53550E-12  5.48336E+04  0.00000E+00  1.0E-05
  9.250E-03  6.51596E-09  1.52950E-12  5.46195E+04  0.00000E+00  1.0E-05
  9.500E-03  6.87293E-09  1.52338E-12  5.44008E+04  0.00000E+00  1.0E-05
  9.750E-03  7.23942E-09  1.51714E-12  5.41780E+04  0.00000E+00  1.0E-05
  1.000E-02  7.61544E-09  1.51078E-12  5.39509E+04  0.00000E+00  1.0E-05
  1.250E-02  1.18991E-08  1.44136E-12  5.14719E+04  0.00000E+00  1.0E-05
  1.500E-02  1.71347E-08  1.36385E-12  4.87041E+04  0.00000E+00  1.0E-05
  1.750E-02  2.33223E-08  1.28075E-12  4.57363E+04  0.00000E+00  1.0E-05
  2.000E-02  3.04617E-08  1.19495E-12  4.26724E+04  0.00000E+00  1.0E-05
  2.250E-02  3.85531E-08  1.10946E-12  3.96196E+04  0.00000E+00  1.0E-05
  2.500E-02  4.75965E-08  1.02619E-12  3.66459E+04  0.00000E+00  1.0E-05
  2.750E-02  5.75917E-08  9.46283E-13  3.37924E+04  0.00000E+00  1.0E-05
  3.000E-02  6.85389E-08  8.70803E-13  3.10969E+04  0.00000E+00  1.0E-05
  3.250E-02  8.04380E-08  8.00768E-13  2.85960E+04  0.00000E+00  1.0E-05
  3.500E-02  9.32891E-08  7.36581E-13  2.63038E+04  0.00000E+00  1.0E-05
  3.750E-02  1.07092E-07  6.77782E-13  2.42040E+04  0.00000E+00  1.0E-05
  4.000E-02  1.21847E-07  6.24263E-13  2.22928E+04  0.00000E+00  1.0E-05
  4.250E-02  1.37554E-07  5.75898E-13  2.05657E+04  0.00000E+00  1.0E-05
  4.500E-02  1.54213E-07  5.32538E-13  1.90173E+04  0.00000E+00  1.0E-05
  4.750E-02  1.71823E-07  4.93366E-13  1.76184E+04  0.00000E+00  1.0E-05
  5.000E-02  1.90386E-07  4.58019E-13  1.63561E+04  0.00000E+00  1.0E-05
  5.250E-02  2.09900E-07  4.26139E-13  1.52177E+04  0.00000E+00  1.0E-05
  5.500E-02  2.30367E-07  3.97511E-13  1.41954E+04  0.00000E+00  1.0E-05
  5.750E-02  2.51785E-07  3.71550E-13  1.32683E+04  0.00000E+00  1.0E-05
  6.000E-02  2.74156E-07  3.47978E-13  1.24265E+04  0.00000E+00  1.0E-05
  6.250E-02  2.97478E-07  3.26537E-13  1.16609E+04  0.00000E+00  1.0E-05
  6.500E-02  3.21752E-07  3.06994E-13  1.09630E+04  0.00000E+00  1.0E-05
  6.750E-02  3.46978E-07  2.89087E-13  1.03235E+04  0.00000E+00  1.0E-05
  7.000E-02  3.73156E-07  2.72638E-13  9.73608E+03  0.00000E+00  1.0E-05
  7.250E-02  4.00286E-07  2.57494E-13  9.19529E+03  0.00000E+00  1.0E-05
  7.500E-02  4.28368E-07  2.43484E-13  8.69499E+03  0.00000E+00  1.0E-05
  7.750E-02  4.57402E-07  2.30484E-13  8.23072E+03  0.00000E+00  1.0E-05
  8.000E-02  4.87388E-07  2.18410E-13  7.79957E+03  0.00000E+00  1.0E-05
  8.250E-02  5.18325E-07  2.07176E-13  7.39839E+03  0.00000E+00  1.0E-05
  8.500E-02  5.50215E-07  1.96672E-13  7.02329E+03  0.00000E+00  1.0E-05
  8.750E-02  5.83057E-07  1.86816E-13  6.67133E+03  0.00000E+00  1.0E-05
  9.000E-02  6.16850E-07  1.77589E-13  6.34182E+03  0.00000E+00  1.0E-05
  9.250E-02  6.51596E-07  1.68938E-13  6.03288E+03  0.00000E+00  1.0E-05
  9.500E-02  6.87293E-07  1.60801E-13  5.74230E+03  0.00000E+00  1.0E-05
  9.750E-02  7.23942E-07  1.53102E-13  5.46737E+03  0.00000E+00  1.0E-05
  1.000E-01  7.61543E-07  1.45857E-13  5.20864E+03  0.00000E+00  1.0E-05
  1.250E-01  1.18991E-06  9.18969E-14  3.28170E+03  0.00000E+00  1.0E-05
  1.500E-01  1.71347E-06  5.93202E-14  2.11836E+03  0.00000E+00  1.0E-05
  1.750E-01  2.33223E-06  4.03922E-14  1.44243E+03  0.00000E+00  1.0E-05
  2.000E-01  3.04617E-06  2.84733E-14  1.01680E+03  0.00000E+00  1.0E-05
  2.250E-01  3.85531E-06  2.05625E-14  7.34301E+02  0.00000E+00  1.0E-05
  2.500E-01  4.75964E-06  1.52061E-14  5.43020E+02  0.00000E+00  1.0E-05
  2.750E-01  5.75916E-06  1.14955E-14  4.10512E+02  0.00000E+00  1.0E-05
  3.000E-01  6.85388E-06  8.84385E-15  3.15820E+02  0.00000E+00  1.0E-05
  3.250E-01  8.04378E-06  6.88696E-15  2.45938E+02  0.00000E+00  1.0E-05
  3.500E-01  9.32888E-06  5.42143E-15  1.93603E+02  0.00000E+00  1.0E-05
  3.750E-01  1.07092E-05  4.32251E-15  1.54360E+02  0.00000E+00  1.0E-05
  4.000E-01  1.21846E-05  3.48580E-15  1.24480E+02  0.00000E+00  1.0E-05
  4.250E-01  1.37553E-05  2.83953E-15  1.01401E+02  0.00000E+00  1.0E-05
  4.500E-01  1.54212E-05  2.33424E-15  8.33573E+01  0.00000E+00  1.0E-05
  4.750E-01  1.71822E-05  1.93840E-15  6.92214E+01  0.00000E+00  1.0E-05
  5.000E-01  1.90385E-05  1.62396E-15  5.79928E+01  0.00000E+00  1.0E-05
  5.250E-01  2.09899E-05  1.37354E-15  4.90501E+01  0.00000E+00  1.0E-05
  5.500E-01  2.30365E-05  1.17011E-15  4.17854E+01  0.00000E+00  1.0E-05
  5.750E-01  2.51783E-05  1.00403E-15  3.58546E+01  0.00000E+00  1.0E-05
  6.000E-01  2.74153E-05  8.67196E-16  3.09681E+01  0.00000E+00  1.0E-05
  6.250E-01  2.97475E-05  7.53581E-16  2.69109E+01  0.00000E+00  1.0E-05
  6.500E-01  3.21749E-05  6.58443E-16  2.35134E+01  0.00000E+00  1.0E-05
  6.750E-01  3.46974E-05  5.77954E-16  2.06391E+01  0.00000E+00  1.0E-05
  7.000E-01  3.73152E-05  5.09670E-16  1.82007E+01  0.00000E+00  1.0E-05
  7.250E-01  4.00281E-05  4.51455E-16  1.61217E+01  0.00000E+00  1.0E-05
  7.500E-01  4.28362E-05  4.01389E-16  1.43339E+01  0.00000E+00  1.0E-05
  7.750E-01  4.57395E-05  3.58122E-16  1.27888E+01  0.00000E+00  1.0E-05
  8.000E-01  4.87380E-05  3.20583E-16  1.14482E+01  0.00000E+00  1.0E-05
  8.250E-01  5.18317E-05  2.87849E-16  1.02793E+01  0.00000E+00  1.0E-05
  8.500E-01  5.50205E-05  2.59124E-16  9.25349E+00  0.00000E+00  1.0E-05
  8.750E-01  5.83045E-05  2.33809E-16  8.34948E+00  0.00000E+00  1.0E-05
  9.000E-01  6.16838E-05  2.11493E-16  7.55254E+00  0.00000E+00  1.0E-05
  9.250E-01  6.51582E-05  1.91757E-16  6.84776E+00  0.00000E+00  1.0E-05
  9.500E-01  6.87277E-05  1.74236E-16  6.22206E+00  0.00000E+00  1.0E-05
  9.750E-01  7.23925E-05  1.58614E-16  5.66420E+00  0.00000E+00  1.0E-05
  1.000E+00  7.61524E-05  1.44696E-16  5.16719E+00  0.00000E+00  5.3E-06
  1.100E+00  9.21439E-05  1.02098E-16  3.64600E+00  0.00000E+00  3.9E-06
  1.200E+00  1.09658E-04  7.40033E-17  2.64271E+00  0.00000E+00  2.1E-06
  1.300E+00  1.28695E-04  5.49045E-17  1.96067E+00  0.00000E+00  4.2E-07
  1.400E+00  1.49255E-04  4.15607E-17  1.48416E+00  0.00000E+00  8.7E-07
  1.500E+00  1.71338E-04  3.20667E-17  1.14512E+00  0.00000E+00  1.5E-06
  1.600E+00  1.94942E-04  2.51479E-17  8.98049E-01  0.00000E+00  1.6E-06
  1.700E+00  2.20070E-04  2.00040E-17  7.14356E-01  0.00000E+00  1.3E-06
  1.800E+00  2.46720E-04  1.61115E-17  5.75352E-01  0.00000E+00  7.2E-07
  1.900E+00  2.74892E-04  1.31267E-17  4.68763E-01  0.00000E+00  1.1E-07
  2.000E+00  3.04586E-04  1.08059E-17  3.85886E-01  0.00000E+00  4.0E-07
  2.100E+00  3.35803E-04  8.97836E-18  3.20623E-01  0.00000E+00  6.9E-07
  2.200E+00  3.68542E-04  7.51988E-18  2.68540E-01  0.00000E+00  7.4E-07
  2.300E+00  4.02802E-04  6.34711E-18  2.26659E-01  0.00000E+00  5.9E-07
  2.400E+00  4.38585E-04  5.39507E-18  1.92662E-01  0.00000E+00  3.3E-07
  2.500E+00  4.75889E-04  4.61555E-18  1.64824E-01  0.00000E+00  1.0E-07
  2.600E+00  5.14715E-04  3.97120E-18  1.41814E-01  0.00000E+00  2.3E-07
  2.700E+00  5.55063E-04  3.43564E-18  1.22689E-01  0.00000E+00  3.8E-07
  2.800E+00  5.96931E-04  2.98757E-18  1.06688E-01  0.00000E+00  4.0E-07
  2.900E+00  6.40321E-04  2.61032E-18  9.32164E-02  0.00000E+00  3.2E-07
  3.000E+00  6.85233E-04  2.29060E-18  8.17987E-02  0.00000E+00  1.7E-07
  3.100E+00  7.31665E-04  2.01831E-18  7.20752E-02  0.00000E+00  1.0E-07
  3.200E+00  7.79618E-04  1.78538E-18  6.37570E-02  0.00000E+00  1.5E-07
  3.300E+00  8.29092E-04  1.58514E-18  5.66064E-02  0.00000E+00  2.4E-07
  3.400E+00  8.80086E-04  1.41216E-18  5.04293E-02  0.00000E+00  2.5E-07
  3.500E+00  9.32601E-04  1.26211E-18  4.50707E-02  0.00000E+00  2.0E-07
  3.600E+00  9.86636E-04  1.13151E-18  4.04068E-02  0.00000E+00  1.0E-07
  3.700E+00  1.04219E-03  1.01740E-18  3.63320E-02  0.00000E+00  1.0E-07
  3.800E+00  1.09927E-03  9.17329E-19  3.27584E-02  0.00000E+00  1.1E-07
  3.900E+00  1.15786E-03  8.29243E-19  2.96128E-02  0.00000E+00  1.6E-07
  4.000E+00  1.21797E-03  7.51510E-19  2.68369E-02  0.00000E+00  1.6E-07
  4.100E+00  1.27961E-03  6.82701E-19  2.43797E-02  0.00000E+00  1.3E-07
  4.200E+00  1.34276E-03  6.21609E-19  2.21981E-02  0.00000E+00  1.0E-07
  4.300E+00  1.40743E-03  5.67193E-19  2.02548E-02  0.00000E+00  1.0E-07
  4.400E+00  1.47362E-03  5.18625E-19  1.85204E-02  0.00000E+00  1.0E-07
  4.500E+00  1.54133E-03  4.75165E-19  1.69684E-02  0.00000E+00  1.1E-07
  4.600E+00  1.61056E-03  4.36180E-19  1.55763E-02  0.00000E+00  1.1E-07
  4.700E+00  1.68131E-03  4.01116E-19  1.43241E-02  0.00000E+00  1.0E-07
  4.800E+00  1.75357E-03  3.69519E-19  1.31958E-02  0.00000E+00  1.0E-07
  4.900E+00  1.82735E-03  3.40988E-19  1.21769E-02  0.00000E+00  1.0E-07
  5.000E+00  1.90265E-03  3.15171E-19  1.12550E-02  0.00000E+00  1.0E-07
  5.100E+00  1.97947E-03  2.91758E-19  1.04189E-02  0.00000E+00  1.0E-07
  5.200E+00  2.05780E-03  2.70488E-19  9.65930E-03  0.00000E+00  1.0E-07
  5.300E+00  2.13765E-03  2.51132E-19  8.96810E-03  0.00000E+00  1.0E-07
  5.400E+00  2.21902E-03  2.33487E-19  8.33797E-03  0.00000E+00  1.0E-07
  5.500E+00  2.30190E-03  2.17371E-19  7.76247E-03  0.00000E+00  1.0E-07
  5.600E+00  2.38630E-03  2.02628E-19  7.23598E-03  0.00000E+00  1.0E-07
  5.700E+00  2.47222E-03  1.89122E-19  6.75366E-03  0.00000E+00  1.0E-07
  5.800E+00  2.55965E-03  1.76729E-19  6.31112E-03  0.00000E+00  1.0E-07
  5.900E+00  2.64859E-03  1.65341E-19  5.90445E-03  0.00000E+00  1.0E-07
  6.000E+00  2.73905E-03  1.54860E-19  5.53016E-03  0.00000E+00  1.0E-07
  6.100E+00  2.83103E-03  1.45202E-19  5.18526E-03  0.00000E+00  1.0E-07
  6.200E+00  2.92452E-03  1.36291E-19  4.86703E-03  0.00000E+00  1.0E-07
  6.300E+00  3.01952E-03  1.28057E-19  4.57300E-03  0.00000E+00  1.0E-07
  6.400E+00  3.11604E-03  1.20439E-19  4.30096E-03  0.00000E+00  1.0E-07
  6.500E+00  3.21407E-03  1.13383E-19  4.04899E-03  0.00000E+00  1.0E-07
  6.600E+00  3.31362E-03  1.06841E-19  3.81535E-03  0.00000E+00  1.0E-07
  6.700E+00  3.41468E-03  1.00767E-19  3.59845E-03  0.00000E+00  1.0E-07
  6.800E+00  3.51725E-03  9.51208E-20  3.39682E-03  0.00000E+00  1.0E-07
  6.900E+00  3.62133E-03  8.98678E-20  3.20924E-03  0.00000E+00  1.0E-07
  7.000E+00  3.72692E-03  8.49754E-20  3.03453E-03  0.00000E+00  1.0E-07
  7.100E+00  3.83403E-03  8.04141E-20  2.87164E-03  0.00000E+00  1.0E-07
  7.200E+00  3.94265E-03  7.61568E-20  2.71961E-03  0.00000E+00  1.0E-07
  7.300E+00  4.05278E-03  7.21797E-20  2.57758E-03  0.00000E+00  1.0E-07
  7.400E+00  4.16442E-03  6.84611E-20  2.44479E-03  0.00000E+00  1.0E-07
  7.500E+00  4.27757E-03  6.49810E-20  2.32051E-03  0.00000E+00  1.0E-07
  7.600E+00  4.39223E-03  6.17208E-20  2.20409E-03  0.00000E+00  1.0E-07
  7.700E+00  4.50840E-03  5.86642E-20  2.09494E-03  0.00000E+00  1.0E-07
  7.800E+00  4.62608E-03  5.57962E-20  1.99252E-03  0.00000E+00  1.0E-07
  7.900E+00  4.74527E-03  5.31029E-20  1.89634E-03  0.00000E+00  1.0E-07
  8.000E+00  4.86597E-03  5.05715E-20  1.80594E-03  0.00000E+00  1.0E-07
  8.100E+00  4.98817E-03  4.81903E-20  1.72091E-03  0.00000E+00  1.0E-07
  8.200E+00  5.11188E-03  4.59491E-20  1.64087E-03  0.00000E+00  1.0E-07
  8.300E+00  5.23711E-03  4.38378E-20  1.56548E-03  0.00000E+00  1.0E-07
  8.400E+00  5.36383E-03  4.18475E-20  1.49440E-03  0.00000E+00  1.0E-07
  8.500E+00  5.49207E-03  3.99698E-20  1.42735E-03  0.00000E+00  1.0E-07
  8.600E+00  5.62181E-03  3.81974E-20  1.36405E-03  0.00000E+00  1.0E-07
  8.700E+00  5.75306E-03  3.65230E-20  1.30426E-03  0.00000E+00  1.0E-07
  8.800E+00  5.88581E-03  3.49403E-20  1.24774E-03  0.00000E+00  1.0E-07
  8.900E+00  6.02007E-03  3.34432E-20  1.19428E-03  0.00000E+00  1.0E-07
  9.000E+00  6.15583E-03  3.20262E-20  1.14368E-03  0.00000E+00  1.0E-07
  9.100E+00  6.29310E-03  3.06842E-20  1.09575E-03  0.00000E+00  1.0E-07
  9.200E+00  6.43187E-03  2.94126E-20  1.05034E-03  0.00000E+00  1.0E-07
  9.300E+00  6.57214E-03  2.82068E-20  1.00728E-03  0.00000E+00  1.0E-07
  9.400E+00  6.71392E-03  2.70627E-20  9.66426E-04  0.00000E+00  1.0E-07
  9.500E+00  6.85720E-03  2.59767E-20  9.27644E-04  0.00000E+00  1.0E-07
  9.600E+00  7.00198E-03  2.49453E-20  8.90812E-04  0.00000E+00  1.0E-07
  9.700E+00  7.14827E-03  2.39650E-20  8.55806E-04  0.00000E+00  1.0E-07
  9.800E+00  7.29605E-03  2.30329E-20  8.22521E-04  0.00000E+00  1.0E-07
  9.900E+00  7.44534E-03  2.21463E-20  7.90858E-04  0.00000E+00  1.0E-07
  1.000E+01  7.59612E-03  2.13024E-20  7.60722E-04  0.00000E+00  1.0E-07
  1.025E+01  7.97965E-03  1.93637E-20  6.91492E-04  0.00000E+00  1.0E-07
  1.050E+01  8.37255E-03  1.76430E-20  6.30045E-04  0.00000E+00  1.0E-07
  1.075E+01  8.77480E-03  1.61114E-20  5.75348E-04  0.00000E+00  1.0E-07
  1.100E+01  9.18641E-03  1.47443E-20  5.26528E-04  0.00000E+00  1.0E-07
  1.125E+01  9.60736E-03  1.35208E-20  4.82837E-04  0.00000E+00  1.0E-07
  1.150E+01  1.00376E-02  1.24232E-20  4.43640E-04  0.00000E+00  1.0E-07
  1.175E+01  1.04773E-02  1.14361E-20  4.08390E-04  0.00000E+00  1.0E-07
  1.200E+01  1.09262E-02  1.05463E-20  3.76617E-04  0.00000E+00  1.0E-07
  1.225E+01  1.13844E-02  9.74260E-21  3.47914E-04  0.00000E+00  1.0E-07
  1.250E+01  1.18520E-02  9.01500E-21  3.21931E-04  0.00000E+00  1.0E-07
  1.275E+01  1.23288E-02  8.35500E-21  2.98362E-04  0.00000E+00  1.0E-07
  1.300E+01  1.28150E-02  7.75515E-21  2.76941E-04  0.00000E+00  1.0E-07
  1.325E+01  1.33104E-02  7.20892E-21  2.57435E-04  0.00000E+00  1.0E-07
  1.350E+01  1.38150E-02  6.71071E-21  2.39644E-04  0.00000E+00  1.0E-07
  1.375E+01  1.43290E-02  6.25542E-21  2.23385E-04  0.00000E+00  1.0E-07
  1.400E+01  1.48521E-02  5.83869E-21  2.08503E-04  0.00000E+00  1.0E-07
  1.425E+01  1.53845E-02  5.45664E-21  1.94860E-04  0.00000E+00  1.0E-07
  1.450E+01  1.59262E-02  5.10586E-21  1.82333E-04  0.00000E+00  1.0E-07
  1.475E+01  1.64770E-02  4.78326E-21  1.70813E-04  0.00000E+00  1.0E-07
  1.500E+01  1.70371E-02  4.48617E-21  1.60204E-04  0.00000E+00  1.0E-07
  1.525E+01  1.76063E-02  4.21219E-21  1.50420E-04  0.00000E+00  1.0E-07
  1.550E+01  1.81848E-02  3.95918E-21  1.41385E-04  0.00000E+00  1.0E-07
  1.575E+01  1.87724E-02  3.72522E-21  1.33030E-04  0.00000E+00  1.0E-07
  1.600E+01  1.93692E-02  3.50859E-21  1.25294E-04  0.00000E+00  1.0E-07
  1.625E+01  1.99751E-02  3.30779E-21  1.18123E-04  0.00000E+00  1.0E-07
  1.650E+01  2.05901E-02  3.12141E-21  1.11468E-04  0.00000E+00  1.0E-07
  1.675E+01  2.12143E-02  2.94824E-21  1.05283E-04  0.00000E+00  1.0E-07
  1.700E+01  2.18476E-02  2.78713E-21  9.95302E-05  0.00000E+00  1.0E-07
  1.725E+01  2.24900E-02  2.63710E-21  9.41725E-05  0.00000E+00  1.0E-07
  1.750E+01  2.31415E-02  2.49724E-21  8.91779E-05  0.00000E+00  1.0E-07
  1.775E+01  2.38021E-02  2.36671E-21  8.45169E-05  0.00000E+00  1.0E-07
  1.800E+01  2.44717E-02  2.24478E-21  8.01626E-05  0.00000E+00  1.0E-07
  1.825E+01  2.51504E-02  2.13077E-21  7.60910E-05  0.00000E+00  1.0E-07
  1.850E+01  2.58382E-02  2.02406E-21  7.22803E-05  0.00000E+00  1.0E-07
  1.875E+01  2.65349E-02  1.92409E-21  6.87104E-05  0.00000E+00  1.0E-07
  1.900E+01  2.72407E-02  1.83035E-21  6.53629E-05  0.00000E+00  1.0E-07
  1.925E+01  2.79555E-02  1.74238E-21  6.22214E-05  0.00000E+00  1.0E-07
  1.950E+01  2.86793E-02  1.65975E-21  5.92706E-05  0.00000E+00  1.0E-07
  1.975E+01  2.94120E-02  1.58207E-21  5.64968E-05  0.00000E+00  1.0E-07
  2.000E+01  3.01537E-02  1.50899E-21  5.38870E-05  0.00000E+00  1.0E-07
  2.025E+01  3.09043E-02  1.44018E-21  5.14297E-05  0.00000E+00  1.0E-07
  2.050E+01  3.16639E-02  1.37534E-21  4.91142E-05  0.00000E+00  1.0E-07
  2.075E+01  3.24324E-02  1.31419E-21  4.69307E-05  0.00000E+00  1.0E-07
  2.100E+01  3.32098E-02  1.25649E-21  4.48701E-05  0.00000E+00  1.0E-07
  2.125E+01  3.39961E-02  1.20200E-21  4.29241E-05  0.00000E+00  1.0E-07
  2.150E+01  3.47912E-02  1.15050E-21  4.10851E-05  0.00000E+00  1.0E-07
  2.175E+01  3.55952E-02  1.10180E-21  3.93461E-05  0.00000E+00  1.0E-07
  2.200E+01  3.64081E-02  1.05572E-21  3.77003E-05  0.00000E+00  1.0E-07
  2.225E+01  3.72297E-02  1.01208E-21  3.61419E-05  0.00000E+00  1.0E-07
  2.250E+01  3.80602E-02  9.70728E-22  3.46653E-05  0.00000E+00  1.0E-07
  2.275E+01  3.88995E-02  9.31524E-22  3.32653E-05  0.00000E+00  1.0E-07
  2.300E+01  3.97476E-02  8.94330E-22  3.19371E-05  0.00000E+00  1.0E-07
  2.325E+01  4.06044E-02  8.59022E-22  3.06762E-05  0.00000E+00  1.0E-07
  2.350E+01  4.14700E-02  8.25487E-22  2.94787E-05  0.00000E+00  1.0E-07
  2.375E+01  4.23443E-02  7.93616E-22  2.83405E-05  0.00000E+00  1.0E-07
  2.400E+01  4.32273E-02  7.63310E-22  2.72583E-05  0.00000E+00  1.0E-07
  2.425E+01  4.41190E-02  7.34475E-22  2.62286E-05  0.00000E+00  1.0E-07
  2.450E+01  4.50194E-02  7.07027E-22  2.52484E-05  0.00000E+00  1.0E-07
  2.475E+01  4.59284E-02  6.80884E-22  2.43148E-05  0.00000E+00  1.0E-07
  2.500E+01  4.68461E-02  6.55972E-22  2.34252E-05  0.00000E+00  1.0E-07
  2.550E+01  4.87074E-02  6.09565E-22  2.17679E-05  0.00000E+00  1.0E-07
  2.600E+01  5.06030E-02  5.67299E-22  2.02586E-05  0.00000E+00  1.0E-07
  2.650E+01  5.25328E-02  5.28733E-22  1.88814E-05  0.00000E+00  1.0E-07
  2.700E+01  5.44967E-02  4.93478E-22  1.76224E-05  0.00000E+00  1.0E-07
  2.750E+01  5.64946E-02  4.61195E-22  1.64696E-05  0.00000E+00  1.0E-07
  2.800E+01  5.85262E-02  4.31582E-22  1.54121E-05  0.00000E+00  1.0E-07
  2.850E+01  6.05914E-02  4.04374E-22  1.44405E-05  0.00000E+00  1.0E-07
  2.900E+01  6.26901E-02  3.79338E-22  1.35464E-05  0.00000E+00  1.0E-07
  2.950E+01  6.48222E-02  3.56265E-22  1.27224E-05  0.00000E+00  1.0E-07
  3.000E+01  6.69873E-02  3.34969E-22  1.19620E-05  0.00000E+00  1.0E-07
  3.050E+01  6.91854E-02  3.15287E-22  1.12591E-05  0.00000E+00  1.0E-07
  3.100E+01  7.14163E-02  2.97072E-22  1.06086E-05  0.00000E+00  1.0E-07
  3.150E+01  7.36799E-02  2.80191E-22  1.00058E-05  0.00000E+00  1.0E-07
  3.200E+01  7.59760E-02  2.64527E-22  9.44642E-06  0.00000E+00  1.0E-07
  3.250E+01  7.83043E-02  2.49974E-22  8.92674E-06  0.00000E+00  1.0E-07
  3.300E+01  8.06647E-02  2.36438E-22  8.44334E-06  0.00000E+00  1.0E-07
  3.350E+01  8.30571E-02  2.23831E-22  7.99316E-06  0.00000E+00  1.0E-07
  3.400E+01  8.54812E-02  2.12079E-22  7.57347E-06  0.00000E+00  1.0E-07
  3.450E+01  8.79369E-02  2.01110E-22  7.18176E-06  0.00000E+00  1.0E-07
  3.500E+01  9.04240E-02  1.90861E-22  6.81578E-06  0.00000E+00  1.0E-07
  3.550E+01  9.29422E-02  1.81276E-22  6.47349E-06  0.00000E+00  1.0E-07
  3.600E+01  9.54915E-02  1.72303E-22  6.15304E-06  0.00000E+00  1.0E-07
  3.650E+01  9.80716E-02  1.63894E-22  5.85274E-06  0.00000E+00  1.0E-07
  3.700E+01  1.00682E-01  1.56006E-22  5.57107E-06  0.00000E+00  1.0E-07
  3.750E+01  1.03323E-01  1.48600E-22  5.30660E-06  0.00000E+00  1.0E-07
  3.800E+01  1.05995E-01  1.41641E-22  5.05809E-06  0.00000E+00  1.0E-07
  3.850E+01  1.08696E-01  1.35096E-22  4.82435E-06  0.00000E+00  1.0E-07
  3.900E+01  1.11427E-01  1.28935E-22  4.60434E-06  0.00000E+00  1.0E-07
  3.950E+01  1.14188E-01  1.23130E-22  4.39706E-06  0.00000E+00  1.0E-07
  4.000E+01  1.16978E-01  1.17658E-22  4.20163E-06  0.00000E+00  1.0E-07
  4.050E+01  1.19797E-01  1.12494E-22  4.01723E-06  0.00000E+00  1.0E-07
  4.100E+01  1.22645E-01  1.07618E-22  3.84310E-06  0.00000E+00  1.0E-07
  4.150E+01  1.25522E-01  1.03010E-22  3.67855E-06  0.00000E+00  1.0E-07
  4.200E+01  1.28428E-01  9.86521E-23  3.52293E-06  0.00000E+00  1.0E-07
  4.250E+01  1.31361E-01  9.45282E-23  3.37566E-06  0.00000E+00  1.0E-07
  4.300E+01  1.34323E-01  9.06227E-23  3.23620E-06  0.00000E+00  1.0E-07
  4.350E+01  1.37313E-01  8.69217E-23  3.10403E-06  0.00000E+00  1.0E-07
  4.400E+01  1.40330E-01  8.34122E-23  2.97870E-06  0.00000E+00  1.0E-07
  4.450E+01  1.43375E-01  8.00822E-23  2.85979E-06  0.00000E+00  1.0E-07
  4.500E+01  1.46447E-01  7.69204E-23  2.74688E-06  0.00000E+00  1.0E-07
  4.550E+01  1.49545E-01  7.39166E-23  2.63961E-06  0.00000E+00  1.0E-07
  4.600E+01  1.52671E-01  7.10612E-23  2.53764E-06  0.00000E+00  1.0E-07
  4.650E+01  1.55823E-01  6.83452E-23  2.44065E-06  0.00000E+00  1.0E-07
  4.700E+01  1.59001E-01  6.57604E-23  2.34835E-06  0.00000E+00  1.0E-07
  4.750E+01  1.62205E-01  6.32989E-23  2.26045E-06  0.00000E+00  1.0E-07
  4.800E+01  1.65435E-01  6.09537E-23  2.17670E-06  0.00000E+00  1.0E-07
  4.850E+01  1.68690E-01  5.87182E-23  2.09686E-06  0.00000E+00  1.0E-07
  4.900E+01  1.71970E-01  5.65859E-23  2.02072E-06  0.00000E+00  1.0E-07
  4.950E+01  1.75276E-01  5.45512E-23  1.94806E-06  0.00000E+00  1.0E-07
  5.000E+01  1.78606E-01  5.26086E-23  1.87869E-06  0.00000E+00  1.0E-07
  5.050E+01  1.81961E-01  5.07531E-23  1.81243E-06  0.00000E+00  1.0E-07
  5.100E+01  1.85340E-01  4.89799E-23  1.74910E-06  0.00000E+00  1.0E-07
  5.150E+01  1.88743E-01  4.72844E-23  1.68856E-06  0.00000E+00  1.0E-07
  5.200E+01  1.92169E-01  4.56627E-23  1.63064E-06  0.00000E+00  1.0E-07
  5.250E+01  1.95619E-01  4.41106E-23  1.57522E-06  0.00000E+00  1.0E-07
  5.300E+01  1.99092E-01  4.26247E-23  1.52216E-06  0.00000E+00  1.0E-07
  5.350E+01  2.02589E-01  4.12015E-23  1.47133E-06  0.00000E+00  1.0E-07
  5.400E+01  2.06107E-01  3.98377E-23  1.42263E-06  0.00000E+00  1.0E-07
  5.450E+01  2.09649E-01  3.85304E-23  1.37595E-06  0.00000E+00  1.0E-07
  5.500E+01  2.13212E-01  3.72767E-23  1.33117E-06  0.00000E+00  1.0E-07
  5.550E+01  2.16797E-01  3.60739E-23  1.28822E-06  0.00000E+00  1.0E-07
  5.600E+01  2.20404E-01  3.49195E-23  1.24700E-06  0.00000E+00  1.0E-07
  5.650E+01  2.24032E-01  3.38111E-23  1.20741E-06  0.00000E+00  1.0E-07
  5.700E+01  2.27680E-01  3.27464E-23  1.16940E-06  0.00000E+00  1.0E-07
  5.750E+01  2.31350E-01  3.17234E-23  1.13286E-06  0.00000E+00  1.0E-07
  5.800E+01  2.35040E-01  3.07401E-23  1.09775E-06  0.00000E+00  1.0E-07
  5.850E+01  2.38751E-01  2.97946E-23  1.06399E-06  0.00000E+00  1.0E-07
  5.900E+01  2.42481E-01  2.88852E-23  1.03151E-06  0.00000E+00  1.0E-07
  5.950E+01  2.46231E-01  2.80101E-23  1.00026E-06  0.00000E+00  1.0E-07
  6.000E+01  2.50000E-01  2.71678E-23  9.70181E-07  0.00000E+00  1.0E-07
  6.050E+01  2.53788E-01  2.63568E-23  9.41219E-07  0.00000E+00  1.0E-07
  6.100E+01  2.57595E-01  2.55757E-23  9.13324E-07  0.00000E+00  1.0E-07
  6.150E+01  2.61421E-01  2.48231E-23  8.86448E-07  0.00000E+00  1.0E-07
  6.200E+01  2.65264E-01  2.40977E-23  8.60544E-07  0.00000E+00  1.0E-07
  6.250E+01  2.69126E-01  2.33984E-23  8.35571E-07  0.00000E+00  1.0E-07
  6.300E+01  2.73005E-01  2.27240E-23  8.11487E-07  0.00000E+00  1.0E-07
  6.350E+01  2.76901E-01  2.20734E-23  7.88254E-07  0.00000E+00  1.0E-07
  6.400E+01  2.80814E-01  2.14456E-23  7.65836E-07  0.00000E+00  1.0E-07
  6.450E+01  2.84744E-01  2.08397E-23  7.44198E-07  0.00000E+00  1.0E-07
  6.500E+01  2.88691E-01  2.02546E-23  7.23306E-07  0.00000E+00  1.0E-07
  6.550E+01  2.92653E-01  1.96897E-23  7.03130E-07  0.00000E+00  1.0E-07
  6.600E+01  2.96632E-01  1.91439E-23  6.83639E-07  0.00000E+00  1.0E-07
  6.650E+01  3.00625E-01  1.86164E-23  6.64805E-07  0.00000E+00  1.0E-07
  6.700E+01  3.04634E-01  1.81067E-23  6.46601E-07  0.00000E+00  1.0E-07
  6.750E+01  3.08658E-01  1.76138E-23  6.29001E-07  0.00000E+00  1.0E-07
  6.800E+01  3.12697E-01  1.71372E-23  6.11981E-07  0.00000E+00  1.0E-07
  6.850E+01  3.16749E-01  1.66762E-23  5.95518E-07  0.00000E+00  1.0E-07
  6.900E+01  3.20816E-01  1.62302E-23  5.79590E-07  0.00000E+00  1.0E-07
  6.950E+01  3.24896E-01  1.57985E-23  5.64175E-07  0.00000E+00  1.0E-07
  7.000E+01  3.28990E-01  1.53807E-23  5.49253E-07  0.00000E+00  1.0E-07
  7.050E+01  3.33097E-01  1.49761E-23  5.34806E-07  0.00000E+00  1.0E-07
  7.100E+01  3.37216E-01  1.45843E-23  5.20814E-07  0.00000E+00  1.0E-07
  7.150E+01  3.41348E-01  1.42048E-23  5.07261E-07  0.00000E+00  1.0E-07
  7.200E+01  3.45492E-01  1.38370E-23  4.94129E-07  0.00000E+00  1.0E-07
  7.250E+01  3.49647E-01  1.34806E-23  4.81403E-07  0.00000E+00  1.0E-07
  7.300E+01  3.53814E-01  1.31352E-23  4.69067E-07  0.00000E+00  1.0E-07
  7.350E+01  3.57992E-01  1.28003E-23  4.57107E-07  0.00000E+00  1.0E-07
  7.400E+01  3.62181E-01  1.24755E-23  4.45509E-07  0.00000E+00  1.0E-07
  7.450E+01  3.66381E-01  1.21605E-23  4.34259E-07  0.00000E+00  1.0E-07
  7.500E+01  3.70590E-01  1.18549E-23  4.23346E-07  0.00000E+00  1.0E-07
  7.550E+01  3.74810E-01  1.15584E-23  4.12757E-07  0.00000E+00  1.0E-07
  7.600E+01  3.79039E-01  1.12706E-23  4.02480E-07  0.00000E+00  1.0E-07
  7.650E+01  3.83277E-01  1.09912E-23  3.92503E-07  0.00000E+00  1.0E-07
  7.700E+01  3.87524E-01  1.07200E-23  3.82817E-07  0.00000E+00  1.0E-07
  7.750E+01  3.91780E-01  1.04566E-23  3.73411E-07  0.00000E+00  1.0E-07
  7.800E+01  3.96044E-01  1.02007E-23  3.64275E-07  0.00000E+00  1.0E-07
  7.850E+01  4.00316E-01  9.95221E-24  3.55400E-07  0.00000E+00  1.0E-07
  7.900E+01  4.04596E-01  9.71073E-24  3.46776E-07  0.00000E+00  1.0E-07
  7.950E+01  4.08882E-01  9.47606E-24  3.38396E-07  0.00000E+00  1.0E-07
  8.000E+01  4.13176E-01  9.24797E-24  3.30251E-07  0.00000E+00  1.0E-07
  8.050E+01  4.17476E-01  9.02623E-24  3.22333E-07  0.00000E+00  1.0E-07
  8.100E+01  4.21783E-01  8.81064E-24  3.14634E-07  0.00000E+00  1.0E-07
  8.150E+01  4.26095E-01  8.60097E-24  3.07146E-07  0.00000E+00  1.0E-07
  8.200E+01  4.30413E-01  8.39705E-24  2.99864E-07  0.00000E+00  1.0E-07
  8.250E+01  4.34737E-01  8.19866E-24  2.92780E-07  0.00000E+00  1.0E-07
  8.300E+01  4.39065E-01  8.00564E-24  2.85887E-07  0.00000E+00  1.0E-07
  8.350E+01  4.43398E-01  7.81781E-24  2.79179E-07  0.00000E+00  1.0E-07
  8.400E+01  4.47736E-01  7.63500E-24  2.72651E-07  0.00000E+00  1.0E-07
  8.450E+01  4.52077E-01  7.45705E-24  2.66296E-07  0.00000E+00  1.0E-07
  8.500E+01  4.56422E-01  7.28381E-24  2.60109E-07  0.00000E+00  1.0E-07
  8.550E+01  4.60770E-01  7.11512E-24  2.54085E-07  0.00000E+00  1.0E-07
  8.600E+01  4.65122E-01  6.95084E-24  2.48219E-07  0.00000E+00  1.0E-07
  8.650E+01  4.69476E-01  6.79083E-24  2.42505E-07  0.00000E+00  1.0E-07
  8.700E+01  4.73832E-01  6.63496E-24  2.36939E-07  0.00000E+00  1.0E-07
  8.750E+01  4.78190E-01  6.48310E-24  2.31516E-07  0.00000E+00  1.0E-07
  8.800E+01  4.82550E-01  6.33511E-24  2.26231E-07  0.00000E+00  1.0E-07
  8.850E+01  4.86912E-01  6.19090E-24  2.21081E-07  0.00000E+00  1.0E-07
  8.900E+01  4.91274E-01  6.05033E-24  2.16061E-07  0.00000E+00  1.0E-07
  8.950E+01  4.95637E-01  5.91330E-24  2.11168E-07  0.00000E+00  1.0E-07
  9.000E+01  5.00000E-01  5.77970E-24  2.06397E-07  0.00000E+00  1.0E-07
  9.050E+01  5.04363E-01  5.64944E-24  2.01745E-07  0.00000E+00  1.0E-07
  9.100E+01  5.08726E-01  5.52240E-24  1.97209E-07  0.00000E+00  1.0E-07
  9.150E+01  5.13088E-01  5.39850E-24  1.92784E-07  0.00000E+00  1.0E-07
  9.200E+01  5.17450E-01  5.27764E-24  1.88468E-07  0.00000E+00  1.0E-07
  9.250E+01  5.21810E-01  5.15974E-24  1.84258E-07  0.00000E+00  1.0E-07
  9.300E+01  5.26168E-01  5.04470E-24  1.80149E-07  0.00000E+00  1.0E-07
  9.350E+01  5.30524E-01  4.93244E-24  1.76141E-07  0.00000E+00  1.0E-07
  9.400E+01  5.34878E-01  4.82288E-24  1.72228E-07  0.00000E+00  1.0E-07
  9.450E+01  5.39230E-01  4.71594E-24  1.68409E-07  0.00000E+00  1.0E-07
  9.500E+01  5.43578E-01  4.61156E-24  1.64682E-07  0.00000E+00  1.0E-07
  9.550E+01  5.47923E-01  4.50965E-24  1.61042E-07  0.00000E+00  1.0E-07
  9.600E+01  5.52264E-01  4.41015E-24  1.57489E-07  0.00000E+00  1.0E-07
  9.650E+01  5.56602E-01  4.31299E-24  1.54020E-07  0.00000E+00  1.0E-07
  9.700E+01  5.60935E-01  4.21811E-24  1.50631E-07  0.00000E+00  1.0E-07
  9.750E+01  5.65263E-01  4.12544E-24  1.47322E-07  0.00000E+00  1.0E-07
  9.800E+01  5.69587E-01  4.03492E-24  1.44090E-07  0.00000E+00  1.0E-07
  9.850E+01  5.73905E-01  3.94649E-24  1.40932E-07  0.00000E+00  1.0E-07
  9.900E+01  5.78217E-01  3.86009E-24  1.37846E-07  0.00000E+00  1.0E-07
  9.950E+01  5.82524E-01  3.77567E-24  1.34832E-07  0.00000E+00  1.0E-07
  1.000E+02  5.86824E-01  3.69317E-24  1.31886E-07  0.00000E+00  1.0E-07
  1.005E+02  5.91118E-01  3.61255E-24  1.29006E-07  0.00000E+00  1.0E-07
  1.010E+02  5.95404E-01  3.53375E-24  1.26192E-07  0.00000E+00  1.0E-07
  1.015E+02  5.99684E-01  3.45673E-24  1.23442E-07  0.00000E+00  1.0E-07
  1.020E+02  6.03956E-01  3.38143E-24  1.20753E-07  0.00000E+00  1.0E-07
  1.025E+02  6.08220E-01  3.30782E-24  1.18124E-07  0.00000E+00  1.0E-07
  1.030E+02  6.12476E-01  3.23584E-24  1.15554E-07  0.00000E+00  1.0E-07
  1.035E+02  6.16723E-01  3.16546E-24  1.13041E-07  0.00000E+00  1.0E-07
  1.040E+02  6.20961E-01  3.09663E-24  1.10583E-07  0.00000E+00  1.0E-07
  1.045E+02  6.25190E-01  3.02932E-24  1.08179E-07  0.00000E+00  1.0E-07
  1.050E+02  6.29410E-01  2.96348E-24  1.05828E-07  0.00000E+00  1.0E-07
  1.055E+02  6.33619E-01  2.89907E-24  1.03528E-07  0.00000E+00  1.0E-07
  1.060E+02  6.37819E-01  2.83607E-24  1.01278E-07  0.00000E+00  1.0E-07
  1.065E+02  6.42008E-01  2.77443E-24  9.90766E-08  0.00000E+00  1.0E-07
  1.070E+02  6.46186E-01  2.71412E-24  9.69230E-08  0.00000E+00  1.0E-07
  1.075E+02  6.50353E-01  2.65511E-24  9.48157E-08  0.00000E+00  1.0E-07
  1.080E+02  6.54508E-01  2.59736E-24  9.27535E-08  0.00000E+00  1.0E-07
  1.085E+02  6.58652E-01  2.54085E-24  9.07355E-08  0.00000E+00  1.0E-07
  1.090E+02  6.62784E-01  2.48554E-24  8.87603E-08  0.00000E+00  1.0E-07
  1.095E+02  6.66903E-01  2.43141E-24  8.68271E-08  0.00000E+00  1.0E-07
  1.100E+02  6.71010E-01  2.37841E-24  8.49347E-08  0.00000E+00  1.0E-07
  1.105E+02  6.75104E-01  2.32654E-24  8.30822E-08  0.00000E+00  1.0E-07
  1.110E+02  6.79184E-01  2.27575E-24  8.12686E-08  0.00000E+00  1.0E-07
  1.115E+02  6.83251E-01  2.22603E-24  7.94930E-08  0.00000E+00  1.0E-07
  1.120E+02  6.87303E-01  2.17735E-24  7.77545E-08  0.00000E+00  1.0E-07
  1.125E+02  6.91342E-01  2.12968E-24  7.60522E-08  0.00000E+00  1.0E-07
  1.130E+02  6.95366E-01  2.08300E-24  7.43852E-08  0.00000E+00  1.0E-07
  1.135E+02  6.99375E-01  2.03728E-24  7.27527E-08  0.00000E+00  1.0E-07
  1.140E+02  7.03368E-01  1.99251E-24  7.11539E-08  0.00000E+00  1.0E-07
  1.145E+02  7.07347E-01  1.94866E-24  6.95880E-08  0.00000E+00  1.0E-07
  1.150E+02  7.11309E-01  1.90571E-24  6.80543E-08  0.00000E+00  1.0E-07
  1.155E+02  7.15256E-01  1.86364E-24  6.65519E-08  0.00000E+00  1.0E-07
  1.160E+02  7.19186E-01  1.82243E-24  6.50802E-08  0.00000E+00  1.0E-07
  1.165E+02  7.23099E-01  1.78206E-24  6.36385E-08  0.00000E+00  1.0E-07
  1.170E+02  7.26995E-01  1.74251E-24  6.22260E-08  0.00000E+00  1.0E-07
  1.175E+02  7.30874E-01  1.70375E-24  6.08422E-08  0.00000E+00  1.0E-07
  1.180E+02  7.34736E-01  1.66579E-24  5.94863E-08  0.00000E+00  1.0E-07
  1.185E+02  7.38579E-01  1.62858E-24  5.81577E-08  0.00000E+00  1.0E-07
  1.190E+02  7.42405E-01  1.59213E-24  5.68560E-08  0.00000E+00  1.0E-07
  1.195E+02  7.46212E-01  1.55641E-24  5.55803E-08  0.00000E+00  1.0E-07
  1.200E+02  7.50000E-01  1.52140E-24  5.43302E-08  0.00000E+00  1.0E-07
  1.205E+02  7.53769E-01  1.48710E-24  5.31051E-08  0.00000E+00  1.0E-07
  1.210E+02  7.57519E-01  1.45347E-24  5.19045E-08  0.00000E+00  1.0E-07
  1.215E+02  7.61249E-01  1.42052E-24  5.07278E-08  0.00000E+00  1.0E-07
  1.220E+02  7.64960E-01  1.38823E-24  4.95745E-08  0.00000E+00  1.0E-07
  1.225E+02  7.68650E-01  1.35657E-24  4.84441E-08  0.00000E+00  1.0E-07
  1.230E+02  7.72320E-01  1.32554E-24  4.73361E-08  0.00000E+00  1.0E-07
  1.235E+02  7.75968E-01  1.29513E-24  4.62500E-08  0.00000E+00  1.0E-07
  1.240E+02  7.79596E-01  1.26532E-24  4.51854E-08  0.00000E+00  1.0E-07
  1.245E+02  7.83203E-01  1.23609E-24  4.41417E-08  0.00000E+00  1.0E-07
  1.250E+02  7.86788E-01  1.20745E-24  4.31187E-08  0.00000E+00  1.0E-07
  1.255E+02  7.90351E-01  1.17936E-24  4.21158E-08  0.00000E+00  1.0E-07
  1.260E+02  7.93893E-01  1.15183E-24  4.11326E-08  0.00000E+00  1.0E-07
  1.265E+02  7.97411E-01  1.12484E-24  4.01687E-08  0.00000E+00  1.0E-07
  1.270E+02  8.00908E-01  1.09838E-24  3.92238E-08  0.00000E+00  1.0E-07
  1.275E+02  8.04381E-01  1.07243E-24  3.82973E-08  0.00000E+00  1.0E-07
  1.280E+02  8.07831E-01  1.04700E-24  3.73891E-08  0.00000E+00  1.0E-07
  1.285E+02  8.11257E-01  1.02206E-24  3.64986E-08  0.00000E+00  1.0E-07
  1.290E+02  8.14660E-01  9.97616E-25  3.56255E-08  0.00000E+00  1.0E-07
  1.295E+02  8.18039E-01  9.73646E-25  3.47695E-08  0.00000E+00  1.0E-07
  1.300E+02  8.21394E-01  9.50145E-25  3.39303E-08  0.00000E+00  1.0E-07
  1.305E+02  8.24724E-01  9.27103E-25  3.31074E-08  0.00000E+00  1.0E-07
  1.310E+02  8.28030E-01  9.04512E-25  3.23007E-08  0.00000E+00  1.0E-07
  1.315E+02  8.31310E-01  8.82362E-25  3.15097E-08  0.00000E+00  1.0E-07
  1.320E+02  8.34565E-01  8.60646E-25  3.07342E-08  0.00000E+00  1.0E-07
  1.325E+02  8.37795E-01  8.39354E-25  2.99739E-08  0.00000E+00  1.0E-07
  1.330E+02  8.40999E-01  8.18479E-25  2.92284E-08  0.00000E+00  1.0E-07
  1.335E+02  8.44177E-01  7.98012E-25  2.84975E-08  0.00000E+00  1.0E-07
  1.340E+02  8.47329E-01  7.77947E-25  2.77810E-08  0.00000E+00  1.0E-07
  1.345E+02  8.50455E-01  7.58275E-25  2.70785E-08  0.00000E+00  1.0E-07
  1.350E+02  8.53553E-01  7.38988E-25  2.63898E-08  0.00000E+00  1.0E-07
  1.355E+02  8.56625E-01  7.20081E-25  2.57146E-08  0.00000E+00  1.0E-07
  1.360E+02  8.59670E-01  7.01546E-25  2.50527E-08  0.00000E+00  1.0E-07
  1.365E+02  8.62687E-01  6.83375E-25  2.44038E-08  0.00000E+00  1.0E-07
  1.370E+02  8.65677E-01  6.65563E-25  2.37677E-08  0.00000E+00  1.0E-07
  1.375E+02  8.68639E-01  6.48103E-25  2.31442E-08  0.00000E+00  1.0E-07
  1.380E+02  8.71572E-01  6.30989E-25  2.25330E-08  0.00000E+00  1.0E-07
  1.385E+02  8.74478E-01  6.14214E-25  2.19340E-08  0.00000E+00  1.0E-07
  1.390E+02  8.77355E-01  5.97772E-25  2.13468E-08  0.00000E+00  1.0E-07
  1.395E+02  8.80203E-01  5.81658E-25  2.07714E-08  0.00000E+00  1.0E-07
  1.400E+02  8.83022E-01  5.65866E-25  2.02074E-08  0.00000E+00  1.0E-07
  1.405E+02  8.85812E-01  5.50389E-25  1.96548E-08  0.00000E+00  1.0E-07
  1.410E+02  8.88573E-01  5.35224E-25  1.91132E-08  0.00000E+00  1.0E-07
  1.415E+02  8.91304E-01  5.20364E-25  1.85825E-08  0.00000E+00  1.0E-07
  1.420E+02  8.94005E-01  5.05805E-25  1.80626E-08  0.00000E+00  1.0E-07
  1.425E+02  8.96677E-01  4.91541E-25  1.75532E-08  0.00000E+00  1.0E-07
  1.430E+02  8.99318E-01  4.77567E-25  1.70542E-08  0.00000E+00  1.0E-07
  1.435E+02  9.01928E-01  4.63879E-25  1.65654E-08  0.00000E+00  1.0E-07
  1.440E+02  9.04508E-01  4.50472E-25  1.60866E-08  0.00000E+00  1.0E-07
  1.445E+02  9.07058E-01  4.37341E-25  1.56177E-08  0.00000E+00  1.0E-07
  1.450E+02  9.09576E-01  4.24482E-25  1.51585E-08  0.00000E+00  1.0E-07
  1.455E+02  9.12063E-01  4.11890E-25  1.47089E-08  0.00000E+00  1.0E-07
  1.460E+02  9.14519E-01  3.99562E-25  1.42686E-08  0.00000E+00  1.0E-07
  1.465E+02  9.16943E-01  3.87494E-25  1.38377E-08  0.00000E+00  1.0E-07
  1.470E+02  9.19335E-01  3.75680E-25  1.34158E-08  0.00000E+00  1.0E-07
  1.475E+02  9.21696E-01  3.64118E-25  1.30029E-08  0.00000E+00  1.0E-07
  1.480E+02  9.24024E-01  3.52804E-25  1.25988E-08  0.00000E+00  1.0E-07
  1.485E+02  9.26320E-01  3.41733E-25  1.22035E-08  0.00000E+00  1.0E-07
  1.490E+02  9.28584E-01  3.30902E-25  1.18167E-08  0.00000E+00  1.0E-07
  1.495E+02  9.30815E-01  3.20308E-25  1.14384E-08  0.00000E+00  1.0E-07
  1.500E+02  9.33013E-01  3.09947E-25  1.10684E-08  0.00000E+00  1.0E-07
  1.505E+02  9.35178E-01  2.99816E-25  1.07066E-08  0.00000E+00  1.0E-07
  1.510E+02  9.37310E-01  2.89912E-25  1.03530E-08  0.00000E+00  1.0E-07
  1.515E+02  9.39409E-01  2.80231E-25  1.00072E-08  0.00000E+00  1.0E-07
  1.520E+02  9.41474E-01  2.70771E-25  9.66940E-09  0.00000E+00  1.0E-07
  1.525E+02  9.43505E-01  2.61527E-25  9.33931E-09  0.00000E+00  1.0E-07
  1.530E+02  9.45503E-01  2.52499E-25  9.01689E-09  0.00000E+00  1.0E-07
  1.535E+02  9.47467E-01  2.43681E-25  8.70201E-09  0.00000E+00  1.0E-07
  1.540E+02  9.49397E-01  2.35073E-25  8.39459E-09  0.00000E+00  1.0E-07
  1.545E+02  9.51293E-01  2.26670E-25  8.09453E-09  0.00000E+00  1.0E-07
  1.550E+02  9.53154E-01  2.18471E-25  7.80174E-09  0.00000E+00  1.0E-07
  1.555E+02  9.54981E-01  2.10473E-25  7.51611E-09  0.00000E+00  1.0E-07
  1.560E+02  9.56773E-01  2.02673E-25  7.23757E-09  0.00000E+00  1.0E-07
  1.565E+02  9.58530E-01  1.95069E-25  6.96603E-09  0.00000E+00  1.0E-07
  1.570E+02  9.60252E-01  1.87658E-25  6.70139E-09  0.00000E+00  1.0E-07
  1.575E+02  9.61940E-01  1.80439E-25  6.44360E-09  0.00000E+00  1.0E-07
  1.580E+02  9.63592E-01  1.73409E-25  6.19255E-09  0.00000E+00  1.0E-07
  1.585E+02  9.65209E-01  1.66566E-25  5.94818E-09  0.00000E+00  1.0E-07
  1.590E+02  9.66790E-01  1.59908E-25  5.71041E-09  0.00000E+00  1.0E-07
  1.595E+02  9.68336E-01  1.53432E-25  5.47917E-09  0.00000E+00  1.0E-07
  1.600E+02  9.69846E-01  1.47138E-25  5.25438E-09  0.00000E+00  1.0E-07
  1.605E+02  9.71321E-01  1.41022E-25  5.03599E-09  0.00000E+00  1.0E-07
  1.610E+02  9.72759E-01  1.35083E-25  4.82392E-09  0.00000E+00  1.0E-07
  1.615E+02  9.74162E-01  1.29320E-25  4.61811E-09  0.00000E+00  1.0E-07
  1.620E+02  9.75528E-01  1.23730E-25  4.41849E-09  0.00000E+00  1.0E-07
  1.625E+02  9.76858E-01  1.18313E-25  4.22502E-09  0.00000E+00  1.0E-07
  1.630E+02  9.78152E-01  1.13065E-25  4.03762E-09  0.00000E+00  1.0E-07
  1.635E+02  9.79410E-01  1.07986E-25  3.85625E-09  0.00000E+00  1.0E-07
  1.640E+02  9.80631E-01  1.03074E-25  3.68085E-09  0.00000E+00  1.0E-07
  1.645E+02  9.81815E-01  9.83284E-26  3.51137E-09  0.00000E+00  1.0E-07
  1.650E+02  9.82963E-01  9.37467E-26  3.34775E-09  0.00000E+00  1.0E-07
  1.655E+02  9.84074E-01  8.93279E-26  3.18996E-09  0.00000E+00  1.0E-07
  1.660E+02  9.85148E-01  8.50708E-26  3.03793E-09  0.00000E+00  1.0E-07
  1.665E+02  9.86185E-01  8.09741E-26  2.89164E-09  0.00000E+00  1.0E-07
  1.670E+02  9.87185E-01  7.70365E-26  2.75102E-09  0.00000E+00  1.0E-07
  1.675E+02  9.88148E-01  7.32570E-26  2.61605E-09  0.00000E+00  1.0E-07
  1.680E+02  9.89074E-01  6.96343E-26  2.48669E-09  0.00000E+00  1.0E-07
  1.685E+02  9.89962E-01  6.61676E-26  2.36289E-09  0.00000E+00  1.0E-07
  1.690E+02  9.90814E-01  6.28556E-26  2.24461E-09  0.00000E+00  1.0E-07
  1.695E+02  9.91627E-01  5.96975E-26  2.13184E-09  0.00000E+00  1.0E-07
  1.700E+02  9.92404E-01  5.66924E-26  2.02452E-09  0.00000E+00  1.0E-07
  1.705E+02  9.93143E-01  5.38393E-26  1.92264E-09  0.00000E+00  1.0E-07
  1.710E+02  9.93844E-01  5.11375E-26  1.82615E-09  0.00000E+00  1.0E-07
  1.715E+02  9.94508E-01  4.85861E-26  1.73504E-09  0.00000E+00  1.0E-07
  1.720E+02  9.95134E-01  4.61844E-26  1.64928E-09  0.00000E+00  1.0E-07
  1.725E+02  9.95722E-01  4.39317E-26  1.56883E-09  0.00000E+00  1.0E-07
  1.730E+02  9.96273E-01  4.18274E-26  1.49369E-09  0.00000E+00  1.0E-07
  1.735E+02  9.96786E-01  3.98709E-26  1.42382E-09  0.00000E+00  1.0E-07
  1.740E+02  9.97261E-01  3.80615E-26  1.35920E-09  0.00000E+00  1.0E-07
  1.745E+02  9.97698E-01  3.63988E-26  1.29983E-09  0.00000E+00  1.0E-07
  1.750E+02  9.98097E-01  3.48823E-26  1.24567E-09  0.00000E+00  1.0E-07
  1.755E+02  9.98459E-01  3.35115E-26  1.19672E-09  0.00000E+00  1.0E-07
  1.760E+02  9.98782E-01  3.22861E-26  1.15296E-09  0.00000E+00  1.0E-07
  1.765E+02  9.99067E-01  3.12057E-26  1.11437E-09  0.00000E+00  1.0E-07
  1.770E+02  9.99315E-01  3.02699E-26  1.08096E-09  0.00000E+00  1.0E-07
  1.775E+02  9.99524E-01  2.94786E-26  1.05270E-09  0.00000E+00  1.0E-07
  1.780E+02  9.99695E-01  2.88314E-26  1.02959E-09  0.00000E+00  1.0E-07
  1.785E+02  9.99829E-01  2.83283E-26  1.01162E-09  0.00000E+00  1.0E-07
  1.790E+02  9.99924E-01  2.79690E-26  9.98792E-10  0.00000E+00  1.0E-07
  1.795E+02  9.99981E-01  2.77535E-26  9.91095E-10  0.00000E+00  1.0E-07
  1.800E+02  1.00000E+00  2.76817E-26  9.88530E-10  0.00000E+00  1.0E-07
