 #
 # Subroutine ELSEPA. Elastic scattering of electrons and positrons
 #                    by neutral atoms and positive ions
 #
 # Projectile: electron
 # Kinetic energy = 3.70000E+06 eV = 1.35973E+05 a.u.
 #
 # WARNING: High-energy factorization with free-atom DF screening.
 #          Absorption, polarization and exchange corrections are
 #          switched off.
 #          Phase shifts are calculated for the bare nucleus.
 #          Scattering amplitudes are not evaluated.
 #
 # Element: Ta,  Z =  73,  atomic weight = 1.80948E+02 g/mol
 #
 # Nuclear model: Fermi distribution
 #                Average radius = 6.05204E-13 cm
 #                Skin thickness = 5.46000E-14 cm
 #
 # Number of electrons = 73
 #
 # Total elastic cross section = 7.54871E-18 cm**2 = 2.69569E-01 a0**2
 # 1st transport cross section = 4.88589E-22 cm**2 = 1.74478E-05 a0**2
 # 2nd transport cross section = 1.31656E-21 cm**2 = 4.70151E-05 a0**2
 #
 #
 # Differential cross section:                       MU=(1-COS(THETA))/2
 #
 #  THETA        MU          DCS          DCS        Sherman      error
 #  (deg)                 (cm**2/sr)   (a0**2/sr)    function
 #----------------------------------------------------------------------
  0.000E+00  0.00000E+00  1.06434E-12  3.80083E+04  0.00000E+00  1.0E-05
  1.000E-04  7.61557E-13  1.06433E-12  3.80081E+04  0.00000E+00  1.0E-05
  1.250E-04  1.18994E-12  1.06433E-12  3.80080E+04  0.00000E+00  1.0E-05
  1.500E-04  1.71346E-12  1.06433E-12  3.80078E+04  0.00000E+00  1.0E-05
  1.750E-04  2.33225E-12  1.06432E-12  3.80077E+04  0.00000E+00  1.0E-05
  2.000E-04  3.04617E-12  1.06432E-12  3.80075E+04  0.00000E+00  1.0E-05
  2.250E-04  3.85530E-12  1.06431E-12  3.80073E+04  0.00000E+00  1.0E-05
  2.500E-04  4.75964E-12  1.06431E-12  3.80071E+04  0.00000E+00  1.0E-05
  2.750E-04  5.75917E-12  1.06430E-12  3.80068E+04  0.00000E+00  1.0E-05
  3.000E-04  6.85391E-12  1.06429E-12  3.80066E+04  0.00000E+00  1.0E-05
  3.250E-04  8.04379E-12  1.06428E-12  3.80063E+04  0.00000E+00  1.0E-05
  3.500E-04  9.32893E-12  1.06428E-12  3.80060E+04  0.00000E+00  1.0E-05
  3.750E-04  1.07092E-11  1.06427E-12  3.80056E+04  0.00000E+00  1.0E-05
  4.000E-04  1.21847E-11  1.06426E-12  3.80053E+04  0.00000E+00  1.0E-05
  4.250E-04  1.37554E-11  1.06424E-12  3.80049E+04  0.00000E+00  1.0E-05
  4.500E-04  1.54213E-11  1.06423E-12  3.80045E+04  0.00000E+00  1.0E-05
  4.750E-04  1.71823E-11  1.06422E-12  3.80040E+04  0.00000E+00  1.0E-05
  5.000E-04  1.90386E-11  1.06421E-12  3.80036E+04  0.00000E+00  1.0E-05
  5.250E-04  2.09900E-11  1.06419E-12  3.80031E+04  0.00000E+00  1.0E-05
  5.500E-04  2.30367E-11  1.06418E-12  3.80026E+04  0.00000E+00  1.0E-05
  5.750E-04  2.51785E-11  1.06417E-12  3.80021E+04  0.00000E+00  1.0E-05
  6.000E-04  2.74156E-11  1.06415E-12  3.80015E+04  0.00000E+00  1.0E-05
  6.250E-04  2.97478E-11  1.06413E-12  3.80009E+04  0.00000E+00  1.0E-05
  6.500E-04  3.21752E-11  1.06412E-12  3.80003E+04  0.00000E+00  1.0E-05
  6.750E-04  3.46979E-11  1.06410E-12  3.79997E+04  0.00000E+00  1.0E-05
  7.000E-04  3.73157E-11  1.06408E-12  3.79990E+04  0.00000E+00  1.0E-05
  7.250E-04  4.00286E-11  1.06406E-12  3.79984E+04  0.00000E+00  1.0E-05
  7.500E-04  4.28368E-11  1.06404E-12  3.79977E+04  0.00000E+00  1.0E-05
  7.750E-04  4.57402E-11  1.06402E-12  3.79970E+04  0.00000E+00  1.0E-05
  8.000E-04  4.87388E-11  1.06400E-12  3.79962E+04  0.00000E+00  1.0E-05
  8.250E-04  5.18325E-11  1.06398E-12  3.79955E+04  0.00000E+00  1.0E-05
  8.500E-04  5.50215E-11  1.06396E-12  3.79947E+04  0.00000E+00  1.0E-05
  8.750E-04  5.83057E-11  1.06394E-12  3.79939E+04  0.00000E+00  1.0E-05
  9.000E-04  6.16850E-11  1.06391E-12  3.79930E+04  0.00000E+00  1.0E-05
  9.250E-04  6.51595E-11  1.06389E-12  3.79922E+04  0.00000E+00  1.0E-05
  9.500E-04  6.87293E-11  1.06386E-12  3.79913E+04  0.00000E+00  1.0E-05
  9.750E-04  7.23943E-11  1.06384E-12  3.79904E+04  0.00000E+00  1.0E-05
  1.000E-03  7.61544E-11  1.06381E-12  3.79894E+04  0.00000E+00  1.0E-05
  1.250E-03  1.18991E-10  1.06352E-12  3.79788E+04  0.00000E+00  1.0E-05
  1.500E-03  1.71347E-10  1.06315E-12  3.79659E+04  0.00000E+00  1.0E-05
  1.750E-03  2.33223E-10  1.06273E-12  3.79506E+04  0.00000E+00  1.0E-05
  2.000E-03  3.04617E-10  1.06223E-12  3.79330E+04  0.00000E+00  1.0E-05
  2.250E-03  3.85531E-10  1.06167E-12  3.79130E+04  0.00000E+00  1.0E-05
  2.500E-03  4.75965E-10  1.06105E-12  3.78907E+04  0.00000E+00  1.0E-05
  2.750E-03  5.75917E-10  1.06036E-12  3.78661E+04  0.00000E+00  1.0E-05
  3.000E-03  6.85389E-10  1.05960E-12  3.78391E+04  0.00000E+00  1.0E-05
  3.250E-03  8.04380E-10  1.05878E-12  3.78099E+04  0.00000E+00  1.0E-05
  3.500E-03  9.32891E-10  1.05790E-12  3.77783E+04  0.00000E+00  1.0E-05
  3.750E-03  1.07092E-09  1.05695E-12  3.77445E+04  0.00000E+00  1.0E-05
  4.000E-03  1.21847E-09  1.05594E-12  3.77084E+04  0.00000E+00  1.0E-05
  4.250E-03  1.37554E-09  1.05487E-12  3.76700E+04  0.00000E+00  1.0E-05
  4.500E-03  1.54213E-09  1.05373E-12  3.76293E+04  0.00000E+00  1.0E-05
  4.750E-03  1.71823E-09  1.05253E-12  3.75864E+04  0.00000E+00  1.0E-05
  5.000E-03  1.90386E-09  1.05126E-12  3.75413E+04  0.00000E+00  1.0E-05
  5.250E-03  2.09900E-09  1.04994E-12  3.74940E+04  0.00000E+00  1.0E-05
  5.500E-03  2.30367E-09  1.04855E-12  3.74445E+04  0.00000E+00  1.0E-05
  5.750E-03  2.51785E-09  1.04710E-12  3.73927E+04  0.00000E+00  1.0E-05
  6.000E-03  2.74156E-09  1.04559E-12  3.73388E+04  0.00000E+00  1.0E-05
  6.250E-03  2.97478E-09  1.04402E-12  3.72828E+04  0.00000E+00  1.0E-05
  6.500E-03  3.21752E-09  1.04239E-12  3.72246E+04  0.00000E+00  1.0E-05
  6.750E-03  3.46978E-09  1.04071E-12  3.71643E+04  0.00000E+00  1.0E-05
  7.000E-03  3.73156E-09  1.03896E-12  3.71019E+04  0.00000E+00  1.0E-05
  7.250E-03  4.00286E-09  1.03715E-12  3.70374E+04  0.00000E+00  1.0E-05
  7.500E-03  4.28368E-09  1.03529E-12  3.69708E+04  0.00000E+00  1.0E-05
  7.750E-03  4.57402E-09  1.03337E-12  3.69022E+04  0.00000E+00  1.0E-05
  8.000E-03  4.87388E-09  1.03139E-12  3.68315E+04  0.00000E+00  1.0E-05
  8.250E-03  5.18326E-09  1.02935E-12  3.67589E+04  0.00000E+00  1.0E-05
  8.500E-03  5.50215E-09  1.02726E-12  3.66843E+04  0.00000E+00  1.0E-05
  8.750E-03  5.83057E-09  1.02512E-12  3.66077E+04  0.00000E+00  1.0E-05
  9.000E-03  6.16850E-09  1.02292E-12  3.65291E+04  0.00000E+00  1.0E-05
  9.250E-03  6.51596E-09  1.02067E-12  3.64487E+04  0.00000E+00  1.0E-05
  9.500E-03  6.87293E-09  1.01836E-12  3.63663E+04  0.00000E+00  1.0E-05
  9.750E-03  7.23942E-09  1.01600E-12  3.62821E+04  0.00000E+00  1.0E-05
  1.000E-02  7.61544E-09  1.01359E-12  3.61960E+04  0.00000E+00  1.0E-05
  1.250E-02  1.18991E-08  9.86801E-13  3.52393E+04  0.00000E+00  1.0E-05
  1.500E-02  1.71347E-08  9.55563E-13  3.41238E+04  0.00000E+00  1.0E-05
  1.750E-02  2.33223E-08  9.20823E-13  3.28832E+04  0.00000E+00  1.0E-05
  2.000E-02  3.04617E-08  8.83392E-13  3.15465E+04  0.00000E+00  1.0E-05
  2.250E-02  3.85531E-08  8.43954E-13  3.01381E+04  0.00000E+00  1.0E-05
  2.500E-02  4.75965E-08  8.03299E-13  2.86863E+04  0.00000E+00  1.0E-05
  2.750E-02  5.75917E-08  7.62223E-13  2.72195E+04  0.00000E+00  1.0E-05
  3.000E-02  6.85389E-08  7.21337E-13  2.57594E+04  0.00000E+00  1.0E-05
  3.250E-02  8.04380E-08  6.81055E-13  2.43209E+04  0.00000E+00  1.0E-05
  3.500E-02  9.32891E-08  6.41760E-13  2.29176E+04  0.00000E+00  1.0E-05
  3.750E-02  1.07092E-07  6.03910E-13  2.15660E+04  0.00000E+00  1.0E-05
  4.000E-02  1.21847E-07  5.67733E-13  2.02741E+04  0.00000E+00  1.0E-05
  4.250E-02  1.37554E-07  5.33341E-13  1.90460E+04  0.00000E+00  1.0E-05
  4.500E-02  1.54213E-07  5.00741E-13  1.78818E+04  0.00000E+00  1.0E-05
  4.750E-02  1.71823E-07  4.70107E-13  1.67878E+04  0.00000E+00  1.0E-05
  5.000E-02  1.90386E-07  4.41426E-13  1.57636E+04  0.00000E+00  1.0E-05
  5.250E-02  2.09900E-07  4.14648E-13  1.48073E+04  0.00000E+00  1.0E-05
  5.500E-02  2.30367E-07  3.89599E-13  1.39128E+04  0.00000E+00  1.0E-05
  5.750E-02  2.51785E-07  3.66318E-13  1.30815E+04  0.00000E+00  1.0E-05
  6.000E-02  2.74156E-07  3.44706E-13  1.23097E+04  0.00000E+00  1.0E-05
  6.250E-02  2.97478E-07  3.24657E-13  1.15937E+04  0.00000E+00  1.0E-05
  6.500E-02  3.21752E-07  3.06000E-13  1.09275E+04  0.00000E+00  1.0E-05
  6.750E-02  3.46978E-07  2.88690E-13  1.03093E+04  0.00000E+00  1.0E-05
  7.000E-02  3.73156E-07  2.72641E-13  9.73618E+03  0.00000E+00  1.0E-05
  7.250E-02  4.00286E-07  2.57754E-13  9.20455E+03  0.00000E+00  1.0E-05
  7.500E-02  4.28368E-07  2.43894E-13  8.70962E+03  0.00000E+00  1.0E-05
  7.750E-02  4.57402E-07  2.30996E-13  8.24903E+03  0.00000E+00  1.0E-05
  8.000E-02  4.87388E-07  2.19006E-13  7.82083E+03  0.00000E+00  1.0E-05
  8.250E-02  5.18325E-07  2.07847E-13  7.42236E+03  0.00000E+00  1.0E-05
  8.500E-02  5.50215E-07  1.97428E-13  7.05027E+03  0.00000E+00  1.0E-05
  8.750E-02  5.83057E-07  1.87677E-13  6.70208E+03  0.00000E+00  1.0E-05
  9.000E-02  6.16850E-07  1.78573E-13  6.37697E+03  0.00000E+00  1.0E-05
  9.250E-02  6.51596E-07  1.70063E-13  6.07305E+03  0.00000E+00  1.0E-05
  9.500E-02  6.87293E-07  1.62086E-13  5.78819E+03  0.00000E+00  1.0E-05
  9.750E-02  7.23942E-07  1.54574E-13  5.51992E+03  0.00000E+00  1.0E-05
  1.000E-01  7.61543E-07  1.47526E-13  5.26826E+03  0.00000E+00  1.0E-05
  1.250E-01  1.18991E-06  9.56491E-14  3.41569E+03  0.00000E+00  1.0E-05
  1.500E-01  1.71347E-06  6.40456E-14  2.28711E+03  0.00000E+00  1.0E-05
  1.750E-01  2.33223E-06  4.50545E-14  1.60892E+03  0.00000E+00  1.0E-05
  2.000E-01  3.04617E-06  3.26369E-14  1.16548E+03  0.00000E+00  1.0E-05
  2.250E-01  3.85531E-06  2.40552E-14  8.59027E+02  0.00000E+00  1.0E-05
  2.500E-01  4.75964E-06  1.80987E-14  6.46318E+02  0.00000E+00  1.0E-05
  2.750E-01  5.75916E-06  1.39026E-14  4.96472E+02  0.00000E+00  1.0E-05
  3.000E-01  6.85388E-06  1.08612E-14  3.87859E+02  0.00000E+00  1.0E-05
  3.250E-01  8.04378E-06  8.58503E-15  3.06577E+02  0.00000E+00  1.0E-05
  3.500E-01  9.32888E-06  6.85227E-15  2.44699E+02  0.00000E+00  1.0E-05
  3.750E-01  1.07092E-05  5.53209E-15  1.97555E+02  0.00000E+00  1.0E-05
  4.000E-01  1.21846E-05  4.51017E-15  1.61061E+02  0.00000E+00  1.0E-05
  4.250E-01  1.37553E-05  3.70643E-15  1.32359E+02  0.00000E+00  1.0E-05
  4.500E-01  1.54212E-05  3.06504E-15  1.09455E+02  0.00000E+00  1.0E-05
  4.750E-01  1.71822E-05  2.55553E-15  9.12598E+01  0.00000E+00  1.0E-05
  5.000E-01  1.90385E-05  2.14559E-15  7.66205E+01  0.00000E+00  1.0E-05
  5.250E-01  2.09899E-05  1.81615E-15  6.48558E+01  0.00000E+00  1.0E-05
  5.500E-01  2.30365E-05  1.54566E-15  5.51964E+01  0.00000E+00  1.0E-05
  5.750E-01  2.51783E-05  1.32389E-15  4.72771E+01  0.00000E+00  1.0E-05
  6.000E-01  2.74153E-05  1.14072E-15  4.07360E+01  0.00000E+00  1.0E-05
  6.250E-01  2.97475E-05  9.88523E-16  3.53008E+01  0.00000E+00  1.0E-05
  6.500E-01  3.21749E-05  8.61318E-16  3.07582E+01  0.00000E+00  1.0E-05
  6.750E-01  3.46974E-05  7.53945E-16  2.69239E+01  0.00000E+00  1.0E-05
  7.000E-01  3.73152E-05  6.63173E-16  2.36823E+01  0.00000E+00  1.0E-05
  7.250E-01  4.00281E-05  5.86123E-16  2.09308E+01  0.00000E+00  1.0E-05
  7.500E-01  4.28362E-05  5.20230E-16  1.85778E+01  0.00000E+00  1.0E-05
  7.750E-01  4.57395E-05  4.63576E-16  1.65546E+01  0.00000E+00  1.0E-05
  8.000E-01  4.87380E-05  4.14623E-16  1.48065E+01  0.00000E+00  1.0E-05
  8.250E-01  5.18317E-05  3.72100E-16  1.32879E+01  0.00000E+00  1.0E-05
  8.500E-01  5.50205E-05  3.34932E-16  1.19606E+01  0.00000E+00  1.0E-05
  8.750E-01  5.83045E-05  3.02289E-16  1.07949E+01  0.00000E+00  1.0E-05
  9.000E-01  6.16838E-05  2.73575E-16  9.76954E+00  0.00000E+00  1.0E-05
  9.250E-01  6.51582E-05  2.48229E-16  8.86441E+00  0.00000E+00  1.0E-05
  9.500E-01  6.87277E-05  2.25762E-16  8.06212E+00  0.00000E+00  1.0E-05
  9.750E-01  7.23925E-05  2.05758E-16  7.34777E+00  0.00000E+00  1.0E-05
  1.000E+00  7.61524E-05  1.87942E-16  6.71152E+00  0.00000E+00  9.2E-06
  1.100E+00  9.21439E-05  1.33395E-16  4.76361E+00  0.00000E+00  6.9E-06
  1.200E+00  1.09658E-04  9.72712E-17  3.47362E+00  0.00000E+00  3.7E-06
  1.300E+00  1.28695E-04  7.25491E-17  2.59077E+00  0.00000E+00  7.4E-07
  1.400E+00  1.49255E-04  5.51430E-17  1.96919E+00  0.00000E+00  1.5E-06
  1.500E+00  1.71338E-04  4.26903E-17  1.52450E+00  0.00000E+00  2.7E-06
  1.600E+00  1.94942E-04  3.35683E-17  1.19875E+00  0.00000E+00  2.9E-06
  1.700E+00  2.20070E-04  2.67547E-17  9.55427E-01  0.00000E+00  2.3E-06
  1.800E+00  2.46720E-04  2.15776E-17  7.70551E-01  0.00000E+00  1.3E-06
  1.900E+00  2.74892E-04  1.75991E-17  6.28474E-01  0.00000E+00  2.0E-07
  2.000E+00  3.04586E-04  1.44997E-17  5.17792E-01  0.00000E+00  6.9E-07
  2.100E+00  3.35803E-04  1.20555E-17  4.30508E-01  0.00000E+00  1.2E-06
  2.200E+00  3.68542E-04  1.01025E-17  3.60766E-01  0.00000E+00  1.3E-06
  2.300E+00  4.02802E-04  8.53127E-18  3.04657E-01  0.00000E+00  1.0E-06
  2.400E+00  4.38585E-04  7.25525E-18  2.59090E-01  0.00000E+00  5.8E-07
  2.500E+00  4.75889E-04  6.21005E-18  2.21765E-01  0.00000E+00  1.0E-07
  2.600E+00  5.14715E-04  5.34602E-18  1.90910E-01  0.00000E+00  3.9E-07
  2.700E+00  5.55063E-04  4.62770E-18  1.65258E-01  0.00000E+00  6.6E-07
  2.800E+00  5.96931E-04  4.02663E-18  1.43794E-01  0.00000E+00  7.1E-07
  2.900E+00  6.40321E-04  3.52048E-18  1.25719E-01  0.00000E+00  5.7E-07
  3.000E+00  6.85233E-04  3.09139E-18  1.10395E-01  0.00000E+00  3.1E-07
  3.100E+00  7.31665E-04  2.72585E-18  9.73420E-02  0.00000E+00  1.0E-07
  3.200E+00  7.79618E-04  2.41302E-18  8.61705E-02  0.00000E+00  2.5E-07
  3.300E+00  8.29092E-04  2.14399E-18  7.65631E-02  0.00000E+00  4.1E-07
  3.400E+00  8.80086E-04  1.91145E-18  6.82590E-02  0.00000E+00  4.3E-07
  3.500E+00  9.32601E-04  1.70960E-18  6.10509E-02  0.00000E+00  3.4E-07
  3.600E+00  9.86636E-04  1.53381E-18  5.47732E-02  0.00000E+00  1.8E-07
  3.700E+00  1.04219E-03  1.38011E-18  4.92848E-02  0.00000E+00  1.0E-07
  3.800E+00  1.09927E-03  1.24523E-18  4.44681E-02  0.00000E+00  1.8E-07
  3.900E+00  1.15786E-03  1.12640E-18  4.02246E-02  0.00000E+00  2.8E-07
  4.000E+00  1.21797E-03  1.02146E-18  3.64771E-02  0.00000E+00  2.9E-07
  4.100E+00  1.27961E-03  9.28503E-19  3.31574E-02  0.00000E+00  2.2E-07
  4.200E+00  1.34276E-03  8.45908E-19  3.02079E-02  0.00000E+00  1.1E-07
  4.300E+00  1.40743E-03  7.72270E-19  2.75783E-02  0.00000E+00  1.0E-07
  4.400E+00  1.47362E-03  7.06498E-19  2.52295E-02  0.00000E+00  1.3E-07
  4.500E+00  1.54133E-03  6.47604E-19  2.31264E-02  0.00000E+00  2.0E-07
  4.600E+00  1.61056E-03  5.94739E-19  2.12385E-02  0.00000E+00  2.0E-07
  4.700E+00  1.68131E-03  5.47151E-19  1.95391E-02  0.00000E+00  1.5E-07
  4.800E+00  1.75357E-03  5.04242E-19  1.80068E-02  0.00000E+00  1.0E-07
  4.900E+00  1.82735E-03  4.65472E-19  1.66223E-02  0.00000E+00  1.0E-07
  5.000E+00  1.90265E-03  4.30370E-19  1.53688E-02  0.00000E+00  1.0E-07
  5.100E+00  1.97947E-03  3.98517E-19  1.42313E-02  0.00000E+00  1.5E-07
  5.200E+00  2.05780E-03  3.69564E-19  1.31974E-02  0.00000E+00  1.5E-07
  5.300E+00  2.13765E-03  3.43203E-19  1.22560E-02  0.00000E+00  1.1E-07
  5.400E+00  2.21902E-03  3.19162E-19  1.13975E-02  0.00000E+00  1.0E-07
  5.500E+00  2.30190E-03  2.97194E-19  1.06130E-02  0.00000E+00  1.0E-07
  5.600E+00  2.38630E-03  2.77088E-19  9.89497E-03  0.00000E+00  1.0E-07
  5.700E+00  2.47222E-03  2.58662E-19  9.23698E-03  0.00000E+00  1.1E-07
  5.800E+00  2.55965E-03  2.41750E-19  8.63306E-03  0.00000E+00  1.1E-07
  5.900E+00  2.64859E-03  2.26204E-19  8.07788E-03  0.00000E+00  1.0E-07
  6.000E+00  2.73905E-03  2.11890E-19  7.56674E-03  0.00000E+00  1.0E-07
  6.100E+00  2.83103E-03  1.98698E-19  7.09562E-03  0.00000E+00  1.0E-07
  6.200E+00  2.92452E-03  1.86522E-19  6.66083E-03  0.00000E+00  1.0E-07
  6.300E+00  3.01952E-03  1.75270E-19  6.25901E-03  0.00000E+00  1.0E-07
  6.400E+00  3.11604E-03  1.64857E-19  5.88714E-03  0.00000E+00  1.0E-07
  6.500E+00  3.21407E-03  1.55210E-19  5.54265E-03  0.00000E+00  1.0E-07
  6.600E+00  3.31362E-03  1.46264E-19  5.22317E-03  0.00000E+00  1.0E-07
  6.700E+00  3.41468E-03  1.37957E-19  4.92654E-03  0.00000E+00  1.0E-07
  6.800E+00  3.51725E-03  1.30234E-19  4.65075E-03  0.00000E+00  1.0E-07
  6.900E+00  3.62133E-03  1.23048E-19  4.39413E-03  0.00000E+00  1.0E-07
  7.000E+00  3.72692E-03  1.16355E-19  4.15510E-03  0.00000E+00  1.0E-07
  7.100E+00  3.83403E-03  1.10114E-19  3.93223E-03  0.00000E+00  1.0E-07
  7.200E+00  3.94265E-03  1.04288E-19  3.72419E-03  0.00000E+00  1.0E-07
  7.300E+00  4.05278E-03  9.88453E-20  3.52983E-03  0.00000E+00  1.0E-07
  7.400E+00  4.16442E-03  9.37561E-20  3.34809E-03  0.00000E+00  1.0E-07
  7.500E+00  4.27757E-03  8.89929E-20  3.17800E-03  0.00000E+00  1.0E-07
  7.600E+00  4.39223E-03  8.45306E-20  3.01864E-03  0.00000E+00  1.0E-07
  7.700E+00  4.50840E-03  8.03467E-20  2.86923E-03  0.00000E+00  1.0E-07
  7.800E+00  4.62608E-03  7.64208E-20  2.72904E-03  0.00000E+00  1.0E-07
  7.900E+00  4.74527E-03  7.27341E-20  2.59738E-03  0.00000E+00  1.0E-07
  8.000E+00  4.86597E-03  6.92688E-20  2.47363E-03  0.00000E+00  1.0E-07
  8.100E+00  4.98817E-03  6.60092E-20  2.35723E-03  0.00000E+00  1.0E-07
  8.200E+00  5.11188E-03  6.29409E-20  2.24766E-03  0.00000E+00  1.0E-07
  8.300E+00  5.23711E-03  6.00507E-20  2.14445E-03  0.00000E+00  1.0E-07
  8.400E+00  5.36383E-03  5.73261E-20  2.04715E-03  0.00000E+00  1.0E-07
  8.500E+00  5.49207E-03  5.47555E-20  1.95536E-03  0.00000E+00  1.0E-07
  8.600E+00  5.62181E-03  5.23290E-20  1.86870E-03  0.00000E+00  1.0E-07
  8.700E+00  5.75306E-03  5.00369E-20  1.78685E-03  0.00000E+00  1.0E-07
  8.800E+00  5.88581E-03  4.78702E-20  1.70948E-03  0.00000E+00  1.0E-07
  8.900E+00  6.02007E-03  4.58207E-20  1.63629E-03  0.00000E+00  1.0E-07
  9.000E+00  6.15583E-03  4.38808E-20  1.56701E-03  0.00000E+00  1.0E-07
  9.100E+00  6.29310E-03  4.20438E-20  1.50141E-03  0.00000E+00  1.0E-07
  9.200E+00  6.43187E-03  4.03029E-20  1.43924E-03  0.00000E+00  1.0E-07
  9.300E+00  6.57214E-03  3.86522E-20  1.38030E-03  0.00000E+00  1.0E-07
  9.400E+00  6.71392E-03  3.70861E-20  1.32437E-03  0.00000E+00  1.0E-07
  9.500E+00  6.85720E-03  3.55995E-20  1.27128E-03  0.00000E+00  1.0E-07
  9.600E+00  7.00198E-03  3.41876E-20  1.22086E-03  0.00000E+00  1.0E-07
  9.700E+00  7.14827E-03  3.28458E-20  1.17294E-03  0.00000E+00  1.0E-07
  9.800E+00  7.29605E-03  3.15699E-20  1.12738E-03  0.00000E+00  1.0E-07
  9.900E+00  7.44534E-03  3.03562E-20  1.08404E-03  0.00000E+00  1.0E-07
  1.000E+01  7.59612E-03  2.92010E-20  1.04279E-03  0.00000E+00  1.0E-07
  1.025E+01  7.97965E-03  2.65474E-20  9.48025E-04  0.00000E+00  1.0E-07
  1.050E+01  8.37255E-03  2.41922E-20  8.63918E-04  0.00000E+00  1.0E-07
  1.075E+01  8.77480E-03  2.20957E-20  7.89052E-04  0.00000E+00  1.0E-07
  1.100E+01  9.18641E-03  2.02245E-20  7.22229E-04  0.00000E+00  1.0E-07
  1.125E+01  9.60736E-03  1.85499E-20  6.62428E-04  0.00000E+00  1.0E-07
  1.150E+01  1.00376E-02  1.70475E-20  6.08778E-04  0.00000E+00  1.0E-07
  1.175E+01  1.04773E-02  1.56964E-20  5.60529E-04  0.00000E+00  1.0E-07
  1.200E+01  1.09262E-02  1.44786E-20  5.17038E-04  0.00000E+00  1.0E-07
  1.225E+01  1.13844E-02  1.33784E-20  4.77750E-04  0.00000E+00  1.0E-07
  1.250E+01  1.18520E-02  1.23824E-20  4.42183E-04  0.00000E+00  1.0E-07
  1.275E+01  1.23288E-02  1.14789E-20  4.09920E-04  0.00000E+00  1.0E-07
  1.300E+01  1.28150E-02  1.06578E-20  3.80595E-04  0.00000E+00  1.0E-07
  1.325E+01  1.33104E-02  9.90994E-21  3.53890E-04  0.00000E+00  1.0E-07
  1.350E+01  1.38150E-02  9.22783E-21  3.29532E-04  0.00000E+00  1.0E-07
  1.375E+01  1.43290E-02  8.60445E-21  3.07271E-04  0.00000E+00  1.0E-07
  1.400E+01  1.48521E-02  8.03381E-21  2.86893E-04  0.00000E+00  1.0E-07
  1.425E+01  1.53845E-02  7.51064E-21  2.68210E-04  0.00000E+00  1.0E-07
  1.450E+01  1.59262E-02  7.03023E-21  2.51054E-04  0.00000E+00  1.0E-07
  1.475E+01  1.64770E-02  6.58839E-21  2.35276E-04  0.00000E+00  1.0E-07
  1.500E+01  1.70371E-02  6.18143E-21  2.20743E-04  0.00000E+00  1.0E-07
  1.525E+01  1.76063E-02  5.80610E-21  2.07340E-04  0.00000E+00  1.0E-07
  1.550E+01  1.81848E-02  5.45946E-21  1.94961E-04  0.00000E+00  1.0E-07
  1.575E+01  1.87724E-02  5.13889E-21  1.83513E-04  0.00000E+00  1.0E-07
  1.600E+01  1.93692E-02  4.84202E-21  1.72912E-04  0.00000E+00  1.0E-07
  1.625E+01  1.99751E-02  4.56679E-21  1.63083E-04  0.00000E+00  1.0E-07
  1.650E+01  2.05901E-02  4.31132E-21  1.53960E-04  0.00000E+00  1.0E-07
  1.675E+01  2.12143E-02  4.07391E-21  1.45482E-04  0.00000E+00  1.0E-07
  1.700E+01  2.18476E-02  3.85300E-21  1.37593E-04  0.00000E+00  1.0E-07
  1.725E+01  2.24900E-02  3.64726E-21  1.30246E-04  0.00000E+00  1.0E-07
  1.750E+01  2.31415E-02  3.45543E-21  1.23396E-04  0.00000E+00  1.0E-07
  1.775E+01  2.38021E-02  3.27638E-21  1.17002E-04  0.00000E+00  1.0E-07
  1.800E+01  2.44717E-02  3.10908E-21  1.11027E-04  0.00000E+00  1.0E-07
  1.825E+01  2.51504E-02  2.95262E-21  1.05440E-04  0.00000E+00  1.0E-07
  1.850E+01  2.58382E-02  2.80616E-21  1.00210E-04  0.00000E+00  1.0E-07
  1.875E+01  2.65349E-02  2.66893E-21  9.53092E-05  0.00000E+00  1.0E-07
  1.900E+01  2.72407E-02  2.54022E-21  9.07130E-05  0.00000E+00  1.0E-07
  1.925E+01  2.79555E-02  2.41941E-21  8.63987E-05  0.00000E+00  1.0E-07
  1.950E+01  2.86793E-02  2.30591E-21  8.23456E-05  0.00000E+00  1.0E-07
  1.975E+01  2.94120E-02  2.19920E-21  7.85347E-05  0.00000E+00  1.0E-07
  2.000E+01  3.01537E-02  2.09877E-21  7.49484E-05  0.00000E+00  1.0E-07
  2.025E+01  3.09043E-02  2.00419E-21  7.15709E-05  0.00000E+00  1.0E-07
  2.050E+01  3.16639E-02  1.91505E-21  6.83877E-05  0.00000E+00  1.0E-07
  2.075E+01  3.24324E-02  1.83097E-21  6.53853E-05  0.00000E+00  1.0E-07
  2.100E+01  3.32098E-02  1.75161E-21  6.25511E-05  0.00000E+00  1.0E-07
  2.125E+01  3.39961E-02  1.67664E-21  5.98739E-05  0.00000E+00  1.0E-07
  2.150E+01  3.47912E-02  1.60578E-21  5.73434E-05  0.00000E+00  1.0E-07
  2.175E+01  3.55952E-02  1.53875E-21  5.49497E-05  0.00000E+00  1.0E-07
  2.200E+01  3.64081E-02  1.47530E-21  5.26839E-05  0.00000E+00  1.0E-07
  2.225E+01  3.72297E-02  1.41520E-21  5.05377E-05  0.00000E+00  1.0E-07
  2.250E+01  3.80602E-02  1.35824E-21  4.85036E-05  0.00000E+00  1.0E-07
  2.275E+01  3.88995E-02  1.30422E-21  4.65746E-05  0.00000E+00  1.0E-07
  2.300E+01  3.97476E-02  1.25296E-21  4.47439E-05  0.00000E+00  1.0E-07
  2.325E+01  4.06044E-02  1.20428E-21  4.30056E-05  0.00000E+00  1.0E-07
  2.350E+01  4.14700E-02  1.15803E-21  4.13541E-05  0.00000E+00  1.0E-07
  2.375E+01  4.23443E-02  1.11407E-21  3.97840E-05  0.00000E+00  1.0E-07
  2.400E+01  4.32273E-02  1.07225E-21  3.82906E-05  0.00000E+00  1.0E-07
  2.425E+01  4.41190E-02  1.03244E-21  3.68693E-05  0.00000E+00  1.0E-07
  2.450E+01  4.50194E-02  9.94545E-22  3.55159E-05  0.00000E+00  1.0E-07
  2.475E+01  4.59284E-02  9.58437E-22  3.42264E-05  0.00000E+00  1.0E-07
  2.500E+01  4.68461E-02  9.24017E-22  3.29973E-05  0.00000E+00  1.0E-07
  2.550E+01  4.87074E-02  8.59866E-22  3.07064E-05  0.00000E+00  1.0E-07
  2.600E+01  5.06030E-02  8.01401E-22  2.86186E-05  0.00000E+00  1.0E-07
  2.650E+01  5.25328E-02  7.48015E-22  2.67121E-05  0.00000E+00  1.0E-07
  2.700E+01  5.44967E-02  6.99179E-22  2.49681E-05  0.00000E+00  1.0E-07
  2.750E+01  5.64946E-02  6.54424E-22  2.33699E-05  0.00000E+00  1.0E-07
  2.800E+01  5.85262E-02  6.13341E-22  2.19028E-05  0.00000E+00  1.0E-07
  2.850E+01  6.05914E-02  5.75564E-22  2.05538E-05  0.00000E+00  1.0E-07
  2.900E+01  6.26901E-02  5.40775E-22  1.93114E-05  0.00000E+00  1.0E-07
  2.950E+01  6.48222E-02  5.08686E-22  1.81655E-05  0.00000E+00  1.0E-07
  3.000E+01  6.69873E-02  4.79045E-22  1.71070E-05  0.00000E+00  1.0E-07
  3.050E+01  6.91854E-02  4.51625E-22  1.61278E-05  0.00000E+00  1.0E-07
  3.100E+01  7.14163E-02  4.26226E-22  1.52208E-05  0.00000E+00  1.0E-07
  3.150E+01  7.36799E-02  4.02667E-22  1.43795E-05  0.00000E+00  1.0E-07
  3.200E+01  7.59760E-02  3.80786E-22  1.35981E-05  0.00000E+00  1.0E-07
  3.250E+01  7.83043E-02  3.60438E-22  1.28715E-05  0.00000E+00  1.0E-07
  3.300E+01  8.06647E-02  3.41493E-22  1.21949E-05  0.00000E+00  1.0E-07
  3.350E+01  8.30571E-02  3.23832E-22  1.15643E-05  0.00000E+00  1.0E-07
  3.400E+01  8.54812E-02  3.07351E-22  1.09757E-05  0.00000E+00  1.0E-07
  3.450E+01  8.79369E-02  2.91953E-22  1.04258E-05  0.00000E+00  1.0E-07
  3.500E+01  9.04240E-02  2.77552E-22  9.91157E-06  0.00000E+00  1.0E-07
  3.550E+01  9.29422E-02  2.64069E-22  9.43007E-06  0.00000E+00  1.0E-07
  3.600E+01  9.54915E-02  2.51433E-22  8.97882E-06  0.00000E+00  1.0E-07
  3.650E+01  9.80716E-02  2.39578E-22  8.55550E-06  0.00000E+00  1.0E-07
  3.700E+01  1.00682E-01  2.28447E-22  8.15798E-06  0.00000E+00  1.0E-07
  3.750E+01  1.03323E-01  2.17984E-22  7.78435E-06  0.00000E+00  1.0E-07
  3.800E+01  1.05995E-01  2.08141E-22  7.43285E-06  0.00000E+00  1.0E-07
  3.850E+01  1.08696E-01  1.98873E-22  7.10189E-06  0.00000E+00  1.0E-07
  3.900E+01  1.11427E-01  1.90139E-22  6.78999E-06  0.00000E+00  1.0E-07
  3.950E+01  1.14188E-01  1.81901E-22  6.49580E-06  0.00000E+00  1.0E-07
  4.000E+01  1.16978E-01  1.74125E-22  6.21811E-06  0.00000E+00  1.0E-07
  4.050E+01  1.19797E-01  1.66779E-22  5.95577E-06  0.00000E+00  1.0E-07
  4.100E+01  1.22645E-01  1.59833E-22  5.70775E-06  0.00000E+00  1.0E-07
  4.150E+01  1.25522E-01  1.53262E-22  5.47308E-06  0.00000E+00  1.0E-07
  4.200E+01  1.28428E-01  1.47040E-22  5.25088E-06  0.00000E+00  1.0E-07
  4.250E+01  1.31361E-01  1.41144E-22  5.04035E-06  0.00000E+00  1.0E-07
  4.300E+01  1.34323E-01  1.35554E-22  4.84072E-06  0.00000E+00  1.0E-07
  4.350E+01  1.37313E-01  1.30250E-22  4.65130E-06  0.00000E+00  1.0E-07
  4.400E+01  1.40330E-01  1.25214E-22  4.47146E-06  0.00000E+00  1.0E-07
  4.450E+01  1.43375E-01  1.20429E-22  4.30059E-06  0.00000E+00  1.0E-07
  4.500E+01  1.46447E-01  1.15880E-22  4.13815E-06  0.00000E+00  1.0E-07
  4.550E+01  1.49545E-01  1.11553E-22  3.98362E-06  0.00000E+00  1.0E-07
  4.600E+01  1.52671E-01  1.07434E-22  3.83653E-06  0.00000E+00  1.0E-07
  4.650E+01  1.55823E-01  1.03511E-22  3.69645E-06  0.00000E+00  1.0E-07
  4.700E+01  1.59001E-01  9.97725E-23  3.56294E-06  0.00000E+00  1.0E-07
  4.750E+01  1.62205E-01  9.62078E-23  3.43564E-06  0.00000E+00  1.0E-07
  4.800E+01  1.65435E-01  9.28070E-23  3.31420E-06  0.00000E+00  1.0E-07
  4.850E+01  1.68690E-01  8.95606E-23  3.19827E-06  0.00000E+00  1.0E-07
  4.900E+01  1.71970E-01  8.64601E-23  3.08755E-06  0.00000E+00  1.0E-07
  4.950E+01  1.75276E-01  8.34975E-23  2.98175E-06  0.00000E+00  1.0E-07
  5.000E+01  1.78606E-01  8.06650E-23  2.88060E-06  0.00000E+00  1.0E-07
  5.050E+01  1.81961E-01  7.79558E-23  2.78385E-06  0.00000E+00  1.0E-07
  5.100E+01  1.85340E-01  7.53630E-23  2.69126E-06  0.00000E+00  1.0E-07
  5.150E+01  1.88743E-01  7.28807E-23  2.60262E-06  0.00000E+00  1.0E-07
  5.200E+01  1.92169E-01  7.05028E-23  2.51770E-06  0.00000E+00  1.0E-07
  5.250E+01  1.95619E-01  6.82241E-23  2.43633E-06  0.00000E+00  1.0E-07
  5.300E+01  1.99092E-01  6.60393E-23  2.35831E-06  0.00000E+00  1.0E-07
  5.350E+01  2.02589E-01  6.39438E-23  2.28347E-06  0.00000E+00  1.0E-07
  5.400E+01  2.06107E-01  6.19329E-23  2.21167E-06  0.00000E+00  1.0E-07
  5.450E+01  2.09649E-01  6.00026E-23  2.14273E-06  0.00000E+00  1.0E-07
  5.500E+01  2.13212E-01  5.81487E-23  2.07653E-06  0.00000E+00  1.0E-07
  5.550E+01  2.16797E-01  5.63676E-23  2.01292E-06  0.00000E+00  1.0E-07
  5.600E+01  2.20404E-01  5.46556E-23  1.95179E-06  0.00000E+00  1.0E-07
  5.650E+01  2.24032E-01  5.30095E-23  1.89300E-06  0.00000E+00  1.0E-07
  5.700E+01  2.27680E-01  5.14262E-23  1.83646E-06  0.00000E+00  1.0E-07
  5.750E+01  2.31350E-01  4.99026E-23  1.78206E-06  0.00000E+00  1.0E-07
  5.800E+01  2.35040E-01  4.84360E-23  1.72968E-06  0.00000E+00  1.0E-07
  5.850E+01  2.38751E-01  4.70238E-23  1.67925E-06  0.00000E+00  1.0E-07
  5.900E+01  2.42481E-01  4.56634E-23  1.63067E-06  0.00000E+00  1.0E-07
  5.950E+01  2.46231E-01  4.43525E-23  1.58386E-06  0.00000E+00  1.0E-07
  6.000E+01  2.50000E-01  4.30888E-23  1.53873E-06  0.00000E+00  1.0E-07
  6.050E+01  2.53788E-01  4.18704E-23  1.49522E-06  0.00000E+00  1.0E-07
  6.100E+01  2.57595E-01  4.06950E-23  1.45325E-06  0.00000E+00  1.0E-07
  6.150E+01  2.61421E-01  3.95610E-23  1.41275E-06  0.00000E+00  1.0E-07
  6.200E+01  2.65264E-01  3.84663E-23  1.37366E-06  0.00000E+00  1.0E-07
  6.250E+01  2.69126E-01  3.74095E-23  1.33592E-06  0.00000E+00  1.0E-07
  6.300E+01  2.73005E-01  3.63888E-23  1.29947E-06  0.00000E+00  1.0E-07
  6.350E+01  2.76901E-01  3.54027E-23  1.26425E-06  0.00000E+00  1.0E-07
  6.400E+01  2.80814E-01  3.44498E-23  1.23023E-06  0.00000E+00  1.0E-07
  6.450E+01  2.84744E-01  3.35287E-23  1.19733E-06  0.00000E+00  1.0E-07
  6.500E+01  2.88691E-01  3.26380E-23  1.16553E-06  0.00000E+00  1.0E-07
  6.550E+01  2.92653E-01  3.17766E-23  1.13476E-06  0.00000E+00  1.0E-07
  6.600E+01  2.96632E-01  3.09432E-23  1.10500E-06  0.00000E+00  1.0E-07
  6.650E+01  3.00625E-01  3.01367E-23  1.07620E-06  0.00000E+00  1.0E-07
  6.700E+01  3.04634E-01  2.93560E-23  1.04832E-06  0.00000E+00  1.0E-07
  6.750E+01  3.08658E-01  2.86002E-23  1.02133E-06  0.00000E+00  1.0E-07
  6.800E+01  3.12697E-01  2.78682E-23  9.95190E-07  0.00000E+00  1.0E-07
  6.850E+01  3.16749E-01  2.71590E-23  9.69866E-07  0.00000E+00  1.0E-07
  6.900E+01  3.20816E-01  2.64719E-23  9.45329E-07  0.00000E+00  1.0E-07
  6.950E+01  3.24896E-01  2.58060E-23  9.21547E-07  0.00000E+00  1.0E-07
  7.000E+01  3.28990E-01  2.51604E-23  8.98493E-07  0.00000E+00  1.0E-07
  7.050E+01  3.33097E-01  2.45344E-23  8.76138E-07  0.00000E+00  1.0E-07
  7.100E+01  3.37216E-01  2.39272E-23  8.54457E-07  0.00000E+00  1.0E-07
  7.150E+01  3.41348E-01  2.33382E-23  8.33423E-07  0.00000E+00  1.0E-07
  7.200E+01  3.45492E-01  2.27667E-23  8.13014E-07  0.00000E+00  1.0E-07
  7.250E+01  3.49647E-01  2.22120E-23  7.93207E-07  0.00000E+00  1.0E-07
  7.300E+01  3.53814E-01  2.16736E-23  7.73979E-07  0.00000E+00  1.0E-07
  7.350E+01  3.57992E-01  2.11508E-23  7.55309E-07  0.00000E+00  1.0E-07
  7.400E+01  3.62181E-01  2.06431E-23  7.37178E-07  0.00000E+00  1.0E-07
  7.450E+01  3.66381E-01  2.01499E-23  7.19566E-07  0.00000E+00  1.0E-07
  7.500E+01  3.70590E-01  1.96708E-23  7.02455E-07  0.00000E+00  1.0E-07
  7.550E+01  3.74810E-01  1.92051E-23  6.85828E-07  0.00000E+00  1.0E-07
  7.600E+01  3.79039E-01  1.87526E-23  6.69667E-07  0.00000E+00  1.0E-07
  7.650E+01  3.83277E-01  1.83126E-23  6.53956E-07  0.00000E+00  1.0E-07
  7.700E+01  3.87524E-01  1.78849E-23  6.38680E-07  0.00000E+00  1.0E-07
  7.750E+01  3.91780E-01  1.74689E-23  6.23825E-07  0.00000E+00  1.0E-07
  7.800E+01  3.96044E-01  1.70642E-23  6.09375E-07  0.00000E+00  1.0E-07
  7.850E+01  4.00316E-01  1.66706E-23  5.95317E-07  0.00000E+00  1.0E-07
  7.900E+01  4.04596E-01  1.62875E-23  5.81638E-07  0.00000E+00  1.0E-07
  7.950E+01  4.08882E-01  1.59148E-23  5.68326E-07  0.00000E+00  1.0E-07
  8.000E+01  4.13176E-01  1.55519E-23  5.55368E-07  0.00000E+00  1.0E-07
  8.050E+01  4.17476E-01  1.51986E-23  5.42753E-07  0.00000E+00  1.0E-07
  8.100E+01  4.21783E-01  1.48547E-23  5.30470E-07  0.00000E+00  1.0E-07
  8.150E+01  4.26095E-01  1.45197E-23  5.18507E-07  0.00000E+00  1.0E-07
  8.200E+01  4.30413E-01  1.41934E-23  5.06855E-07  0.00000E+00  1.0E-07
  8.250E+01  4.34737E-01  1.38755E-23  4.95504E-07  0.00000E+00  1.0E-07
  8.300E+01  4.39065E-01  1.35658E-23  4.84444E-07  0.00000E+00  1.0E-07
  8.350E+01  4.43398E-01  1.32640E-23  4.73665E-07  0.00000E+00  1.0E-07
  8.400E+01  4.47736E-01  1.29698E-23  4.63161E-07  0.00000E+00  1.0E-07
  8.450E+01  4.52077E-01  1.26831E-23  4.52920E-07  0.00000E+00  1.0E-07
  8.500E+01  4.56422E-01  1.24035E-23  4.42937E-07  0.00000E+00  1.0E-07
  8.550E+01  4.60770E-01  1.21309E-23  4.33202E-07  0.00000E+00  1.0E-07
  8.600E+01  4.65122E-01  1.18650E-23  4.23708E-07  0.00000E+00  1.0E-07
  8.650E+01  4.69476E-01  1.16057E-23  4.14447E-07  0.00000E+00  1.0E-07
  8.700E+01  4.73832E-01  1.13527E-23  4.05414E-07  0.00000E+00  1.0E-07
  8.750E+01  4.78190E-01  1.11059E-23  3.96600E-07  0.00000E+00  1.0E-07
  8.800E+01  4.82550E-01  1.08651E-23  3.88000E-07  0.00000E+00  1.0E-07
  8.850E+01  4.86912E-01  1.06301E-23  3.79607E-07  0.00000E+00  1.0E-07
  8.900E+01  4.91274E-01  1.04007E-23  3.71415E-07  0.00000E+00  1.0E-07
  8.950E+01  4.95637E-01  1.01768E-23  3.63419E-07  0.00000E+00  1.0E-07
  9.000E+01  5.00000E-01  9.95813E-24  3.55611E-07  0.00000E+00  1.0E-07
  9.050E+01  5.04363E-01  9.74466E-24  3.47988E-07  0.00000E+00  1.0E-07
  9.100E+01  5.08726E-01  9.53619E-24  3.40544E-07  0.00000E+00  1.0E-07
  9.150E+01  5.13088E-01  9.33259E-24  3.33273E-07  0.00000E+00  1.0E-07
  9.200E+01  5.17450E-01  9.13371E-24  3.26171E-07  0.00000E+00  1.0E-07
  9.250E+01  5.21810E-01  8.93942E-24  3.19233E-07  0.00000E+00  1.0E-07
  9.300E+01  5.26168E-01  8.74960E-24  3.12454E-07  0.00000E+00  1.0E-07
  9.350E+01  5.30524E-01  8.56412E-24  3.05830E-07  0.00000E+00  1.0E-07
  9.400E+01  5.34878E-01  8.38285E-24  2.99357E-07  0.00000E+00  1.0E-07
  9.450E+01  5.39230E-01  8.20570E-24  2.93031E-07  0.00000E+00  1.0E-07
  9.500E+01  5.43578E-01  8.03253E-24  2.86847E-07  0.00000E+00  1.0E-07
  9.550E+01  5.47923E-01  7.86325E-24  2.80802E-07  0.00000E+00  1.0E-07
  9.600E+01  5.52264E-01  7.69775E-24  2.74891E-07  0.00000E+00  1.0E-07
  9.650E+01  5.56602E-01  7.53591E-24  2.69112E-07  0.00000E+00  1.0E-07
  9.700E+01  5.60935E-01  7.37766E-24  2.63461E-07  0.00000E+00  1.0E-07
  9.750E+01  5.65263E-01  7.22289E-24  2.57934E-07  0.00000E+00  1.0E-07
  9.800E+01  5.69587E-01  7.07150E-24  2.52528E-07  0.00000E+00  1.0E-07
  9.850E+01  5.73905E-01  6.92342E-24  2.47240E-07  0.00000E+00  1.0E-07
  9.900E+01  5.78217E-01  6.77856E-24  2.42067E-07  0.00000E+00  1.0E-07
  9.950E+01  5.82524E-01  6.63683E-24  2.37006E-07  0.00000E+00  1.0E-07
  1.000E+02  5.86824E-01  6.49816E-24  2.32053E-07  0.00000E+00  1.0E-07
  1.005E+02  5.91118E-01  6.36246E-24  2.27208E-07  0.00000E+00  1.0E-07
  1.010E+02  5.95404E-01  6.22966E-24  2.22465E-07  0.00000E+00  1.0E-07
  1.015E+02  5.99684E-01  6.09967E-24  2.17823E-07  0.00000E+00  1.0E-07
  1.020E+02  6.03956E-01  5.97242E-24  2.13279E-07  0.00000E+00  1.0E-07
  1.025E+02  6.08220E-01  5.84786E-24  2.08831E-07  0.00000E+00  1.0E-07
  1.030E+02  6.12476E-01  5.72592E-24  2.04476E-07  0.00000E+00  1.0E-07
  1.035E+02  6.16723E-01  5.60653E-24  2.00213E-07  0.00000E+00  1.0E-07
  1.040E+02  6.20961E-01  5.48964E-24  1.96038E-07  0.00000E+00  1.0E-07
  1.045E+02  6.25190E-01  5.37517E-24  1.91951E-07  0.00000E+00  1.0E-07
  1.050E+02  6.29410E-01  5.26306E-24  1.87947E-07  0.00000E+00  1.0E-07
  1.055E+02  6.33619E-01  5.15326E-24  1.84026E-07  0.00000E+00  1.0E-07
  1.060E+02  6.37819E-01  5.04572E-24  1.80186E-07  0.00000E+00  1.0E-07
  1.065E+02  6.42008E-01  4.94037E-24  1.76424E-07  0.00000E+00  1.0E-07
  1.070E+02  6.46186E-01  4.83717E-24  1.72739E-07  0.00000E+00  1.0E-07
  1.075E+02  6.50353E-01  4.73606E-24  1.69128E-07  0.00000E+00  1.0E-07
  1.080E+02  6.54508E-01  4.63700E-24  1.65590E-07  0.00000E+00  1.0E-07
  1.085E+02  6.58652E-01  4.53994E-24  1.62124E-07  0.00000E+00  1.0E-07
  1.090E+02  6.62784E-01  4.44483E-24  1.58728E-07  0.00000E+00  1.0E-07
  1.095E+02  6.66903E-01  4.35162E-24  1.55399E-07  0.00000E+00  1.0E-07
  1.100E+02  6.71010E-01  4.26027E-24  1.52137E-07  0.00000E+00  1.0E-07
  1.105E+02  6.75104E-01  4.17074E-24  1.48940E-07  0.00000E+00  1.0E-07
  1.110E+02  6.79184E-01  4.08299E-24  1.45806E-07  0.00000E+00  1.0E-07
  1.115E+02  6.83251E-01  3.99697E-24  1.42735E-07  0.00000E+00  1.0E-07
  1.120E+02  6.87303E-01  3.91265E-24  1.39723E-07  0.00000E+00  1.0E-07
  1.125E+02  6.91342E-01  3.82999E-24  1.36771E-07  0.00000E+00  1.0E-07
  1.130E+02  6.95366E-01  3.74895E-24  1.33877E-07  0.00000E+00  1.0E-07
  1.135E+02  6.99375E-01  3.66949E-24  1.31040E-07  0.00000E+00  1.0E-07
  1.140E+02  7.03368E-01  3.59158E-24  1.28258E-07  0.00000E+00  1.0E-07
  1.145E+02  7.07347E-01  3.51518E-24  1.25529E-07  0.00000E+00  1.0E-07
  1.150E+02  7.11309E-01  3.44027E-24  1.22854E-07  0.00000E+00  1.0E-07
  1.155E+02  7.15256E-01  3.36680E-24  1.20231E-07  0.00000E+00  1.0E-07
  1.160E+02  7.19186E-01  3.29475E-24  1.17658E-07  0.00000E+00  1.0E-07
  1.165E+02  7.23099E-01  3.22409E-24  1.15134E-07  0.00000E+00  1.0E-07
  1.170E+02  7.26995E-01  3.15479E-24  1.12660E-07  0.00000E+00  1.0E-07
  1.175E+02  7.30874E-01  3.08682E-24  1.10232E-07  0.00000E+00  1.0E-07
  1.180E+02  7.34736E-01  3.02014E-24  1.07851E-07  0.00000E+00  1.0E-07
  1.185E+02  7.38579E-01  2.95474E-24  1.05516E-07  0.00000E+00  1.0E-07
  1.190E+02  7.42405E-01  2.89058E-24  1.03224E-07  0.00000E+00  1.0E-07
  1.195E+02  7.46212E-01  2.82764E-24  1.00977E-07  0.00000E+00  1.0E-07
  1.200E+02  7.50000E-01  2.76589E-24  9.87719E-08  0.00000E+00  1.0E-07
  1.205E+02  7.53769E-01  2.70532E-24  9.66087E-08  0.00000E+00  1.0E-07
  1.210E+02  7.57519E-01  2.64589E-24  9.44863E-08  0.00000E+00  1.0E-07
  1.215E+02  7.61249E-01  2.58758E-24  9.24040E-08  0.00000E+00  1.0E-07
  1.220E+02  7.64960E-01  2.53036E-24  9.03609E-08  0.00000E+00  1.0E-07
  1.225E+02  7.68650E-01  2.47423E-24  8.83563E-08  0.00000E+00  1.0E-07
  1.230E+02  7.72320E-01  2.41915E-24  8.63893E-08  0.00000E+00  1.0E-07
  1.235E+02  7.75968E-01  2.36510E-24  8.44593E-08  0.00000E+00  1.0E-07
  1.240E+02  7.79596E-01  2.31207E-24  8.25654E-08  0.00000E+00  1.0E-07
  1.245E+02  7.83203E-01  2.26002E-24  8.07069E-08  0.00000E+00  1.0E-07
  1.250E+02  7.86788E-01  2.20896E-24  7.88833E-08  0.00000E+00  1.0E-07
  1.255E+02  7.90351E-01  2.15884E-24  7.70936E-08  0.00000E+00  1.0E-07
  1.260E+02  7.93893E-01  2.10966E-24  7.53374E-08  0.00000E+00  1.0E-07
  1.265E+02  7.97411E-01  2.06140E-24  7.36140E-08  0.00000E+00  1.0E-07
  1.270E+02  8.00908E-01  2.01404E-24  7.19227E-08  0.00000E+00  1.0E-07
  1.275E+02  8.04381E-01  1.96756E-24  7.02628E-08  0.00000E+00  1.0E-07
  1.280E+02  8.07831E-01  1.92195E-24  6.86339E-08  0.00000E+00  1.0E-07
  1.285E+02  8.11257E-01  1.87718E-24  6.70354E-08  0.00000E+00  1.0E-07
  1.290E+02  8.14660E-01  1.83325E-24  6.54666E-08  0.00000E+00  1.0E-07
  1.295E+02  8.18039E-01  1.79014E-24  6.39269E-08  0.00000E+00  1.0E-07
  1.300E+02  8.21394E-01  1.74783E-24  6.24160E-08  0.00000E+00  1.0E-07
  1.305E+02  8.24724E-01  1.70630E-24  6.09332E-08  0.00000E+00  1.0E-07
  1.310E+02  8.28030E-01  1.66555E-24  5.94780E-08  0.00000E+00  1.0E-07
  1.315E+02  8.31310E-01  1.62556E-24  5.80499E-08  0.00000E+00  1.0E-07
  1.320E+02  8.34565E-01  1.58632E-24  5.66484E-08  0.00000E+00  1.0E-07
  1.325E+02  8.37795E-01  1.54780E-24  5.52731E-08  0.00000E+00  1.0E-07
  1.330E+02  8.40999E-01  1.51001E-24  5.39235E-08  0.00000E+00  1.0E-07
  1.335E+02  8.44177E-01  1.47292E-24  5.25990E-08  0.00000E+00  1.0E-07
  1.340E+02  8.47329E-01  1.43653E-24  5.12994E-08  0.00000E+00  1.0E-07
  1.345E+02  8.50455E-01  1.40082E-24  5.00241E-08  0.00000E+00  1.0E-07
  1.350E+02  8.53553E-01  1.36577E-24  4.87727E-08  0.00000E+00  1.0E-07
  1.355E+02  8.56625E-01  1.33139E-24  4.75448E-08  0.00000E+00  1.0E-07
  1.360E+02  8.59670E-01  1.29765E-24  4.63400E-08  0.00000E+00  1.0E-07
  1.365E+02  8.62687E-01  1.26455E-24  4.51579E-08  0.00000E+00  1.0E-07
  1.370E+02  8.65677E-01  1.23207E-24  4.39982E-08  0.00000E+00  1.0E-07
  1.375E+02  8.68639E-01  1.20021E-24  4.28604E-08  0.00000E+00  1.0E-07
  1.380E+02  8.71572E-01  1.16895E-24  4.17441E-08  0.00000E+00  1.0E-07
  1.385E+02  8.74478E-01  1.13829E-24  4.06491E-08  0.00000E+00  1.0E-07
  1.390E+02  8.77355E-01  1.10821E-24  3.95750E-08  0.00000E+00  1.0E-07
  1.395E+02  8.80203E-01  1.07871E-24  3.85215E-08  0.00000E+00  1.0E-07
  1.400E+02  8.83022E-01  1.04977E-24  3.74881E-08  0.00000E+00  1.0E-07
  1.405E+02  8.85812E-01  1.02139E-24  3.64746E-08  0.00000E+00  1.0E-07
  1.410E+02  8.88573E-01  9.93561E-25  3.54807E-08  0.00000E+00  1.0E-07
  1.415E+02  8.91304E-01  9.66268E-25  3.45061E-08  0.00000E+00  1.0E-07
  1.420E+02  8.94005E-01  9.39506E-25  3.35504E-08  0.00000E+00  1.0E-07
  1.425E+02  8.96677E-01  9.13267E-25  3.26134E-08  0.00000E+00  1.0E-07
  1.430E+02  8.99318E-01  8.87543E-25  3.16947E-08  0.00000E+00  1.0E-07
  1.435E+02  9.01928E-01  8.62326E-25  3.07942E-08  0.00000E+00  1.0E-07
  1.440E+02  9.04508E-01  8.37608E-25  2.99115E-08  0.00000E+00  1.0E-07
  1.445E+02  9.07058E-01  8.13381E-25  2.90464E-08  0.00000E+00  1.0E-07
  1.450E+02  9.09576E-01  7.89640E-25  2.81985E-08  0.00000E+00  1.0E-07
  1.455E+02  9.12063E-01  7.66376E-25  2.73678E-08  0.00000E+00  1.0E-07
  1.460E+02  9.14519E-01  7.43582E-25  2.65538E-08  0.00000E+00  1.0E-07
  1.465E+02  9.16943E-01  7.21252E-25  2.57564E-08  0.00000E+00  1.0E-07
  1.470E+02  9.19335E-01  6.99380E-25  2.49753E-08  0.00000E+00  1.0E-07
  1.475E+02  9.21696E-01  6.77958E-25  2.42103E-08  0.00000E+00  1.0E-07
  1.480E+02  9.24024E-01  6.56981E-25  2.34612E-08  0.00000E+00  1.0E-07
  1.485E+02  9.26320E-01  6.36443E-25  2.27278E-08  0.00000E+00  1.0E-07
  1.490E+02  9.28584E-01  6.16337E-25  2.20098E-08  0.00000E+00  1.0E-07
  1.495E+02  9.30815E-01  5.96657E-25  2.13070E-08  0.00000E+00  1.0E-07
  1.500E+02  9.33013E-01  5.77399E-25  2.06193E-08  0.00000E+00  1.0E-07
  1.505E+02  9.35178E-01  5.58556E-25  1.99464E-08  0.00000E+00  1.0E-07
  1.510E+02  9.37310E-01  5.40124E-25  1.92882E-08  0.00000E+00  1.0E-07
  1.515E+02  9.39409E-01  5.22096E-25  1.86444E-08  0.00000E+00  1.0E-07
  1.520E+02  9.41474E-01  5.04469E-25  1.80149E-08  0.00000E+00  1.0E-07
  1.525E+02  9.43505E-01  4.87236E-25  1.73995E-08  0.00000E+00  1.0E-07
  1.530E+02  9.45503E-01  4.70393E-25  1.67980E-08  0.00000E+00  1.0E-07
  1.535E+02  9.47467E-01  4.53935E-25  1.62103E-08  0.00000E+00  1.0E-07
  1.540E+02  9.49397E-01  4.37858E-25  1.56362E-08  0.00000E+00  1.0E-07
  1.545E+02  9.51293E-01  4.22158E-25  1.50755E-08  0.00000E+00  1.0E-07
  1.550E+02  9.53154E-01  4.06829E-25  1.45281E-08  0.00000E+00  1.0E-07
  1.555E+02  9.54981E-01  3.91868E-25  1.39939E-08  0.00000E+00  1.0E-07
  1.560E+02  9.56773E-01  3.77270E-25  1.34726E-08  0.00000E+00  1.0E-07
  1.565E+02  9.58530E-01  3.63032E-25  1.29641E-08  0.00000E+00  1.0E-07
  1.570E+02  9.60252E-01  3.49149E-25  1.24684E-08  0.00000E+00  1.0E-07
  1.575E+02  9.61940E-01  3.35619E-25  1.19852E-08  0.00000E+00  1.0E-07
  1.580E+02  9.63592E-01  3.22436E-25  1.15144E-08  0.00000E+00  1.0E-07
  1.585E+02  9.65209E-01  3.09598E-25  1.10559E-08  0.00000E+00  1.0E-07
  1.590E+02  9.66790E-01  2.97101E-25  1.06097E-08  0.00000E+00  1.0E-07
  1.595E+02  9.68336E-01  2.84941E-25  1.01754E-08  0.00000E+00  1.0E-07
  1.600E+02  9.69846E-01  2.73116E-25  9.75316E-09  0.00000E+00  1.0E-07
  1.605E+02  9.71321E-01  2.61623E-25  9.34272E-09  0.00000E+00  1.0E-07
  1.610E+02  9.72759E-01  2.50457E-25  8.94399E-09  0.00000E+00  1.0E-07
  1.615E+02  9.74162E-01  2.39617E-25  8.55687E-09  0.00000E+00  1.0E-07
  1.620E+02  9.75528E-01  2.29099E-25  8.18126E-09  0.00000E+00  1.0E-07
  1.625E+02  9.76858E-01  2.18900E-25  7.81706E-09  0.00000E+00  1.0E-07
  1.630E+02  9.78152E-01  2.09018E-25  7.46417E-09  0.00000E+00  1.0E-07
  1.635E+02  9.79410E-01  1.99450E-25  7.12250E-09  0.00000E+00  1.0E-07
  1.640E+02  9.80631E-01  1.90194E-25  6.79196E-09  0.00000E+00  1.0E-07
  1.645E+02  9.81815E-01  1.81248E-25  6.47247E-09  0.00000E+00  1.0E-07
  1.650E+02  9.82963E-01  1.72608E-25  6.16393E-09  0.00000E+00  1.0E-07
  1.655E+02  9.84074E-01  1.64272E-25  5.86627E-09  0.00000E+00  1.0E-07
  1.660E+02  9.85148E-01  1.56239E-25  5.57940E-09  0.00000E+00  1.0E-07
  1.665E+02  9.86185E-01  1.48506E-25  5.30326E-09  0.00000E+00  1.0E-07
  1.670E+02  9.87185E-01  1.41072E-25  5.03777E-09  0.00000E+00  1.0E-07
  1.675E+02  9.88148E-01  1.33934E-25  4.78287E-09  0.00000E+00  1.0E-07
  1.680E+02  9.89074E-01  1.27090E-25  4.53848E-09  0.00000E+00  1.0E-07
  1.685E+02  9.89962E-01  1.20540E-25  4.30454E-09  0.00000E+00  1.0E-07
  1.690E+02  9.90814E-01  1.14280E-25  4.08100E-09  0.00000E+00  1.0E-07
  1.695E+02  9.91627E-01  1.08309E-25  3.86779E-09  0.00000E+00  1.0E-07
  1.700E+02  9.92404E-01  1.02627E-25  3.66486E-09  0.00000E+00  1.0E-07
  1.705E+02  9.93143E-01  9.72303E-26  3.47216E-09  0.00000E+00  1.0E-07
  1.710E+02  9.93844E-01  9.21190E-26  3.28963E-09  0.00000E+00  1.0E-07
  1.715E+02  9.94508E-01  8.72914E-26  3.11723E-09  0.00000E+00  1.0E-07
  1.720E+02  9.95134E-01  8.27463E-26  2.95492E-09  0.00000E+00  1.0E-07
  1.725E+02  9.95722E-01  7.84824E-26  2.80266E-09  0.00000E+00  1.0E-07
  1.730E+02  9.96273E-01  7.44987E-26  2.66040E-09  0.00000E+00  1.0E-07
  1.735E+02  9.96786E-01  7.07941E-26  2.52810E-09  0.00000E+00  1.0E-07
  1.740E+02  9.97261E-01  6.73677E-26  2.40574E-09  0.00000E+00  1.0E-07
  1.745E+02  9.97698E-01  6.42186E-26  2.29329E-09  0.00000E+00  1.0E-07
  1.750E+02  9.98097E-01  6.13461E-26  2.19071E-09  0.00000E+00  1.0E-07
  1.755E+02  9.98459E-01  5.87493E-26  2.09798E-09  0.00000E+00  1.0E-07
  1.760E+02  9.98782E-01  5.64277E-26  2.01507E-09  0.00000E+00  1.0E-07
  1.765E+02  9.99067E-01  5.43806E-26  1.94197E-09  0.00000E+00  1.0E-07
  1.770E+02  9.99315E-01  5.26075E-26  1.87865E-09  0.00000E+00  1.0E-07
  1.775E+02  9.99524E-01  5.11079E-26  1.82510E-09  0.00000E+00  1.0E-07
  1.780E+02  9.99695E-01  4.98815E-26  1.78130E-09  0.00000E+00  1.0E-07
  1.785E+02  9.99829E-01  4.89279E-26  1.74725E-09  0.00000E+00  1.0E-07
  1.790E+02  9.99924E-01  4.82470E-26  1.72293E-09  0.00000E+00  1.0E-07
  1.795E+02  9.99981E-01  4.78385E-26  1.70835E-09  0.00000E+00  1.0E-07
  1.800E+02  1.00000E+00  4.77024E-26  1.70348E-09  0.00000E+00  1.0E-07
