 #
 # Subroutine ELSEPA. Elastic scattering of electrons and positrons
 #                    by neutral atoms and positive ions
 #
 # Projectile: electron
 # Kinetic energy = 3.70000E+06 eV = 1.35973E+05 a.u.
 #
 # WARNING: High-energy factorization with free-atom DF screening.
 #          Absorption, polarization and exchange corrections are
 #          switched off.
 #          Phase shifts are calculated for the bare nucleus.
 #          Scattering amplitudes are not evaluated.
 #
 # Element: Tc,  Z =  43,  atomic weight = 9.89063E+01 g/mol
 #
 # Nuclear model: Fermi distribution
 #                Average radius = 4.94833E-13 cm
 #                Skin thickness = 5.46000E-14 cm
 #
 # Number of electrons = 43
 #
 # Total elastic cross section = 4.18354E-18 cm**2 = 1.49397E-01 a0**2
 # 1st transport cross section = 1.61614E-22 cm**2 = 5.77136E-06 a0**2
 # 2nd transport cross section = 4.51657E-22 cm**2 = 1.61290E-05 a0**2
 #
 #
 # Differential cross section:                       MU=(1-COS(THETA))/2
 #
 #  THETA        MU          DCS          DCS        Sherman      error
 #  (deg)                 (cm**2/sr)   (a0**2/sr)    function
 #----------------------------------------------------------------------
  0.000E+00  0.00000E+00  6.49501E-13  2.31941E+04  0.00000E+00  1.0E-05
  1.000E-04  7.61557E-13  6.49498E-13  2.31940E+04  0.00000E+00  1.0E-05
  1.250E-04  1.18994E-12  6.49497E-13  2.31939E+04  0.00000E+00  1.0E-05
  1.500E-04  1.71346E-12  6.49494E-13  2.31939E+04  0.00000E+00  1.0E-05
  1.750E-04  2.33225E-12  6.49492E-13  2.31938E+04  0.00000E+00  1.0E-05
  2.000E-04  3.04617E-12  6.49489E-13  2.31937E+04  0.00000E+00  1.0E-05
  2.250E-04  3.85530E-12  6.49486E-13  2.31936E+04  0.00000E+00  1.0E-05
  2.500E-04  4.75964E-12  6.49482E-13  2.31934E+04  0.00000E+00  1.0E-05
  2.750E-04  5.75917E-12  6.49478E-13  2.31933E+04  0.00000E+00  1.0E-05
  3.000E-04  6.85391E-12  6.49473E-13  2.31931E+04  0.00000E+00  1.0E-05
  3.250E-04  8.04379E-12  6.49468E-13  2.31929E+04  0.00000E+00  1.0E-05
  3.500E-04  9.32893E-12  6.49463E-13  2.31927E+04  0.00000E+00  1.0E-05
  3.750E-04  1.07092E-11  6.49457E-13  2.31925E+04  0.00000E+00  1.0E-05
  4.000E-04  1.21847E-11  6.49451E-13  2.31923E+04  0.00000E+00  1.0E-05
  4.250E-04  1.37554E-11  6.49445E-13  2.31921E+04  0.00000E+00  1.0E-05
  4.500E-04  1.54213E-11  6.49438E-13  2.31918E+04  0.00000E+00  1.0E-05
  4.750E-04  1.71823E-11  6.49431E-13  2.31916E+04  0.00000E+00  1.0E-05
  5.000E-04  1.90386E-11  6.49423E-13  2.31913E+04  0.00000E+00  1.0E-05
  5.250E-04  2.09900E-11  6.49415E-13  2.31910E+04  0.00000E+00  1.0E-05
  5.500E-04  2.30367E-11  6.49406E-13  2.31907E+04  0.00000E+00  1.0E-05
  5.750E-04  2.51785E-11  6.49398E-13  2.31904E+04  0.00000E+00  1.0E-05
  6.000E-04  2.74156E-11  6.49388E-13  2.31901E+04  0.00000E+00  1.0E-05
  6.250E-04  2.97478E-11  6.49379E-13  2.31897E+04  0.00000E+00  1.0E-05
  6.500E-04  3.21752E-11  6.49369E-13  2.31894E+04  0.00000E+00  1.0E-05
  6.750E-04  3.46979E-11  6.49358E-13  2.31890E+04  0.00000E+00  1.0E-05
  7.000E-04  3.73157E-11  6.49347E-13  2.31886E+04  0.00000E+00  1.0E-05
  7.250E-04  4.00286E-11  6.49336E-13  2.31882E+04  0.00000E+00  1.0E-05
  7.500E-04  4.28368E-11  6.49325E-13  2.31878E+04  0.00000E+00  1.0E-05
  7.750E-04  4.57402E-11  6.49313E-13  2.31874E+04  0.00000E+00  1.0E-05
  8.000E-04  4.87388E-11  6.49300E-13  2.31869E+04  0.00000E+00  1.0E-05
  8.250E-04  5.18325E-11  6.49287E-13  2.31865E+04  0.00000E+00  1.0E-05
  8.500E-04  5.50215E-11  6.49274E-13  2.31860E+04  0.00000E+00  1.0E-05
  8.750E-04  5.83057E-11  6.49261E-13  2.31855E+04  0.00000E+00  1.0E-05
  9.000E-04  6.16850E-11  6.49247E-13  2.31850E+04  0.00000E+00  1.0E-05
  9.250E-04  6.51595E-11  6.49232E-13  2.31845E+04  0.00000E+00  1.0E-05
  9.500E-04  6.87293E-11  6.49218E-13  2.31840E+04  0.00000E+00  1.0E-05
  9.750E-04  7.23943E-11  6.49202E-13  2.31834E+04  0.00000E+00  1.0E-05
  1.000E-03  7.61544E-11  6.49187E-13  2.31829E+04  0.00000E+00  1.0E-05
  1.250E-03  1.18991E-10  6.49010E-13  2.31766E+04  0.00000E+00  1.0E-05
  1.500E-03  1.71347E-10  6.48793E-13  2.31688E+04  0.00000E+00  1.0E-05
  1.750E-03  2.33223E-10  6.48538E-13  2.31597E+04  0.00000E+00  1.0E-05
  2.000E-03  3.04617E-10  6.48243E-13  2.31492E+04  0.00000E+00  1.0E-05
  2.250E-03  3.85531E-10  6.47909E-13  2.31372E+04  0.00000E+00  1.0E-05
  2.500E-03  4.75965E-10  6.47536E-13  2.31239E+04  0.00000E+00  1.0E-05
  2.750E-03  5.75917E-10  6.47124E-13  2.31092E+04  0.00000E+00  1.0E-05
  3.000E-03  6.85389E-10  6.46674E-13  2.30932E+04  0.00000E+00  1.0E-05
  3.250E-03  8.04380E-10  6.46185E-13  2.30757E+04  0.00000E+00  1.0E-05
  3.500E-03  9.32891E-10  6.45658E-13  2.30569E+04  0.00000E+00  1.0E-05
  3.750E-03  1.07092E-09  6.45093E-13  2.30367E+04  0.00000E+00  1.0E-05
  4.000E-03  1.21847E-09  6.44489E-13  2.30151E+04  0.00000E+00  1.0E-05
  4.250E-03  1.37554E-09  6.43848E-13  2.29922E+04  0.00000E+00  1.0E-05
  4.500E-03  1.54213E-09  6.43169E-13  2.29680E+04  0.00000E+00  1.0E-05
  4.750E-03  1.71823E-09  6.42453E-13  2.29424E+04  0.00000E+00  1.0E-05
  5.000E-03  1.90386E-09  6.41699E-13  2.29155E+04  0.00000E+00  1.0E-05
  5.250E-03  2.09900E-09  6.40909E-13  2.28873E+04  0.00000E+00  1.0E-05
  5.500E-03  2.30367E-09  6.40082E-13  2.28577E+04  0.00000E+00  1.0E-05
  5.750E-03  2.51785E-09  6.39218E-13  2.28269E+04  0.00000E+00  1.0E-05
  6.000E-03  2.74156E-09  6.38319E-13  2.27948E+04  0.00000E+00  1.0E-05
  6.250E-03  2.97478E-09  6.37384E-13  2.27614E+04  0.00000E+00  1.0E-05
  6.500E-03  3.21752E-09  6.36413E-13  2.27267E+04  0.00000E+00  1.0E-05
  6.750E-03  3.46978E-09  6.35406E-13  2.26908E+04  0.00000E+00  1.0E-05
  7.000E-03  3.73156E-09  6.34365E-13  2.26536E+04  0.00000E+00  1.0E-05
  7.250E-03  4.00286E-09  6.33290E-13  2.26152E+04  0.00000E+00  1.0E-05
  7.500E-03  4.28368E-09  6.32180E-13  2.25755E+04  0.00000E+00  1.0E-05
  7.750E-03  4.57402E-09  6.31036E-13  2.25347E+04  0.00000E+00  1.0E-05
  8.000E-03  4.87388E-09  6.29858E-13  2.24926E+04  0.00000E+00  1.0E-05
  8.250E-03  5.18326E-09  6.28648E-13  2.24494E+04  0.00000E+00  1.0E-05
  8.500E-03  5.50215E-09  6.27404E-13  2.24050E+04  0.00000E+00  1.0E-05
  8.750E-03  5.83057E-09  6.26128E-13  2.23594E+04  0.00000E+00  1.0E-05
  9.000E-03  6.16850E-09  6.24820E-13  2.23127E+04  0.00000E+00  1.0E-05
  9.250E-03  6.51596E-09  6.23480E-13  2.22649E+04  0.00000E+00  1.0E-05
  9.500E-03  6.87293E-09  6.22109E-13  2.22159E+04  0.00000E+00  1.0E-05
  9.750E-03  7.23942E-09  6.20707E-13  2.21659E+04  0.00000E+00  1.0E-05
  1.000E-02  7.61544E-09  6.19275E-13  2.21147E+04  0.00000E+00  1.0E-05
  1.250E-02  1.18991E-08  6.03373E-13  2.15468E+04  0.00000E+00  1.0E-05
  1.500E-02  1.71347E-08  5.84889E-13  2.08868E+04  0.00000E+00  1.0E-05
  1.750E-02  2.33223E-08  5.64372E-13  2.01541E+04  0.00000E+00  1.0E-05
  2.000E-02  3.04617E-08  5.42312E-13  1.93663E+04  0.00000E+00  1.0E-05
  2.250E-02  3.85531E-08  5.19132E-13  1.85385E+04  0.00000E+00  1.0E-05
  2.500E-02  4.75965E-08  4.95285E-13  1.76869E+04  0.00000E+00  1.0E-05
  2.750E-02  5.75917E-08  4.71214E-13  1.68274E+04  0.00000E+00  1.0E-05
  3.000E-02  6.85389E-08  4.47266E-13  1.59722E+04  0.00000E+00  1.0E-05
  3.250E-02  8.04380E-08  4.23674E-13  1.51297E+04  0.00000E+00  1.0E-05
  3.500E-02  9.32891E-08  4.00634E-13  1.43069E+04  0.00000E+00  1.0E-05
  3.750E-02  1.07092E-07  3.78395E-13  1.35127E+04  0.00000E+00  1.0E-05
  4.000E-02  1.21847E-07  3.57078E-13  1.27515E+04  0.00000E+00  1.0E-05
  4.250E-02  1.37554E-07  3.36738E-13  1.20251E+04  0.00000E+00  1.0E-05
  4.500E-02  1.54213E-07  3.17347E-13  1.13327E+04  0.00000E+00  1.0E-05
  4.750E-02  1.71823E-07  2.99023E-13  1.06783E+04  0.00000E+00  1.0E-05
  5.000E-02  1.90386E-07  2.81761E-13  1.00619E+04  0.00000E+00  1.0E-05
  5.250E-02  2.09900E-07  2.65537E-13  9.48251E+03  0.00000E+00  1.0E-05
  5.500E-02  2.30367E-07  2.50209E-13  8.93511E+03  0.00000E+00  1.0E-05
  5.750E-02  2.51785E-07  2.35848E-13  8.42227E+03  0.00000E+00  1.0E-05
  6.000E-02  2.74156E-07  2.22407E-13  7.94229E+03  0.00000E+00  1.0E-05
  6.250E-02  2.97478E-07  2.09835E-13  7.49333E+03  0.00000E+00  1.0E-05
  6.500E-02  3.21752E-07  1.98002E-13  7.07077E+03  0.00000E+00  1.0E-05
  6.750E-02  3.46978E-07  1.86923E-13  6.67513E+03  0.00000E+00  1.0E-05
  7.000E-02  3.73156E-07  1.76565E-13  6.30526E+03  0.00000E+00  1.0E-05
  7.250E-02  4.00286E-07  1.66880E-13  5.95938E+03  0.00000E+00  1.0E-05
  7.500E-02  4.28368E-07  1.57771E-13  5.63411E+03  0.00000E+00  1.0E-05
  7.750E-02  4.57402E-07  1.49221E-13  5.32877E+03  0.00000E+00  1.0E-05
  8.000E-02  4.87388E-07  1.41217E-13  5.04296E+03  0.00000E+00  1.0E-05
  8.250E-02  5.18325E-07  1.33721E-13  4.77527E+03  0.00000E+00  1.0E-05
  8.500E-02  5.50215E-07  1.26670E-13  4.52347E+03  0.00000E+00  1.0E-05
  8.750E-02  5.83057E-07  1.20026E-13  4.28621E+03  0.00000E+00  1.0E-05
  9.000E-02  6.16850E-07  1.13794E-13  4.06367E+03  0.00000E+00  1.0E-05
  9.250E-02  6.51596E-07  1.07945E-13  3.85480E+03  0.00000E+00  1.0E-05
  9.500E-02  6.87293E-07  1.02441E-13  3.65824E+03  0.00000E+00  1.0E-05
  9.750E-02  7.23942E-07  9.72352E-14  3.47233E+03  0.00000E+00  1.0E-05
  1.000E-01  7.61543E-07  9.23420E-14  3.29759E+03  0.00000E+00  1.0E-05
  1.250E-01  1.18991E-06  5.63143E-14  2.01102E+03  0.00000E+00  1.0E-05
  1.500E-01  1.71347E-06  3.51662E-14  1.25581E+03  0.00000E+00  1.0E-05
  1.750E-01  2.33223E-06  2.31665E-14  8.27291E+02  0.00000E+00  1.0E-05
  2.000E-01  3.04617E-06  1.58097E-14  5.64573E+02  0.00000E+00  1.0E-05
  2.250E-01  3.85531E-06  1.11112E-14  3.96787E+02  0.00000E+00  1.0E-05
  2.500E-01  4.75964E-06  8.07057E-15  2.88205E+02  0.00000E+00  1.0E-05
  2.750E-01  5.75916E-06  6.04293E-15  2.15797E+02  0.00000E+00  1.0E-05
  3.000E-01  6.85388E-06  4.64252E-15  1.65787E+02  0.00000E+00  1.0E-05
  3.250E-01  8.04378E-06  3.64032E-15  1.29998E+02  0.00000E+00  1.0E-05
  3.500E-01  9.32888E-06  2.90085E-15  1.03591E+02  0.00000E+00  1.0E-05
  3.750E-01  1.07092E-05  2.34588E-15  8.37727E+01  0.00000E+00  1.0E-05
  4.000E-01  1.21846E-05  1.92016E-15  6.85701E+01  0.00000E+00  1.0E-05
  4.250E-01  1.37553E-05  1.58640E-15  5.66515E+01  0.00000E+00  1.0E-05
  4.500E-01  1.54212E-05  1.31886E-15  4.70974E+01  0.00000E+00  1.0E-05
  4.750E-01  1.71822E-05  1.10472E-15  3.94501E+01  0.00000E+00  1.0E-05
  5.000E-01  1.90385E-05  9.31248E-16  3.32555E+01  0.00000E+00  1.0E-05
  5.250E-01  2.09899E-05  7.89907E-16  2.82081E+01  0.00000E+00  1.0E-05
  5.500E-01  2.30365E-05  6.72445E-16  2.40135E+01  0.00000E+00  1.0E-05
  5.750E-01  2.51783E-05  5.75492E-16  2.05512E+01  0.00000E+00  1.0E-05
  6.000E-01  2.74153E-05  4.94938E-16  1.76746E+01  0.00000E+00  1.0E-05
  6.250E-01  2.97475E-05  4.27639E-16  1.52713E+01  0.00000E+00  1.0E-05
  6.500E-01  3.21749E-05  3.70965E-16  1.32474E+01  0.00000E+00  1.0E-05
  6.750E-01  3.46974E-05  3.23171E-16  1.15406E+01  0.00000E+00  1.0E-05
  7.000E-01  3.73152E-05  2.82767E-16  1.00978E+01  0.00000E+00  1.0E-05
  7.250E-01  4.00281E-05  2.48466E-16  8.87289E+00  0.00000E+00  1.0E-05
  7.500E-01  4.28362E-05  2.19171E-16  7.82672E+00  0.00000E+00  1.0E-05
  7.750E-01  4.57395E-05  1.94074E-16  6.93050E+00  0.00000E+00  1.0E-05
  8.000E-01  4.87380E-05  1.72494E-16  6.15987E+00  0.00000E+00  1.0E-05
  8.250E-01  5.18317E-05  1.53855E-16  5.49425E+00  0.00000E+00  1.0E-05
  8.500E-01  5.50205E-05  1.37677E-16  4.91655E+00  0.00000E+00  1.0E-05
  8.750E-01  5.83045E-05  1.23583E-16  4.41324E+00  0.00000E+00  1.0E-05
  9.000E-01  6.16838E-05  1.11272E-16  3.97358E+00  0.00000E+00  1.0E-05
  9.250E-01  6.51582E-05  1.00478E-16  3.58815E+00  0.00000E+00  1.0E-05
  9.500E-01  6.87277E-05  9.09807E-17  3.24898E+00  0.00000E+00  1.0E-05
  9.750E-01  7.23925E-05  8.25908E-17  2.94937E+00  0.00000E+00  1.0E-05
  1.000E+00  7.61524E-05  7.51635E-17  2.68414E+00  0.00000E+00  7.8E-06
  1.100E+00  9.21439E-05  5.27268E-17  1.88291E+00  0.00000E+00  5.8E-06
  1.200E+00  1.09658E-04  3.81434E-17  1.36213E+00  0.00000E+00  3.2E-06
  1.300E+00  1.28695E-04  2.82942E-17  1.01040E+00  0.00000E+00  6.4E-07
  1.400E+00  1.49255E-04  2.14189E-17  7.64883E-01  0.00000E+00  1.2E-06
  1.500E+00  1.71338E-04  1.65196E-17  5.89925E-01  0.00000E+00  2.3E-06
  1.600E+00  1.94942E-04  1.29429E-17  4.62198E-01  0.00000E+00  2.4E-06
  1.700E+00  2.20070E-04  1.02784E-17  3.67050E-01  0.00000E+00  1.9E-06
  1.800E+00  2.46720E-04  8.25881E-18  2.94927E-01  0.00000E+00  1.1E-06
  1.900E+00  2.74892E-04  6.71040E-18  2.39633E-01  0.00000E+00  1.8E-07
  2.000E+00  3.04586E-04  5.50737E-18  1.96672E-01  0.00000E+00  5.7E-07
  2.100E+00  3.35803E-04  4.56129E-18  1.62887E-01  0.00000E+00  1.0E-06
  2.200E+00  3.68542E-04  3.80808E-18  1.35989E-01  0.00000E+00  1.1E-06
  2.300E+00  4.02802E-04  3.20404E-18  1.14418E-01  0.00000E+00  8.8E-07
  2.400E+00  4.38585E-04  2.71509E-18  9.69577E-02  0.00000E+00  4.9E-07
  2.500E+00  4.75889E-04  2.31596E-18  8.27044E-02  0.00000E+00  1.0E-07
  2.600E+00  5.14715E-04  1.98728E-18  7.09671E-02  0.00000E+00  3.2E-07
  2.700E+00  5.55063E-04  1.71499E-18  6.12433E-02  0.00000E+00  5.5E-07
  2.800E+00  5.96931E-04  1.48787E-18  5.31328E-02  0.00000E+00  6.0E-07
  2.900E+00  6.40321E-04  1.29722E-18  4.63246E-02  0.00000E+00  4.8E-07
  3.000E+00  6.85233E-04  1.13618E-18  4.05737E-02  0.00000E+00  2.6E-07
  3.100E+00  7.31665E-04  9.99431E-19  3.56903E-02  0.00000E+00  1.0E-07
  3.200E+00  7.79618E-04  8.82728E-19  3.15228E-02  0.00000E+00  2.1E-07
  3.300E+00  8.29092E-04  7.82635E-19  2.79484E-02  0.00000E+00  3.4E-07
  3.400E+00  8.80086E-04  6.96380E-19  2.48682E-02  0.00000E+00  3.7E-07
  3.500E+00  9.32601E-04  6.21718E-19  2.22020E-02  0.00000E+00  2.9E-07
  3.600E+00  9.86636E-04  5.56845E-19  1.98853E-02  0.00000E+00  1.5E-07
  3.700E+00  1.04219E-03  5.00255E-19  1.78644E-02  0.00000E+00  1.0E-07
  3.800E+00  1.09927E-03  4.50702E-19  1.60949E-02  0.00000E+00  1.5E-07
  3.900E+00  1.15786E-03  4.07153E-19  1.45397E-02  0.00000E+00  2.3E-07
  4.000E+00  1.21797E-03  3.68763E-19  1.31688E-02  0.00000E+00  2.4E-07
  4.100E+00  1.27961E-03  3.34815E-19  1.19564E-02  0.00000E+00  1.9E-07
  4.200E+00  1.34276E-03  3.04702E-19  1.08811E-02  0.00000E+00  1.0E-07
  4.300E+00  1.40743E-03  2.77907E-19  9.92424E-03  0.00000E+00  1.0E-07
  4.400E+00  1.47362E-03  2.54008E-19  9.07078E-03  0.00000E+00  1.1E-07
  4.500E+00  1.54133E-03  2.32635E-19  8.30755E-03  0.00000E+00  1.6E-07
  4.600E+00  1.61056E-03  2.13474E-19  7.62330E-03  0.00000E+00  1.7E-07
  4.700E+00  1.68131E-03  1.96251E-19  7.00824E-03  0.00000E+00  1.3E-07
  4.800E+00  1.75357E-03  1.80737E-19  6.45423E-03  0.00000E+00  1.0E-07
  4.900E+00  1.82735E-03  1.66733E-19  5.95416E-03  0.00000E+00  1.0E-07
  5.000E+00  1.90265E-03  1.54066E-19  5.50181E-03  0.00000E+00  1.0E-07
  5.100E+00  1.97947E-03  1.42583E-19  5.09173E-03  0.00000E+00  1.2E-07
  5.200E+00  2.05780E-03  1.32154E-19  4.71929E-03  0.00000E+00  1.2E-07
  5.300E+00  2.13765E-03  1.22665E-19  4.38045E-03  0.00000E+00  1.0E-07
  5.400E+00  2.21902E-03  1.14017E-19  4.07161E-03  0.00000E+00  1.0E-07
  5.500E+00  2.30190E-03  1.06120E-19  3.78961E-03  0.00000E+00  1.0E-07
  5.600E+00  2.38630E-03  9.88970E-20  3.53168E-03  0.00000E+00  1.0E-07
  5.700E+00  2.47222E-03  9.22811E-20  3.29542E-03  0.00000E+00  1.0E-07
  5.800E+00  2.55965E-03  8.62118E-20  3.07868E-03  0.00000E+00  1.0E-07
  5.900E+00  2.64859E-03  8.06353E-20  2.87954E-03  0.00000E+00  1.0E-07
  6.000E+00  2.73905E-03  7.55036E-20  2.69628E-03  0.00000E+00  1.0E-07
  6.100E+00  2.83103E-03  7.07756E-20  2.52744E-03  0.00000E+00  1.0E-07
  6.200E+00  2.92452E-03  6.64137E-20  2.37168E-03  0.00000E+00  1.0E-07
  6.300E+00  3.01952E-03  6.23841E-20  2.22778E-03  0.00000E+00  1.0E-07
  6.400E+00  3.11604E-03  5.86563E-20  2.09465E-03  0.00000E+00  1.0E-07
  6.500E+00  3.21407E-03  5.52041E-20  1.97137E-03  0.00000E+00  1.0E-07
  6.600E+00  3.31362E-03  5.20034E-20  1.85707E-03  0.00000E+00  1.0E-07
  6.700E+00  3.41468E-03  4.90324E-20  1.75098E-03  0.00000E+00  1.0E-07
  6.800E+00  3.51725E-03  4.62711E-20  1.65237E-03  0.00000E+00  1.0E-07
  6.900E+00  3.62133E-03  4.37024E-20  1.56064E-03  0.00000E+00  1.0E-07
  7.000E+00  3.72692E-03  4.13104E-20  1.47522E-03  0.00000E+00  1.0E-07
  7.100E+00  3.83403E-03  3.90806E-20  1.39559E-03  0.00000E+00  1.0E-07
  7.200E+00  3.94265E-03  3.69998E-20  1.32129E-03  0.00000E+00  1.0E-07
  7.300E+00  4.05278E-03  3.50562E-20  1.25188E-03  0.00000E+00  1.0E-07
  7.400E+00  4.16442E-03  3.32392E-20  1.18699E-03  0.00000E+00  1.0E-07
  7.500E+00  4.27757E-03  3.15391E-20  1.12628E-03  0.00000E+00  1.0E-07
  7.600E+00  4.39223E-03  2.99467E-20  1.06942E-03  0.00000E+00  1.0E-07
  7.700E+00  4.50840E-03  2.84540E-20  1.01611E-03  0.00000E+00  1.0E-07
  7.800E+00  4.62608E-03  2.70536E-20  9.66103E-04  0.00000E+00  1.0E-07
  7.900E+00  4.74527E-03  2.57388E-20  9.19150E-04  0.00000E+00  1.0E-07
  8.000E+00  4.86597E-03  2.45033E-20  8.75029E-04  0.00000E+00  1.0E-07
  8.100E+00  4.98817E-03  2.33414E-20  8.33536E-04  0.00000E+00  1.0E-07
  8.200E+00  5.11188E-03  2.22479E-20  7.94487E-04  0.00000E+00  1.0E-07
  8.300E+00  5.23711E-03  2.12181E-20  7.57710E-04  0.00000E+00  1.0E-07
  8.400E+00  5.36383E-03  2.02474E-20  7.23049E-04  0.00000E+00  1.0E-07
  8.500E+00  5.49207E-03  1.93319E-20  6.90356E-04  0.00000E+00  1.0E-07
  8.600E+00  5.62181E-03  1.84679E-20  6.59501E-04  0.00000E+00  1.0E-07
  8.700E+00  5.75306E-03  1.76519E-20  6.30361E-04  0.00000E+00  1.0E-07
  8.800E+00  5.88581E-03  1.68807E-20  6.02822E-04  0.00000E+00  1.0E-07
  8.900E+00  6.02007E-03  1.61514E-20  5.76778E-04  0.00000E+00  1.0E-07
  9.000E+00  6.15583E-03  1.54613E-20  5.52133E-04  0.00000E+00  1.0E-07
  9.100E+00  6.29310E-03  1.48079E-20  5.28800E-04  0.00000E+00  1.0E-07
  9.200E+00  6.43187E-03  1.41889E-20  5.06693E-04  0.00000E+00  1.0E-07
  9.300E+00  6.57214E-03  1.36020E-20  4.85736E-04  0.00000E+00  1.0E-07
  9.400E+00  6.71392E-03  1.30454E-20  4.65858E-04  0.00000E+00  1.0E-07
  9.500E+00  6.85720E-03  1.25171E-20  4.46993E-04  0.00000E+00  1.0E-07
  9.600E+00  7.00198E-03  1.20155E-20  4.29080E-04  0.00000E+00  1.0E-07
  9.700E+00  7.14827E-03  1.15389E-20  4.12061E-04  0.00000E+00  1.0E-07
  9.800E+00  7.29605E-03  1.10858E-20  3.95882E-04  0.00000E+00  1.0E-07
  9.900E+00  7.44534E-03  1.06549E-20  3.80495E-04  0.00000E+00  1.0E-07
  1.000E+01  7.59612E-03  1.02449E-20  3.65853E-04  0.00000E+00  1.0E-07
  1.025E+01  7.97965E-03  9.30351E-21  3.32234E-04  0.00000E+00  1.0E-07
  1.050E+01  8.37255E-03  8.46846E-21  3.02414E-04  0.00000E+00  1.0E-07
  1.075E+01  8.77480E-03  7.72564E-21  2.75888E-04  0.00000E+00  1.0E-07
  1.100E+01  9.18641E-03  7.06306E-21  2.52226E-04  0.00000E+00  1.0E-07
  1.125E+01  9.60736E-03  6.47051E-21  2.31066E-04  0.00000E+00  1.0E-07
  1.150E+01  1.00376E-02  5.93925E-21  2.12095E-04  0.00000E+00  1.0E-07
  1.175E+01  1.04773E-02  5.46182E-21  1.95045E-04  0.00000E+00  1.0E-07
  1.200E+01  1.09262E-02  5.03177E-21  1.79688E-04  0.00000E+00  1.0E-07
  1.225E+01  1.13844E-02  4.64355E-21  1.65824E-04  0.00000E+00  1.0E-07
  1.250E+01  1.18520E-02  4.29236E-21  1.53283E-04  0.00000E+00  1.0E-07
  1.275E+01  1.23288E-02  3.97402E-21  1.41915E-04  0.00000E+00  1.0E-07
  1.300E+01  1.28150E-02  3.68489E-21  1.31590E-04  0.00000E+00  1.0E-07
  1.325E+01  1.33104E-02  3.42180E-21  1.22195E-04  0.00000E+00  1.0E-07
  1.350E+01  1.38150E-02  3.18199E-21  1.13631E-04  0.00000E+00  1.0E-07
  1.375E+01  1.43290E-02  2.96300E-21  1.05811E-04  0.00000E+00  1.0E-07
  1.400E+01  1.48521E-02  2.76270E-21  9.86577E-05  0.00000E+00  1.0E-07
  1.425E+01  1.53845E-02  2.57920E-21  9.21047E-05  0.00000E+00  1.0E-07
  1.450E+01  1.59262E-02  2.41082E-21  8.60920E-05  0.00000E+00  1.0E-07
  1.475E+01  1.64770E-02  2.25609E-21  8.05666E-05  0.00000E+00  1.0E-07
  1.500E+01  1.70371E-02  2.11370E-21  7.54816E-05  0.00000E+00  1.0E-07
  1.525E+01  1.76063E-02  1.98247E-21  7.07955E-05  0.00000E+00  1.0E-07
  1.550E+01  1.81848E-02  1.86138E-21  6.64711E-05  0.00000E+00  1.0E-07
  1.575E+01  1.87724E-02  1.74948E-21  6.24751E-05  0.00000E+00  1.0E-07
  1.600E+01  1.93692E-02  1.64595E-21  5.87780E-05  0.00000E+00  1.0E-07
  1.625E+01  1.99751E-02  1.55005E-21  5.53532E-05  0.00000E+00  1.0E-07
  1.650E+01  2.05901E-02  1.46110E-21  5.21768E-05  0.00000E+00  1.0E-07
  1.675E+01  2.12143E-02  1.37851E-21  4.92275E-05  0.00000E+00  1.0E-07
  1.700E+01  2.18476E-02  1.30173E-21  4.64858E-05  0.00000E+00  1.0E-07
  1.725E+01  2.24900E-02  1.23029E-21  4.39344E-05  0.00000E+00  1.0E-07
  1.750E+01  2.31415E-02  1.16373E-21  4.15576E-05  0.00000E+00  1.0E-07
  1.775E+01  2.38021E-02  1.10167E-21  3.93412E-05  0.00000E+00  1.0E-07
  1.800E+01  2.44717E-02  1.04373E-21  3.72722E-05  0.00000E+00  1.0E-07
  1.825E+01  2.51504E-02  9.89592E-22  3.53390E-05  0.00000E+00  1.0E-07
  1.850E+01  2.58382E-02  9.38961E-22  3.35309E-05  0.00000E+00  1.0E-07
  1.875E+01  2.65349E-02  8.91564E-22  3.18383E-05  0.00000E+00  1.0E-07
  1.900E+01  2.72407E-02  8.47154E-22  3.02524E-05  0.00000E+00  1.0E-07
  1.925E+01  2.79555E-02  8.05507E-22  2.87652E-05  0.00000E+00  1.0E-07
  1.950E+01  2.86793E-02  7.66419E-22  2.73693E-05  0.00000E+00  1.0E-07
  1.975E+01  2.94120E-02  7.29701E-22  2.60581E-05  0.00000E+00  1.0E-07
  2.000E+01  3.01537E-02  6.95182E-22  2.48254E-05  0.00000E+00  1.0E-07
  2.025E+01  3.09043E-02  6.62704E-22  2.36656E-05  0.00000E+00  1.0E-07
  2.050E+01  3.16639E-02  6.32124E-22  2.25736E-05  0.00000E+00  1.0E-07
  2.075E+01  3.24324E-02  6.03309E-22  2.15446E-05  0.00000E+00  1.0E-07
  2.100E+01  3.32098E-02  5.76137E-22  2.05742E-05  0.00000E+00  1.0E-07
  2.125E+01  3.39961E-02  5.50497E-22  1.96586E-05  0.00000E+00  1.0E-07
  2.150E+01  3.47912E-02  5.26285E-22  1.87940E-05  0.00000E+00  1.0E-07
  2.175E+01  3.55952E-02  5.03405E-22  1.79769E-05  0.00000E+00  1.0E-07
  2.200E+01  3.64081E-02  4.81771E-22  1.72044E-05  0.00000E+00  1.0E-07
  2.225E+01  3.72297E-02  4.61301E-22  1.64734E-05  0.00000E+00  1.0E-07
  2.250E+01  3.80602E-02  4.41921E-22  1.57813E-05  0.00000E+00  1.0E-07
  2.275E+01  3.88995E-02  4.23561E-22  1.51256E-05  0.00000E+00  1.0E-07
  2.300E+01  3.97476E-02  4.06155E-22  1.45041E-05  0.00000E+00  1.0E-07
  2.325E+01  4.06044E-02  3.89647E-22  1.39145E-05  0.00000E+00  1.0E-07
  2.350E+01  4.14700E-02  3.73979E-22  1.33550E-05  0.00000E+00  1.0E-07
  2.375E+01  4.23443E-02  3.59100E-22  1.28237E-05  0.00000E+00  1.0E-07
  2.400E+01  4.32273E-02  3.44965E-22  1.23189E-05  0.00000E+00  1.0E-07
  2.425E+01  4.41190E-02  3.31525E-22  1.18390E-05  0.00000E+00  1.0E-07
  2.450E+01  4.50194E-02  3.18743E-22  1.13825E-05  0.00000E+00  1.0E-07
  2.475E+01  4.59284E-02  3.06579E-22  1.09481E-05  0.00000E+00  1.0E-07
  2.500E+01  4.68461E-02  2.94997E-22  1.05345E-05  0.00000E+00  1.0E-07
  2.550E+01  4.87074E-02  2.73447E-22  9.76499E-06  0.00000E+00  1.0E-07
  2.600E+01  5.06030E-02  2.53854E-22  9.06530E-06  0.00000E+00  1.0E-07
  2.650E+01  5.25328E-02  2.36006E-22  8.42793E-06  0.00000E+00  1.0E-07
  2.700E+01  5.44967E-02  2.19718E-22  7.84627E-06  0.00000E+00  1.0E-07
  2.750E+01  5.64946E-02  2.04828E-22  7.31454E-06  0.00000E+00  1.0E-07
  2.800E+01  5.85262E-02  1.91193E-22  6.82764E-06  0.00000E+00  1.0E-07
  2.850E+01  6.05914E-02  1.78688E-22  6.38107E-06  0.00000E+00  1.0E-07
  2.900E+01  6.26901E-02  1.67201E-22  5.97084E-06  0.00000E+00  1.0E-07
  2.950E+01  6.48222E-02  1.56633E-22  5.59345E-06  0.00000E+00  1.0E-07
  3.000E+01  6.69873E-02  1.46896E-22  5.24576E-06  0.00000E+00  1.0E-07
  3.050E+01  6.91854E-02  1.37913E-22  4.92498E-06  0.00000E+00  1.0E-07
  3.100E+01  7.14163E-02  1.29615E-22  4.62862E-06  0.00000E+00  1.0E-07
  3.150E+01  7.36799E-02  1.21938E-22  4.35448E-06  0.00000E+00  1.0E-07
  3.200E+01  7.59760E-02  1.14828E-22  4.10057E-06  0.00000E+00  1.0E-07
  3.250E+01  7.83043E-02  1.08234E-22  3.86509E-06  0.00000E+00  1.0E-07
  3.300E+01  8.06647E-02  1.02111E-22  3.64647E-06  0.00000E+00  1.0E-07
  3.350E+01  8.30571E-02  9.64206E-23  3.44324E-06  0.00000E+00  1.0E-07
  3.400E+01  8.54812E-02  9.11248E-23  3.25413E-06  0.00000E+00  1.0E-07
  3.450E+01  8.79369E-02  8.61914E-23  3.07795E-06  0.00000E+00  1.0E-07
  3.500E+01  9.04240E-02  8.15907E-23  2.91366E-06  0.00000E+00  1.0E-07
  3.550E+01  9.29422E-02  7.72959E-23  2.76029E-06  0.00000E+00  1.0E-07
  3.600E+01  9.54915E-02  7.32827E-23  2.61697E-06  0.00000E+00  1.0E-07
  3.650E+01  9.80716E-02  6.95290E-23  2.48292E-06  0.00000E+00  1.0E-07
  3.700E+01  1.00682E-01  6.60147E-23  2.35743E-06  0.00000E+00  1.0E-07
  3.750E+01  1.03323E-01  6.27215E-23  2.23983E-06  0.00000E+00  1.0E-07
  3.800E+01  1.05995E-01  5.96329E-23  2.12953E-06  0.00000E+00  1.0E-07
  3.850E+01  1.08696E-01  5.67335E-23  2.02599E-06  0.00000E+00  1.0E-07
  3.900E+01  1.11427E-01  5.40096E-23  1.92872E-06  0.00000E+00  1.0E-07
  3.950E+01  1.14188E-01  5.14484E-23  1.83726E-06  0.00000E+00  1.0E-07
  4.000E+01  1.16978E-01  4.90383E-23  1.75119E-06  0.00000E+00  1.0E-07
  4.050E+01  1.19797E-01  4.67686E-23  1.67014E-06  0.00000E+00  1.0E-07
  4.100E+01  1.22645E-01  4.46295E-23  1.59375E-06  0.00000E+00  1.0E-07
  4.150E+01  1.25522E-01  4.26120E-23  1.52170E-06  0.00000E+00  1.0E-07
  4.200E+01  1.28428E-01  4.07078E-23  1.45370E-06  0.00000E+00  1.0E-07
  4.250E+01  1.31361E-01  3.89094E-23  1.38948E-06  0.00000E+00  1.0E-07
  4.300E+01  1.34323E-01  3.72096E-23  1.32878E-06  0.00000E+00  1.0E-07
  4.350E+01  1.37313E-01  3.56019E-23  1.27137E-06  0.00000E+00  1.0E-07
  4.400E+01  1.40330E-01  3.40805E-23  1.21704E-06  0.00000E+00  1.0E-07
  4.450E+01  1.43375E-01  3.26397E-23  1.16558E-06  0.00000E+00  1.0E-07
  4.500E+01  1.46447E-01  3.12744E-23  1.11683E-06  0.00000E+00  1.0E-07
  4.550E+01  1.49545E-01  2.99800E-23  1.07060E-06  0.00000E+00  1.0E-07
  4.600E+01  1.52671E-01  2.87519E-23  1.02675E-06  0.00000E+00  1.0E-07
  4.650E+01  1.55823E-01  2.75861E-23  9.85118E-07  0.00000E+00  1.0E-07
  4.700E+01  1.59001E-01  2.64789E-23  9.45578E-07  0.00000E+00  1.0E-07
  4.750E+01  1.62205E-01  2.54266E-23  9.07999E-07  0.00000E+00  1.0E-07
  4.800E+01  1.65435E-01  2.44260E-23  8.72267E-07  0.00000E+00  1.0E-07
  4.850E+01  1.68690E-01  2.34741E-23  8.38274E-07  0.00000E+00  1.0E-07
  4.900E+01  1.71970E-01  2.25680E-23  8.05916E-07  0.00000E+00  1.0E-07
  4.950E+01  1.75276E-01  2.17051E-23  7.75102E-07  0.00000E+00  1.0E-07
  5.000E+01  1.78606E-01  2.08829E-23  7.45741E-07  0.00000E+00  1.0E-07
  5.050E+01  1.81961E-01  2.00991E-23  7.17752E-07  0.00000E+00  1.0E-07
  5.100E+01  1.85340E-01  1.93516E-23  6.91059E-07  0.00000E+00  1.0E-07
  5.150E+01  1.88743E-01  1.86383E-23  6.65588E-07  0.00000E+00  1.0E-07
  5.200E+01  1.92169E-01  1.79575E-23  6.41272E-07  0.00000E+00  1.0E-07
  5.250E+01  1.95619E-01  1.73071E-23  6.18049E-07  0.00000E+00  1.0E-07
  5.300E+01  1.99092E-01  1.66858E-23  5.95860E-07  0.00000E+00  1.0E-07
  5.350E+01  2.02589E-01  1.60918E-23  5.74650E-07  0.00000E+00  1.0E-07
  5.400E+01  2.06107E-01  1.55238E-23  5.54366E-07  0.00000E+00  1.0E-07
  5.450E+01  2.09649E-01  1.49805E-23  5.34962E-07  0.00000E+00  1.0E-07
  5.500E+01  2.13212E-01  1.44604E-23  5.16390E-07  0.00000E+00  1.0E-07
  5.550E+01  2.16797E-01  1.39625E-23  4.98608E-07  0.00000E+00  1.0E-07
  5.600E+01  2.20404E-01  1.34855E-23  4.81576E-07  0.00000E+00  1.0E-07
  5.650E+01  2.24032E-01  1.30285E-23  4.65256E-07  0.00000E+00  1.0E-07
  5.700E+01  2.27680E-01  1.25904E-23  4.49611E-07  0.00000E+00  1.0E-07
  5.750E+01  2.31350E-01  1.21703E-23  4.34609E-07  0.00000E+00  1.0E-07
  5.800E+01  2.35040E-01  1.17673E-23  4.20218E-07  0.00000E+00  1.0E-07
  5.850E+01  2.38751E-01  1.13806E-23  4.06407E-07  0.00000E+00  1.0E-07
  5.900E+01  2.42481E-01  1.10093E-23  3.93150E-07  0.00000E+00  1.0E-07
  5.950E+01  2.46231E-01  1.06528E-23  3.80419E-07  0.00000E+00  1.0E-07
  6.000E+01  2.50000E-01  1.03104E-23  3.68190E-07  0.00000E+00  1.0E-07
  6.050E+01  2.53788E-01  9.98129E-24  3.56438E-07  0.00000E+00  1.0E-07
  6.100E+01  2.57595E-01  9.66496E-24  3.45142E-07  0.00000E+00  1.0E-07
  6.150E+01  2.61421E-01  9.36079E-24  3.34280E-07  0.00000E+00  1.0E-07
  6.200E+01  2.65264E-01  9.06821E-24  3.23832E-07  0.00000E+00  1.0E-07
  6.250E+01  2.69126E-01  8.78670E-24  3.13779E-07  0.00000E+00  1.0E-07
  6.300E+01  2.73005E-01  8.51575E-24  3.04103E-07  0.00000E+00  1.0E-07
  6.350E+01  2.76901E-01  8.25490E-24  2.94788E-07  0.00000E+00  1.0E-07
  6.400E+01  2.80814E-01  8.00369E-24  2.85817E-07  0.00000E+00  1.0E-07
  6.450E+01  2.84744E-01  7.76170E-24  2.77175E-07  0.00000E+00  1.0E-07
  6.500E+01  2.88691E-01  7.52852E-24  2.68848E-07  0.00000E+00  1.0E-07
  6.550E+01  2.92653E-01  7.30377E-24  2.60822E-07  0.00000E+00  1.0E-07
  6.600E+01  2.96632E-01  7.08708E-24  2.53084E-07  0.00000E+00  1.0E-07
  6.650E+01  3.00625E-01  6.87811E-24  2.45622E-07  0.00000E+00  1.0E-07
  6.700E+01  3.04634E-01  6.67651E-24  2.38423E-07  0.00000E+00  1.0E-07
  6.750E+01  3.08658E-01  6.48200E-24  2.31476E-07  0.00000E+00  1.0E-07
  6.800E+01  3.12697E-01  6.29425E-24  2.24772E-07  0.00000E+00  1.0E-07
  6.850E+01  3.16749E-01  6.11301E-24  2.18299E-07  0.00000E+00  1.0E-07
  6.900E+01  3.20816E-01  5.93799E-24  2.12049E-07  0.00000E+00  1.0E-07
  6.950E+01  3.24896E-01  5.76894E-24  2.06013E-07  0.00000E+00  1.0E-07
  7.000E+01  3.28990E-01  5.60563E-24  2.00181E-07  0.00000E+00  1.0E-07
  7.050E+01  3.33097E-01  5.44781E-24  1.94545E-07  0.00000E+00  1.0E-07
  7.100E+01  3.37216E-01  5.29527E-24  1.89097E-07  0.00000E+00  1.0E-07
  7.150E+01  3.41348E-01  5.14778E-24  1.83831E-07  0.00000E+00  1.0E-07
  7.200E+01  3.45492E-01  5.00516E-24  1.78738E-07  0.00000E+00  1.0E-07
  7.250E+01  3.49647E-01  4.86721E-24  1.73811E-07  0.00000E+00  1.0E-07
  7.300E+01  3.53814E-01  4.73375E-24  1.69045E-07  0.00000E+00  1.0E-07
  7.350E+01  3.57992E-01  4.60460E-24  1.64433E-07  0.00000E+00  1.0E-07
  7.400E+01  3.62181E-01  4.47960E-24  1.59969E-07  0.00000E+00  1.0E-07
  7.450E+01  3.66381E-01  4.35859E-24  1.55648E-07  0.00000E+00  1.0E-07
  7.500E+01  3.70590E-01  4.24142E-24  1.51464E-07  0.00000E+00  1.0E-07
  7.550E+01  3.74810E-01  4.12794E-24  1.47411E-07  0.00000E+00  1.0E-07
  7.600E+01  3.79039E-01  4.01802E-24  1.43486E-07  0.00000E+00  1.0E-07
  7.650E+01  3.83277E-01  3.91151E-24  1.39683E-07  0.00000E+00  1.0E-07
  7.700E+01  3.87524E-01  3.80830E-24  1.35997E-07  0.00000E+00  1.0E-07
  7.750E+01  3.91780E-01  3.70826E-24  1.32424E-07  0.00000E+00  1.0E-07
  7.800E+01  3.96044E-01  3.61127E-24  1.28961E-07  0.00000E+00  1.0E-07
  7.850E+01  4.00316E-01  3.51723E-24  1.25603E-07  0.00000E+00  1.0E-07
  7.900E+01  4.04596E-01  3.42603E-24  1.22346E-07  0.00000E+00  1.0E-07
  7.950E+01  4.08882E-01  3.33757E-24  1.19187E-07  0.00000E+00  1.0E-07
  8.000E+01  4.13176E-01  3.25175E-24  1.16122E-07  0.00000E+00  1.0E-07
  8.050E+01  4.17476E-01  3.16847E-24  1.13148E-07  0.00000E+00  1.0E-07
  8.100E+01  4.21783E-01  3.08765E-24  1.10262E-07  0.00000E+00  1.0E-07
  8.150E+01  4.26095E-01  3.00920E-24  1.07460E-07  0.00000E+00  1.0E-07
  8.200E+01  4.30413E-01  2.93303E-24  1.04740E-07  0.00000E+00  1.0E-07
  8.250E+01  4.34737E-01  2.85907E-24  1.02099E-07  0.00000E+00  1.0E-07
  8.300E+01  4.39065E-01  2.78725E-24  9.95343E-08  0.00000E+00  1.0E-07
  8.350E+01  4.43398E-01  2.71747E-24  9.70428E-08  0.00000E+00  1.0E-07
  8.400E+01  4.47736E-01  2.64969E-24  9.46223E-08  0.00000E+00  1.0E-07
  8.450E+01  4.52077E-01  2.58383E-24  9.22704E-08  0.00000E+00  1.0E-07
  8.500E+01  4.56422E-01  2.51983E-24  8.99849E-08  0.00000E+00  1.0E-07
  8.550E+01  4.60770E-01  2.45763E-24  8.77635E-08  0.00000E+00  1.0E-07
  8.600E+01  4.65122E-01  2.39716E-24  8.56041E-08  0.00000E+00  1.0E-07
  8.650E+01  4.69476E-01  2.33837E-24  8.35046E-08  0.00000E+00  1.0E-07
  8.700E+01  4.73832E-01  2.28120E-24  8.14631E-08  0.00000E+00  1.0E-07
  8.750E+01  4.78190E-01  2.22560E-24  7.94776E-08  0.00000E+00  1.0E-07
  8.800E+01  4.82550E-01  2.17152E-24  7.75463E-08  0.00000E+00  1.0E-07
  8.850E+01  4.86912E-01  2.11890E-24  7.56674E-08  0.00000E+00  1.0E-07
  8.900E+01  4.91274E-01  2.06771E-24  7.38394E-08  0.00000E+00  1.0E-07
  8.950E+01  4.95637E-01  2.01790E-24  7.20604E-08  0.00000E+00  1.0E-07
  9.000E+01  5.00000E-01  1.96942E-24  7.03292E-08  0.00000E+00  1.0E-07
  9.050E+01  5.04363E-01  1.92223E-24  6.86440E-08  0.00000E+00  1.0E-07
  9.100E+01  5.08726E-01  1.87629E-24  6.70036E-08  0.00000E+00  1.0E-07
  9.150E+01  5.13088E-01  1.83157E-24  6.54064E-08  0.00000E+00  1.0E-07
  9.200E+01  5.17450E-01  1.78802E-24  6.38512E-08  0.00000E+00  1.0E-07
  9.250E+01  5.21810E-01  1.74560E-24  6.23366E-08  0.00000E+00  1.0E-07
  9.300E+01  5.26168E-01  1.70429E-24  6.08614E-08  0.00000E+00  1.0E-07
  9.350E+01  5.30524E-01  1.66405E-24  5.94243E-08  0.00000E+00  1.0E-07
  9.400E+01  5.34878E-01  1.62484E-24  5.80241E-08  0.00000E+00  1.0E-07
  9.450E+01  5.39230E-01  1.58664E-24  5.66598E-08  0.00000E+00  1.0E-07
  9.500E+01  5.43578E-01  1.54941E-24  5.53303E-08  0.00000E+00  1.0E-07
  9.550E+01  5.47923E-01  1.51312E-24  5.40346E-08  0.00000E+00  1.0E-07
  9.600E+01  5.52264E-01  1.47776E-24  5.27716E-08  0.00000E+00  1.0E-07
  9.650E+01  5.56602E-01  1.44328E-24  5.15405E-08  0.00000E+00  1.0E-07
  9.700E+01  5.60935E-01  1.40967E-24  5.03403E-08  0.00000E+00  1.0E-07
  9.750E+01  5.65263E-01  1.37690E-24  4.91701E-08  0.00000E+00  1.0E-07
  9.800E+01  5.69587E-01  1.34495E-24  4.80289E-08  0.00000E+00  1.0E-07
  9.850E+01  5.73905E-01  1.31378E-24  4.69159E-08  0.00000E+00  1.0E-07
  9.900E+01  5.78217E-01  1.28338E-24  4.58303E-08  0.00000E+00  1.0E-07
  9.950E+01  5.82524E-01  1.25372E-24  4.47712E-08  0.00000E+00  1.0E-07
  1.000E+02  5.86824E-01  1.22479E-24  4.37379E-08  0.00000E+00  1.0E-07
  1.005E+02  5.91118E-01  1.19656E-24  4.27298E-08  0.00000E+00  1.0E-07
  1.010E+02  5.95404E-01  1.16901E-24  4.17460E-08  0.00000E+00  1.0E-07
  1.015E+02  5.99684E-01  1.14213E-24  4.07862E-08  0.00000E+00  1.0E-07
  1.020E+02  6.03956E-01  1.11590E-24  3.98494E-08  0.00000E+00  1.0E-07
  1.025E+02  6.08220E-01  1.09029E-24  3.89351E-08  0.00000E+00  1.0E-07
  1.030E+02  6.12476E-01  1.06530E-24  3.80425E-08  0.00000E+00  1.0E-07
  1.035E+02  6.16723E-01  1.04090E-24  3.71711E-08  0.00000E+00  1.0E-07
  1.040E+02  6.20961E-01  1.01707E-24  3.63202E-08  0.00000E+00  1.0E-07
  1.045E+02  6.25190E-01  9.93802E-25  3.54893E-08  0.00000E+00  1.0E-07
  1.050E+02  6.29410E-01  9.71081E-25  3.46779E-08  0.00000E+00  1.0E-07
  1.055E+02  6.33619E-01  9.48892E-25  3.38855E-08  0.00000E+00  1.0E-07
  1.060E+02  6.37819E-01  9.27219E-25  3.31116E-08  0.00000E+00  1.0E-07
  1.065E+02  6.42008E-01  9.06050E-25  3.23556E-08  0.00000E+00  1.0E-07
  1.070E+02  6.46186E-01  8.85371E-25  3.16172E-08  0.00000E+00  1.0E-07
  1.075E+02  6.50353E-01  8.65168E-25  3.08957E-08  0.00000E+00  1.0E-07
  1.080E+02  6.54508E-01  8.45430E-25  3.01908E-08  0.00000E+00  1.0E-07
  1.085E+02  6.58652E-01  8.26143E-25  2.95021E-08  0.00000E+00  1.0E-07
  1.090E+02  6.62784E-01  8.07295E-25  2.88290E-08  0.00000E+00  1.0E-07
  1.095E+02  6.66903E-01  7.88875E-25  2.81712E-08  0.00000E+00  1.0E-07
  1.100E+02  6.71010E-01  7.70872E-25  2.75283E-08  0.00000E+00  1.0E-07
  1.105E+02  6.75104E-01  7.53275E-25  2.68999E-08  0.00000E+00  1.0E-07
  1.110E+02  6.79184E-01  7.36073E-25  2.62857E-08  0.00000E+00  1.0E-07
  1.115E+02  6.83251E-01  7.19258E-25  2.56852E-08  0.00000E+00  1.0E-07
  1.120E+02  6.87303E-01  7.02818E-25  2.50981E-08  0.00000E+00  1.0E-07
  1.125E+02  6.91342E-01  6.86744E-25  2.45241E-08  0.00000E+00  1.0E-07
  1.130E+02  6.95366E-01  6.71028E-25  2.39629E-08  0.00000E+00  1.0E-07
  1.135E+02  6.99375E-01  6.55660E-25  2.34141E-08  0.00000E+00  1.0E-07
  1.140E+02  7.03368E-01  6.40632E-25  2.28774E-08  0.00000E+00  1.0E-07
  1.145E+02  7.07347E-01  6.25935E-25  2.23525E-08  0.00000E+00  1.0E-07
  1.150E+02  7.11309E-01  6.11560E-25  2.18392E-08  0.00000E+00  1.0E-07
  1.155E+02  7.15256E-01  5.97499E-25  2.13371E-08  0.00000E+00  1.0E-07
  1.160E+02  7.19186E-01  5.83746E-25  2.08459E-08  0.00000E+00  1.0E-07
  1.165E+02  7.23099E-01  5.70292E-25  2.03655E-08  0.00000E+00  1.0E-07
  1.170E+02  7.26995E-01  5.57130E-25  1.98955E-08  0.00000E+00  1.0E-07
  1.175E+02  7.30874E-01  5.44252E-25  1.94356E-08  0.00000E+00  1.0E-07
  1.180E+02  7.34736E-01  5.31654E-25  1.89857E-08  0.00000E+00  1.0E-07
  1.185E+02  7.38579E-01  5.19326E-25  1.85455E-08  0.00000E+00  1.0E-07
  1.190E+02  7.42405E-01  5.07264E-25  1.81147E-08  0.00000E+00  1.0E-07
  1.195E+02  7.46212E-01  4.95460E-25  1.76932E-08  0.00000E+00  1.0E-07
  1.200E+02  7.50000E-01  4.83909E-25  1.72807E-08  0.00000E+00  1.0E-07
  1.205E+02  7.53769E-01  4.72605E-25  1.68770E-08  0.00000E+00  1.0E-07
  1.210E+02  7.57519E-01  4.61542E-25  1.64820E-08  0.00000E+00  1.0E-07
  1.215E+02  7.61249E-01  4.50714E-25  1.60953E-08  0.00000E+00  1.0E-07
  1.220E+02  7.64960E-01  4.40115E-25  1.57168E-08  0.00000E+00  1.0E-07
  1.225E+02  7.68650E-01  4.29741E-25  1.53463E-08  0.00000E+00  1.0E-07
  1.230E+02  7.72320E-01  4.19587E-25  1.49837E-08  0.00000E+00  1.0E-07
  1.235E+02  7.75968E-01  4.09646E-25  1.46287E-08  0.00000E+00  1.0E-07
  1.240E+02  7.79596E-01  3.99915E-25  1.42812E-08  0.00000E+00  1.0E-07
  1.245E+02  7.83203E-01  3.90388E-25  1.39410E-08  0.00000E+00  1.0E-07
  1.250E+02  7.86788E-01  3.81062E-25  1.36080E-08  0.00000E+00  1.0E-07
  1.255E+02  7.90351E-01  3.71931E-25  1.32819E-08  0.00000E+00  1.0E-07
  1.260E+02  7.93893E-01  3.62990E-25  1.29626E-08  0.00000E+00  1.0E-07
  1.265E+02  7.97411E-01  3.54237E-25  1.26500E-08  0.00000E+00  1.0E-07
  1.270E+02  8.00908E-01  3.45667E-25  1.23440E-08  0.00000E+00  1.0E-07
  1.275E+02  8.04381E-01  3.37275E-25  1.20443E-08  0.00000E+00  1.0E-07
  1.280E+02  8.07831E-01  3.29059E-25  1.17509E-08  0.00000E+00  1.0E-07
  1.285E+02  8.11257E-01  3.21013E-25  1.14636E-08  0.00000E+00  1.0E-07
  1.290E+02  8.14660E-01  3.13134E-25  1.11822E-08  0.00000E+00  1.0E-07
  1.295E+02  8.18039E-01  3.05420E-25  1.09067E-08  0.00000E+00  1.0E-07
  1.300E+02  8.21394E-01  2.97865E-25  1.06369E-08  0.00000E+00  1.0E-07
  1.305E+02  8.24724E-01  2.90467E-25  1.03728E-08  0.00000E+00  1.0E-07
  1.310E+02  8.28030E-01  2.83222E-25  1.01141E-08  0.00000E+00  1.0E-07
  1.315E+02  8.31310E-01  2.76128E-25  9.86071E-09  0.00000E+00  1.0E-07
  1.320E+02  8.34565E-01  2.69180E-25  9.61261E-09  0.00000E+00  1.0E-07
  1.325E+02  8.37795E-01  2.62377E-25  9.36965E-09  0.00000E+00  1.0E-07
  1.330E+02  8.40999E-01  2.55714E-25  9.13172E-09  0.00000E+00  1.0E-07
  1.335E+02  8.44177E-01  2.49190E-25  8.89872E-09  0.00000E+00  1.0E-07
  1.340E+02  8.47329E-01  2.42800E-25  8.67055E-09  0.00000E+00  1.0E-07
  1.345E+02  8.50455E-01  2.36543E-25  8.44711E-09  0.00000E+00  1.0E-07
  1.350E+02  8.53553E-01  2.30416E-25  8.22831E-09  0.00000E+00  1.0E-07
  1.355E+02  8.56625E-01  2.24416E-25  8.01404E-09  0.00000E+00  1.0E-07
  1.360E+02  8.59670E-01  2.18541E-25  7.80422E-09  0.00000E+00  1.0E-07
  1.365E+02  8.62687E-01  2.12787E-25  7.59877E-09  0.00000E+00  1.0E-07
  1.370E+02  8.65677E-01  2.07153E-25  7.39758E-09  0.00000E+00  1.0E-07
  1.375E+02  8.68639E-01  2.01637E-25  7.20059E-09  0.00000E+00  1.0E-07
  1.380E+02  8.71572E-01  1.96236E-25  7.00770E-09  0.00000E+00  1.0E-07
  1.385E+02  8.74478E-01  1.90947E-25  6.81884E-09  0.00000E+00  1.0E-07
  1.390E+02  8.77355E-01  1.85769E-25  6.63393E-09  0.00000E+00  1.0E-07
  1.395E+02  8.80203E-01  1.80699E-25  6.45289E-09  0.00000E+00  1.0E-07
  1.400E+02  8.83022E-01  1.75736E-25  6.27565E-09  0.00000E+00  1.0E-07
  1.405E+02  8.85812E-01  1.70877E-25  6.10214E-09  0.00000E+00  1.0E-07
  1.410E+02  8.88573E-01  1.66121E-25  5.93229E-09  0.00000E+00  1.0E-07
  1.415E+02  8.91304E-01  1.61465E-25  5.76602E-09  0.00000E+00  1.0E-07
  1.420E+02  8.94005E-01  1.56908E-25  5.60328E-09  0.00000E+00  1.0E-07
  1.425E+02  8.96677E-01  1.52447E-25  5.44400E-09  0.00000E+00  1.0E-07
  1.430E+02  8.99318E-01  1.48082E-25  5.28811E-09  0.00000E+00  1.0E-07
  1.435E+02  9.01928E-01  1.43810E-25  5.13555E-09  0.00000E+00  1.0E-07
  1.440E+02  9.04508E-01  1.39630E-25  4.98626E-09  0.00000E+00  1.0E-07
  1.445E+02  9.07058E-01  1.35539E-25  4.84020E-09  0.00000E+00  1.0E-07
  1.450E+02  9.09576E-01  1.31537E-25  4.69729E-09  0.00000E+00  1.0E-07
  1.455E+02  9.12063E-01  1.27622E-25  4.55748E-09  0.00000E+00  1.0E-07
  1.460E+02  9.14519E-01  1.23793E-25  4.42072E-09  0.00000E+00  1.0E-07
  1.465E+02  9.16943E-01  1.20047E-25  4.28696E-09  0.00000E+00  1.0E-07
  1.470E+02  9.19335E-01  1.16384E-25  4.15614E-09  0.00000E+00  1.0E-07
  1.475E+02  9.21696E-01  1.12802E-25  4.02822E-09  0.00000E+00  1.0E-07
  1.480E+02  9.24024E-01  1.09299E-25  3.90315E-09  0.00000E+00  1.0E-07
  1.485E+02  9.26320E-01  1.05875E-25  3.78087E-09  0.00000E+00  1.0E-07
  1.490E+02  9.28584E-01  1.02528E-25  3.66135E-09  0.00000E+00  1.0E-07
  1.495E+02  9.30815E-01  9.92572E-26  3.54454E-09  0.00000E+00  1.0E-07
  1.500E+02  9.33013E-01  9.60607E-26  3.43039E-09  0.00000E+00  1.0E-07
  1.505E+02  9.35178E-01  9.29377E-26  3.31887E-09  0.00000E+00  1.0E-07
  1.510E+02  9.37310E-01  8.98870E-26  3.20992E-09  0.00000E+00  1.0E-07
  1.515E+02  9.39409E-01  8.69073E-26  3.10352E-09  0.00000E+00  1.0E-07
  1.520E+02  9.41474E-01  8.39978E-26  2.99962E-09  0.00000E+00  1.0E-07
  1.525E+02  9.43505E-01  8.11572E-26  2.89818E-09  0.00000E+00  1.0E-07
  1.530E+02  9.45503E-01  7.83846E-26  2.79916E-09  0.00000E+00  1.0E-07
  1.535E+02  9.47467E-01  7.56789E-26  2.70254E-09  0.00000E+00  1.0E-07
  1.540E+02  9.49397E-01  7.30392E-26  2.60828E-09  0.00000E+00  1.0E-07
  1.545E+02  9.51293E-01  7.04645E-26  2.51633E-09  0.00000E+00  1.0E-07
  1.550E+02  9.53154E-01  6.79539E-26  2.42668E-09  0.00000E+00  1.0E-07
  1.555E+02  9.54981E-01  6.55064E-26  2.33928E-09  0.00000E+00  1.0E-07
  1.560E+02  9.56773E-01  6.31213E-26  2.25410E-09  0.00000E+00  1.0E-07
  1.565E+02  9.58530E-01  6.07976E-26  2.17112E-09  0.00000E+00  1.0E-07
  1.570E+02  9.60252E-01  5.85346E-26  2.09031E-09  0.00000E+00  1.0E-07
  1.575E+02  9.61940E-01  5.63313E-26  2.01163E-09  0.00000E+00  1.0E-07
  1.580E+02  9.63592E-01  5.41871E-26  1.93506E-09  0.00000E+00  1.0E-07
  1.585E+02  9.65209E-01  5.21012E-26  1.86057E-09  0.00000E+00  1.0E-07
  1.590E+02  9.66790E-01  5.00729E-26  1.78814E-09  0.00000E+00  1.0E-07
  1.595E+02  9.68336E-01  4.81014E-26  1.71773E-09  0.00000E+00  1.0E-07
  1.600E+02  9.69846E-01  4.61860E-26  1.64933E-09  0.00000E+00  1.0E-07
  1.605E+02  9.71321E-01  4.43262E-26  1.58292E-09  0.00000E+00  1.0E-07
  1.610E+02  9.72759E-01  4.25211E-26  1.51846E-09  0.00000E+00  1.0E-07
  1.615E+02  9.74162E-01  4.07703E-26  1.45593E-09  0.00000E+00  1.0E-07
  1.620E+02  9.75528E-01  3.90731E-26  1.39533E-09  0.00000E+00  1.0E-07
  1.625E+02  9.76858E-01  3.74289E-26  1.33661E-09  0.00000E+00  1.0E-07
  1.630E+02  9.78152E-01  3.58371E-26  1.27977E-09  0.00000E+00  1.0E-07
  1.635E+02  9.79410E-01  3.42973E-26  1.22478E-09  0.00000E+00  1.0E-07
  1.640E+02  9.80631E-01  3.28088E-26  1.17162E-09  0.00000E+00  1.0E-07
  1.645E+02  9.81815E-01  3.13712E-26  1.12029E-09  0.00000E+00  1.0E-07
  1.650E+02  9.82963E-01  2.99840E-26  1.07075E-09  0.00000E+00  1.0E-07
  1.655E+02  9.84074E-01  2.86467E-26  1.02299E-09  0.00000E+00  1.0E-07
  1.660E+02  9.85148E-01  2.73588E-26  9.77000E-10  0.00000E+00  1.0E-07
  1.665E+02  9.86185E-01  2.61199E-26  9.32760E-10  0.00000E+00  1.0E-07
  1.670E+02  9.87185E-01  2.49297E-26  8.90254E-10  0.00000E+00  1.0E-07
  1.675E+02  9.88148E-01  2.37876E-26  8.49470E-10  0.00000E+00  1.0E-07
  1.680E+02  9.89074E-01  2.26933E-26  8.10392E-10  0.00000E+00  1.0E-07
  1.685E+02  9.89962E-01  2.16464E-26  7.73009E-10  0.00000E+00  1.0E-07
  1.690E+02  9.90814E-01  2.06467E-26  7.37306E-10  0.00000E+00  1.0E-07
  1.695E+02  9.91627E-01  1.96937E-26  7.03273E-10  0.00000E+00  1.0E-07
  1.700E+02  9.92404E-01  1.87871E-26  6.70898E-10  0.00000E+00  1.0E-07
  1.705E+02  9.93143E-01  1.79266E-26  6.40170E-10  0.00000E+00  1.0E-07
  1.710E+02  9.93844E-01  1.71119E-26  6.11078E-10  0.00000E+00  1.0E-07
  1.715E+02  9.94508E-01  1.63429E-26  5.83614E-10  0.00000E+00  1.0E-07
  1.720E+02  9.95134E-01  1.56191E-26  5.57767E-10  0.00000E+00  1.0E-07
  1.725E+02  9.95722E-01  1.49404E-26  5.33530E-10  0.00000E+00  1.0E-07
  1.730E+02  9.96273E-01  1.43065E-26  5.10894E-10  0.00000E+00  1.0E-07
  1.735E+02  9.96786E-01  1.37172E-26  4.89851E-10  0.00000E+00  1.0E-07
  1.740E+02  9.97261E-01  1.31724E-26  4.70395E-10  0.00000E+00  1.0E-07
  1.745E+02  9.97698E-01  1.26718E-26  4.52519E-10  0.00000E+00  1.0E-07
  1.750E+02  9.98097E-01  1.22153E-26  4.36217E-10  0.00000E+00  1.0E-07
  1.755E+02  9.98459E-01  1.18028E-26  4.21484E-10  0.00000E+00  1.0E-07
  1.760E+02  9.98782E-01  1.14340E-26  4.08315E-10  0.00000E+00  1.0E-07
  1.765E+02  9.99067E-01  1.11089E-26  3.96706E-10  0.00000E+00  1.0E-07
  1.770E+02  9.99315E-01  1.08274E-26  3.86652E-10  0.00000E+00  1.0E-07
  1.775E+02  9.99524E-01  1.05893E-26  3.78151E-10  0.00000E+00  1.0E-07
  1.780E+02  9.99695E-01  1.03946E-26  3.71199E-10  0.00000E+00  1.0E-07
  1.785E+02  9.99829E-01  1.02433E-26  3.65794E-10  0.00000E+00  1.0E-07
  1.790E+02  9.99924E-01  1.01352E-26  3.61935E-10  0.00000E+00  1.0E-07
  1.795E+02  9.99981E-01  1.00704E-26  3.59620E-10  0.00000E+00  1.0E-07
  1.800E+02  1.00000E+00  1.00488E-26  3.58848E-10  0.00000E+00  1.0E-07
