 #
 # Subroutine ELSEPA. Elastic scattering of electrons and positrons
 #                    by neutral atoms and positive ions
 #
 # Projectile: electron
 # Kinetic energy = 3.70000E+06 eV = 1.35973E+05 a.u.
 #
 # WARNING: High-energy factorization with free-atom DF screening.
 #          Absorption, polarization and exchange corrections are
 #          switched off.
 #          Phase shifts are calculated for the bare nucleus.
 #          Scattering amplitudes are not evaluated.
 #
 # Element: Te,  Z =  52,  atomic weight = 1.27600E+02 g/mol
 #
 # Nuclear model: Fermi distribution
 #                Average radius = 5.38684E-13 cm
 #                Skin thickness = 5.46000E-14 cm
 #
 # Number of electrons = 52
 #
 # Total elastic cross section = 5.61131E-18 cm**2 = 2.00383E-01 a0**2
 # 1st transport cross section = 2.39517E-22 cm**2 = 8.55329E-06 a0**2
 # 2nd transport cross section = 6.63613E-22 cm**2 = 2.36980E-05 a0**2
 #
 #
 # Differential cross section:                       MU=(1-COS(THETA))/2
 #
 #  THETA        MU          DCS          DCS        Sherman      error
 #  (deg)                 (cm**2/sr)   (a0**2/sr)    function
 #----------------------------------------------------------------------
  0.000E+00  0.00000E+00  7.98794E-13  2.85254E+04  0.00000E+00  1.0E-05
  1.000E-04  7.61557E-13  7.98791E-13  2.85253E+04  0.00000E+00  1.0E-05
  1.250E-04  1.18994E-12  7.98789E-13  2.85253E+04  0.00000E+00  1.0E-05
  1.500E-04  1.71346E-12  7.98787E-13  2.85252E+04  0.00000E+00  1.0E-05
  1.750E-04  2.33225E-12  7.98785E-13  2.85251E+04  0.00000E+00  1.0E-05
  2.000E-04  3.04617E-12  7.98782E-13  2.85250E+04  0.00000E+00  1.0E-05
  2.250E-04  3.85530E-12  7.98779E-13  2.85249E+04  0.00000E+00  1.0E-05
  2.500E-04  4.75964E-12  7.98776E-13  2.85248E+04  0.00000E+00  1.0E-05
  2.750E-04  5.75917E-12  7.98772E-13  2.85247E+04  0.00000E+00  1.0E-05
  3.000E-04  6.85391E-12  7.98768E-13  2.85245E+04  0.00000E+00  1.0E-05
  3.250E-04  8.04379E-12  7.98764E-13  2.85244E+04  0.00000E+00  1.0E-05
  3.500E-04  9.32893E-12  7.98759E-13  2.85242E+04  0.00000E+00  1.0E-05
  3.750E-04  1.07092E-11  7.98754E-13  2.85240E+04  0.00000E+00  1.0E-05
  4.000E-04  1.21847E-11  7.98748E-13  2.85238E+04  0.00000E+00  1.0E-05
  4.250E-04  1.37554E-11  7.98742E-13  2.85236E+04  0.00000E+00  1.0E-05
  4.500E-04  1.54213E-11  7.98736E-13  2.85234E+04  0.00000E+00  1.0E-05
  4.750E-04  1.71823E-11  7.98729E-13  2.85231E+04  0.00000E+00  1.0E-05
  5.000E-04  1.90386E-11  7.98722E-13  2.85229E+04  0.00000E+00  1.0E-05
  5.250E-04  2.09900E-11  7.98715E-13  2.85226E+04  0.00000E+00  1.0E-05
  5.500E-04  2.30367E-11  7.98707E-13  2.85224E+04  0.00000E+00  1.0E-05
  5.750E-04  2.51785E-11  7.98699E-13  2.85221E+04  0.00000E+00  1.0E-05
  6.000E-04  2.74156E-11  7.98691E-13  2.85218E+04  0.00000E+00  1.0E-05
  6.250E-04  2.97478E-11  7.98682E-13  2.85215E+04  0.00000E+00  1.0E-05
  6.500E-04  3.21752E-11  7.98673E-13  2.85211E+04  0.00000E+00  1.0E-05
  6.750E-04  3.46979E-11  7.98663E-13  2.85208E+04  0.00000E+00  1.0E-05
  7.000E-04  3.73157E-11  7.98654E-13  2.85204E+04  0.00000E+00  1.0E-05
  7.250E-04  4.00286E-11  7.98643E-13  2.85201E+04  0.00000E+00  1.0E-05
  7.500E-04  4.28368E-11  7.98633E-13  2.85197E+04  0.00000E+00  1.0E-05
  7.750E-04  4.57402E-11  7.98622E-13  2.85193E+04  0.00000E+00  1.0E-05
  8.000E-04  4.87388E-11  7.98611E-13  2.85189E+04  0.00000E+00  1.0E-05
  8.250E-04  5.18325E-11  7.98599E-13  2.85185E+04  0.00000E+00  1.0E-05
  8.500E-04  5.50215E-11  7.98587E-13  2.85181E+04  0.00000E+00  1.0E-05
  8.750E-04  5.83057E-11  7.98575E-13  2.85176E+04  0.00000E+00  1.0E-05
  9.000E-04  6.16850E-11  7.98562E-13  2.85172E+04  0.00000E+00  1.0E-05
  9.250E-04  6.51595E-11  7.98549E-13  2.85167E+04  0.00000E+00  1.0E-05
  9.500E-04  6.87293E-11  7.98535E-13  2.85162E+04  0.00000E+00  1.0E-05
  9.750E-04  7.23943E-11  7.98522E-13  2.85157E+04  0.00000E+00  1.0E-05
  1.000E-03  7.61544E-11  7.98507E-13  2.85152E+04  0.00000E+00  1.0E-05
  1.250E-03  1.18991E-10  7.98346E-13  2.85095E+04  0.00000E+00  1.0E-05
  1.500E-03  1.71347E-10  7.98149E-13  2.85024E+04  0.00000E+00  1.0E-05
  1.750E-03  2.33223E-10  7.97916E-13  2.84941E+04  0.00000E+00  1.0E-05
  2.000E-03  3.04617E-10  7.97648E-13  2.84845E+04  0.00000E+00  1.0E-05
  2.250E-03  3.85531E-10  7.97343E-13  2.84737E+04  0.00000E+00  1.0E-05
  2.500E-03  4.75965E-10  7.97003E-13  2.84615E+04  0.00000E+00  1.0E-05
  2.750E-03  5.75917E-10  7.96628E-13  2.84481E+04  0.00000E+00  1.0E-05
  3.000E-03  6.85389E-10  7.96217E-13  2.84334E+04  0.00000E+00  1.0E-05
  3.250E-03  8.04380E-10  7.95771E-13  2.84175E+04  0.00000E+00  1.0E-05
  3.500E-03  9.32891E-10  7.95289E-13  2.84003E+04  0.00000E+00  1.0E-05
  3.750E-03  1.07092E-09  7.94772E-13  2.83818E+04  0.00000E+00  1.0E-05
  4.000E-03  1.21847E-09  7.94220E-13  2.83621E+04  0.00000E+00  1.0E-05
  4.250E-03  1.37554E-09  7.93633E-13  2.83412E+04  0.00000E+00  1.0E-05
  4.500E-03  1.54213E-09  7.93012E-13  2.83190E+04  0.00000E+00  1.0E-05
  4.750E-03  1.71823E-09  7.92355E-13  2.82955E+04  0.00000E+00  1.0E-05
  5.000E-03  1.90386E-09  7.91664E-13  2.82708E+04  0.00000E+00  1.0E-05
  5.250E-03  2.09900E-09  7.90938E-13  2.82449E+04  0.00000E+00  1.0E-05
  5.500E-03  2.30367E-09  7.90178E-13  2.82178E+04  0.00000E+00  1.0E-05
  5.750E-03  2.51785E-09  7.89384E-13  2.81894E+04  0.00000E+00  1.0E-05
  6.000E-03  2.74156E-09  7.88556E-13  2.81599E+04  0.00000E+00  1.0E-05
  6.250E-03  2.97478E-09  7.87694E-13  2.81291E+04  0.00000E+00  1.0E-05
  6.500E-03  3.21752E-09  7.86799E-13  2.80971E+04  0.00000E+00  1.0E-05
  6.750E-03  3.46978E-09  7.85870E-13  2.80639E+04  0.00000E+00  1.0E-05
  7.000E-03  3.73156E-09  7.84907E-13  2.80295E+04  0.00000E+00  1.0E-05
  7.250E-03  4.00286E-09  7.83912E-13  2.79940E+04  0.00000E+00  1.0E-05
  7.500E-03  4.28368E-09  7.82884E-13  2.79573E+04  0.00000E+00  1.0E-05
  7.750E-03  4.57402E-09  7.81822E-13  2.79194E+04  0.00000E+00  1.0E-05
  8.000E-03  4.87388E-09  7.80729E-13  2.78803E+04  0.00000E+00  1.0E-05
  8.250E-03  5.18326E-09  7.79603E-13  2.78401E+04  0.00000E+00  1.0E-05
  8.500E-03  5.50215E-09  7.78445E-13  2.77988E+04  0.00000E+00  1.0E-05
  8.750E-03  5.83057E-09  7.77255E-13  2.77563E+04  0.00000E+00  1.0E-05
  9.000E-03  6.16850E-09  7.76034E-13  2.77127E+04  0.00000E+00  1.0E-05
  9.250E-03  6.51596E-09  7.74782E-13  2.76680E+04  0.00000E+00  1.0E-05
  9.500E-03  6.87293E-09  7.73498E-13  2.76221E+04  0.00000E+00  1.0E-05
  9.750E-03  7.23942E-09  7.72183E-13  2.75752E+04  0.00000E+00  1.0E-05
  1.000E-02  7.61544E-09  7.70838E-13  2.75271E+04  0.00000E+00  1.0E-05
  1.250E-02  1.18991E-08  7.55763E-13  2.69888E+04  0.00000E+00  1.0E-05
  1.500E-02  1.71347E-08  7.37842E-13  2.63488E+04  0.00000E+00  1.0E-05
  1.750E-02  2.33223E-08  7.17584E-13  2.56254E+04  0.00000E+00  1.0E-05
  2.000E-02  3.04617E-08  6.95339E-13  2.48310E+04  0.00000E+00  1.0E-05
  2.250E-02  3.85531E-08  6.71294E-13  2.39723E+04  0.00000E+00  1.0E-05
  2.500E-02  4.75965E-08  6.45841E-13  2.30634E+04  0.00000E+00  1.0E-05
  2.750E-02  5.75917E-08  6.19491E-13  2.21224E+04  0.00000E+00  1.0E-05
  3.000E-02  6.85389E-08  5.92606E-13  2.11624E+04  0.00000E+00  1.0E-05
  3.250E-02  8.04380E-08  5.65339E-13  2.01886E+04  0.00000E+00  1.0E-05
  3.500E-02  9.32891E-08  5.37890E-13  1.92084E+04  0.00000E+00  1.0E-05
  3.750E-02  1.07092E-07  5.10764E-13  1.82397E+04  0.00000E+00  1.0E-05
  4.000E-02  1.21847E-07  4.84176E-13  1.72902E+04  0.00000E+00  1.0E-05
  4.250E-02  1.37554E-07  4.58217E-13  1.63632E+04  0.00000E+00  1.0E-05
  4.500E-02  1.54213E-07  4.32834E-13  1.54568E+04  0.00000E+00  1.0E-05
  4.750E-02  1.71823E-07  4.08440E-13  1.45856E+04  0.00000E+00  1.0E-05
  5.000E-02  1.90386E-07  3.85104E-13  1.37523E+04  0.00000E+00  1.0E-05
  5.250E-02  2.09900E-07  3.62866E-13  1.29582E+04  0.00000E+00  1.0E-05
  5.500E-02  2.30367E-07  3.41508E-13  1.21955E+04  0.00000E+00  1.0E-05
  5.750E-02  2.51785E-07  3.21326E-13  1.14747E+04  0.00000E+00  1.0E-05
  6.000E-02  2.74156E-07  3.02300E-13  1.07953E+04  0.00000E+00  1.0E-05
  6.250E-02  2.97478E-07  2.84403E-13  1.01562E+04  0.00000E+00  1.0E-05
  6.500E-02  3.21752E-07  2.67464E-13  9.55133E+03  0.00000E+00  1.0E-05
  6.750E-02  3.46978E-07  2.51579E-13  8.98404E+03  0.00000E+00  1.0E-05
  7.000E-02  3.73156E-07  2.36725E-13  8.45359E+03  0.00000E+00  1.0E-05
  7.250E-02  4.00286E-07  2.22847E-13  7.95799E+03  0.00000E+00  1.0E-05
  7.500E-02  4.28368E-07  2.09826E-13  7.49302E+03  0.00000E+00  1.0E-05
  7.750E-02  4.57402E-07  1.97652E-13  7.05829E+03  0.00000E+00  1.0E-05
  8.000E-02  4.87388E-07  1.86309E-13  6.65323E+03  0.00000E+00  1.0E-05
  8.250E-02  5.18325E-07  1.75741E-13  6.27582E+03  0.00000E+00  1.0E-05
  8.500E-02  5.50215E-07  1.65866E-13  5.92318E+03  0.00000E+00  1.0E-05
  8.750E-02  5.83057E-07  1.56635E-13  5.59354E+03  0.00000E+00  1.0E-05
  9.000E-02  6.16850E-07  1.48039E-13  5.28655E+03  0.00000E+00  1.0E-05
  9.250E-02  6.51596E-07  1.40029E-13  5.00051E+03  0.00000E+00  1.0E-05
  9.500E-02  6.87293E-07  1.32552E-13  4.73351E+03  0.00000E+00  1.0E-05
  9.750E-02  7.23942E-07  1.25550E-13  4.48346E+03  0.00000E+00  1.0E-05
  1.000E-01  7.61543E-07  1.19019E-13  4.25025E+03  0.00000E+00  1.0E-05
  1.250E-01  1.18991E-06  7.27010E-14  2.59620E+03  0.00000E+00  1.0E-05
  1.500E-01  1.71347E-06  4.67766E-14  1.67042E+03  0.00000E+00  1.0E-05
  1.750E-01  2.33223E-06  3.18305E-14  1.13669E+03  0.00000E+00  1.0E-05
  2.000E-01  3.04617E-06  2.23896E-14  7.99547E+02  0.00000E+00  1.0E-05
  2.250E-01  3.85531E-06  1.59949E-14  5.71188E+02  0.00000E+00  1.0E-05
  2.500E-01  4.75964E-06  1.16430E-14  4.15780E+02  0.00000E+00  1.0E-05
  2.750E-01  5.75916E-06  8.65518E-15  3.09082E+02  0.00000E+00  1.0E-05
  3.000E-01  6.85388E-06  6.55426E-15  2.34057E+02  0.00000E+00  1.0E-05
  3.250E-01  8.04378E-06  5.04403E-15  1.80126E+02  0.00000E+00  1.0E-05
  3.500E-01  9.32888E-06  3.94649E-15  1.40932E+02  0.00000E+00  1.0E-05
  3.750E-01  1.07092E-05  3.14039E-15  1.12145E+02  0.00000E+00  1.0E-05
  4.000E-01  1.21846E-05  2.53699E-15  9.05975E+01  0.00000E+00  1.0E-05
  4.250E-01  1.37553E-05  2.07709E-15  7.41742E+01  0.00000E+00  1.0E-05
  4.500E-01  1.54212E-05  1.71984E-15  6.14165E+01  0.00000E+00  1.0E-05
  4.750E-01  1.71822E-05  1.43933E-15  5.13994E+01  0.00000E+00  1.0E-05
  5.000E-01  1.90385E-05  1.21550E-15  4.34064E+01  0.00000E+00  1.0E-05
  5.250E-01  2.09899E-05  1.03557E-15  3.69808E+01  0.00000E+00  1.0E-05
  5.500E-01  2.30365E-05  8.87372E-16  3.16886E+01  0.00000E+00  1.0E-05
  5.750E-01  2.51783E-05  7.65015E-16  2.73192E+01  0.00000E+00  1.0E-05
  6.000E-01  2.74153E-05  6.63088E-16  2.36793E+01  0.00000E+00  1.0E-05
  6.250E-01  2.97475E-05  5.77536E-16  2.06242E+01  0.00000E+00  1.0E-05
  6.500E-01  3.21749E-05  5.04925E-16  1.80312E+01  0.00000E+00  1.0E-05
  6.750E-01  3.46974E-05  4.43058E-16  1.58219E+01  0.00000E+00  1.0E-05
  7.000E-01  3.73152E-05  3.90257E-16  1.39363E+01  0.00000E+00  1.0E-05
  7.250E-01  4.00281E-05  3.45010E-16  1.23205E+01  0.00000E+00  1.0E-05
  7.500E-01  4.28362E-05  3.05921E-16  1.09247E+01  0.00000E+00  1.0E-05
  7.750E-01  4.57395E-05  2.72087E-16  9.71642E+00  0.00000E+00  1.0E-05
  8.000E-01  4.87380E-05  2.42741E-16  8.66843E+00  0.00000E+00  1.0E-05
  8.250E-01  5.18317E-05  2.17182E-16  7.75571E+00  0.00000E+00  1.0E-05
  8.500E-01  5.50205E-05  1.94806E-16  6.95666E+00  0.00000E+00  1.0E-05
  8.750E-01  5.83045E-05  1.75160E-16  6.25507E+00  0.00000E+00  1.0E-05
  9.000E-01  6.16838E-05  1.57906E-16  5.63892E+00  0.00000E+00  1.0E-05
  9.250E-01  6.51582E-05  1.42708E-16  5.09620E+00  0.00000E+00  1.0E-05
  9.500E-01  6.87277E-05  1.29276E-16  4.61655E+00  0.00000E+00  1.0E-05
  9.750E-01  7.23925E-05  1.17365E-16  4.19117E+00  0.00000E+00  1.0E-05
  1.000E+00  7.61524E-05  1.06798E-16  3.81381E+00  0.00000E+00  8.3E-06
  1.100E+00  9.21439E-05  7.47785E-17  2.67039E+00  0.00000E+00  6.3E-06
  1.200E+00  1.09658E-04  5.39638E-17  1.92708E+00  0.00000E+00  3.4E-06
  1.300E+00  1.28695E-04  3.99549E-17  1.42682E+00  0.00000E+00  7.3E-07
  1.400E+00  1.49255E-04  3.02272E-17  1.07943E+00  0.00000E+00  1.3E-06
  1.500E+00  1.71338E-04  2.33177E-17  8.32691E-01  0.00000E+00  2.4E-06
  1.600E+00  1.94942E-04  1.82871E-17  6.53046E-01  0.00000E+00  2.6E-06
  1.700E+00  2.20070E-04  1.45466E-17  5.19469E-01  0.00000E+00  2.1E-06
  1.800E+00  2.46720E-04  1.17130E-17  4.18278E-01  0.00000E+00  1.2E-06
  1.900E+00  2.74892E-04  9.53845E-18  3.40624E-01  0.00000E+00  2.1E-07
  2.000E+00  3.04586E-04  7.84662E-18  2.80208E-01  0.00000E+00  5.9E-07
  2.100E+00  3.35803E-04  6.51372E-18  2.32609E-01  0.00000E+00  1.1E-06
  2.200E+00  3.68542E-04  5.44961E-18  1.94609E-01  0.00000E+00  1.2E-06
  2.300E+00  4.02802E-04  4.59420E-18  1.64062E-01  0.00000E+00  9.5E-07
  2.400E+00  4.38585E-04  3.90013E-18  1.39276E-01  0.00000E+00  5.4E-07
  2.500E+00  4.75889E-04  3.33221E-18  1.18995E-01  0.00000E+00  1.0E-07
  2.600E+00  5.14715E-04  2.86323E-18  1.02248E-01  0.00000E+00  3.4E-07
  2.700E+00  5.55063E-04  2.47388E-18  8.83437E-02  0.00000E+00  5.8E-07
  2.800E+00  5.96931E-04  2.14852E-18  7.67249E-02  0.00000E+00  6.4E-07
  2.900E+00  6.40321E-04  1.87492E-18  6.69547E-02  0.00000E+00  5.2E-07
  3.000E+00  6.85233E-04  1.64339E-18  5.86867E-02  0.00000E+00  2.9E-07
  3.100E+00  7.31665E-04  1.44650E-18  5.16556E-02  0.00000E+00  1.0E-07
  3.200E+00  7.79618E-04  1.27829E-18  4.56484E-02  0.00000E+00  2.2E-07
  3.300E+00  8.29092E-04  1.13386E-18  4.04910E-02  0.00000E+00  3.6E-07
  3.400E+00  8.80086E-04  1.00928E-18  3.60420E-02  0.00000E+00  3.9E-07
  3.500E+00  9.32601E-04  9.01348E-19  3.21877E-02  0.00000E+00  3.2E-07
  3.600E+00  9.86636E-04  8.07511E-19  2.88367E-02  0.00000E+00  1.7E-07
  3.700E+00  1.04219E-03  7.25614E-19  2.59121E-02  0.00000E+00  1.0E-07
  3.800E+00  1.09927E-03  6.53865E-19  2.33499E-02  0.00000E+00  1.5E-07
  3.900E+00  1.15786E-03  5.90780E-19  2.10971E-02  0.00000E+00  2.4E-07
  4.000E+00  1.21797E-03  5.35155E-19  1.91107E-02  0.00000E+00  2.6E-07
  4.100E+00  1.27961E-03  4.85953E-19  1.73537E-02  0.00000E+00  2.1E-07
  4.200E+00  1.34276E-03  4.42300E-19  1.57948E-02  0.00000E+00  1.1E-07
  4.300E+00  1.40743E-03  4.03450E-19  1.44075E-02  0.00000E+00  1.0E-07
  4.400E+00  1.47362E-03  3.68795E-19  1.31699E-02  0.00000E+00  1.1E-07
  4.500E+00  1.54133E-03  3.37799E-19  1.20630E-02  0.00000E+00  1.7E-07
  4.600E+00  1.61056E-03  3.10010E-19  1.10706E-02  0.00000E+00  1.8E-07
  4.700E+00  1.68131E-03  2.85028E-19  1.01785E-02  0.00000E+00  1.4E-07
  4.800E+00  1.75357E-03  2.62525E-19  9.37494E-03  0.00000E+00  1.0E-07
  4.900E+00  1.82735E-03  2.42212E-19  8.64954E-03  0.00000E+00  1.0E-07
  5.000E+00  1.90265E-03  2.23837E-19  7.99335E-03  0.00000E+00  1.0E-07
  5.100E+00  1.97947E-03  2.07178E-19  7.39846E-03  0.00000E+00  1.3E-07
  5.200E+00  2.05780E-03  1.92048E-19  6.85817E-03  0.00000E+00  1.3E-07
  5.300E+00  2.13765E-03  1.78283E-19  6.36660E-03  0.00000E+00  1.0E-07
  5.400E+00  2.21902E-03  1.65736E-19  5.91855E-03  0.00000E+00  1.0E-07
  5.500E+00  2.30190E-03  1.54279E-19  5.50941E-03  0.00000E+00  1.0E-07
  5.600E+00  2.38630E-03  1.43800E-19  5.13518E-03  0.00000E+00  1.0E-07
  5.700E+00  2.47222E-03  1.34201E-19  4.79239E-03  0.00000E+00  1.0E-07
  5.800E+00  2.55965E-03  1.25394E-19  4.47791E-03  0.00000E+00  1.0E-07
  5.900E+00  2.64859E-03  1.17302E-19  4.18894E-03  0.00000E+00  1.0E-07
  6.000E+00  2.73905E-03  1.09856E-19  3.92302E-03  0.00000E+00  1.0E-07
  6.100E+00  2.83103E-03  1.02994E-19  3.67799E-03  0.00000E+00  1.0E-07
  6.200E+00  2.92452E-03  9.66638E-20  3.45193E-03  0.00000E+00  1.0E-07
  6.300E+00  3.01952E-03  9.08153E-20  3.24307E-03  0.00000E+00  1.0E-07
  6.400E+00  3.11604E-03  8.54043E-20  3.04984E-03  0.00000E+00  1.0E-07
  6.500E+00  3.21407E-03  8.03929E-20  2.87088E-03  0.00000E+00  1.0E-07
  6.600E+00  3.31362E-03  7.57463E-20  2.70495E-03  0.00000E+00  1.0E-07
  6.700E+00  3.41468E-03  7.14327E-20  2.55091E-03  0.00000E+00  1.0E-07
  6.800E+00  3.51725E-03  6.74233E-20  2.40773E-03  0.00000E+00  1.0E-07
  6.900E+00  3.62133E-03  6.36931E-20  2.27452E-03  0.00000E+00  1.0E-07
  7.000E+00  3.72692E-03  6.02190E-20  2.15046E-03  0.00000E+00  1.0E-07
  7.100E+00  3.83403E-03  5.69803E-20  2.03480E-03  0.00000E+00  1.0E-07
  7.200E+00  3.94265E-03  5.39575E-20  1.92686E-03  0.00000E+00  1.0E-07
  7.300E+00  4.05278E-03  5.11338E-20  1.82602E-03  0.00000E+00  1.0E-07
  7.400E+00  4.16442E-03  4.84937E-20  1.73174E-03  0.00000E+00  1.0E-07
  7.500E+00  4.27757E-03  4.60230E-20  1.64351E-03  0.00000E+00  1.0E-07
  7.600E+00  4.39223E-03  4.37086E-20  1.56086E-03  0.00000E+00  1.0E-07
  7.700E+00  4.50840E-03  4.15388E-20  1.48338E-03  0.00000E+00  1.0E-07
  7.800E+00  4.62608E-03  3.95029E-20  1.41068E-03  0.00000E+00  1.0E-07
  7.900E+00  4.74527E-03  3.75912E-20  1.34241E-03  0.00000E+00  1.0E-07
  8.000E+00  4.86597E-03  3.57946E-20  1.27825E-03  0.00000E+00  1.0E-07
  8.100E+00  4.98817E-03  3.41046E-20  1.21790E-03  0.00000E+00  1.0E-07
  8.200E+00  5.11188E-03  3.25139E-20  1.16109E-03  0.00000E+00  1.0E-07
  8.300E+00  5.23711E-03  3.10157E-20  1.10759E-03  0.00000E+00  1.0E-07
  8.400E+00  5.36383E-03  2.96034E-20  1.05716E-03  0.00000E+00  1.0E-07
  8.500E+00  5.49207E-03  2.82710E-20  1.00958E-03  0.00000E+00  1.0E-07
  8.600E+00  5.62181E-03  2.70134E-20  9.64666E-04  0.00000E+00  1.0E-07
  8.700E+00  5.75306E-03  2.58255E-20  9.22245E-04  0.00000E+00  1.0E-07
  8.800E+00  5.88581E-03  2.47027E-20  8.82150E-04  0.00000E+00  1.0E-07
  8.900E+00  6.02007E-03  2.36406E-20  8.44222E-04  0.00000E+00  1.0E-07
  9.000E+00  6.15583E-03  2.26355E-20  8.08329E-04  0.00000E+00  1.0E-07
  9.100E+00  6.29310E-03  2.16837E-20  7.74339E-04  0.00000E+00  1.0E-07
  9.200E+00  6.43187E-03  2.07818E-20  7.42132E-04  0.00000E+00  1.0E-07
  9.300E+00  6.57214E-03  1.99266E-20  7.11593E-04  0.00000E+00  1.0E-07
  9.400E+00  6.71392E-03  1.91154E-20  6.82623E-04  0.00000E+00  1.0E-07
  9.500E+00  6.85720E-03  1.83454E-20  6.55125E-04  0.00000E+00  1.0E-07
  9.600E+00  7.00198E-03  1.76141E-20  6.29010E-04  0.00000E+00  1.0E-07
  9.700E+00  7.14827E-03  1.69191E-20  6.04192E-04  0.00000E+00  1.0E-07
  9.800E+00  7.29605E-03  1.62584E-20  5.80598E-04  0.00000E+00  1.0E-07
  9.900E+00  7.44534E-03  1.56299E-20  5.58154E-04  0.00000E+00  1.0E-07
  1.000E+01  7.59612E-03  1.50318E-20  5.36794E-04  0.00000E+00  1.0E-07
  1.025E+01  7.97965E-03  1.36580E-20  4.87736E-04  0.00000E+00  1.0E-07
  1.050E+01  8.37255E-03  1.24389E-20  4.44202E-04  0.00000E+00  1.0E-07
  1.075E+01  8.77480E-03  1.13540E-20  4.05460E-04  0.00000E+00  1.0E-07
  1.100E+01  9.18641E-03  1.03859E-20  3.70889E-04  0.00000E+00  1.0E-07
  1.125E+01  9.60736E-03  9.51981E-21  3.39959E-04  0.00000E+00  1.0E-07
  1.150E+01  1.00376E-02  8.74296E-21  3.12217E-04  0.00000E+00  1.0E-07
  1.175E+01  1.04773E-02  8.04452E-21  2.87275E-04  0.00000E+00  1.0E-07
  1.200E+01  1.09262E-02  7.41514E-21  2.64800E-04  0.00000E+00  1.0E-07
  1.225E+01  1.13844E-02  6.84676E-21  2.44502E-04  0.00000E+00  1.0E-07
  1.250E+01  1.18520E-02  6.33237E-21  2.26133E-04  0.00000E+00  1.0E-07
  1.275E+01  1.23288E-02  5.86590E-21  2.09475E-04  0.00000E+00  1.0E-07
  1.300E+01  1.28150E-02  5.44208E-21  1.94340E-04  0.00000E+00  1.0E-07
  1.325E+01  1.33104E-02  5.05626E-21  1.80562E-04  0.00000E+00  1.0E-07
  1.350E+01  1.38150E-02  4.70445E-21  1.67999E-04  0.00000E+00  1.0E-07
  1.375E+01  1.43290E-02  4.38305E-21  1.56522E-04  0.00000E+00  1.0E-07
  1.400E+01  1.48521E-02  4.08897E-21  1.46020E-04  0.00000E+00  1.0E-07
  1.425E+01  1.53845E-02  3.81944E-21  1.36395E-04  0.00000E+00  1.0E-07
  1.450E+01  1.59262E-02  3.57204E-21  1.27560E-04  0.00000E+00  1.0E-07
  1.475E+01  1.64770E-02  3.34460E-21  1.19438E-04  0.00000E+00  1.0E-07
  1.500E+01  1.70371E-02  3.13520E-21  1.11960E-04  0.00000E+00  1.0E-07
  1.525E+01  1.76063E-02  2.94216E-21  1.05066E-04  0.00000E+00  1.0E-07
  1.550E+01  1.81848E-02  2.76394E-21  9.87023E-05  0.00000E+00  1.0E-07
  1.575E+01  1.87724E-02  2.59921E-21  9.28193E-05  0.00000E+00  1.0E-07
  1.600E+01  1.93692E-02  2.44672E-21  8.73740E-05  0.00000E+00  1.0E-07
  1.625E+01  1.99751E-02  2.30542E-21  8.23279E-05  0.00000E+00  1.0E-07
  1.650E+01  2.05901E-02  2.17431E-21  7.76462E-05  0.00000E+00  1.0E-07
  1.675E+01  2.12143E-02  2.05253E-21  7.32973E-05  0.00000E+00  1.0E-07
  1.700E+01  2.18476E-02  1.93928E-21  6.92530E-05  0.00000E+00  1.0E-07
  1.725E+01  2.24900E-02  1.83385E-21  6.54880E-05  0.00000E+00  1.0E-07
  1.750E+01  2.31415E-02  1.73560E-21  6.19793E-05  0.00000E+00  1.0E-07
  1.775E+01  2.38021E-02  1.64394E-21  5.87060E-05  0.00000E+00  1.0E-07
  1.800E+01  2.44717E-02  1.55834E-21  5.56493E-05  0.00000E+00  1.0E-07
  1.825E+01  2.51504E-02  1.47833E-21  5.27920E-05  0.00000E+00  1.0E-07
  1.850E+01  2.58382E-02  1.40347E-21  5.01187E-05  0.00000E+00  1.0E-07
  1.875E+01  2.65349E-02  1.33336E-21  4.76153E-05  0.00000E+00  1.0E-07
  1.900E+01  2.72407E-02  1.26765E-21  4.52686E-05  0.00000E+00  1.0E-07
  1.925E+01  2.79555E-02  1.20600E-21  4.30671E-05  0.00000E+00  1.0E-07
  1.950E+01  2.86793E-02  1.14812E-21  4.10001E-05  0.00000E+00  1.0E-07
  1.975E+01  2.94120E-02  1.09372E-21  3.90576E-05  0.00000E+00  1.0E-07
  2.000E+01  3.01537E-02  1.04257E-21  3.72307E-05  0.00000E+00  1.0E-07
  2.025E+01  3.09043E-02  9.94416E-22  3.55112E-05  0.00000E+00  1.0E-07
  2.050E+01  3.16639E-02  9.49061E-22  3.38916E-05  0.00000E+00  1.0E-07
  2.075E+01  3.24324E-02  9.06307E-22  3.23648E-05  0.00000E+00  1.0E-07
  2.100E+01  3.32098E-02  8.65976E-22  3.09246E-05  0.00000E+00  1.0E-07
  2.125E+01  3.39961E-02  8.27902E-22  2.95649E-05  0.00000E+00  1.0E-07
  2.150E+01  3.47912E-02  7.91935E-22  2.82805E-05  0.00000E+00  1.0E-07
  2.175E+01  3.55952E-02  7.57935E-22  2.70663E-05  0.00000E+00  1.0E-07
  2.200E+01  3.64081E-02  7.25773E-22  2.59178E-05  0.00000E+00  1.0E-07
  2.225E+01  3.72297E-02  6.95328E-22  2.48306E-05  0.00000E+00  1.0E-07
  2.250E+01  3.80602E-02  6.66493E-22  2.38009E-05  0.00000E+00  1.0E-07
  2.275E+01  3.88995E-02  6.39165E-22  2.28250E-05  0.00000E+00  1.0E-07
  2.300E+01  3.97476E-02  6.13247E-22  2.18995E-05  0.00000E+00  1.0E-07
  2.325E+01  4.06044E-02  5.88656E-22  2.10213E-05  0.00000E+00  1.0E-07
  2.350E+01  4.14700E-02  5.65307E-22  2.01875E-05  0.00000E+00  1.0E-07
  2.375E+01  4.23443E-02  5.43126E-22  1.93954E-05  0.00000E+00  1.0E-07
  2.400E+01  4.32273E-02  5.22043E-22  1.86425E-05  0.00000E+00  1.0E-07
  2.425E+01  4.41190E-02  5.01992E-22  1.79264E-05  0.00000E+00  1.0E-07
  2.450E+01  4.50194E-02  4.82912E-22  1.72451E-05  0.00000E+00  1.0E-07
  2.475E+01  4.59284E-02  4.64748E-22  1.65965E-05  0.00000E+00  1.0E-07
  2.500E+01  4.68461E-02  4.47446E-22  1.59786E-05  0.00000E+00  1.0E-07
  2.550E+01  4.87074E-02  4.15235E-22  1.48283E-05  0.00000E+00  1.0E-07
  2.600E+01  5.06030E-02  3.85924E-22  1.37816E-05  0.00000E+00  1.0E-07
  2.650E+01  5.25328E-02  3.59202E-22  1.28273E-05  0.00000E+00  1.0E-07
  2.700E+01  5.44967E-02  3.34795E-22  1.19557E-05  0.00000E+00  1.0E-07
  2.750E+01  5.64946E-02  3.12465E-22  1.11583E-05  0.00000E+00  1.0E-07
  2.800E+01  5.85262E-02  2.92000E-22  1.04275E-05  0.00000E+00  1.0E-07
  2.850E+01  6.05914E-02  2.73215E-22  9.75667E-06  0.00000E+00  1.0E-07
  2.900E+01  6.26901E-02  2.55944E-22  9.13992E-06  0.00000E+00  1.0E-07
  2.950E+01  6.48222E-02  2.40042E-22  8.57205E-06  0.00000E+00  1.0E-07
  3.000E+01  6.69873E-02  2.25379E-22  8.04843E-06  0.00000E+00  1.0E-07
  3.050E+01  6.91854E-02  2.11839E-22  7.56492E-06  0.00000E+00  1.0E-07
  3.100E+01  7.14163E-02  1.99320E-22  7.11786E-06  0.00000E+00  1.0E-07
  3.150E+01  7.36799E-02  1.87730E-22  6.70395E-06  0.00000E+00  1.0E-07
  3.200E+01  7.59760E-02  1.76985E-22  6.32025E-06  0.00000E+00  1.0E-07
  3.250E+01  7.83043E-02  1.67012E-22  5.96412E-06  0.00000E+00  1.0E-07
  3.300E+01  8.06647E-02  1.57745E-22  5.63317E-06  0.00000E+00  1.0E-07
  3.350E+01  8.30571E-02  1.49123E-22  5.32528E-06  0.00000E+00  1.0E-07
  3.400E+01  8.54812E-02  1.41093E-22  5.03851E-06  0.00000E+00  1.0E-07
  3.450E+01  8.79369E-02  1.33605E-22  4.77114E-06  0.00000E+00  1.0E-07
  3.500E+01  9.04240E-02  1.26617E-22  4.52157E-06  0.00000E+00  1.0E-07
  3.550E+01  9.29422E-02  1.20087E-22  4.28840E-06  0.00000E+00  1.0E-07
  3.600E+01  9.54915E-02  1.13981E-22  4.07033E-06  0.00000E+00  1.0E-07
  3.650E+01  9.80716E-02  1.08264E-22  3.86618E-06  0.00000E+00  1.0E-07
  3.700E+01  1.00682E-01  1.02907E-22  3.67488E-06  0.00000E+00  1.0E-07
  3.750E+01  1.03323E-01  9.78830E-23  3.49546E-06  0.00000E+00  1.0E-07
  3.800E+01  1.05995E-01  9.31666E-23  3.32704E-06  0.00000E+00  1.0E-07
  3.850E+01  1.08696E-01  8.87354E-23  3.16880E-06  0.00000E+00  1.0E-07
  3.900E+01  1.11427E-01  8.45686E-23  3.02000E-06  0.00000E+00  1.0E-07
  3.950E+01  1.14188E-01  8.06473E-23  2.87997E-06  0.00000E+00  1.0E-07
  4.000E+01  1.16978E-01  7.69540E-23  2.74808E-06  0.00000E+00  1.0E-07
  4.050E+01  1.19797E-01  7.34728E-23  2.62376E-06  0.00000E+00  1.0E-07
  4.100E+01  1.22645E-01  7.01891E-23  2.50650E-06  0.00000E+00  1.0E-07
  4.150E+01  1.25522E-01  6.70893E-23  2.39580E-06  0.00000E+00  1.0E-07
  4.200E+01  1.28428E-01  6.41610E-23  2.29123E-06  0.00000E+00  1.0E-07
  4.250E+01  1.31361E-01  6.13928E-23  2.19238E-06  0.00000E+00  1.0E-07
  4.300E+01  1.34323E-01  5.87741E-23  2.09886E-06  0.00000E+00  1.0E-07
  4.350E+01  1.37313E-01  5.62952E-23  2.01034E-06  0.00000E+00  1.0E-07
  4.400E+01  1.40330E-01  5.39471E-23  1.92649E-06  0.00000E+00  1.0E-07
  4.450E+01  1.43375E-01  5.17216E-23  1.84701E-06  0.00000E+00  1.0E-07
  4.500E+01  1.46447E-01  4.96108E-23  1.77163E-06  0.00000E+00  1.0E-07
  4.550E+01  1.49545E-01  4.76077E-23  1.70010E-06  0.00000E+00  1.0E-07
  4.600E+01  1.52671E-01  4.57056E-23  1.63218E-06  0.00000E+00  1.0E-07
  4.650E+01  1.55823E-01  4.38985E-23  1.56764E-06  0.00000E+00  1.0E-07
  4.700E+01  1.59001E-01  4.21804E-23  1.50629E-06  0.00000E+00  1.0E-07
  4.750E+01  1.62205E-01  4.05463E-23  1.44793E-06  0.00000E+00  1.0E-07
  4.800E+01  1.65435E-01  3.89910E-23  1.39239E-06  0.00000E+00  1.0E-07
  4.850E+01  1.68690E-01  3.75101E-23  1.33951E-06  0.00000E+00  1.0E-07
  4.900E+01  1.71970E-01  3.60992E-23  1.28913E-06  0.00000E+00  1.0E-07
  4.950E+01  1.75276E-01  3.47544E-23  1.24110E-06  0.00000E+00  1.0E-07
  5.000E+01  1.78606E-01  3.34719E-23  1.19530E-06  0.00000E+00  1.0E-07
  5.050E+01  1.81961E-01  3.22482E-23  1.15161E-06  0.00000E+00  1.0E-07
  5.100E+01  1.85340E-01  3.10802E-23  1.10989E-06  0.00000E+00  1.0E-07
  5.150E+01  1.88743E-01  2.99646E-23  1.07006E-06  0.00000E+00  1.0E-07
  5.200E+01  1.92169E-01  2.88987E-23  1.03199E-06  0.00000E+00  1.0E-07
  5.250E+01  1.95619E-01  2.78798E-23  9.95607E-07  0.00000E+00  1.0E-07
  5.300E+01  1.99092E-01  2.69054E-23  9.60810E-07  0.00000E+00  1.0E-07
  5.350E+01  2.02589E-01  2.59732E-23  9.27519E-07  0.00000E+00  1.0E-07
  5.400E+01  2.06107E-01  2.50809E-23  8.95656E-07  0.00000E+00  1.0E-07
  5.450E+01  2.09649E-01  2.42265E-23  8.65145E-07  0.00000E+00  1.0E-07
  5.500E+01  2.13212E-01  2.34081E-23  8.35919E-07  0.00000E+00  1.0E-07
  5.550E+01  2.16797E-01  2.26238E-23  8.07912E-07  0.00000E+00  1.0E-07
  5.600E+01  2.20404E-01  2.18719E-23  7.81061E-07  0.00000E+00  1.0E-07
  5.650E+01  2.24032E-01  2.11508E-23  7.55310E-07  0.00000E+00  1.0E-07
  5.700E+01  2.27680E-01  2.04590E-23  7.30604E-07  0.00000E+00  1.0E-07
  5.750E+01  2.31350E-01  1.97950E-23  7.06891E-07  0.00000E+00  1.0E-07
  5.800E+01  2.35040E-01  1.91574E-23  6.84124E-07  0.00000E+00  1.0E-07
  5.850E+01  2.38751E-01  1.85451E-23  6.62257E-07  0.00000E+00  1.0E-07
  5.900E+01  2.42481E-01  1.79568E-23  6.41247E-07  0.00000E+00  1.0E-07
  5.950E+01  2.46231E-01  1.73913E-23  6.21055E-07  0.00000E+00  1.0E-07
  6.000E+01  2.50000E-01  1.68477E-23  6.01641E-07  0.00000E+00  1.0E-07
  6.050E+01  2.53788E-01  1.63248E-23  5.82970E-07  0.00000E+00  1.0E-07
  6.100E+01  2.57595E-01  1.58218E-23  5.65006E-07  0.00000E+00  1.0E-07
  6.150E+01  2.61421E-01  1.53377E-23  5.47718E-07  0.00000E+00  1.0E-07
  6.200E+01  2.65264E-01  1.48716E-23  5.31074E-07  0.00000E+00  1.0E-07
  6.250E+01  2.69126E-01  1.44228E-23  5.15046E-07  0.00000E+00  1.0E-07
  6.300E+01  2.73005E-01  1.39904E-23  4.99606E-07  0.00000E+00  1.0E-07
  6.350E+01  2.76901E-01  1.35738E-23  4.84729E-07  0.00000E+00  1.0E-07
  6.400E+01  2.80814E-01  1.31723E-23  4.70390E-07  0.00000E+00  1.0E-07
  6.450E+01  2.84744E-01  1.27851E-23  4.56565E-07  0.00000E+00  1.0E-07
  6.500E+01  2.88691E-01  1.24118E-23  4.43232E-07  0.00000E+00  1.0E-07
  6.550E+01  2.92653E-01  1.20516E-23  4.30370E-07  0.00000E+00  1.0E-07
  6.600E+01  2.96632E-01  1.17041E-23  4.17959E-07  0.00000E+00  1.0E-07
  6.650E+01  3.00625E-01  1.13686E-23  4.05980E-07  0.00000E+00  1.0E-07
  6.700E+01  3.04634E-01  1.10447E-23  3.94414E-07  0.00000E+00  1.0E-07
  6.750E+01  3.08658E-01  1.07319E-23  3.83245E-07  0.00000E+00  1.0E-07
  6.800E+01  3.12697E-01  1.04298E-23  3.72455E-07  0.00000E+00  1.0E-07
  6.850E+01  3.16749E-01  1.01379E-23  3.62030E-07  0.00000E+00  1.0E-07
  6.900E+01  3.20816E-01  9.85576E-24  3.51955E-07  0.00000E+00  1.0E-07
  6.950E+01  3.24896E-01  9.58303E-24  3.42216E-07  0.00000E+00  1.0E-07
  7.000E+01  3.28990E-01  9.31933E-24  3.32799E-07  0.00000E+00  1.0E-07
  7.050E+01  3.33097E-01  9.06429E-24  3.23692E-07  0.00000E+00  1.0E-07
  7.100E+01  3.37216E-01  8.81757E-24  3.14881E-07  0.00000E+00  1.0E-07
  7.150E+01  3.41348E-01  8.57885E-24  3.06356E-07  0.00000E+00  1.0E-07
  7.200E+01  3.45492E-01  8.34779E-24  2.98105E-07  0.00000E+00  1.0E-07
  7.250E+01  3.49647E-01  8.12412E-24  2.90118E-07  0.00000E+00  1.0E-07
  7.300E+01  3.53814E-01  7.90755E-24  2.82384E-07  0.00000E+00  1.0E-07
  7.350E+01  3.57992E-01  7.69781E-24  2.74894E-07  0.00000E+00  1.0E-07
  7.400E+01  3.62181E-01  7.49464E-24  2.67638E-07  0.00000E+00  1.0E-07
  7.450E+01  3.66381E-01  7.29780E-24  2.60609E-07  0.00000E+00  1.0E-07
  7.500E+01  3.70590E-01  7.10705E-24  2.53797E-07  0.00000E+00  1.0E-07
  7.550E+01  3.74810E-01  6.92216E-24  2.47195E-07  0.00000E+00  1.0E-07
  7.600E+01  3.79039E-01  6.74291E-24  2.40794E-07  0.00000E+00  1.0E-07
  7.650E+01  3.83277E-01  6.56910E-24  2.34587E-07  0.00000E+00  1.0E-07
  7.700E+01  3.87524E-01  6.40053E-24  2.28567E-07  0.00000E+00  1.0E-07
  7.750E+01  3.91780E-01  6.23701E-24  2.22728E-07  0.00000E+00  1.0E-07
  7.800E+01  3.96044E-01  6.07835E-24  2.17062E-07  0.00000E+00  1.0E-07
  7.850E+01  4.00316E-01  5.92439E-24  2.11564E-07  0.00000E+00  1.0E-07
  7.900E+01  4.04596E-01  5.77496E-24  2.06227E-07  0.00000E+00  1.0E-07
  7.950E+01  4.08882E-01  5.62990E-24  2.01047E-07  0.00000E+00  1.0E-07
  8.000E+01  4.13176E-01  5.48905E-24  1.96018E-07  0.00000E+00  1.0E-07
  8.050E+01  4.17476E-01  5.35228E-24  1.91134E-07  0.00000E+00  1.0E-07
  8.100E+01  4.21783E-01  5.21944E-24  1.86390E-07  0.00000E+00  1.0E-07
  8.150E+01  4.26095E-01  5.09039E-24  1.81781E-07  0.00000E+00  1.0E-07
  8.200E+01  4.30413E-01  4.96501E-24  1.77304E-07  0.00000E+00  1.0E-07
  8.250E+01  4.34737E-01  4.84316E-24  1.72952E-07  0.00000E+00  1.0E-07
  8.300E+01  4.39065E-01  4.72473E-24  1.68723E-07  0.00000E+00  1.0E-07
  8.350E+01  4.43398E-01  4.60960E-24  1.64612E-07  0.00000E+00  1.0E-07
  8.400E+01  4.47736E-01  4.49767E-24  1.60615E-07  0.00000E+00  1.0E-07
  8.450E+01  4.52077E-01  4.38883E-24  1.56728E-07  0.00000E+00  1.0E-07
  8.500E+01  4.56422E-01  4.28297E-24  1.52948E-07  0.00000E+00  1.0E-07
  8.550E+01  4.60770E-01  4.18001E-24  1.49271E-07  0.00000E+00  1.0E-07
  8.600E+01  4.65122E-01  4.07985E-24  1.45694E-07  0.00000E+00  1.0E-07
  8.650E+01  4.69476E-01  3.98239E-24  1.42214E-07  0.00000E+00  1.0E-07
  8.700E+01  4.73832E-01  3.88755E-24  1.38827E-07  0.00000E+00  1.0E-07
  8.750E+01  4.78190E-01  3.79524E-24  1.35531E-07  0.00000E+00  1.0E-07
  8.800E+01  4.82550E-01  3.70539E-24  1.32322E-07  0.00000E+00  1.0E-07
  8.850E+01  4.86912E-01  3.61790E-24  1.29198E-07  0.00000E+00  1.0E-07
  8.900E+01  4.91274E-01  3.53272E-24  1.26156E-07  0.00000E+00  1.0E-07
  8.950E+01  4.95637E-01  3.44977E-24  1.23194E-07  0.00000E+00  1.0E-07
  9.000E+01  5.00000E-01  3.36898E-24  1.20308E-07  0.00000E+00  1.0E-07
  9.050E+01  5.04363E-01  3.29028E-24  1.17498E-07  0.00000E+00  1.0E-07
  9.100E+01  5.08726E-01  3.21362E-24  1.14760E-07  0.00000E+00  1.0E-07
  9.150E+01  5.13088E-01  3.13892E-24  1.12093E-07  0.00000E+00  1.0E-07
  9.200E+01  5.17450E-01  3.06613E-24  1.09493E-07  0.00000E+00  1.0E-07
  9.250E+01  5.21810E-01  2.99519E-24  1.06960E-07  0.00000E+00  1.0E-07
  9.300E+01  5.26168E-01  2.92604E-24  1.04491E-07  0.00000E+00  1.0E-07
  9.350E+01  5.30524E-01  2.85863E-24  1.02083E-07  0.00000E+00  1.0E-07
  9.400E+01  5.34878E-01  2.79290E-24  9.97364E-08  0.00000E+00  1.0E-07
  9.450E+01  5.39230E-01  2.72882E-24  9.74478E-08  0.00000E+00  1.0E-07
  9.500E+01  5.43578E-01  2.66632E-24  9.52159E-08  0.00000E+00  1.0E-07
  9.550E+01  5.47923E-01  2.60536E-24  9.30392E-08  0.00000E+00  1.0E-07
  9.600E+01  5.52264E-01  2.54591E-24  9.09160E-08  0.00000E+00  1.0E-07
  9.650E+01  5.56602E-01  2.48791E-24  8.88449E-08  0.00000E+00  1.0E-07
  9.700E+01  5.60935E-01  2.43133E-24  8.68243E-08  0.00000E+00  1.0E-07
  9.750E+01  5.65263E-01  2.37612E-24  8.48528E-08  0.00000E+00  1.0E-07
  9.800E+01  5.69587E-01  2.32224E-24  8.29288E-08  0.00000E+00  1.0E-07
  9.850E+01  5.73905E-01  2.26966E-24  8.10511E-08  0.00000E+00  1.0E-07
  9.900E+01  5.78217E-01  2.21834E-24  7.92183E-08  0.00000E+00  1.0E-07
  9.950E+01  5.82524E-01  2.16823E-24  7.74290E-08  0.00000E+00  1.0E-07
  1.000E+02  5.86824E-01  2.11931E-24  7.56821E-08  0.00000E+00  1.0E-07
  1.005E+02  5.91118E-01  2.07155E-24  7.39765E-08  0.00000E+00  1.0E-07
  1.010E+02  5.95404E-01  2.02492E-24  7.23111E-08  0.00000E+00  1.0E-07
  1.015E+02  5.99684E-01  1.97938E-24  7.06849E-08  0.00000E+00  1.0E-07
  1.020E+02  6.03956E-01  1.93491E-24  6.90968E-08  0.00000E+00  1.0E-07
  1.025E+02  6.08220E-01  1.89147E-24  6.75457E-08  0.00000E+00  1.0E-07
  1.030E+02  6.12476E-01  1.84904E-24  6.60304E-08  0.00000E+00  1.0E-07
  1.035E+02  6.16723E-01  1.80758E-24  6.45500E-08  0.00000E+00  1.0E-07
  1.040E+02  6.20961E-01  1.76708E-24  6.31035E-08  0.00000E+00  1.0E-07
  1.045E+02  6.25190E-01  1.72750E-24  6.16901E-08  0.00000E+00  1.0E-07
  1.050E+02  6.29410E-01  1.68882E-24  6.03090E-08  0.00000E+00  1.0E-07
  1.055E+02  6.33619E-01  1.65103E-24  5.89592E-08  0.00000E+00  1.0E-07
  1.060E+02  6.37819E-01  1.61409E-24  5.76401E-08  0.00000E+00  1.0E-07
  1.065E+02  6.42008E-01  1.57798E-24  5.63507E-08  0.00000E+00  1.0E-07
  1.070E+02  6.46186E-01  1.54268E-24  5.50903E-08  0.00000E+00  1.0E-07
  1.075E+02  6.50353E-01  1.50818E-24  5.38581E-08  0.00000E+00  1.0E-07
  1.080E+02  6.54508E-01  1.47445E-24  5.26535E-08  0.00000E+00  1.0E-07
  1.085E+02  6.58652E-01  1.44146E-24  5.14756E-08  0.00000E+00  1.0E-07
  1.090E+02  6.62784E-01  1.40921E-24  5.03239E-08  0.00000E+00  1.0E-07
  1.095E+02  6.66903E-01  1.37767E-24  4.91975E-08  0.00000E+00  1.0E-07
  1.100E+02  6.71010E-01  1.34682E-24  4.80959E-08  0.00000E+00  1.0E-07
  1.105E+02  6.75104E-01  1.31665E-24  4.70185E-08  0.00000E+00  1.0E-07
  1.110E+02  6.79184E-01  1.28714E-24  4.59647E-08  0.00000E+00  1.0E-07
  1.115E+02  6.83251E-01  1.25827E-24  4.49338E-08  0.00000E+00  1.0E-07
  1.120E+02  6.87303E-01  1.23003E-24  4.39253E-08  0.00000E+00  1.0E-07
  1.125E+02  6.91342E-01  1.20241E-24  4.29387E-08  0.00000E+00  1.0E-07
  1.130E+02  6.95366E-01  1.17537E-24  4.19734E-08  0.00000E+00  1.0E-07
  1.135E+02  6.99375E-01  1.14893E-24  4.10289E-08  0.00000E+00  1.0E-07
  1.140E+02  7.03368E-01  1.12305E-24  4.01047E-08  0.00000E+00  1.0E-07
  1.145E+02  7.07347E-01  1.09772E-24  3.92002E-08  0.00000E+00  1.0E-07
  1.150E+02  7.11309E-01  1.07293E-24  3.83151E-08  0.00000E+00  1.0E-07
  1.155E+02  7.15256E-01  1.04867E-24  3.74489E-08  0.00000E+00  1.0E-07
  1.160E+02  7.19186E-01  1.02493E-24  3.66010E-08  0.00000E+00  1.0E-07
  1.165E+02  7.23099E-01  1.00169E-24  3.57710E-08  0.00000E+00  1.0E-07
  1.170E+02  7.26995E-01  9.78941E-25  3.49586E-08  0.00000E+00  1.0E-07
  1.175E+02  7.30874E-01  9.56671E-25  3.41633E-08  0.00000E+00  1.0E-07
  1.180E+02  7.34736E-01  9.34868E-25  3.33848E-08  0.00000E+00  1.0E-07
  1.185E+02  7.38579E-01  9.13523E-25  3.26225E-08  0.00000E+00  1.0E-07
  1.190E+02  7.42405E-01  8.92625E-25  3.18762E-08  0.00000E+00  1.0E-07
  1.195E+02  7.46212E-01  8.72162E-25  3.11455E-08  0.00000E+00  1.0E-07
  1.200E+02  7.50000E-01  8.52126E-25  3.04300E-08  0.00000E+00  1.0E-07
  1.205E+02  7.53769E-01  8.32507E-25  2.97294E-08  0.00000E+00  1.0E-07
  1.210E+02  7.57519E-01  8.13294E-25  2.90433E-08  0.00000E+00  1.0E-07
  1.215E+02  7.61249E-01  7.94479E-25  2.83714E-08  0.00000E+00  1.0E-07
  1.220E+02  7.64960E-01  7.76053E-25  2.77134E-08  0.00000E+00  1.0E-07
  1.225E+02  7.68650E-01  7.58007E-25  2.70689E-08  0.00000E+00  1.0E-07
  1.230E+02  7.72320E-01  7.40332E-25  2.64377E-08  0.00000E+00  1.0E-07
  1.235E+02  7.75968E-01  7.23020E-25  2.58195E-08  0.00000E+00  1.0E-07
  1.240E+02  7.79596E-01  7.06064E-25  2.52140E-08  0.00000E+00  1.0E-07
  1.245E+02  7.83203E-01  6.89454E-25  2.46209E-08  0.00000E+00  1.0E-07
  1.250E+02  7.86788E-01  6.73185E-25  2.40399E-08  0.00000E+00  1.0E-07
  1.255E+02  7.90351E-01  6.57247E-25  2.34707E-08  0.00000E+00  1.0E-07
  1.260E+02  7.93893E-01  6.41635E-25  2.29132E-08  0.00000E+00  1.0E-07
  1.265E+02  7.97411E-01  6.26340E-25  2.23670E-08  0.00000E+00  1.0E-07
  1.270E+02  8.00908E-01  6.11357E-25  2.18320E-08  0.00000E+00  1.0E-07
  1.275E+02  8.04381E-01  5.96679E-25  2.13078E-08  0.00000E+00  1.0E-07
  1.280E+02  8.07831E-01  5.82299E-25  2.07943E-08  0.00000E+00  1.0E-07
  1.285E+02  8.11257E-01  5.68211E-25  2.02912E-08  0.00000E+00  1.0E-07
  1.290E+02  8.14660E-01  5.54408E-25  1.97983E-08  0.00000E+00  1.0E-07
  1.295E+02  8.18039E-01  5.40885E-25  1.93154E-08  0.00000E+00  1.0E-07
  1.300E+02  8.21394E-01  5.27636E-25  1.88422E-08  0.00000E+00  1.0E-07
  1.305E+02  8.24724E-01  5.14655E-25  1.83787E-08  0.00000E+00  1.0E-07
  1.310E+02  8.28030E-01  5.01937E-25  1.79245E-08  0.00000E+00  1.0E-07
  1.315E+02  8.31310E-01  4.89476E-25  1.74795E-08  0.00000E+00  1.0E-07
  1.320E+02  8.34565E-01  4.77267E-25  1.70435E-08  0.00000E+00  1.0E-07
  1.325E+02  8.37795E-01  4.65305E-25  1.66163E-08  0.00000E+00  1.0E-07
  1.330E+02  8.40999E-01  4.53585E-25  1.61978E-08  0.00000E+00  1.0E-07
  1.335E+02  8.44177E-01  4.42102E-25  1.57878E-08  0.00000E+00  1.0E-07
  1.340E+02  8.47329E-01  4.30852E-25  1.53860E-08  0.00000E+00  1.0E-07
  1.345E+02  8.50455E-01  4.19830E-25  1.49924E-08  0.00000E+00  1.0E-07
  1.350E+02  8.53553E-01  4.09031E-25  1.46068E-08  0.00000E+00  1.0E-07
  1.355E+02  8.56625E-01  3.98451E-25  1.42289E-08  0.00000E+00  1.0E-07
  1.360E+02  8.59670E-01  3.88086E-25  1.38588E-08  0.00000E+00  1.0E-07
  1.365E+02  8.62687E-01  3.77931E-25  1.34962E-08  0.00000E+00  1.0E-07
  1.370E+02  8.65677E-01  3.67983E-25  1.31409E-08  0.00000E+00  1.0E-07
  1.375E+02  8.68639E-01  3.58238E-25  1.27929E-08  0.00000E+00  1.0E-07
  1.380E+02  8.71572E-01  3.48692E-25  1.24520E-08  0.00000E+00  1.0E-07
  1.385E+02  8.74478E-01  3.39340E-25  1.21181E-08  0.00000E+00  1.0E-07
  1.390E+02  8.77355E-01  3.30181E-25  1.17910E-08  0.00000E+00  1.0E-07
  1.395E+02  8.80203E-01  3.21209E-25  1.14706E-08  0.00000E+00  1.0E-07
  1.400E+02  8.83022E-01  3.12421E-25  1.11568E-08  0.00000E+00  1.0E-07
  1.405E+02  8.85812E-01  3.03815E-25  1.08494E-08  0.00000E+00  1.0E-07
  1.410E+02  8.88573E-01  2.95386E-25  1.05484E-08  0.00000E+00  1.0E-07
  1.415E+02  8.91304E-01  2.87132E-25  1.02537E-08  0.00000E+00  1.0E-07
  1.420E+02  8.94005E-01  2.79050E-25  9.96505E-09  0.00000E+00  1.0E-07
  1.425E+02  8.96677E-01  2.71136E-25  9.68243E-09  0.00000E+00  1.0E-07
  1.430E+02  8.99318E-01  2.63387E-25  9.40573E-09  0.00000E+00  1.0E-07
  1.435E+02  9.01928E-01  2.55801E-25  9.13483E-09  0.00000E+00  1.0E-07
  1.440E+02  9.04508E-01  2.48375E-25  8.86963E-09  0.00000E+00  1.0E-07
  1.445E+02  9.07058E-01  2.41106E-25  8.61004E-09  0.00000E+00  1.0E-07
  1.450E+02  9.09576E-01  2.33991E-25  8.35597E-09  0.00000E+00  1.0E-07
  1.455E+02  9.12063E-01  2.27028E-25  8.10732E-09  0.00000E+00  1.0E-07
  1.460E+02  9.14519E-01  2.20214E-25  7.86399E-09  0.00000E+00  1.0E-07
  1.465E+02  9.16943E-01  2.13547E-25  7.62591E-09  0.00000E+00  1.0E-07
  1.470E+02  9.19335E-01  2.07025E-25  7.39298E-09  0.00000E+00  1.0E-07
  1.475E+02  9.21696E-01  2.00644E-25  7.16513E-09  0.00000E+00  1.0E-07
  1.480E+02  9.24024E-01  1.94403E-25  6.94226E-09  0.00000E+00  1.0E-07
  1.485E+02  9.26320E-01  1.88300E-25  6.72430E-09  0.00000E+00  1.0E-07
  1.490E+02  9.28584E-01  1.82332E-25  6.51118E-09  0.00000E+00  1.0E-07
  1.495E+02  9.30815E-01  1.76497E-25  6.30281E-09  0.00000E+00  1.0E-07
  1.500E+02  9.33013E-01  1.70793E-25  6.09912E-09  0.00000E+00  1.0E-07
  1.505E+02  9.35178E-01  1.65218E-25  5.90005E-09  0.00000E+00  1.0E-07
  1.510E+02  9.37310E-01  1.59771E-25  5.70552E-09  0.00000E+00  1.0E-07
  1.515E+02  9.39409E-01  1.54449E-25  5.51546E-09  0.00000E+00  1.0E-07
  1.520E+02  9.41474E-01  1.49250E-25  5.32981E-09  0.00000E+00  1.0E-07
  1.525E+02  9.43505E-01  1.44173E-25  5.14850E-09  0.00000E+00  1.0E-07
  1.530E+02  9.45503E-01  1.39216E-25  4.97148E-09  0.00000E+00  1.0E-07
  1.535E+02  9.47467E-01  1.34377E-25  4.79868E-09  0.00000E+00  1.0E-07
  1.540E+02  9.49397E-01  1.29654E-25  4.63003E-09  0.00000E+00  1.0E-07
  1.545E+02  9.51293E-01  1.25047E-25  4.46549E-09  0.00000E+00  1.0E-07
  1.550E+02  9.53154E-01  1.20552E-25  4.30500E-09  0.00000E+00  1.0E-07
  1.555E+02  9.54981E-01  1.16170E-25  4.14851E-09  0.00000E+00  1.0E-07
  1.560E+02  9.56773E-01  1.11898E-25  3.99595E-09  0.00000E+00  1.0E-07
  1.565E+02  9.58530E-01  1.07735E-25  3.84728E-09  0.00000E+00  1.0E-07
  1.570E+02  9.60252E-01  1.03679E-25  3.70245E-09  0.00000E+00  1.0E-07
  1.575E+02  9.61940E-01  9.97298E-26  3.56142E-09  0.00000E+00  1.0E-07
  1.580E+02  9.63592E-01  9.58852E-26  3.42412E-09  0.00000E+00  1.0E-07
  1.585E+02  9.65209E-01  9.21441E-26  3.29052E-09  0.00000E+00  1.0E-07
  1.590E+02  9.66790E-01  8.85053E-26  3.16058E-09  0.00000E+00  1.0E-07
  1.595E+02  9.68336E-01  8.49676E-26  3.03425E-09  0.00000E+00  1.0E-07
  1.600E+02  9.69846E-01  8.15299E-26  2.91148E-09  0.00000E+00  1.0E-07
  1.605E+02  9.71321E-01  7.81909E-26  2.79225E-09  0.00000E+00  1.0E-07
  1.610E+02  9.72759E-01  7.49497E-26  2.67650E-09  0.00000E+00  1.0E-07
  1.615E+02  9.74162E-01  7.18051E-26  2.56421E-09  0.00000E+00  1.0E-07
  1.620E+02  9.75528E-01  6.87561E-26  2.45532E-09  0.00000E+00  1.0E-07
  1.625E+02  9.76858E-01  6.58017E-26  2.34982E-09  0.00000E+00  1.0E-07
  1.630E+02  9.78152E-01  6.29410E-26  2.24766E-09  0.00000E+00  1.0E-07
  1.635E+02  9.79410E-01  6.01730E-26  2.14882E-09  0.00000E+00  1.0E-07
  1.640E+02  9.80631E-01  5.74968E-26  2.05325E-09  0.00000E+00  1.0E-07
  1.645E+02  9.81815E-01  5.49116E-26  1.96093E-09  0.00000E+00  1.0E-07
  1.650E+02  9.82963E-01  5.24165E-26  1.87183E-09  0.00000E+00  1.0E-07
  1.655E+02  9.84074E-01  5.00107E-26  1.78592E-09  0.00000E+00  1.0E-07
  1.660E+02  9.85148E-01  4.76935E-26  1.70317E-09  0.00000E+00  1.0E-07
  1.665E+02  9.86185E-01  4.54641E-26  1.62355E-09  0.00000E+00  1.0E-07
  1.670E+02  9.87185E-01  4.33218E-26  1.54705E-09  0.00000E+00  1.0E-07
  1.675E+02  9.88148E-01  4.12659E-26  1.47363E-09  0.00000E+00  1.0E-07
  1.680E+02  9.89074E-01  3.92958E-26  1.40328E-09  0.00000E+00  1.0E-07
  1.685E+02  9.89962E-01  3.74108E-26  1.33596E-09  0.00000E+00  1.0E-07
  1.690E+02  9.90814E-01  3.56103E-26  1.27167E-09  0.00000E+00  1.0E-07
  1.695E+02  9.91627E-01  3.38938E-26  1.21037E-09  0.00000E+00  1.0E-07
  1.700E+02  9.92404E-01  3.22606E-26  1.15205E-09  0.00000E+00  1.0E-07
  1.705E+02  9.93143E-01  3.07104E-26  1.09669E-09  0.00000E+00  1.0E-07
  1.710E+02  9.93844E-01  2.92426E-26  1.04427E-09  0.00000E+00  1.0E-07
  1.715E+02  9.94508E-01  2.78567E-26  9.94781E-10  0.00000E+00  1.0E-07
  1.720E+02  9.95134E-01  2.65523E-26  9.48201E-10  0.00000E+00  1.0E-07
  1.725E+02  9.95722E-01  2.53291E-26  9.04517E-10  0.00000E+00  1.0E-07
  1.730E+02  9.96273E-01  2.41865E-26  8.63715E-10  0.00000E+00  1.0E-07
  1.735E+02  9.96786E-01  2.31242E-26  8.25782E-10  0.00000E+00  1.0E-07
  1.740E+02  9.97261E-01  2.21420E-26  7.90706E-10  0.00000E+00  1.0E-07
  1.745E+02  9.97698E-01  2.12395E-26  7.58477E-10  0.00000E+00  1.0E-07
  1.750E+02  9.98097E-01  2.04164E-26  7.29084E-10  0.00000E+00  1.0E-07
  1.755E+02  9.98459E-01  1.96725E-26  7.02518E-10  0.00000E+00  1.0E-07
  1.760E+02  9.98782E-01  1.90075E-26  6.78770E-10  0.00000E+00  1.0E-07
  1.765E+02  9.99067E-01  1.84212E-26  6.57834E-10  0.00000E+00  1.0E-07
  1.770E+02  9.99315E-01  1.79135E-26  6.39703E-10  0.00000E+00  1.0E-07
  1.775E+02  9.99524E-01  1.74842E-26  6.24371E-10  0.00000E+00  1.0E-07
  1.780E+02  9.99695E-01  1.71331E-26  6.11832E-10  0.00000E+00  1.0E-07
  1.785E+02  9.99829E-01  1.68601E-26  6.02085E-10  0.00000E+00  1.0E-07
  1.790E+02  9.99924E-01  1.66652E-26  5.95124E-10  0.00000E+00  1.0E-07
  1.795E+02  9.99981E-01  1.65482E-26  5.90949E-10  0.00000E+00  1.0E-07
  1.800E+02  1.00000E+00  1.65093E-26  5.89557E-10  0.00000E+00  1.0E-07
