 #
 # Subroutine ELSEPA. Elastic scattering of electrons and positrons
 #                    by neutral atoms and positive ions
 #
 # Projectile: electron
 # Kinetic energy = 3.70000E+06 eV = 1.35973E+05 a.u.
 #
 # WARNING: High-energy factorization with free-atom DF screening.
 #          Absorption, polarization and exchange corrections are
 #          switched off.
 #          Phase shifts are calculated for the bare nucleus.
 #          Scattering amplitudes are not evaluated.
 #
 # Element: Xe,  Z =  54,  atomic weight = 1.31290E+02 g/mol
 #
 # Nuclear model: Fermi distribution
 #                Average radius = 5.43827E-13 cm
 #                Skin thickness = 5.46000E-14 cm
 #
 # Number of electrons = 54
 #
 # Total elastic cross section = 5.96569E-18 cm**2 = 2.13039E-01 a0**2
 # 1st transport cross section = 2.59244E-22 cm**2 = 9.25776E-06 a0**2
 # 2nd transport cross section = 7.16746E-22 cm**2 = 2.55954E-05 a0**2
 #
 #
 # Differential cross section:                       MU=(1-COS(THETA))/2
 #
 #  THETA        MU          DCS          DCS        Sherman      error
 #  (deg)                 (cm**2/sr)   (a0**2/sr)    function
 #----------------------------------------------------------------------
  0.000E+00  0.00000E+00  7.60705E-13  2.71653E+04  0.00000E+00  1.0E-05
  1.000E-04  7.61557E-13  7.60703E-13  2.71652E+04  0.00000E+00  1.0E-05
  1.250E-04  1.18994E-12  7.60702E-13  2.71652E+04  0.00000E+00  1.0E-05
  1.500E-04  1.71346E-12  7.60700E-13  2.71651E+04  0.00000E+00  1.0E-05
  1.750E-04  2.33225E-12  7.60698E-13  2.71650E+04  0.00000E+00  1.0E-05
  2.000E-04  3.04617E-12  7.60696E-13  2.71650E+04  0.00000E+00  1.0E-05
  2.250E-04  3.85530E-12  7.60694E-13  2.71649E+04  0.00000E+00  1.0E-05
  2.500E-04  4.75964E-12  7.60692E-13  2.71648E+04  0.00000E+00  1.0E-05
  2.750E-04  5.75917E-12  7.60689E-13  2.71647E+04  0.00000E+00  1.0E-05
  3.000E-04  6.85391E-12  7.60686E-13  2.71646E+04  0.00000E+00  1.0E-05
  3.250E-04  8.04379E-12  7.60682E-13  2.71645E+04  0.00000E+00  1.0E-05
  3.500E-04  9.32893E-12  7.60679E-13  2.71643E+04  0.00000E+00  1.0E-05
  3.750E-04  1.07092E-11  7.60675E-13  2.71642E+04  0.00000E+00  1.0E-05
  4.000E-04  1.21847E-11  7.60670E-13  2.71640E+04  0.00000E+00  1.0E-05
  4.250E-04  1.37554E-11  7.60666E-13  2.71639E+04  0.00000E+00  1.0E-05
  4.500E-04  1.54213E-11  7.60661E-13  2.71637E+04  0.00000E+00  1.0E-05
  4.750E-04  1.71823E-11  7.60656E-13  2.71635E+04  0.00000E+00  1.0E-05
  5.000E-04  1.90386E-11  7.60651E-13  2.71633E+04  0.00000E+00  1.0E-05
  5.250E-04  2.09900E-11  7.60645E-13  2.71631E+04  0.00000E+00  1.0E-05
  5.500E-04  2.30367E-11  7.60640E-13  2.71629E+04  0.00000E+00  1.0E-05
  5.750E-04  2.51785E-11  7.60633E-13  2.71627E+04  0.00000E+00  1.0E-05
  6.000E-04  2.74156E-11  7.60627E-13  2.71625E+04  0.00000E+00  1.0E-05
  6.250E-04  2.97478E-11  7.60620E-13  2.71622E+04  0.00000E+00  1.0E-05
  6.500E-04  3.21752E-11  7.60613E-13  2.71620E+04  0.00000E+00  1.0E-05
  6.750E-04  3.46979E-11  7.60606E-13  2.71617E+04  0.00000E+00  1.0E-05
  7.000E-04  3.73157E-11  7.60599E-13  2.71615E+04  0.00000E+00  1.0E-05
  7.250E-04  4.00286E-11  7.60591E-13  2.71612E+04  0.00000E+00  1.0E-05
  7.500E-04  4.28368E-11  7.60583E-13  2.71609E+04  0.00000E+00  1.0E-05
  7.750E-04  4.57402E-11  7.60575E-13  2.71606E+04  0.00000E+00  1.0E-05
  8.000E-04  4.87388E-11  7.60566E-13  2.71603E+04  0.00000E+00  1.0E-05
  8.250E-04  5.18325E-11  7.60557E-13  2.71600E+04  0.00000E+00  1.0E-05
  8.500E-04  5.50215E-11  7.60548E-13  2.71597E+04  0.00000E+00  1.0E-05
  8.750E-04  5.83057E-11  7.60539E-13  2.71593E+04  0.00000E+00  1.0E-05
  9.000E-04  6.16850E-11  7.60529E-13  2.71590E+04  0.00000E+00  1.0E-05
  9.250E-04  6.51595E-11  7.60519E-13  2.71586E+04  0.00000E+00  1.0E-05
  9.500E-04  6.87293E-11  7.60509E-13  2.71583E+04  0.00000E+00  1.0E-05
  9.750E-04  7.23943E-11  7.60499E-13  2.71579E+04  0.00000E+00  1.0E-05
  1.000E-03  7.61544E-11  7.60488E-13  2.71575E+04  0.00000E+00  1.0E-05
  1.250E-03  1.18991E-10  7.60365E-13  2.71531E+04  0.00000E+00  1.0E-05
  1.500E-03  1.71347E-10  7.60216E-13  2.71478E+04  0.00000E+00  1.0E-05
  1.750E-03  2.33223E-10  7.60039E-13  2.71415E+04  0.00000E+00  1.0E-05
  2.000E-03  3.04617E-10  7.59835E-13  2.71342E+04  0.00000E+00  1.0E-05
  2.250E-03  3.85531E-10  7.59603E-13  2.71259E+04  0.00000E+00  1.0E-05
  2.500E-03  4.75965E-10  7.59345E-13  2.71167E+04  0.00000E+00  1.0E-05
  2.750E-03  5.75917E-10  7.59059E-13  2.71065E+04  0.00000E+00  1.0E-05
  3.000E-03  6.85389E-10  7.58747E-13  2.70953E+04  0.00000E+00  1.0E-05
  3.250E-03  8.04380E-10  7.58408E-13  2.70832E+04  0.00000E+00  1.0E-05
  3.500E-03  9.32891E-10  7.58041E-13  2.70701E+04  0.00000E+00  1.0E-05
  3.750E-03  1.07092E-09  7.57648E-13  2.70561E+04  0.00000E+00  1.0E-05
  4.000E-03  1.21847E-09  7.57228E-13  2.70411E+04  0.00000E+00  1.0E-05
  4.250E-03  1.37554E-09  7.56781E-13  2.70251E+04  0.00000E+00  1.0E-05
  4.500E-03  1.54213E-09  7.56307E-13  2.70082E+04  0.00000E+00  1.0E-05
  4.750E-03  1.71823E-09  7.55807E-13  2.69904E+04  0.00000E+00  1.0E-05
  5.000E-03  1.90386E-09  7.55280E-13  2.69716E+04  0.00000E+00  1.0E-05
  5.250E-03  2.09900E-09  7.54727E-13  2.69518E+04  0.00000E+00  1.0E-05
  5.500E-03  2.30367E-09  7.54148E-13  2.69311E+04  0.00000E+00  1.0E-05
  5.750E-03  2.51785E-09  7.53542E-13  2.69095E+04  0.00000E+00  1.0E-05
  6.000E-03  2.74156E-09  7.52910E-13  2.68869E+04  0.00000E+00  1.0E-05
  6.250E-03  2.97478E-09  7.52252E-13  2.68634E+04  0.00000E+00  1.0E-05
  6.500E-03  3.21752E-09  7.51568E-13  2.68390E+04  0.00000E+00  1.0E-05
  6.750E-03  3.46978E-09  7.50858E-13  2.68136E+04  0.00000E+00  1.0E-05
  7.000E-03  3.73156E-09  7.50122E-13  2.67874E+04  0.00000E+00  1.0E-05
  7.250E-03  4.00286E-09  7.49361E-13  2.67602E+04  0.00000E+00  1.0E-05
  7.500E-03  4.28368E-09  7.48574E-13  2.67321E+04  0.00000E+00  1.0E-05
  7.750E-03  4.57402E-09  7.47762E-13  2.67031E+04  0.00000E+00  1.0E-05
  8.000E-03  4.87388E-09  7.46924E-13  2.66732E+04  0.00000E+00  1.0E-05
  8.250E-03  5.18326E-09  7.46062E-13  2.66424E+04  0.00000E+00  1.0E-05
  8.500E-03  5.50215E-09  7.45174E-13  2.66107E+04  0.00000E+00  1.0E-05
  8.750E-03  5.83057E-09  7.44262E-13  2.65781E+04  0.00000E+00  1.0E-05
  9.000E-03  6.16850E-09  7.43324E-13  2.65446E+04  0.00000E+00  1.0E-05
  9.250E-03  6.51596E-09  7.42362E-13  2.65102E+04  0.00000E+00  1.0E-05
  9.500E-03  6.87293E-09  7.41376E-13  2.64750E+04  0.00000E+00  1.0E-05
  9.750E-03  7.23942E-09  7.40365E-13  2.64389E+04  0.00000E+00  1.0E-05
  1.000E-02  7.61544E-09  7.39330E-13  2.64020E+04  0.00000E+00  1.0E-05
  1.250E-02  1.18991E-08  7.27688E-13  2.59862E+04  0.00000E+00  1.0E-05
  1.500E-02  1.71347E-08  7.13719E-13  2.54874E+04  0.00000E+00  1.0E-05
  1.750E-02  2.33223E-08  6.97803E-13  2.49190E+04  0.00000E+00  1.0E-05
  2.000E-02  3.04617E-08  6.80163E-13  2.42890E+04  0.00000E+00  1.0E-05
  2.250E-02  3.85531E-08  6.60855E-13  2.35996E+04  0.00000E+00  1.0E-05
  2.500E-02  4.75965E-08  6.40142E-13  2.28599E+04  0.00000E+00  1.0E-05
  2.750E-02  5.75917E-08  6.18430E-13  2.20845E+04  0.00000E+00  1.0E-05
  3.000E-02  6.85389E-08  5.95990E-13  2.12832E+04  0.00000E+00  1.0E-05
  3.250E-02  8.04380E-08  5.72880E-13  2.04579E+04  0.00000E+00  1.0E-05
  3.500E-02  9.32891E-08  5.49218E-13  1.96129E+04  0.00000E+00  1.0E-05
  3.750E-02  1.07092E-07  5.25493E-13  1.87657E+04  0.00000E+00  1.0E-05
  4.000E-02  1.21847E-07  5.01898E-13  1.79231E+04  0.00000E+00  1.0E-05
  4.250E-02  1.37554E-07  4.78500E-13  1.70876E+04  0.00000E+00  1.0E-05
  4.500E-02  1.54213E-07  4.55191E-13  1.62552E+04  0.00000E+00  1.0E-05
  4.750E-02  1.71823E-07  4.32459E-13  1.54434E+04  0.00000E+00  1.0E-05
  5.000E-02  1.90386E-07  4.10402E-13  1.46557E+04  0.00000E+00  1.0E-05
  5.250E-02  2.09900E-07  3.89083E-13  1.38944E+04  0.00000E+00  1.0E-05
  5.500E-02  2.30367E-07  3.68226E-13  1.31496E+04  0.00000E+00  1.0E-05
  5.750E-02  2.51785E-07  3.48255E-13  1.24364E+04  0.00000E+00  1.0E-05
  6.000E-02  2.74156E-07  3.29188E-13  1.17555E+04  0.00000E+00  1.0E-05
  6.250E-02  2.97478E-07  3.11031E-13  1.11071E+04  0.00000E+00  1.0E-05
  6.500E-02  3.21752E-07  2.93583E-13  1.04840E+04  0.00000E+00  1.0E-05
  6.750E-02  3.46978E-07  2.77027E-13  9.89281E+03  0.00000E+00  1.0E-05
  7.000E-02  3.73156E-07  2.61386E-13  9.33427E+03  0.00000E+00  1.0E-05
  7.250E-02  4.00286E-07  2.46630E-13  8.80730E+03  0.00000E+00  1.0E-05
  7.500E-02  4.28368E-07  2.32627E-13  8.30727E+03  0.00000E+00  1.0E-05
  7.750E-02  4.57402E-07  2.19411E-13  7.83530E+03  0.00000E+00  1.0E-05
  8.000E-02  4.87388E-07  2.07004E-13  7.39224E+03  0.00000E+00  1.0E-05
  8.250E-02  5.18325E-07  1.95363E-13  6.97652E+03  0.00000E+00  1.0E-05
  8.500E-02  5.50215E-07  1.84404E-13  6.58517E+03  0.00000E+00  1.0E-05
  8.750E-02  5.83057E-07  1.74089E-13  6.21682E+03  0.00000E+00  1.0E-05
  9.000E-02  6.16850E-07  1.64437E-13  5.87213E+03  0.00000E+00  1.0E-05
  9.250E-02  6.51596E-07  1.55405E-13  5.54961E+03  0.00000E+00  1.0E-05
  9.500E-02  6.87293E-07  1.46939E-13  5.24730E+03  0.00000E+00  1.0E-05
  9.750E-02  7.23942E-07  1.38979E-13  4.96302E+03  0.00000E+00  1.0E-05
  1.000E-01  7.61543E-07  1.31537E-13  4.69728E+03  0.00000E+00  1.0E-05
  1.250E-01  1.18991E-06  7.86119E-14  2.80728E+03  0.00000E+00  1.0E-05
  1.500E-01  1.71347E-06  4.97101E-14  1.77518E+03  0.00000E+00  1.0E-05
  1.750E-01  2.33223E-06  3.34948E-14  1.19612E+03  0.00000E+00  1.0E-05
  2.000E-01  3.04617E-06  2.35201E-14  8.39919E+02  0.00000E+00  1.0E-05
  2.250E-01  3.85531E-06  1.68839E-14  6.02937E+02  0.00000E+00  1.0E-05
  2.500E-01  4.75964E-06  1.23644E-14  4.41540E+02  0.00000E+00  1.0E-05
  2.750E-01  5.75916E-06  9.24130E-15  3.30013E+02  0.00000E+00  1.0E-05
  3.000E-01  6.85388E-06  7.02617E-15  2.50909E+02  0.00000E+00  1.0E-05
  3.250E-01  8.04378E-06  5.41646E-15  1.93425E+02  0.00000E+00  1.0E-05
  3.500E-01  9.32888E-06  4.23622E-15  1.51278E+02  0.00000E+00  1.0E-05
  3.750E-01  1.07092E-05  3.36574E-15  1.20193E+02  0.00000E+00  1.0E-05
  4.000E-01  1.21846E-05  2.71259E-15  9.68683E+01  0.00000E+00  1.0E-05
  4.250E-01  1.37553E-05  2.21458E-15  7.90839E+01  0.00000E+00  1.0E-05
  4.500E-01  1.54212E-05  1.82866E-15  6.53027E+01  0.00000E+00  1.0E-05
  4.750E-01  1.71822E-05  1.52670E-15  5.45193E+01  0.00000E+00  1.0E-05
  5.000E-01  1.90385E-05  1.28664E-15  4.59468E+01  0.00000E+00  1.0E-05
  5.250E-01  2.09899E-05  1.09451E-15  3.90858E+01  0.00000E+00  1.0E-05
  5.500E-01  2.30365E-05  9.37132E-16  3.34656E+01  0.00000E+00  1.0E-05
  5.750E-01  2.51783E-05  8.07615E-16  2.88404E+01  0.00000E+00  1.0E-05
  6.000E-01  2.74153E-05  7.00024E-16  2.49983E+01  0.00000E+00  1.0E-05
  6.250E-01  2.97475E-05  6.09930E-16  2.17810E+01  0.00000E+00  1.0E-05
  6.500E-01  3.21749E-05  5.33645E-16  1.90568E+01  0.00000E+00  1.0E-05
  6.750E-01  3.46974E-05  4.68684E-16  1.67370E+01  0.00000E+00  1.0E-05
  7.000E-01  3.73152E-05  4.13257E-16  1.47577E+01  0.00000E+00  1.0E-05
  7.250E-01  4.00281E-05  3.65756E-16  1.30614E+01  0.00000E+00  1.0E-05
  7.500E-01  4.28362E-05  3.24698E-16  1.15952E+01  0.00000E+00  1.0E-05
  7.750E-01  4.57395E-05  2.89124E-16  1.03248E+01  0.00000E+00  1.0E-05
  8.000E-01  4.87380E-05  2.58230E-16  9.22157E+00  0.00000E+00  1.0E-05
  8.250E-01  5.18317E-05  2.31289E-16  8.25948E+00  0.00000E+00  1.0E-05
  8.500E-01  5.50205E-05  2.07664E-16  7.41581E+00  0.00000E+00  1.0E-05
  8.750E-01  5.83045E-05  1.86884E-16  6.67373E+00  0.00000E+00  1.0E-05
  9.000E-01  6.16838E-05  1.68607E-16  6.02105E+00  0.00000E+00  1.0E-05
  9.250E-01  6.51582E-05  1.52485E-16  5.44534E+00  0.00000E+00  1.0E-05
  9.500E-01  6.87277E-05  1.38216E-16  4.93578E+00  0.00000E+00  1.0E-05
  9.750E-01  7.23925E-05  1.25541E-16  4.48317E+00  0.00000E+00  1.0E-05
  1.000E+00  7.61524E-05  1.14285E-16  4.08120E+00  0.00000E+00  5.5E-06
  1.100E+00  9.21439E-05  8.00995E-17  2.86040E+00  0.00000E+00  4.2E-06
  1.200E+00  1.09658E-04  5.78172E-17  2.06469E+00  0.00000E+00  2.3E-06
  1.300E+00  1.28695E-04  4.28025E-17  1.52850E+00  0.00000E+00  4.7E-07
  1.400E+00  1.49255E-04  3.23742E-17  1.15610E+00  0.00000E+00  8.7E-07
  1.500E+00  1.71338E-04  2.49695E-17  8.91676E-01  0.00000E+00  1.6E-06
  1.600E+00  1.94942E-04  1.95806E-17  6.99235E-01  0.00000E+00  1.7E-06
  1.700E+00  2.20070E-04  1.55756E-17  5.56215E-01  0.00000E+00  1.4E-06
  1.800E+00  2.46720E-04  1.25432E-17  4.47927E-01  0.00000E+00  7.8E-07
  1.900E+00  2.74892E-04  1.02167E-17  3.64846E-01  0.00000E+00  1.4E-07
  2.000E+00  3.04586E-04  8.40689E-18  3.00215E-01  0.00000E+00  3.9E-07
  2.100E+00  3.35803E-04  6.98104E-18  2.49297E-01  0.00000E+00  7.1E-07
  2.200E+00  3.68542E-04  5.84263E-18  2.08644E-01  0.00000E+00  7.8E-07
  2.300E+00  4.02802E-04  4.92729E-18  1.75957E-01  0.00000E+00  6.3E-07
  2.400E+00  4.38585E-04  4.18440E-18  1.49428E-01  0.00000E+00  3.6E-07
  2.500E+00  4.75889E-04  3.57634E-18  1.27714E-01  0.00000E+00  1.0E-07
  2.600E+00  5.14715E-04  3.07401E-18  1.09775E-01  0.00000E+00  2.2E-07
  2.700E+00  5.55063E-04  2.65682E-18  9.48767E-02  0.00000E+00  3.9E-07
  2.800E+00  5.96931E-04  2.30806E-18  8.24224E-02  0.00000E+00  4.2E-07
  2.900E+00  6.40321E-04  2.01469E-18  7.19459E-02  0.00000E+00  3.5E-07
  3.000E+00  6.85233E-04  1.76632E-18  6.30764E-02  0.00000E+00  1.9E-07
  3.100E+00  7.31665E-04  1.55503E-18  5.55311E-02  0.00000E+00  1.0E-07
  3.200E+00  7.79618E-04  1.37445E-18  4.90826E-02  0.00000E+00  1.4E-07
  3.300E+00  8.29092E-04  1.21937E-18  4.35447E-02  0.00000E+00  2.4E-07
  3.400E+00  8.80086E-04  1.08556E-18  3.87660E-02  0.00000E+00  2.6E-07
  3.500E+00  9.32601E-04  9.69595E-19  3.46249E-02  0.00000E+00  2.1E-07
  3.600E+00  9.86636E-04  8.68753E-19  3.10237E-02  0.00000E+00  1.1E-07
  3.700E+00  1.04219E-03  7.80724E-19  2.78802E-02  0.00000E+00  1.0E-07
  3.800E+00  1.09927E-03  7.03589E-19  2.51256E-02  0.00000E+00  1.0E-07
  3.900E+00  1.15786E-03  6.35755E-19  2.27032E-02  0.00000E+00  1.6E-07
  4.000E+00  1.21797E-03  5.75934E-19  2.05670E-02  0.00000E+00  1.7E-07
  4.100E+00  1.27961E-03  5.23013E-19  1.86771E-02  0.00000E+00  1.4E-07
  4.200E+00  1.34276E-03  4.76057E-19  1.70003E-02  0.00000E+00  1.0E-07
  4.300E+00  1.40743E-03  4.34261E-19  1.55077E-02  0.00000E+00  1.0E-07
  4.400E+00  1.47362E-03  3.96975E-19  1.41762E-02  0.00000E+00  1.0E-07
  4.500E+00  1.54133E-03  3.63625E-19  1.29853E-02  0.00000E+00  1.2E-07
  4.600E+00  1.61056E-03  3.33721E-19  1.19174E-02  0.00000E+00  1.2E-07
  4.700E+00  1.68131E-03  3.06838E-19  1.09574E-02  0.00000E+00  1.0E-07
  4.800E+00  1.75357E-03  2.82621E-19  1.00926E-02  0.00000E+00  1.0E-07
  4.900E+00  1.82735E-03  2.60759E-19  9.31188E-03  0.00000E+00  1.0E-07
  5.000E+00  1.90265E-03  2.40983E-19  8.60565E-03  0.00000E+00  1.0E-07
  5.100E+00  1.97947E-03  2.23053E-19  7.96538E-03  0.00000E+00  1.0E-07
  5.200E+00  2.05780E-03  2.06769E-19  7.38385E-03  0.00000E+00  1.0E-07
  5.300E+00  2.13765E-03  1.91953E-19  6.85475E-03  0.00000E+00  1.0E-07
  5.400E+00  2.21902E-03  1.78448E-19  6.37248E-03  0.00000E+00  1.0E-07
  5.500E+00  2.30190E-03  1.66115E-19  5.93209E-03  0.00000E+00  1.0E-07
  5.600E+00  2.38630E-03  1.54836E-19  5.52928E-03  0.00000E+00  1.0E-07
  5.700E+00  2.47222E-03  1.44503E-19  5.16030E-03  0.00000E+00  1.0E-07
  5.800E+00  2.55965E-03  1.35024E-19  4.82178E-03  0.00000E+00  1.0E-07
  5.900E+00  2.64859E-03  1.26313E-19  4.51073E-03  0.00000E+00  1.0E-07
  6.000E+00  2.73905E-03  1.18297E-19  4.22447E-03  0.00000E+00  1.0E-07
  6.100E+00  2.83103E-03  1.10911E-19  3.96072E-03  0.00000E+00  1.0E-07
  6.200E+00  2.92452E-03  1.04097E-19  3.71737E-03  0.00000E+00  1.0E-07
  6.300E+00  3.01952E-03  9.78011E-20  3.49254E-03  0.00000E+00  1.0E-07
  6.400E+00  3.11604E-03  9.19763E-20  3.28453E-03  0.00000E+00  1.0E-07
  6.500E+00  3.21407E-03  8.65817E-20  3.09189E-03  0.00000E+00  1.0E-07
  6.600E+00  3.31362E-03  8.15795E-20  2.91326E-03  0.00000E+00  1.0E-07
  6.700E+00  3.41468E-03  7.69360E-20  2.74743E-03  0.00000E+00  1.0E-07
  6.800E+00  3.51725E-03  7.26198E-20  2.59330E-03  0.00000E+00  1.0E-07
  6.900E+00  3.62133E-03  6.86041E-20  2.44990E-03  0.00000E+00  1.0E-07
  7.000E+00  3.72692E-03  6.48642E-20  2.31634E-03  0.00000E+00  1.0E-07
  7.100E+00  3.83403E-03  6.13775E-20  2.19183E-03  0.00000E+00  1.0E-07
  7.200E+00  3.94265E-03  5.81233E-20  2.07562E-03  0.00000E+00  1.0E-07
  7.300E+00  4.05278E-03  5.50833E-20  1.96706E-03  0.00000E+00  1.0E-07
  7.400E+00  4.16442E-03  5.22410E-20  1.86556E-03  0.00000E+00  1.0E-07
  7.500E+00  4.27757E-03  4.95811E-20  1.77057E-03  0.00000E+00  1.0E-07
  7.600E+00  4.39223E-03  4.70894E-20  1.68159E-03  0.00000E+00  1.0E-07
  7.700E+00  4.50840E-03  4.47533E-20  1.59817E-03  0.00000E+00  1.0E-07
  7.800E+00  4.62608E-03  4.25614E-20  1.51990E-03  0.00000E+00  1.0E-07
  7.900E+00  4.74527E-03  4.05031E-20  1.44639E-03  0.00000E+00  1.0E-07
  8.000E+00  4.86597E-03  3.85687E-20  1.37731E-03  0.00000E+00  1.0E-07
  8.100E+00  4.98817E-03  3.67490E-20  1.31233E-03  0.00000E+00  1.0E-07
  8.200E+00  5.11188E-03  3.50364E-20  1.25117E-03  0.00000E+00  1.0E-07
  8.300E+00  5.23711E-03  3.34231E-20  1.19356E-03  0.00000E+00  1.0E-07
  8.400E+00  5.36383E-03  3.19024E-20  1.13925E-03  0.00000E+00  1.0E-07
  8.500E+00  5.49207E-03  3.04677E-20  1.08802E-03  0.00000E+00  1.0E-07
  8.600E+00  5.62181E-03  2.91135E-20  1.03966E-03  0.00000E+00  1.0E-07
  8.700E+00  5.75306E-03  2.78343E-20  9.93981E-04  0.00000E+00  1.0E-07
  8.800E+00  5.88581E-03  2.66252E-20  9.50803E-04  0.00000E+00  1.0E-07
  8.900E+00  6.02007E-03  2.54815E-20  9.09960E-04  0.00000E+00  1.0E-07
  9.000E+00  6.15583E-03  2.43990E-20  8.71306E-04  0.00000E+00  1.0E-07
  9.100E+00  6.29310E-03  2.33740E-20  8.34701E-04  0.00000E+00  1.0E-07
  9.200E+00  6.43187E-03  2.24027E-20  8.00014E-04  0.00000E+00  1.0E-07
  9.300E+00  6.57214E-03  2.14817E-20  7.67126E-04  0.00000E+00  1.0E-07
  9.400E+00  6.71392E-03  2.06080E-20  7.35924E-04  0.00000E+00  1.0E-07
  9.500E+00  6.85720E-03  1.97786E-20  7.06307E-04  0.00000E+00  1.0E-07
  9.600E+00  7.00198E-03  1.89910E-20  6.78179E-04  0.00000E+00  1.0E-07
  9.700E+00  7.14827E-03  1.82424E-20  6.51449E-04  0.00000E+00  1.0E-07
  9.800E+00  7.29605E-03  1.75307E-20  6.26034E-04  0.00000E+00  1.0E-07
  9.900E+00  7.44534E-03  1.68538E-20  6.01859E-04  0.00000E+00  1.0E-07
  1.000E+01  7.59612E-03  1.62095E-20  5.78851E-04  0.00000E+00  1.0E-07
  1.025E+01  7.97965E-03  1.47296E-20  5.26003E-04  0.00000E+00  1.0E-07
  1.050E+01  8.37255E-03  1.34163E-20  4.79104E-04  0.00000E+00  1.0E-07
  1.075E+01  8.77480E-03  1.22475E-20  4.37364E-04  0.00000E+00  1.0E-07
  1.100E+01  9.18641E-03  1.12044E-20  4.00116E-04  0.00000E+00  1.0E-07
  1.125E+01  9.60736E-03  1.02711E-20  3.66787E-04  0.00000E+00  1.0E-07
  1.150E+01  1.00376E-02  9.43395E-21  3.36892E-04  0.00000E+00  1.0E-07
  1.175E+01  1.04773E-02  8.68125E-21  3.10013E-04  0.00000E+00  1.0E-07
  1.200E+01  1.09262E-02  8.00293E-21  2.85790E-04  0.00000E+00  1.0E-07
  1.225E+01  1.13844E-02  7.39030E-21  2.63912E-04  0.00000E+00  1.0E-07
  1.250E+01  1.18520E-02  6.83583E-21  2.44112E-04  0.00000E+00  1.0E-07
  1.275E+01  1.23288E-02  6.33298E-21  2.26155E-04  0.00000E+00  1.0E-07
  1.300E+01  1.28150E-02  5.87606E-21  2.09838E-04  0.00000E+00  1.0E-07
  1.325E+01  1.33104E-02  5.46008E-21  1.94983E-04  0.00000E+00  1.0E-07
  1.350E+01  1.38150E-02  5.08074E-21  1.81437E-04  0.00000E+00  1.0E-07
  1.375E+01  1.43290E-02  4.73417E-21  1.69060E-04  0.00000E+00  1.0E-07
  1.400E+01  1.48521E-02  4.41702E-21  1.57735E-04  0.00000E+00  1.0E-07
  1.425E+01  1.53845E-02  4.12634E-21  1.47354E-04  0.00000E+00  1.0E-07
  1.450E+01  1.59262E-02  3.85950E-21  1.37825E-04  0.00000E+00  1.0E-07
  1.475E+01  1.64770E-02  3.61417E-21  1.29064E-04  0.00000E+00  1.0E-07
  1.500E+01  1.70371E-02  3.38829E-21  1.20998E-04  0.00000E+00  1.0E-07
  1.525E+01  1.76063E-02  3.18003E-21  1.13561E-04  0.00000E+00  1.0E-07
  1.550E+01  1.81848E-02  2.98775E-21  1.06695E-04  0.00000E+00  1.0E-07
  1.575E+01  1.87724E-02  2.81000E-21  1.00347E-04  0.00000E+00  1.0E-07
  1.600E+01  1.93692E-02  2.64546E-21  9.44711E-05  0.00000E+00  1.0E-07
  1.625E+01  1.99751E-02  2.49297E-21  8.90256E-05  0.00000E+00  1.0E-07
  1.650E+01  2.05901E-02  2.35148E-21  8.39729E-05  0.00000E+00  1.0E-07
  1.675E+01  2.12143E-02  2.22004E-21  7.92791E-05  0.00000E+00  1.0E-07
  1.700E+01  2.18476E-02  2.09780E-21  7.49136E-05  0.00000E+00  1.0E-07
  1.725E+01  2.24900E-02  1.98398E-21  7.08494E-05  0.00000E+00  1.0E-07
  1.750E+01  2.31415E-02  1.87791E-21  6.70614E-05  0.00000E+00  1.0E-07
  1.775E+01  2.38021E-02  1.77895E-21  6.35275E-05  0.00000E+00  1.0E-07
  1.800E+01  2.44717E-02  1.68653E-21  6.02270E-05  0.00000E+00  1.0E-07
  1.825E+01  2.51504E-02  1.60013E-21  5.71416E-05  0.00000E+00  1.0E-07
  1.850E+01  2.58382E-02  1.51929E-21  5.42547E-05  0.00000E+00  1.0E-07
  1.875E+01  2.65349E-02  1.44357E-21  5.15509E-05  0.00000E+00  1.0E-07
  1.900E+01  2.72407E-02  1.37260E-21  4.90163E-05  0.00000E+00  1.0E-07
  1.925E+01  2.79555E-02  1.30601E-21  4.66383E-05  0.00000E+00  1.0E-07
  1.950E+01  2.86793E-02  1.24348E-21  4.44054E-05  0.00000E+00  1.0E-07
  1.975E+01  2.94120E-02  1.18471E-21  4.23069E-05  0.00000E+00  1.0E-07
  2.000E+01  3.01537E-02  1.12944E-21  4.03331E-05  0.00000E+00  1.0E-07
  2.025E+01  3.09043E-02  1.07741E-21  3.84751E-05  0.00000E+00  1.0E-07
  2.050E+01  3.16639E-02  1.02840E-21  3.67249E-05  0.00000E+00  1.0E-07
  2.075E+01  3.24324E-02  9.82197E-22  3.50749E-05  0.00000E+00  1.0E-07
  2.100E+01  3.32098E-02  9.38608E-22  3.35183E-05  0.00000E+00  1.0E-07
  2.125E+01  3.39961E-02  8.97454E-22  3.20487E-05  0.00000E+00  1.0E-07
  2.150E+01  3.47912E-02  8.58575E-22  3.06603E-05  0.00000E+00  1.0E-07
  2.175E+01  3.55952E-02  8.21819E-22  2.93477E-05  0.00000E+00  1.0E-07
  2.200E+01  3.64081E-02  7.87046E-22  2.81059E-05  0.00000E+00  1.0E-07
  2.225E+01  3.72297E-02  7.54128E-22  2.69304E-05  0.00000E+00  1.0E-07
  2.250E+01  3.80602E-02  7.22948E-22  2.58169E-05  0.00000E+00  1.0E-07
  2.275E+01  3.88995E-02  6.93395E-22  2.47616E-05  0.00000E+00  1.0E-07
  2.300E+01  3.97476E-02  6.65365E-22  2.37606E-05  0.00000E+00  1.0E-07
  2.325E+01  4.06044E-02  6.38766E-22  2.28108E-05  0.00000E+00  1.0E-07
  2.350E+01  4.14700E-02  6.13510E-22  2.19088E-05  0.00000E+00  1.0E-07
  2.375E+01  4.23443E-02  5.89514E-22  2.10519E-05  0.00000E+00  1.0E-07
  2.400E+01  4.32273E-02  5.66705E-22  2.02374E-05  0.00000E+00  1.0E-07
  2.425E+01  4.41190E-02  5.45009E-22  1.94626E-05  0.00000E+00  1.0E-07
  2.450E+01  4.50194E-02  5.24364E-22  1.87254E-05  0.00000E+00  1.0E-07
  2.475E+01  4.59284E-02  5.04707E-22  1.80234E-05  0.00000E+00  1.0E-07
  2.500E+01  4.68461E-02  4.85982E-22  1.73547E-05  0.00000E+00  1.0E-07
  2.550E+01  4.87074E-02  4.51116E-22  1.61096E-05  0.00000E+00  1.0E-07
  2.600E+01  5.06030E-02  4.19383E-22  1.49765E-05  0.00000E+00  1.0E-07
  2.650E+01  5.25328E-02  3.90448E-22  1.39432E-05  0.00000E+00  1.0E-07
  2.700E+01  5.44967E-02  3.64016E-22  1.29992E-05  0.00000E+00  1.0E-07
  2.750E+01  5.64946E-02  3.39827E-22  1.21355E-05  0.00000E+00  1.0E-07
  2.800E+01  5.85262E-02  3.17656E-22  1.13437E-05  0.00000E+00  1.0E-07
  2.850E+01  6.05914E-02  2.97300E-22  1.06168E-05  0.00000E+00  1.0E-07
  2.900E+01  6.26901E-02  2.78582E-22  9.94835E-06  0.00000E+00  1.0E-07
  2.950E+01  6.48222E-02  2.61344E-22  9.33277E-06  0.00000E+00  1.0E-07
  3.000E+01  6.69873E-02  2.45446E-22  8.76505E-06  0.00000E+00  1.0E-07
  3.050E+01  6.91854E-02  2.30764E-22  8.24073E-06  0.00000E+00  1.0E-07
  3.100E+01  7.14163E-02  2.17186E-22  7.75584E-06  0.00000E+00  1.0E-07
  3.150E+01  7.36799E-02  2.04612E-22  7.30681E-06  0.00000E+00  1.0E-07
  3.200E+01  7.59760E-02  1.92953E-22  6.89048E-06  0.00000E+00  1.0E-07
  3.250E+01  7.83043E-02  1.82130E-22  6.50398E-06  0.00000E+00  1.0E-07
  3.300E+01  8.06647E-02  1.72071E-22  6.14475E-06  0.00000E+00  1.0E-07
  3.350E+01  8.30571E-02  1.62710E-22  5.81047E-06  0.00000E+00  1.0E-07
  3.400E+01  8.54812E-02  1.53990E-22  5.49907E-06  0.00000E+00  1.0E-07
  3.450E+01  8.79369E-02  1.45858E-22  5.20867E-06  0.00000E+00  1.0E-07
  3.500E+01  9.04240E-02  1.38266E-22  4.93756E-06  0.00000E+00  1.0E-07
  3.550E+01  9.29422E-02  1.31171E-22  4.68421E-06  0.00000E+00  1.0E-07
  3.600E+01  9.54915E-02  1.24535E-22  4.44721E-06  0.00000E+00  1.0E-07
  3.650E+01  9.80716E-02  1.18321E-22  4.22530E-06  0.00000E+00  1.0E-07
  3.700E+01  1.00682E-01  1.12497E-22  4.01732E-06  0.00000E+00  1.0E-07
  3.750E+01  1.03323E-01  1.07033E-22  3.82222E-06  0.00000E+00  1.0E-07
  3.800E+01  1.05995E-01  1.01903E-22  3.63903E-06  0.00000E+00  1.0E-07
  3.850E+01  1.08696E-01  9.70826E-23  3.46688E-06  0.00000E+00  1.0E-07
  3.900E+01  1.11427E-01  9.25487E-23  3.30498E-06  0.00000E+00  1.0E-07
  3.950E+01  1.14188E-01  8.82810E-23  3.15257E-06  0.00000E+00  1.0E-07
  4.000E+01  1.16978E-01  8.42607E-23  3.00900E-06  0.00000E+00  1.0E-07
  4.050E+01  1.19797E-01  8.04704E-23  2.87365E-06  0.00000E+00  1.0E-07
  4.100E+01  1.22645E-01  7.68944E-23  2.74595E-06  0.00000E+00  1.0E-07
  4.150E+01  1.25522E-01  7.35180E-23  2.62538E-06  0.00000E+00  1.0E-07
  4.200E+01  1.28428E-01  7.03277E-23  2.51145E-06  0.00000E+00  1.0E-07
  4.250E+01  1.31361E-01  6.73112E-23  2.40373E-06  0.00000E+00  1.0E-07
  4.300E+01  1.34323E-01  6.44571E-23  2.30180E-06  0.00000E+00  1.0E-07
  4.350E+01  1.37313E-01  6.17547E-23  2.20530E-06  0.00000E+00  1.0E-07
  4.400E+01  1.40330E-01  5.91944E-23  2.11387E-06  0.00000E+00  1.0E-07
  4.450E+01  1.43375E-01  5.67671E-23  2.02719E-06  0.00000E+00  1.0E-07
  4.500E+01  1.46447E-01  5.44646E-23  1.94497E-06  0.00000E+00  1.0E-07
  4.550E+01  1.49545E-01  5.22791E-23  1.86692E-06  0.00000E+00  1.0E-07
  4.600E+01  1.52671E-01  5.02033E-23  1.79279E-06  0.00000E+00  1.0E-07
  4.650E+01  1.55823E-01  4.82307E-23  1.72235E-06  0.00000E+00  1.0E-07
  4.700E+01  1.59001E-01  4.63550E-23  1.65537E-06  0.00000E+00  1.0E-07
  4.750E+01  1.62205E-01  4.45705E-23  1.59164E-06  0.00000E+00  1.0E-07
  4.800E+01  1.65435E-01  4.28718E-23  1.53098E-06  0.00000E+00  1.0E-07
  4.850E+01  1.68690E-01  4.12540E-23  1.47321E-06  0.00000E+00  1.0E-07
  4.900E+01  1.71970E-01  3.97123E-23  1.41815E-06  0.00000E+00  1.0E-07
  4.950E+01  1.75276E-01  3.82425E-23  1.36566E-06  0.00000E+00  1.0E-07
  5.000E+01  1.78606E-01  3.68405E-23  1.31560E-06  0.00000E+00  1.0E-07
  5.050E+01  1.81961E-01  3.55025E-23  1.26782E-06  0.00000E+00  1.0E-07
  5.100E+01  1.85340E-01  3.42251E-23  1.22220E-06  0.00000E+00  1.0E-07
  5.150E+01  1.88743E-01  3.30048E-23  1.17862E-06  0.00000E+00  1.0E-07
  5.200E+01  1.92169E-01  3.18386E-23  1.13698E-06  0.00000E+00  1.0E-07
  5.250E+01  1.95619E-01  3.07236E-23  1.09716E-06  0.00000E+00  1.0E-07
  5.300E+01  1.99092E-01  2.96570E-23  1.05907E-06  0.00000E+00  1.0E-07
  5.350E+01  2.02589E-01  2.86364E-23  1.02262E-06  0.00000E+00  1.0E-07
  5.400E+01  2.06107E-01  2.76593E-23  9.87732E-07  0.00000E+00  1.0E-07
  5.450E+01  2.09649E-01  2.67235E-23  9.54315E-07  0.00000E+00  1.0E-07
  5.500E+01  2.13212E-01  2.58270E-23  9.22298E-07  0.00000E+00  1.0E-07
  5.550E+01  2.16797E-01  2.49676E-23  8.91608E-07  0.00000E+00  1.0E-07
  5.600E+01  2.20404E-01  2.41435E-23  8.62181E-07  0.00000E+00  1.0E-07
  5.650E+01  2.24032E-01  2.33530E-23  8.33952E-07  0.00000E+00  1.0E-07
  5.700E+01  2.27680E-01  2.25945E-23  8.06863E-07  0.00000E+00  1.0E-07
  5.750E+01  2.31350E-01  2.18662E-23  7.80858E-07  0.00000E+00  1.0E-07
  5.800E+01  2.35040E-01  2.11669E-23  7.55884E-07  0.00000E+00  1.0E-07
  5.850E+01  2.38751E-01  2.04951E-23  7.31893E-07  0.00000E+00  1.0E-07
  5.900E+01  2.42481E-01  1.98495E-23  7.08837E-07  0.00000E+00  1.0E-07
  5.950E+01  2.46231E-01  1.92288E-23  6.86674E-07  0.00000E+00  1.0E-07
  6.000E+01  2.50000E-01  1.86320E-23  6.65360E-07  0.00000E+00  1.0E-07
  6.050E+01  2.53788E-01  1.80578E-23  6.44857E-07  0.00000E+00  1.0E-07
  6.100E+01  2.57595E-01  1.75054E-23  6.25128E-07  0.00000E+00  1.0E-07
  6.150E+01  2.61421E-01  1.69735E-23  6.06135E-07  0.00000E+00  1.0E-07
  6.200E+01  2.65264E-01  1.64614E-23  5.87848E-07  0.00000E+00  1.0E-07
  6.250E+01  2.69126E-01  1.59681E-23  5.70233E-07  0.00000E+00  1.0E-07
  6.300E+01  2.73005E-01  1.54929E-23  5.53261E-07  0.00000E+00  1.0E-07
  6.350E+01  2.76901E-01  1.50348E-23  5.36904E-07  0.00000E+00  1.0E-07
  6.400E+01  2.80814E-01  1.45933E-23  5.21135E-07  0.00000E+00  1.0E-07
  6.450E+01  2.84744E-01  1.41674E-23  5.05928E-07  0.00000E+00  1.0E-07
  6.500E+01  2.88691E-01  1.37567E-23  4.91260E-07  0.00000E+00  1.0E-07
  6.550E+01  2.92653E-01  1.33603E-23  4.77107E-07  0.00000E+00  1.0E-07
  6.600E+01  2.96632E-01  1.29778E-23  4.63447E-07  0.00000E+00  1.0E-07
  6.650E+01  3.00625E-01  1.26085E-23  4.50259E-07  0.00000E+00  1.0E-07
  6.700E+01  3.04634E-01  1.22519E-23  4.37524E-07  0.00000E+00  1.0E-07
  6.750E+01  3.08658E-01  1.19075E-23  4.25223E-07  0.00000E+00  1.0E-07
  6.800E+01  3.12697E-01  1.15746E-23  4.13338E-07  0.00000E+00  1.0E-07
  6.850E+01  3.16749E-01  1.12530E-23  4.01852E-07  0.00000E+00  1.0E-07
  6.900E+01  3.20816E-01  1.09421E-23  3.90750E-07  0.00000E+00  1.0E-07
  6.950E+01  3.24896E-01  1.06415E-23  3.80015E-07  0.00000E+00  1.0E-07
  7.000E+01  3.28990E-01  1.03508E-23  3.69633E-07  0.00000E+00  1.0E-07
  7.050E+01  3.33097E-01  1.00695E-23  3.59590E-07  0.00000E+00  1.0E-07
  7.100E+01  3.37216E-01  9.79744E-24  3.49873E-07  0.00000E+00  1.0E-07
  7.150E+01  3.41348E-01  9.53409E-24  3.40468E-07  0.00000E+00  1.0E-07
  7.200E+01  3.45492E-01  9.27915E-24  3.31365E-07  0.00000E+00  1.0E-07
  7.250E+01  3.49647E-01  9.03231E-24  3.22550E-07  0.00000E+00  1.0E-07
  7.300E+01  3.53814E-01  8.79326E-24  3.14013E-07  0.00000E+00  1.0E-07
  7.350E+01  3.57992E-01  8.56169E-24  3.05744E-07  0.00000E+00  1.0E-07
  7.400E+01  3.62181E-01  8.33734E-24  2.97732E-07  0.00000E+00  1.0E-07
  7.450E+01  3.66381E-01  8.11993E-24  2.89968E-07  0.00000E+00  1.0E-07
  7.500E+01  3.70590E-01  7.90920E-24  2.82443E-07  0.00000E+00  1.0E-07
  7.550E+01  3.74810E-01  7.70491E-24  2.75147E-07  0.00000E+00  1.0E-07
  7.600E+01  3.79039E-01  7.50682E-24  2.68073E-07  0.00000E+00  1.0E-07
  7.650E+01  3.83277E-01  7.31469E-24  2.61212E-07  0.00000E+00  1.0E-07
  7.700E+01  3.87524E-01  7.12832E-24  2.54557E-07  0.00000E+00  1.0E-07
  7.750E+01  3.91780E-01  6.94749E-24  2.48099E-07  0.00000E+00  1.0E-07
  7.800E+01  3.96044E-01  6.77201E-24  2.41833E-07  0.00000E+00  1.0E-07
  7.850E+01  4.00316E-01  6.60169E-24  2.35751E-07  0.00000E+00  1.0E-07
  7.900E+01  4.04596E-01  6.43634E-24  2.29846E-07  0.00000E+00  1.0E-07
  7.950E+01  4.08882E-01  6.27580E-24  2.24113E-07  0.00000E+00  1.0E-07
  8.000E+01  4.13176E-01  6.11990E-24  2.18546E-07  0.00000E+00  1.0E-07
  8.050E+01  4.17476E-01  5.96848E-24  2.13138E-07  0.00000E+00  1.0E-07
  8.100E+01  4.21783E-01  5.82137E-24  2.07885E-07  0.00000E+00  1.0E-07
  8.150E+01  4.26095E-01  5.67844E-24  2.02781E-07  0.00000E+00  1.0E-07
  8.200E+01  4.30413E-01  5.53954E-24  1.97820E-07  0.00000E+00  1.0E-07
  8.250E+01  4.34737E-01  5.40453E-24  1.92999E-07  0.00000E+00  1.0E-07
  8.300E+01  4.39065E-01  5.27328E-24  1.88312E-07  0.00000E+00  1.0E-07
  8.350E+01  4.43398E-01  5.14567E-24  1.83755E-07  0.00000E+00  1.0E-07
  8.400E+01  4.47736E-01  5.02157E-24  1.79324E-07  0.00000E+00  1.0E-07
  8.450E+01  4.52077E-01  4.90088E-24  1.75014E-07  0.00000E+00  1.0E-07
  8.500E+01  4.56422E-01  4.78348E-24  1.70821E-07  0.00000E+00  1.0E-07
  8.550E+01  4.60770E-01  4.66927E-24  1.66743E-07  0.00000E+00  1.0E-07
  8.600E+01  4.65122E-01  4.55814E-24  1.62774E-07  0.00000E+00  1.0E-07
  8.650E+01  4.69476E-01  4.44998E-24  1.58912E-07  0.00000E+00  1.0E-07
  8.700E+01  4.73832E-01  4.34472E-24  1.55153E-07  0.00000E+00  1.0E-07
  8.750E+01  4.78190E-01  4.24224E-24  1.51493E-07  0.00000E+00  1.0E-07
  8.800E+01  4.82550E-01  4.14247E-24  1.47930E-07  0.00000E+00  1.0E-07
  8.850E+01  4.86912E-01  4.04531E-24  1.44461E-07  0.00000E+00  1.0E-07
  8.900E+01  4.91274E-01  3.95070E-24  1.41082E-07  0.00000E+00  1.0E-07
  8.950E+01  4.95637E-01  3.85854E-24  1.37791E-07  0.00000E+00  1.0E-07
  9.000E+01  5.00000E-01  3.76876E-24  1.34585E-07  0.00000E+00  1.0E-07
  9.050E+01  5.04363E-01  3.68130E-24  1.31462E-07  0.00000E+00  1.0E-07
  9.100E+01  5.08726E-01  3.59608E-24  1.28418E-07  0.00000E+00  1.0E-07
  9.150E+01  5.13088E-01  3.51303E-24  1.25452E-07  0.00000E+00  1.0E-07
  9.200E+01  5.17450E-01  3.43208E-24  1.22562E-07  0.00000E+00  1.0E-07
  9.250E+01  5.21810E-01  3.35318E-24  1.19744E-07  0.00000E+00  1.0E-07
  9.300E+01  5.26168E-01  3.27625E-24  1.16997E-07  0.00000E+00  1.0E-07
  9.350E+01  5.30524E-01  3.20125E-24  1.14319E-07  0.00000E+00  1.0E-07
  9.400E+01  5.34878E-01  3.12811E-24  1.11707E-07  0.00000E+00  1.0E-07
  9.450E+01  5.39230E-01  3.05678E-24  1.09160E-07  0.00000E+00  1.0E-07
  9.500E+01  5.43578E-01  2.98720E-24  1.06675E-07  0.00000E+00  1.0E-07
  9.550E+01  5.47923E-01  2.91933E-24  1.04251E-07  0.00000E+00  1.0E-07
  9.600E+01  5.52264E-01  2.85312E-24  1.01887E-07  0.00000E+00  1.0E-07
  9.650E+01  5.56602E-01  2.78852E-24  9.95799E-08  0.00000E+00  1.0E-07
  9.700E+01  5.60935E-01  2.72549E-24  9.73288E-08  0.00000E+00  1.0E-07
  9.750E+01  5.65263E-01  2.66397E-24  9.51320E-08  0.00000E+00  1.0E-07
  9.800E+01  5.69587E-01  2.60393E-24  9.29879E-08  0.00000E+00  1.0E-07
  9.850E+01  5.73905E-01  2.54532E-24  9.08949E-08  0.00000E+00  1.0E-07
  9.900E+01  5.78217E-01  2.48810E-24  8.88516E-08  0.00000E+00  1.0E-07
  9.950E+01  5.82524E-01  2.43223E-24  8.68565E-08  0.00000E+00  1.0E-07
  1.000E+02  5.86824E-01  2.37767E-24  8.49083E-08  0.00000E+00  1.0E-07
  1.005E+02  5.91118E-01  2.32440E-24  8.30058E-08  0.00000E+00  1.0E-07
  1.010E+02  5.95404E-01  2.27237E-24  8.11478E-08  0.00000E+00  1.0E-07
  1.015E+02  5.99684E-01  2.22156E-24  7.93333E-08  0.00000E+00  1.0E-07
  1.020E+02  6.03956E-01  2.17193E-24  7.75609E-08  0.00000E+00  1.0E-07
  1.025E+02  6.08220E-01  2.12344E-24  7.58295E-08  0.00000E+00  1.0E-07
  1.030E+02  6.12476E-01  2.07607E-24  7.41378E-08  0.00000E+00  1.0E-07
  1.035E+02  6.16723E-01  2.02978E-24  7.24848E-08  0.00000E+00  1.0E-07
  1.040E+02  6.20961E-01  1.98455E-24  7.08694E-08  0.00000E+00  1.0E-07
  1.045E+02  6.25190E-01  1.94034E-24  6.92907E-08  0.00000E+00  1.0E-07
  1.050E+02  6.29410E-01  1.89713E-24  6.77478E-08  0.00000E+00  1.0E-07
  1.055E+02  6.33619E-01  1.85490E-24  6.62396E-08  0.00000E+00  1.0E-07
  1.060E+02  6.37819E-01  1.81362E-24  6.47654E-08  0.00000E+00  1.0E-07
  1.065E+02  6.42008E-01  1.77326E-24  6.33242E-08  0.00000E+00  1.0E-07
  1.070E+02  6.46186E-01  1.73380E-24  6.19152E-08  0.00000E+00  1.0E-07
  1.075E+02  6.50353E-01  1.69522E-24  6.05375E-08  0.00000E+00  1.0E-07
  1.080E+02  6.54508E-01  1.65750E-24  5.91904E-08  0.00000E+00  1.0E-07
  1.085E+02  6.58652E-01  1.62061E-24  5.78730E-08  0.00000E+00  1.0E-07
  1.090E+02  6.62784E-01  1.58453E-24  5.65845E-08  0.00000E+00  1.0E-07
  1.095E+02  6.66903E-01  1.54924E-24  5.53243E-08  0.00000E+00  1.0E-07
  1.100E+02  6.71010E-01  1.51472E-24  5.40917E-08  0.00000E+00  1.0E-07
  1.105E+02  6.75104E-01  1.48095E-24  5.28858E-08  0.00000E+00  1.0E-07
  1.110E+02  6.79184E-01  1.44792E-24  5.17061E-08  0.00000E+00  1.0E-07
  1.115E+02  6.83251E-01  1.41560E-24  5.05520E-08  0.00000E+00  1.0E-07
  1.120E+02  6.87303E-01  1.38398E-24  4.94228E-08  0.00000E+00  1.0E-07
  1.125E+02  6.91342E-01  1.35304E-24  4.83178E-08  0.00000E+00  1.0E-07
  1.130E+02  6.95366E-01  1.32276E-24  4.72366E-08  0.00000E+00  1.0E-07
  1.135E+02  6.99375E-01  1.29313E-24  4.61785E-08  0.00000E+00  1.0E-07
  1.140E+02  7.03368E-01  1.26413E-24  4.51429E-08  0.00000E+00  1.0E-07
  1.145E+02  7.07347E-01  1.23575E-24  4.41294E-08  0.00000E+00  1.0E-07
  1.150E+02  7.11309E-01  1.20797E-24  4.31374E-08  0.00000E+00  1.0E-07
  1.155E+02  7.15256E-01  1.18078E-24  4.21663E-08  0.00000E+00  1.0E-07
  1.160E+02  7.19186E-01  1.15416E-24  4.12157E-08  0.00000E+00  1.0E-07
  1.165E+02  7.23099E-01  1.12810E-24  4.02851E-08  0.00000E+00  1.0E-07
  1.170E+02  7.26995E-01  1.10258E-24  3.93740E-08  0.00000E+00  1.0E-07
  1.175E+02  7.30874E-01  1.07760E-24  3.84819E-08  0.00000E+00  1.0E-07
  1.180E+02  7.34736E-01  1.05314E-24  3.76085E-08  0.00000E+00  1.0E-07
  1.185E+02  7.38579E-01  1.02920E-24  3.67532E-08  0.00000E+00  1.0E-07
  1.190E+02  7.42405E-01  1.00574E-24  3.59157E-08  0.00000E+00  1.0E-07
  1.195E+02  7.46212E-01  9.82778E-25  3.50956E-08  0.00000E+00  1.0E-07
  1.200E+02  7.50000E-01  9.60287E-25  3.42925E-08  0.00000E+00  1.0E-07
  1.205E+02  7.53769E-01  9.38261E-25  3.35059E-08  0.00000E+00  1.0E-07
  1.210E+02  7.57519E-01  9.16688E-25  3.27355E-08  0.00000E+00  1.0E-07
  1.215E+02  7.61249E-01  8.95559E-25  3.19810E-08  0.00000E+00  1.0E-07
  1.220E+02  7.64960E-01  8.74864E-25  3.12420E-08  0.00000E+00  1.0E-07
  1.225E+02  7.68650E-01  8.54592E-25  3.05180E-08  0.00000E+00  1.0E-07
  1.230E+02  7.72320E-01  8.34735E-25  2.98089E-08  0.00000E+00  1.0E-07
  1.235E+02  7.75968E-01  8.15282E-25  2.91143E-08  0.00000E+00  1.0E-07
  1.240E+02  7.79596E-01  7.96226E-25  2.84338E-08  0.00000E+00  1.0E-07
  1.245E+02  7.83203E-01  7.77558E-25  2.77671E-08  0.00000E+00  1.0E-07
  1.250E+02  7.86788E-01  7.59269E-25  2.71140E-08  0.00000E+00  1.0E-07
  1.255E+02  7.90351E-01  7.41351E-25  2.64741E-08  0.00000E+00  1.0E-07
  1.260E+02  7.93893E-01  7.23795E-25  2.58472E-08  0.00000E+00  1.0E-07
  1.265E+02  7.97411E-01  7.06596E-25  2.52330E-08  0.00000E+00  1.0E-07
  1.270E+02  8.00908E-01  6.89744E-25  2.46312E-08  0.00000E+00  1.0E-07
  1.275E+02  8.04381E-01  6.73232E-25  2.40416E-08  0.00000E+00  1.0E-07
  1.280E+02  8.07831E-01  6.57054E-25  2.34638E-08  0.00000E+00  1.0E-07
  1.285E+02  8.11257E-01  6.41202E-25  2.28977E-08  0.00000E+00  1.0E-07
  1.290E+02  8.14660E-01  6.25669E-25  2.23430E-08  0.00000E+00  1.0E-07
  1.295E+02  8.18039E-01  6.10449E-25  2.17995E-08  0.00000E+00  1.0E-07
  1.300E+02  8.21394E-01  5.95535E-25  2.12670E-08  0.00000E+00  1.0E-07
  1.305E+02  8.24724E-01  5.80922E-25  2.07451E-08  0.00000E+00  1.0E-07
  1.310E+02  8.28030E-01  5.66602E-25  2.02337E-08  0.00000E+00  1.0E-07
  1.315E+02  8.31310E-01  5.52570E-25  1.97326E-08  0.00000E+00  1.0E-07
  1.320E+02  8.34565E-01  5.38820E-25  1.92416E-08  0.00000E+00  1.0E-07
  1.325E+02  8.37795E-01  5.25347E-25  1.87605E-08  0.00000E+00  1.0E-07
  1.330E+02  8.40999E-01  5.12144E-25  1.82890E-08  0.00000E+00  1.0E-07
  1.335E+02  8.44177E-01  4.99207E-25  1.78270E-08  0.00000E+00  1.0E-07
  1.340E+02  8.47329E-01  4.86530E-25  1.73743E-08  0.00000E+00  1.0E-07
  1.345E+02  8.50455E-01  4.74109E-25  1.69307E-08  0.00000E+00  1.0E-07
  1.350E+02  8.53553E-01  4.61938E-25  1.64961E-08  0.00000E+00  1.0E-07
  1.355E+02  8.56625E-01  4.50012E-25  1.60702E-08  0.00000E+00  1.0E-07
  1.360E+02  8.59670E-01  4.38327E-25  1.56530E-08  0.00000E+00  1.0E-07
  1.365E+02  8.62687E-01  4.26879E-25  1.52441E-08  0.00000E+00  1.0E-07
  1.370E+02  8.65677E-01  4.15661E-25  1.48435E-08  0.00000E+00  1.0E-07
  1.375E+02  8.68639E-01  4.04671E-25  1.44511E-08  0.00000E+00  1.0E-07
  1.380E+02  8.71572E-01  3.93905E-25  1.40666E-08  0.00000E+00  1.0E-07
  1.385E+02  8.74478E-01  3.83357E-25  1.36899E-08  0.00000E+00  1.0E-07
  1.390E+02  8.77355E-01  3.73023E-25  1.33209E-08  0.00000E+00  1.0E-07
  1.395E+02  8.80203E-01  3.62901E-25  1.29594E-08  0.00000E+00  1.0E-07
  1.400E+02  8.83022E-01  3.52985E-25  1.26053E-08  0.00000E+00  1.0E-07
  1.405E+02  8.85812E-01  3.43273E-25  1.22585E-08  0.00000E+00  1.0E-07
  1.410E+02  8.88573E-01  3.33761E-25  1.19188E-08  0.00000E+00  1.0E-07
  1.415E+02  8.91304E-01  3.24444E-25  1.15861E-08  0.00000E+00  1.0E-07
  1.420E+02  8.94005E-01  3.15320E-25  1.12603E-08  0.00000E+00  1.0E-07
  1.425E+02  8.96677E-01  3.06385E-25  1.09412E-08  0.00000E+00  1.0E-07
  1.430E+02  8.99318E-01  2.97637E-25  1.06288E-08  0.00000E+00  1.0E-07
  1.435E+02  9.01928E-01  2.89070E-25  1.03229E-08  0.00000E+00  1.0E-07
  1.440E+02  9.04508E-01  2.80684E-25  1.00234E-08  0.00000E+00  1.0E-07
  1.445E+02  9.07058E-01  2.72474E-25  9.73022E-09  0.00000E+00  1.0E-07
  1.450E+02  9.09576E-01  2.64437E-25  9.44323E-09  0.00000E+00  1.0E-07
  1.455E+02  9.12063E-01  2.56572E-25  9.16234E-09  0.00000E+00  1.0E-07
  1.460E+02  9.14519E-01  2.48874E-25  8.88744E-09  0.00000E+00  1.0E-07
  1.465E+02  9.16943E-01  2.41341E-25  8.61844E-09  0.00000E+00  1.0E-07
  1.470E+02  9.19335E-01  2.33970E-25  8.35523E-09  0.00000E+00  1.0E-07
  1.475E+02  9.21696E-01  2.26760E-25  8.09773E-09  0.00000E+00  1.0E-07
  1.480E+02  9.24024E-01  2.19706E-25  7.84585E-09  0.00000E+00  1.0E-07
  1.485E+02  9.26320E-01  2.12808E-25  7.59949E-09  0.00000E+00  1.0E-07
  1.490E+02  9.28584E-01  2.06061E-25  7.35858E-09  0.00000E+00  1.0E-07
  1.495E+02  9.30815E-01  1.99465E-25  7.12302E-09  0.00000E+00  1.0E-07
  1.500E+02  9.33013E-01  1.93016E-25  6.89273E-09  0.00000E+00  1.0E-07
  1.505E+02  9.35178E-01  1.86713E-25  6.66764E-09  0.00000E+00  1.0E-07
  1.510E+02  9.37310E-01  1.80553E-25  6.44766E-09  0.00000E+00  1.0E-07
  1.515E+02  9.39409E-01  1.74534E-25  6.23273E-09  0.00000E+00  1.0E-07
  1.520E+02  9.41474E-01  1.68655E-25  6.02276E-09  0.00000E+00  1.0E-07
  1.525E+02  9.43505E-01  1.62912E-25  5.81770E-09  0.00000E+00  1.0E-07
  1.530E+02  9.45503E-01  1.57305E-25  5.61745E-09  0.00000E+00  1.0E-07
  1.535E+02  9.47467E-01  1.51831E-25  5.42197E-09  0.00000E+00  1.0E-07
  1.540E+02  9.49397E-01  1.46488E-25  5.23118E-09  0.00000E+00  1.0E-07
  1.545E+02  9.51293E-01  1.41275E-25  5.04501E-09  0.00000E+00  1.0E-07
  1.550E+02  9.53154E-01  1.36190E-25  4.86342E-09  0.00000E+00  1.0E-07
  1.555E+02  9.54981E-01  1.31230E-25  4.68633E-09  0.00000E+00  1.0E-07
  1.560E+02  9.56773E-01  1.26396E-25  4.51368E-09  0.00000E+00  1.0E-07
  1.565E+02  9.58530E-01  1.21684E-25  4.34543E-09  0.00000E+00  1.0E-07
  1.570E+02  9.60252E-01  1.17094E-25  4.18150E-09  0.00000E+00  1.0E-07
  1.575E+02  9.61940E-01  1.12624E-25  4.02186E-09  0.00000E+00  1.0E-07
  1.580E+02  9.63592E-01  1.08272E-25  3.86645E-09  0.00000E+00  1.0E-07
  1.585E+02  9.65209E-01  1.04036E-25  3.71521E-09  0.00000E+00  1.0E-07
  1.590E+02  9.66790E-01  9.99169E-26  3.56810E-09  0.00000E+00  1.0E-07
  1.595E+02  9.68336E-01  9.59115E-26  3.42506E-09  0.00000E+00  1.0E-07
  1.600E+02  9.69846E-01  9.20191E-26  3.28606E-09  0.00000E+00  1.0E-07
  1.605E+02  9.71321E-01  8.82382E-26  3.15104E-09  0.00000E+00  1.0E-07
  1.610E+02  9.72759E-01  8.45678E-26  3.01997E-09  0.00000E+00  1.0E-07
  1.615E+02  9.74162E-01  8.10067E-26  2.89280E-09  0.00000E+00  1.0E-07
  1.620E+02  9.75528E-01  7.75536E-26  2.76949E-09  0.00000E+00  1.0E-07
  1.625E+02  9.76858E-01  7.42075E-26  2.65000E-09  0.00000E+00  1.0E-07
  1.630E+02  9.78152E-01  7.09673E-26  2.53429E-09  0.00000E+00  1.0E-07
  1.635E+02  9.79410E-01  6.78319E-26  2.42232E-09  0.00000E+00  1.0E-07
  1.640E+02  9.80631E-01  6.48005E-26  2.31407E-09  0.00000E+00  1.0E-07
  1.645E+02  9.81815E-01  6.18719E-26  2.20948E-09  0.00000E+00  1.0E-07
  1.650E+02  9.82963E-01  5.90453E-26  2.10854E-09  0.00000E+00  1.0E-07
  1.655E+02  9.84074E-01  5.63197E-26  2.01121E-09  0.00000E+00  1.0E-07
  1.660E+02  9.85148E-01  5.36944E-26  1.91746E-09  0.00000E+00  1.0E-07
  1.665E+02  9.86185E-01  5.11684E-26  1.82726E-09  0.00000E+00  1.0E-07
  1.670E+02  9.87185E-01  4.87410E-26  1.74057E-09  0.00000E+00  1.0E-07
  1.675E+02  9.88148E-01  4.64115E-26  1.65738E-09  0.00000E+00  1.0E-07
  1.680E+02  9.89074E-01  4.41790E-26  1.57766E-09  0.00000E+00  1.0E-07
  1.685E+02  9.89962E-01  4.20429E-26  1.50138E-09  0.00000E+00  1.0E-07
  1.690E+02  9.90814E-01  4.00025E-26  1.42852E-09  0.00000E+00  1.0E-07
  1.695E+02  9.91627E-01  3.80572E-26  1.35905E-09  0.00000E+00  1.0E-07
  1.700E+02  9.92404E-01  3.62064E-26  1.29295E-09  0.00000E+00  1.0E-07
  1.705E+02  9.93143E-01  3.44495E-26  1.23021E-09  0.00000E+00  1.0E-07
  1.710E+02  9.93844E-01  3.27859E-26  1.17080E-09  0.00000E+00  1.0E-07
  1.715E+02  9.94508E-01  3.12151E-26  1.11471E-09  0.00000E+00  1.0E-07
  1.720E+02  9.95134E-01  2.97367E-26  1.06192E-09  0.00000E+00  1.0E-07
  1.725E+02  9.95722E-01  2.83501E-26  1.01240E-09  0.00000E+00  1.0E-07
  1.730E+02  9.96273E-01  2.70550E-26  9.66152E-10  0.00000E+00  1.0E-07
  1.735E+02  9.96786E-01  2.58509E-26  9.23154E-10  0.00000E+00  1.0E-07
  1.740E+02  9.97261E-01  2.47376E-26  8.83394E-10  0.00000E+00  1.0E-07
  1.745E+02  9.97698E-01  2.37145E-26  8.46860E-10  0.00000E+00  1.0E-07
  1.750E+02  9.98097E-01  2.27815E-26  8.13541E-10  0.00000E+00  1.0E-07
  1.755E+02  9.98459E-01  2.19382E-26  7.83426E-10  0.00000E+00  1.0E-07
  1.760E+02  9.98782E-01  2.11843E-26  7.56506E-10  0.00000E+00  1.0E-07
  1.765E+02  9.99067E-01  2.05197E-26  7.32772E-10  0.00000E+00  1.0E-07
  1.770E+02  9.99315E-01  1.99441E-26  7.12217E-10  0.00000E+00  1.0E-07
  1.775E+02  9.99524E-01  1.94574E-26  6.94836E-10  0.00000E+00  1.0E-07
  1.780E+02  9.99695E-01  1.90594E-26  6.80622E-10  0.00000E+00  1.0E-07
  1.785E+02  9.99829E-01  1.87499E-26  6.69571E-10  0.00000E+00  1.0E-07
  1.790E+02  9.99924E-01  1.85289E-26  6.61680E-10  0.00000E+00  1.0E-07
  1.795E+02  9.99981E-01  1.83964E-26  6.56946E-10  0.00000E+00  1.0E-07
  1.800E+02  1.00000E+00  1.83522E-26  6.55369E-10  0.00000E+00  1.0E-07
