 #
 # Subroutine ELSEPA. Elastic scattering of electrons and positrons
 #                    by neutral atoms and positive ions
 #
 # Projectile: electron
 # Kinetic energy = 3.70000E+06 eV = 1.35973E+05 a.u.
 #
 # WARNING: High-energy factorization with free-atom DF screening.
 #          Absorption, polarization and exchange corrections are
 #          switched off.
 #          Phase shifts are calculated for the bare nucleus.
 #          Scattering amplitudes are not evaluated.
 #
 # Element: Zr,  Z =  40,  atomic weight = 9.12240E+01 g/mol
 #
 # Nuclear model: Fermi distribution
 #                Average radius = 4.81674E-13 cm
 #                Skin thickness = 5.46000E-14 cm
 #
 # Number of electrons = 40
 #
 # Total elastic cross section = 4.13124E-18 cm**2 = 1.47529E-01 a0**2
 # 1st transport cross section = 1.39352E-22 cm**2 = 4.97635E-06 a0**2
 # 2nd transport cross section = 3.90444E-22 cm**2 = 1.39430E-05 a0**2
 #
 #
 # Differential cross section:                       MU=(1-COS(THETA))/2
 #
 #  THETA        MU          DCS          DCS        Sherman      error
 #  (deg)                 (cm**2/sr)   (a0**2/sr)    function
 #----------------------------------------------------------------------
  0.000E+00  0.00000E+00  9.86926E-13  3.52438E+04  0.00000E+00  1.0E-05
  1.000E-04  7.61557E-13  9.86920E-13  3.52435E+04  0.00000E+00  1.0E-05
  1.250E-04  1.18994E-12  9.86916E-13  3.52434E+04  0.00000E+00  1.0E-05
  1.500E-04  1.71346E-12  9.86911E-13  3.52432E+04  0.00000E+00  1.0E-05
  1.750E-04  2.33225E-12  9.86905E-13  3.52430E+04  0.00000E+00  1.0E-05
  2.000E-04  3.04617E-12  9.86899E-13  3.52428E+04  0.00000E+00  1.0E-05
  2.250E-04  3.85530E-12  9.86891E-13  3.52425E+04  0.00000E+00  1.0E-05
  2.500E-04  4.75964E-12  9.86883E-13  3.52422E+04  0.00000E+00  1.0E-05
  2.750E-04  5.75917E-12  9.86874E-13  3.52419E+04  0.00000E+00  1.0E-05
  3.000E-04  6.85391E-12  9.86863E-13  3.52415E+04  0.00000E+00  1.0E-05
  3.250E-04  8.04379E-12  9.86852E-13  3.52411E+04  0.00000E+00  1.0E-05
  3.500E-04  9.32893E-12  9.86841E-13  3.52407E+04  0.00000E+00  1.0E-05
  3.750E-04  1.07092E-11  9.86828E-13  3.52403E+04  0.00000E+00  1.0E-05
  4.000E-04  1.21847E-11  9.86814E-13  3.52398E+04  0.00000E+00  1.0E-05
  4.250E-04  1.37554E-11  9.86800E-13  3.52393E+04  0.00000E+00  1.0E-05
  4.500E-04  1.54213E-11  9.86784E-13  3.52387E+04  0.00000E+00  1.0E-05
  4.750E-04  1.71823E-11  9.86768E-13  3.52381E+04  0.00000E+00  1.0E-05
  5.000E-04  1.90386E-11  9.86751E-13  3.52375E+04  0.00000E+00  1.0E-05
  5.250E-04  2.09900E-11  9.86733E-13  3.52369E+04  0.00000E+00  1.0E-05
  5.500E-04  2.30367E-11  9.86714E-13  3.52362E+04  0.00000E+00  1.0E-05
  5.750E-04  2.51785E-11  9.86694E-13  3.52355E+04  0.00000E+00  1.0E-05
  6.000E-04  2.74156E-11  9.86674E-13  3.52348E+04  0.00000E+00  1.0E-05
  6.250E-04  2.97478E-11  9.86652E-13  3.52340E+04  0.00000E+00  1.0E-05
  6.500E-04  3.21752E-11  9.86630E-13  3.52332E+04  0.00000E+00  1.0E-05
  6.750E-04  3.46979E-11  9.86606E-13  3.52323E+04  0.00000E+00  1.0E-05
  7.000E-04  3.73157E-11  9.86582E-13  3.52315E+04  0.00000E+00  1.0E-05
  7.250E-04  4.00286E-11  9.86557E-13  3.52306E+04  0.00000E+00  1.0E-05
  7.500E-04  4.28368E-11  9.86531E-13  3.52297E+04  0.00000E+00  1.0E-05
  7.750E-04  4.57402E-11  9.86504E-13  3.52287E+04  0.00000E+00  1.0E-05
  8.000E-04  4.87388E-11  9.86476E-13  3.52277E+04  0.00000E+00  1.0E-05
  8.250E-04  5.18325E-11  9.86448E-13  3.52267E+04  0.00000E+00  1.0E-05
  8.500E-04  5.50215E-11  9.86418E-13  3.52256E+04  0.00000E+00  1.0E-05
  8.750E-04  5.83057E-11  9.86388E-13  3.52246E+04  0.00000E+00  1.0E-05
  9.000E-04  6.16850E-11  9.86357E-13  3.52234E+04  0.00000E+00  1.0E-05
  9.250E-04  6.51595E-11  9.86325E-13  3.52223E+04  0.00000E+00  1.0E-05
  9.500E-04  6.87293E-11  9.86292E-13  3.52211E+04  0.00000E+00  1.0E-05
  9.750E-04  7.23943E-11  9.86258E-13  3.52199E+04  0.00000E+00  1.0E-05
  1.000E-03  7.61544E-11  9.86223E-13  3.52187E+04  0.00000E+00  1.0E-05
  1.250E-03  1.18991E-10  9.85827E-13  3.52045E+04  0.00000E+00  1.0E-05
  1.500E-03  1.71347E-10  9.85344E-13  3.51873E+04  0.00000E+00  1.0E-05
  1.750E-03  2.33223E-10  9.84773E-13  3.51669E+04  0.00000E+00  1.0E-05
  2.000E-03  3.04617E-10  9.84115E-13  3.51434E+04  0.00000E+00  1.0E-05
  2.250E-03  3.85531E-10  9.83370E-13  3.51168E+04  0.00000E+00  1.0E-05
  2.500E-03  4.75965E-10  9.82538E-13  3.50871E+04  0.00000E+00  1.0E-05
  2.750E-03  5.75917E-10  9.81620E-13  3.50543E+04  0.00000E+00  1.0E-05
  3.000E-03  6.85389E-10  9.80616E-13  3.50184E+04  0.00000E+00  1.0E-05
  3.250E-03  8.04380E-10  9.79527E-13  3.49795E+04  0.00000E+00  1.0E-05
  3.500E-03  9.32891E-10  9.78352E-13  3.49376E+04  0.00000E+00  1.0E-05
  3.750E-03  1.07092E-09  9.77093E-13  3.48926E+04  0.00000E+00  1.0E-05
  4.000E-03  1.21847E-09  9.75750E-13  3.48447E+04  0.00000E+00  1.0E-05
  4.250E-03  1.37554E-09  9.74323E-13  3.47937E+04  0.00000E+00  1.0E-05
  4.500E-03  1.54213E-09  9.72814E-13  3.47398E+04  0.00000E+00  1.0E-05
  4.750E-03  1.71823E-09  9.71222E-13  3.46830E+04  0.00000E+00  1.0E-05
  5.000E-03  1.90386E-09  9.69548E-13  3.46232E+04  0.00000E+00  1.0E-05
  5.250E-03  2.09900E-09  9.67794E-13  3.45605E+04  0.00000E+00  1.0E-05
  5.500E-03  2.30367E-09  9.65959E-13  3.44950E+04  0.00000E+00  1.0E-05
  5.750E-03  2.51785E-09  9.64045E-13  3.44267E+04  0.00000E+00  1.0E-05
  6.000E-03  2.74156E-09  9.62052E-13  3.43555E+04  0.00000E+00  1.0E-05
  6.250E-03  2.97478E-09  9.59980E-13  3.42815E+04  0.00000E+00  1.0E-05
  6.500E-03  3.21752E-09  9.57832E-13  3.42048E+04  0.00000E+00  1.0E-05
  6.750E-03  3.46978E-09  9.55608E-13  3.41254E+04  0.00000E+00  1.0E-05
  7.000E-03  3.73156E-09  9.53308E-13  3.40432E+04  0.00000E+00  1.0E-05
  7.250E-03  4.00286E-09  9.50934E-13  3.39585E+04  0.00000E+00  1.0E-05
  7.500E-03  4.28368E-09  9.48486E-13  3.38710E+04  0.00000E+00  1.0E-05
  7.750E-03  4.57402E-09  9.45965E-13  3.37810E+04  0.00000E+00  1.0E-05
  8.000E-03  4.87388E-09  9.43373E-13  3.36885E+04  0.00000E+00  1.0E-05
  8.250E-03  5.18326E-09  9.40710E-13  3.35934E+04  0.00000E+00  1.0E-05
  8.500E-03  5.50215E-09  9.37978E-13  3.34958E+04  0.00000E+00  1.0E-05
  8.750E-03  5.83057E-09  9.35177E-13  3.33958E+04  0.00000E+00  1.0E-05
  9.000E-03  6.16850E-09  9.32308E-13  3.32933E+04  0.00000E+00  1.0E-05
  9.250E-03  6.51596E-09  9.29373E-13  3.31885E+04  0.00000E+00  1.0E-05
  9.500E-03  6.87293E-09  9.26373E-13  3.30814E+04  0.00000E+00  1.0E-05
  9.750E-03  7.23942E-09  9.23309E-13  3.29720E+04  0.00000E+00  1.0E-05
  1.000E-02  7.61544E-09  9.20182E-13  3.28603E+04  0.00000E+00  1.0E-05
  1.250E-02  1.18991E-08  8.85701E-13  3.16289E+04  0.00000E+00  1.0E-05
  1.500E-02  1.71347E-08  8.46264E-13  3.02206E+04  0.00000E+00  1.0E-05
  1.750E-02  2.33223E-08  8.03145E-13  2.86808E+04  0.00000E+00  1.0E-05
  2.000E-02  3.04617E-08  7.57603E-13  2.70545E+04  0.00000E+00  1.0E-05
  2.250E-02  3.85531E-08  7.10834E-13  2.53844E+04  0.00000E+00  1.0E-05
  2.500E-02  4.75965E-08  6.63896E-13  2.37081E+04  0.00000E+00  1.0E-05
  2.750E-02  5.75917E-08  6.17650E-13  2.20567E+04  0.00000E+00  1.0E-05
  3.000E-02  6.85389E-08  5.72798E-13  2.04550E+04  0.00000E+00  1.0E-05
  3.250E-02  8.04380E-08  5.29905E-13  1.89233E+04  0.00000E+00  1.0E-05
  3.500E-02  9.32891E-08  4.89368E-13  1.74757E+04  0.00000E+00  1.0E-05
  3.750E-02  1.07092E-07  4.51368E-13  1.61187E+04  0.00000E+00  1.0E-05
  4.000E-02  1.21847E-07  4.16017E-13  1.48562E+04  0.00000E+00  1.0E-05
  4.250E-02  1.37554E-07  3.83353E-13  1.36898E+04  0.00000E+00  1.0E-05
  4.500E-02  1.54213E-07  3.53368E-13  1.26190E+04  0.00000E+00  1.0E-05
  4.750E-02  1.71823E-07  3.25892E-13  1.16378E+04  0.00000E+00  1.0E-05
  5.000E-02  1.90386E-07  3.00789E-13  1.07414E+04  0.00000E+00  1.0E-05
  5.250E-02  2.09900E-07  2.77909E-13  9.92432E+03  0.00000E+00  1.0E-05
  5.500E-02  2.30367E-07  2.57119E-13  9.18187E+03  0.00000E+00  1.0E-05
  5.750E-02  2.51785E-07  2.38197E-13  8.50618E+03  0.00000E+00  1.0E-05
  6.000E-02  2.74156E-07  2.20984E-13  7.89148E+03  0.00000E+00  1.0E-05
  6.250E-02  2.97478E-07  2.05324E-13  7.33224E+03  0.00000E+00  1.0E-05
  6.500E-02  3.21752E-07  1.91072E-13  6.82330E+03  0.00000E+00  1.0E-05
  6.750E-02  3.46978E-07  1.78078E-13  6.35927E+03  0.00000E+00  1.0E-05
  7.000E-02  3.73156E-07  1.66217E-13  5.93573E+03  0.00000E+00  1.0E-05
  7.250E-02  4.00286E-07  1.55380E-13  5.54872E+03  0.00000E+00  1.0E-05
  7.500E-02  4.28368E-07  1.45453E-13  5.19423E+03  0.00000E+00  1.0E-05
  7.750E-02  4.57402E-07  1.36343E-13  4.86890E+03  0.00000E+00  1.0E-05
  8.000E-02  4.87388E-07  1.27974E-13  4.57005E+03  0.00000E+00  1.0E-05
  8.250E-02  5.18325E-07  1.20275E-13  4.29509E+03  0.00000E+00  1.0E-05
  8.500E-02  5.50215E-07  1.13169E-13  4.04135E+03  0.00000E+00  1.0E-05
  8.750E-02  5.83057E-07  1.06595E-13  3.80656E+03  0.00000E+00  1.0E-05
  9.000E-02  6.16850E-07  1.00512E-13  3.58937E+03  0.00000E+00  1.0E-05
  9.250E-02  6.51596E-07  9.48774E-14  3.38814E+03  0.00000E+00  1.0E-05
  9.500E-02  6.87293E-07  8.96433E-14  3.20122E+03  0.00000E+00  1.0E-05
  9.750E-02  7.23942E-07  8.47604E-14  3.02685E+03  0.00000E+00  1.0E-05
  1.000E-01  7.61543E-07  8.02152E-14  2.86454E+03  0.00000E+00  1.0E-05
  1.250E-01  1.18991E-06  4.80031E-14  1.71422E+03  0.00000E+00  1.0E-05
  1.500E-01  1.71347E-06  2.99417E-14  1.06924E+03  0.00000E+00  1.0E-05
  1.750E-01  2.33223E-06  1.98099E-14  7.07423E+02  0.00000E+00  1.0E-05
  2.000E-01  3.04617E-06  1.36474E-14  4.87356E+02  0.00000E+00  1.0E-05
  2.250E-01  3.85531E-06  9.71734E-15  3.47013E+02  0.00000E+00  1.0E-05
  2.500E-01  4.75964E-06  7.15162E-15  2.55389E+02  0.00000E+00  1.0E-05
  2.750E-01  5.75916E-06  5.41828E-15  1.93490E+02  0.00000E+00  1.0E-05
  3.000E-01  6.85388E-06  4.20251E-15  1.50074E+02  0.00000E+00  1.0E-05
  3.250E-01  8.04378E-06  3.31525E-15  1.18390E+02  0.00000E+00  1.0E-05
  3.500E-01  9.32888E-06  2.64805E-15  9.45634E+01  0.00000E+00  1.0E-05
  3.750E-01  1.07092E-05  2.14133E-15  7.64682E+01  0.00000E+00  1.0E-05
  4.000E-01  1.21846E-05  1.74910E-15  6.24614E+01  0.00000E+00  1.0E-05
  4.250E-01  1.37553E-05  1.43965E-15  5.14109E+01  0.00000E+00  1.0E-05
  4.500E-01  1.54212E-05  1.19109E-15  4.25345E+01  0.00000E+00  1.0E-05
  4.750E-01  1.71822E-05  9.92587E-16  3.54459E+01  0.00000E+00  1.0E-05
  5.000E-01  1.90385E-05  8.32416E-16  2.97261E+01  0.00000E+00  1.0E-05
  5.250E-01  2.09899E-05  7.02501E-16  2.50868E+01  0.00000E+00  1.0E-05
  5.500E-01  2.30365E-05  5.95391E-16  2.12618E+01  0.00000E+00  1.0E-05
  5.750E-01  2.51783E-05  5.07564E-16  1.81255E+01  0.00000E+00  1.0E-05
  6.000E-01  2.74153E-05  4.35060E-16  1.55363E+01  0.00000E+00  1.0E-05
  6.250E-01  2.97475E-05  3.74860E-16  1.33865E+01  0.00000E+00  1.0E-05
  6.500E-01  3.21749E-05  3.24516E-16  1.15887E+01  0.00000E+00  1.0E-05
  6.750E-01  3.46974E-05  2.82282E-16  1.00805E+01  0.00000E+00  1.0E-05
  7.000E-01  3.73152E-05  2.46726E-16  8.81074E+00  0.00000E+00  1.0E-05
  7.250E-01  4.00281E-05  2.16647E-16  7.73660E+00  0.00000E+00  1.0E-05
  7.500E-01  4.28362E-05  1.91047E-16  6.82241E+00  0.00000E+00  1.0E-05
  7.750E-01  4.57395E-05  1.69168E-16  6.04110E+00  0.00000E+00  1.0E-05
  8.000E-01  4.87380E-05  1.50385E-16  5.37033E+00  0.00000E+00  1.0E-05
  8.250E-01  5.18317E-05  1.34180E-16  4.79165E+00  0.00000E+00  1.0E-05
  8.500E-01  5.50205E-05  1.20129E-16  4.28989E+00  0.00000E+00  1.0E-05
  8.750E-01  5.83045E-05  1.07893E-16  3.85292E+00  0.00000E+00  1.0E-05
  9.000E-01  6.16838E-05  9.72031E-17  3.47119E+00  0.00000E+00  1.0E-05
  9.250E-01  6.51582E-05  8.78295E-17  3.13645E+00  0.00000E+00  1.0E-05
  9.500E-01  6.87277E-05  7.95772E-17  2.84175E+00  0.00000E+00  1.0E-05
  9.750E-01  7.23925E-05  7.22816E-17  2.58122E+00  0.00000E+00  1.0E-05
  1.000E+00  7.61524E-05  6.58177E-17  2.35039E+00  0.00000E+00  3.3E-06
  1.100E+00  9.21439E-05  4.62487E-17  1.65157E+00  0.00000E+00  2.5E-06
  1.200E+00  1.09658E-04  3.34808E-17  1.19562E+00  0.00000E+00  1.3E-06
  1.300E+00  1.28695E-04  2.48326E-17  8.86790E-01  0.00000E+00  3.0E-07
  1.400E+00  1.49255E-04  1.87838E-17  6.70782E-01  0.00000E+00  5.8E-07
  1.500E+00  1.71338E-04  1.44720E-17  5.16806E-01  0.00000E+00  9.8E-07
  1.600E+00  1.94942E-04  1.13247E-17  4.04411E-01  0.00000E+00  1.0E-06
  1.700E+00  2.20070E-04  8.98168E-18  3.20742E-01  0.00000E+00  8.1E-07
  1.800E+00  2.46720E-04  7.20809E-18  2.57406E-01  0.00000E+00  4.5E-07
  1.900E+00  2.74892E-04  5.85017E-18  2.08913E-01  0.00000E+00  1.2E-07
  2.000E+00  3.04586E-04  4.79658E-18  1.71289E-01  0.00000E+00  2.7E-07
  2.100E+00  3.35803E-04  3.96916E-18  1.41741E-01  0.00000E+00  4.4E-07
  2.200E+00  3.68542E-04  3.31149E-18  1.18255E-01  0.00000E+00  4.6E-07
  2.300E+00  4.02802E-04  2.78464E-18  9.94411E-02  0.00000E+00  3.7E-07
  2.400E+00  4.38585E-04  2.35859E-18  8.42267E-02  0.00000E+00  2.1E-07
  2.500E+00  4.75889E-04  2.01110E-18  7.18178E-02  0.00000E+00  1.0E-07
  2.600E+00  5.14715E-04  1.72522E-18  6.16088E-02  0.00000E+00  1.6E-07
  2.700E+00  5.55063E-04  1.48852E-18  5.31560E-02  0.00000E+00  2.4E-07
  2.800E+00  5.96931E-04  1.29118E-18  4.61089E-02  0.00000E+00  2.5E-07
  2.900E+00  6.40321E-04  1.12559E-18  4.01957E-02  0.00000E+00  2.0E-07
  3.000E+00  6.85233E-04  9.85776E-19  3.52027E-02  0.00000E+00  1.1E-07
  3.100E+00  7.31665E-04  8.67077E-19  3.09639E-02  0.00000E+00  1.0E-07
  3.200E+00  7.79618E-04  7.65795E-19  2.73470E-02  0.00000E+00  1.0E-07
  3.300E+00  8.29092E-04  6.78940E-19  2.42454E-02  0.00000E+00  1.5E-07
  3.400E+00  8.80086E-04  6.04100E-19  2.15728E-02  0.00000E+00  1.6E-07
  3.500E+00  9.32601E-04  5.39323E-19  1.92596E-02  0.00000E+00  1.2E-07
  3.600E+00  9.86636E-04  4.83040E-19  1.72497E-02  0.00000E+00  1.0E-07
  3.700E+00  1.04219E-03  4.33945E-19  1.54965E-02  0.00000E+00  1.0E-07
  3.800E+00  1.09927E-03  3.90955E-19  1.39613E-02  0.00000E+00  1.0E-07
  3.900E+00  1.15786E-03  3.53172E-19  1.26120E-02  0.00000E+00  1.0E-07
  4.000E+00  1.21797E-03  3.19865E-19  1.14226E-02  0.00000E+00  1.0E-07
  4.100E+00  1.27961E-03  2.90411E-19  1.03708E-02  0.00000E+00  1.0E-07
  4.200E+00  1.34276E-03  2.64284E-19  9.43776E-03  0.00000E+00  1.0E-07
  4.300E+00  1.40743E-03  2.41035E-19  8.60753E-03  0.00000E+00  1.0E-07
  4.400E+00  1.47362E-03  2.20299E-19  7.86701E-03  0.00000E+00  1.0E-07
  4.500E+00  1.54133E-03  2.01754E-19  7.20475E-03  0.00000E+00  1.0E-07
  4.600E+00  1.61056E-03  1.85128E-19  6.61103E-03  0.00000E+00  1.0E-07
  4.700E+00  1.68131E-03  1.70182E-19  6.07732E-03  0.00000E+00  1.0E-07
  4.800E+00  1.75357E-03  1.56720E-19  5.59659E-03  0.00000E+00  1.0E-07
  4.900E+00  1.82735E-03  1.44569E-19  5.16266E-03  0.00000E+00  1.0E-07
  5.000E+00  1.90265E-03  1.33577E-19  4.77014E-03  0.00000E+00  1.0E-07
  5.100E+00  1.97947E-03  1.23613E-19  4.41430E-03  0.00000E+00  1.0E-07
  5.200E+00  2.05780E-03  1.14563E-19  4.09113E-03  0.00000E+00  1.0E-07
  5.300E+00  2.13765E-03  1.06330E-19  3.79711E-03  0.00000E+00  1.0E-07
  5.400E+00  2.21902E-03  9.88259E-20  3.52914E-03  0.00000E+00  1.0E-07
  5.500E+00  2.30190E-03  9.19740E-20  3.28445E-03  0.00000E+00  1.0E-07
  5.600E+00  2.38630E-03  8.57072E-20  3.06066E-03  0.00000E+00  1.0E-07
  5.700E+00  2.47222E-03  7.99672E-20  2.85568E-03  0.00000E+00  1.0E-07
  5.800E+00  2.55965E-03  7.47016E-20  2.66764E-03  0.00000E+00  1.0E-07
  5.900E+00  2.64859E-03  6.98637E-20  2.49488E-03  0.00000E+00  1.0E-07
  6.000E+00  2.73905E-03  6.54120E-20  2.33590E-03  0.00000E+00  1.0E-07
  6.100E+00  2.83103E-03  6.13106E-20  2.18944E-03  0.00000E+00  1.0E-07
  6.200E+00  2.92452E-03  5.75270E-20  2.05432E-03  0.00000E+00  1.0E-07
  6.300E+00  3.01952E-03  5.40318E-20  1.92951E-03  0.00000E+00  1.0E-07
  6.400E+00  3.11604E-03  5.07985E-20  1.81405E-03  0.00000E+00  1.0E-07
  6.500E+00  3.21407E-03  4.78046E-20  1.70713E-03  0.00000E+00  1.0E-07
  6.600E+00  3.31362E-03  4.50288E-20  1.60801E-03  0.00000E+00  1.0E-07
  6.700E+00  3.41468E-03  4.24525E-20  1.51600E-03  0.00000E+00  1.0E-07
  6.800E+00  3.51725E-03  4.00581E-20  1.43050E-03  0.00000E+00  1.0E-07
  6.900E+00  3.62133E-03  3.78309E-20  1.35097E-03  0.00000E+00  1.0E-07
  7.000E+00  3.72692E-03  3.57570E-20  1.27691E-03  0.00000E+00  1.0E-07
  7.100E+00  3.83403E-03  3.38239E-20  1.20787E-03  0.00000E+00  1.0E-07
  7.200E+00  3.94265E-03  3.20201E-20  1.14346E-03  0.00000E+00  1.0E-07
  7.300E+00  4.05278E-03  3.03353E-20  1.08329E-03  0.00000E+00  1.0E-07
  7.400E+00  4.16442E-03  2.87605E-20  1.02705E-03  0.00000E+00  1.0E-07
  7.500E+00  4.27757E-03  2.72869E-20  9.74434E-04  0.00000E+00  1.0E-07
  7.600E+00  4.39223E-03  2.59069E-20  9.25152E-04  0.00000E+00  1.0E-07
  7.700E+00  4.50840E-03  2.46133E-20  8.78958E-04  0.00000E+00  1.0E-07
  7.800E+00  4.62608E-03  2.33999E-20  8.35626E-04  0.00000E+00  1.0E-07
  7.900E+00  4.74527E-03  2.22607E-20  7.94944E-04  0.00000E+00  1.0E-07
  8.000E+00  4.86597E-03  2.11903E-20  7.56718E-04  0.00000E+00  1.0E-07
  8.100E+00  4.98817E-03  2.01836E-20  7.20771E-04  0.00000E+00  1.0E-07
  8.200E+00  5.11188E-03  1.92364E-20  6.86944E-04  0.00000E+00  1.0E-07
  8.300E+00  5.23711E-03  1.83444E-20  6.55089E-04  0.00000E+00  1.0E-07
  8.400E+00  5.36383E-03  1.75037E-20  6.25067E-04  0.00000E+00  1.0E-07
  8.500E+00  5.49207E-03  1.67108E-20  5.96753E-04  0.00000E+00  1.0E-07
  8.600E+00  5.62181E-03  1.59625E-20  5.70032E-04  0.00000E+00  1.0E-07
  8.700E+00  5.75306E-03  1.52559E-20  5.44798E-04  0.00000E+00  1.0E-07
  8.800E+00  5.88581E-03  1.45882E-20  5.20952E-04  0.00000E+00  1.0E-07
  8.900E+00  6.02007E-03  1.39567E-20  4.98403E-04  0.00000E+00  1.0E-07
  9.000E+00  6.15583E-03  1.33592E-20  4.77067E-04  0.00000E+00  1.0E-07
  9.100E+00  6.29310E-03  1.27936E-20  4.56867E-04  0.00000E+00  1.0E-07
  9.200E+00  6.43187E-03  1.22577E-20  4.37731E-04  0.00000E+00  1.0E-07
  9.300E+00  6.57214E-03  1.17497E-20  4.19591E-04  0.00000E+00  1.0E-07
  9.400E+00  6.71392E-03  1.12680E-20  4.02386E-04  0.00000E+00  1.0E-07
  9.500E+00  6.85720E-03  1.08108E-20  3.86059E-04  0.00000E+00  1.0E-07
  9.600E+00  7.00198E-03  1.03767E-20  3.70557E-04  0.00000E+00  1.0E-07
  9.700E+00  7.14827E-03  9.96425E-21  3.55830E-04  0.00000E+00  1.0E-07
  9.800E+00  7.29605E-03  9.57223E-21  3.41831E-04  0.00000E+00  1.0E-07
  9.900E+00  7.44534E-03  9.19943E-21  3.28518E-04  0.00000E+00  1.0E-07
  1.000E+01  7.59612E-03  8.84472E-21  3.15851E-04  0.00000E+00  1.0E-07
  1.025E+01  7.97965E-03  8.03033E-21  2.86768E-04  0.00000E+00  1.0E-07
  1.050E+01  8.37255E-03  7.30810E-21  2.60977E-04  0.00000E+00  1.0E-07
  1.075E+01  8.77480E-03  6.66574E-21  2.38038E-04  0.00000E+00  1.0E-07
  1.100E+01  9.18641E-03  6.09286E-21  2.17580E-04  0.00000E+00  1.0E-07
  1.125E+01  9.60736E-03  5.58061E-21  1.99287E-04  0.00000E+00  1.0E-07
  1.150E+01  1.00376E-02  5.12143E-21  1.82889E-04  0.00000E+00  1.0E-07
  1.175E+01  1.04773E-02  4.70883E-21  1.68155E-04  0.00000E+00  1.0E-07
  1.200E+01  1.09262E-02  4.33724E-21  1.54886E-04  0.00000E+00  1.0E-07
  1.225E+01  1.13844E-02  4.00184E-21  1.42908E-04  0.00000E+00  1.0E-07
  1.250E+01  1.18520E-02  3.69848E-21  1.32075E-04  0.00000E+00  1.0E-07
  1.275E+01  1.23288E-02  3.42354E-21  1.22257E-04  0.00000E+00  1.0E-07
  1.300E+01  1.28150E-02  3.17386E-21  1.13341E-04  0.00000E+00  1.0E-07
  1.325E+01  1.33104E-02  2.94671E-21  1.05229E-04  0.00000E+00  1.0E-07
  1.350E+01  1.38150E-02  2.73968E-21  9.78357E-05  0.00000E+00  1.0E-07
  1.375E+01  1.43290E-02  2.55066E-21  9.10856E-05  0.00000E+00  1.0E-07
  1.400E+01  1.48521E-02  2.37779E-21  8.49124E-05  0.00000E+00  1.0E-07
  1.425E+01  1.53845E-02  2.21944E-21  7.92577E-05  0.00000E+00  1.0E-07
  1.450E+01  1.59262E-02  2.07417E-21  7.40700E-05  0.00000E+00  1.0E-07
  1.475E+01  1.64770E-02  1.94069E-21  6.93034E-05  0.00000E+00  1.0E-07
  1.500E+01  1.70371E-02  1.81787E-21  6.49173E-05  0.00000E+00  1.0E-07
  1.525E+01  1.76063E-02  1.70470E-21  6.08759E-05  0.00000E+00  1.0E-07
  1.550E+01  1.81848E-02  1.60028E-21  5.71469E-05  0.00000E+00  1.0E-07
  1.575E+01  1.87724E-02  1.50380E-21  5.37017E-05  0.00000E+00  1.0E-07
  1.600E+01  1.93692E-02  1.41455E-21  5.05145E-05  0.00000E+00  1.0E-07
  1.625E+01  1.99751E-02  1.33188E-21  4.75625E-05  0.00000E+00  1.0E-07
  1.650E+01  2.05901E-02  1.25523E-21  4.48250E-05  0.00000E+00  1.0E-07
  1.675E+01  2.12143E-02  1.18406E-21  4.22835E-05  0.00000E+00  1.0E-07
  1.700E+01  2.18476E-02  1.11791E-21  3.99213E-05  0.00000E+00  1.0E-07
  1.725E+01  2.24900E-02  1.05636E-21  3.77233E-05  0.00000E+00  1.0E-07
  1.750E+01  2.31415E-02  9.99030E-22  3.56760E-05  0.00000E+00  1.0E-07
  1.775E+01  2.38021E-02  9.45576E-22  3.37671E-05  0.00000E+00  1.0E-07
  1.800E+01  2.44717E-02  8.95683E-22  3.19854E-05  0.00000E+00  1.0E-07
  1.825E+01  2.51504E-02  8.49071E-22  3.03209E-05  0.00000E+00  1.0E-07
  1.850E+01  2.58382E-02  8.05483E-22  2.87643E-05  0.00000E+00  1.0E-07
  1.875E+01  2.65349E-02  7.64685E-22  2.73074E-05  0.00000E+00  1.0E-07
  1.900E+01  2.72407E-02  7.26463E-22  2.59425E-05  0.00000E+00  1.0E-07
  1.925E+01  2.79555E-02  6.90624E-22  2.46626E-05  0.00000E+00  1.0E-07
  1.950E+01  2.86793E-02  6.56991E-22  2.34616E-05  0.00000E+00  1.0E-07
  1.975E+01  2.94120E-02  6.25401E-22  2.23335E-05  0.00000E+00  1.0E-07
  2.000E+01  3.01537E-02  5.95708E-22  2.12731E-05  0.00000E+00  1.0E-07
  2.025E+01  3.09043E-02  5.67774E-22  2.02756E-05  0.00000E+00  1.0E-07
  2.050E+01  3.16639E-02  5.41476E-22  1.93365E-05  0.00000E+00  1.0E-07
  2.075E+01  3.24324E-02  5.16699E-22  1.84517E-05  0.00000E+00  1.0E-07
  2.100E+01  3.32098E-02  4.93338E-22  1.76174E-05  0.00000E+00  1.0E-07
  2.125E+01  3.39961E-02  4.71297E-22  1.68303E-05  0.00000E+00  1.0E-07
  2.150E+01  3.47912E-02  4.50486E-22  1.60872E-05  0.00000E+00  1.0E-07
  2.175E+01  3.55952E-02  4.30824E-22  1.53850E-05  0.00000E+00  1.0E-07
  2.200E+01  3.64081E-02  4.12234E-22  1.47212E-05  0.00000E+00  1.0E-07
  2.225E+01  3.72297E-02  3.94647E-22  1.40931E-05  0.00000E+00  1.0E-07
  2.250E+01  3.80602E-02  3.77998E-22  1.34986E-05  0.00000E+00  1.0E-07
  2.275E+01  3.88995E-02  3.62228E-22  1.29354E-05  0.00000E+00  1.0E-07
  2.300E+01  3.97476E-02  3.47280E-22  1.24016E-05  0.00000E+00  1.0E-07
  2.325E+01  4.06044E-02  3.33104E-22  1.18954E-05  0.00000E+00  1.0E-07
  2.350E+01  4.14700E-02  3.19651E-22  1.14150E-05  0.00000E+00  1.0E-07
  2.375E+01  4.23443E-02  3.06879E-22  1.09588E-05  0.00000E+00  1.0E-07
  2.400E+01  4.32273E-02  2.94745E-22  1.05255E-05  0.00000E+00  1.0E-07
  2.425E+01  4.41190E-02  2.83211E-22  1.01137E-05  0.00000E+00  1.0E-07
  2.450E+01  4.50194E-02  2.72242E-22  9.72195E-06  0.00000E+00  1.0E-07
  2.475E+01  4.59284E-02  2.61805E-22  9.34924E-06  0.00000E+00  1.0E-07
  2.500E+01  4.68461E-02  2.51869E-22  8.99440E-06  0.00000E+00  1.0E-07
  2.550E+01  4.87074E-02  2.33386E-22  8.33436E-06  0.00000E+00  1.0E-07
  2.600E+01  5.06030E-02  2.16585E-22  7.73438E-06  0.00000E+00  1.0E-07
  2.650E+01  5.25328E-02  2.01284E-22  7.18799E-06  0.00000E+00  1.0E-07
  2.700E+01  5.44967E-02  1.87325E-22  6.68950E-06  0.00000E+00  1.0E-07
  2.750E+01  5.64946E-02  1.74567E-22  6.23392E-06  0.00000E+00  1.0E-07
  2.800E+01  5.85262E-02  1.62889E-22  5.81686E-06  0.00000E+00  1.0E-07
  2.850E+01  6.05914E-02  1.52180E-22  5.43445E-06  0.00000E+00  1.0E-07
  2.900E+01  6.26901E-02  1.42346E-22  5.08326E-06  0.00000E+00  1.0E-07
  2.950E+01  6.48222E-02  1.33301E-22  4.76027E-06  0.00000E+00  1.0E-07
  3.000E+01  6.69873E-02  1.24971E-22  4.46278E-06  0.00000E+00  1.0E-07
  3.050E+01  6.91854E-02  1.17287E-22  4.18839E-06  0.00000E+00  1.0E-07
  3.100E+01  7.14163E-02  1.10190E-22  3.93496E-06  0.00000E+00  1.0E-07
  3.150E+01  7.36799E-02  1.03627E-22  3.70060E-06  0.00000E+00  1.0E-07
  3.200E+01  7.59760E-02  9.75502E-23  3.48358E-06  0.00000E+00  1.0E-07
  3.250E+01  7.83043E-02  9.19161E-23  3.28238E-06  0.00000E+00  1.0E-07
  3.300E+01  8.06647E-02  8.66864E-23  3.09563E-06  0.00000E+00  1.0E-07
  3.350E+01  8.30571E-02  8.18266E-23  2.92208E-06  0.00000E+00  1.0E-07
  3.400E+01  8.54812E-02  7.73054E-23  2.76063E-06  0.00000E+00  1.0E-07
  3.450E+01  8.79369E-02  7.30948E-23  2.61026E-06  0.00000E+00  1.0E-07
  3.500E+01  9.04240E-02  6.91692E-23  2.47008E-06  0.00000E+00  1.0E-07
  3.550E+01  9.29422E-02  6.55056E-23  2.33925E-06  0.00000E+00  1.0E-07
  3.600E+01  9.54915E-02  6.20831E-23  2.21703E-06  0.00000E+00  1.0E-07
  3.650E+01  9.80716E-02  5.88829E-23  2.10275E-06  0.00000E+00  1.0E-07
  3.700E+01  1.00682E-01  5.58876E-23  1.99578E-06  0.00000E+00  1.0E-07
  3.750E+01  1.03323E-01  5.30816E-23  1.89558E-06  0.00000E+00  1.0E-07
  3.800E+01  1.05995E-01  5.04505E-23  1.80162E-06  0.00000E+00  1.0E-07
  3.850E+01  1.08696E-01  4.79814E-23  1.71345E-06  0.00000E+00  1.0E-07
  3.900E+01  1.11427E-01  4.56623E-23  1.63063E-06  0.00000E+00  1.0E-07
  3.950E+01  1.14188E-01  4.34824E-23  1.55278E-06  0.00000E+00  1.0E-07
  4.000E+01  1.16978E-01  4.14316E-23  1.47955E-06  0.00000E+00  1.0E-07
  4.050E+01  1.19797E-01  3.95008E-23  1.41060E-06  0.00000E+00  1.0E-07
  4.100E+01  1.22645E-01  3.76817E-23  1.34564E-06  0.00000E+00  1.0E-07
  4.150E+01  1.25522E-01  3.59664E-23  1.28438E-06  0.00000E+00  1.0E-07
  4.200E+01  1.28428E-01  3.43479E-23  1.22659E-06  0.00000E+00  1.0E-07
  4.250E+01  1.31361E-01  3.28197E-23  1.17201E-06  0.00000E+00  1.0E-07
  4.300E+01  1.34323E-01  3.13757E-23  1.12045E-06  0.00000E+00  1.0E-07
  4.350E+01  1.37313E-01  3.00104E-23  1.07169E-06  0.00000E+00  1.0E-07
  4.400E+01  1.40330E-01  2.87187E-23  1.02556E-06  0.00000E+00  1.0E-07
  4.450E+01  1.43375E-01  2.74957E-23  9.81890E-07  0.00000E+00  1.0E-07
  4.500E+01  1.46447E-01  2.63372E-23  9.40519E-07  0.00000E+00  1.0E-07
  4.550E+01  1.49545E-01  2.52391E-23  9.01304E-07  0.00000E+00  1.0E-07
  4.600E+01  1.52671E-01  2.41976E-23  8.64110E-07  0.00000E+00  1.0E-07
  4.650E+01  1.55823E-01  2.32091E-23  8.28812E-07  0.00000E+00  1.0E-07
  4.700E+01  1.59001E-01  2.22706E-23  7.95297E-07  0.00000E+00  1.0E-07
  4.750E+01  1.62205E-01  2.13788E-23  7.63452E-07  0.00000E+00  1.0E-07
  4.800E+01  1.65435E-01  2.05312E-23  7.33181E-07  0.00000E+00  1.0E-07
  4.850E+01  1.68690E-01  1.97250E-23  7.04391E-07  0.00000E+00  1.0E-07
  4.900E+01  1.71970E-01  1.89577E-23  6.76993E-07  0.00000E+00  1.0E-07
  4.950E+01  1.75276E-01  1.82273E-23  6.50909E-07  0.00000E+00  1.0E-07
  5.000E+01  1.78606E-01  1.75315E-23  6.26063E-07  0.00000E+00  1.0E-07
  5.050E+01  1.81961E-01  1.68684E-23  6.02383E-07  0.00000E+00  1.0E-07
  5.100E+01  1.85340E-01  1.62362E-23  5.79805E-07  0.00000E+00  1.0E-07
  5.150E+01  1.88743E-01  1.56331E-23  5.58268E-07  0.00000E+00  1.0E-07
  5.200E+01  1.92169E-01  1.50575E-23  5.37713E-07  0.00000E+00  1.0E-07
  5.250E+01  1.95619E-01  1.45079E-23  5.18087E-07  0.00000E+00  1.0E-07
  5.300E+01  1.99092E-01  1.39829E-23  4.99340E-07  0.00000E+00  1.0E-07
  5.350E+01  2.02589E-01  1.34812E-23  4.81424E-07  0.00000E+00  1.0E-07
  5.400E+01  2.06107E-01  1.30016E-23  4.64296E-07  0.00000E+00  1.0E-07
  5.450E+01  2.09649E-01  1.25429E-23  4.47914E-07  0.00000E+00  1.0E-07
  5.500E+01  2.13212E-01  1.21040E-23  4.32240E-07  0.00000E+00  1.0E-07
  5.550E+01  2.16797E-01  1.16838E-23  4.17237E-07  0.00000E+00  1.0E-07
  5.600E+01  2.20404E-01  1.12815E-23  4.02869E-07  0.00000E+00  1.0E-07
  5.650E+01  2.24032E-01  1.08961E-23  3.89106E-07  0.00000E+00  1.0E-07
  5.700E+01  2.27680E-01  1.05267E-23  3.75916E-07  0.00000E+00  1.0E-07
  5.750E+01  2.31350E-01  1.01726E-23  3.63271E-07  0.00000E+00  1.0E-07
  5.800E+01  2.35040E-01  9.83303E-24  3.51144E-07  0.00000E+00  1.0E-07
  5.850E+01  2.38751E-01  9.50724E-24  3.39510E-07  0.00000E+00  1.0E-07
  5.900E+01  2.42481E-01  9.19457E-24  3.28344E-07  0.00000E+00  1.0E-07
  5.950E+01  2.46231E-01  8.89441E-24  3.17625E-07  0.00000E+00  1.0E-07
  6.000E+01  2.50000E-01  8.60614E-24  3.07331E-07  0.00000E+00  1.0E-07
  6.050E+01  2.53788E-01  8.32920E-24  2.97441E-07  0.00000E+00  1.0E-07
  6.100E+01  2.57595E-01  8.06306E-24  2.87937E-07  0.00000E+00  1.0E-07
  6.150E+01  2.61421E-01  7.80721E-24  2.78801E-07  0.00000E+00  1.0E-07
  6.200E+01  2.65264E-01  7.56118E-24  2.70015E-07  0.00000E+00  1.0E-07
  6.250E+01  2.69126E-01  7.32452E-24  2.61563E-07  0.00000E+00  1.0E-07
  6.300E+01  2.73005E-01  7.09680E-24  2.53431E-07  0.00000E+00  1.0E-07
  6.350E+01  2.76901E-01  6.87761E-24  2.45604E-07  0.00000E+00  1.0E-07
  6.400E+01  2.80814E-01  6.66659E-24  2.38068E-07  0.00000E+00  1.0E-07
  6.450E+01  2.84744E-01  6.46336E-24  2.30811E-07  0.00000E+00  1.0E-07
  6.500E+01  2.88691E-01  6.26758E-24  2.23819E-07  0.00000E+00  1.0E-07
  6.550E+01  2.92653E-01  6.07892E-24  2.17082E-07  0.00000E+00  1.0E-07
  6.600E+01  2.96632E-01  5.89708E-24  2.10588E-07  0.00000E+00  1.0E-07
  6.650E+01  3.00625E-01  5.72175E-24  2.04327E-07  0.00000E+00  1.0E-07
  6.700E+01  3.04634E-01  5.55266E-24  1.98289E-07  0.00000E+00  1.0E-07
  6.750E+01  3.08658E-01  5.38955E-24  1.92464E-07  0.00000E+00  1.0E-07
  6.800E+01  3.12697E-01  5.23216E-24  1.86844E-07  0.00000E+00  1.0E-07
  6.850E+01  3.16749E-01  5.08025E-24  1.81419E-07  0.00000E+00  1.0E-07
  6.900E+01  3.20816E-01  4.93359E-24  1.76182E-07  0.00000E+00  1.0E-07
  6.950E+01  3.24896E-01  4.79198E-24  1.71125E-07  0.00000E+00  1.0E-07
  7.000E+01  3.28990E-01  4.65520E-24  1.66240E-07  0.00000E+00  1.0E-07
  7.050E+01  3.33097E-01  4.52306E-24  1.61521E-07  0.00000E+00  1.0E-07
  7.100E+01  3.37216E-01  4.39536E-24  1.56961E-07  0.00000E+00  1.0E-07
  7.150E+01  3.41348E-01  4.27194E-24  1.52554E-07  0.00000E+00  1.0E-07
  7.200E+01  3.45492E-01  4.15261E-24  1.48292E-07  0.00000E+00  1.0E-07
  7.250E+01  3.49647E-01  4.03721E-24  1.44171E-07  0.00000E+00  1.0E-07
  7.300E+01  3.53814E-01  3.92560E-24  1.40186E-07  0.00000E+00  1.0E-07
  7.350E+01  3.57992E-01  3.81762E-24  1.36330E-07  0.00000E+00  1.0E-07
  7.400E+01  3.62181E-01  3.71313E-24  1.32598E-07  0.00000E+00  1.0E-07
  7.450E+01  3.66381E-01  3.61201E-24  1.28987E-07  0.00000E+00  1.0E-07
  7.500E+01  3.70590E-01  3.51412E-24  1.25491E-07  0.00000E+00  1.0E-07
  7.550E+01  3.74810E-01  3.41933E-24  1.22107E-07  0.00000E+00  1.0E-07
  7.600E+01  3.79039E-01  3.32754E-24  1.18828E-07  0.00000E+00  1.0E-07
  7.650E+01  3.83277E-01  3.23862E-24  1.15653E-07  0.00000E+00  1.0E-07
  7.700E+01  3.87524E-01  3.15247E-24  1.12577E-07  0.00000E+00  1.0E-07
  7.750E+01  3.91780E-01  3.06899E-24  1.09596E-07  0.00000E+00  1.0E-07
  7.800E+01  3.96044E-01  2.98807E-24  1.06706E-07  0.00000E+00  1.0E-07
  7.850E+01  4.00316E-01  2.90964E-24  1.03905E-07  0.00000E+00  1.0E-07
  7.900E+01  4.04596E-01  2.83358E-24  1.01189E-07  0.00000E+00  1.0E-07
  7.950E+01  4.08882E-01  2.75983E-24  9.85554E-08  0.00000E+00  1.0E-07
  8.000E+01  4.13176E-01  2.68830E-24  9.60009E-08  0.00000E+00  1.0E-07
  8.050E+01  4.17476E-01  2.61890E-24  9.35228E-08  0.00000E+00  1.0E-07
  8.100E+01  4.21783E-01  2.55157E-24  9.11183E-08  0.00000E+00  1.0E-07
  8.150E+01  4.26095E-01  2.48623E-24  8.87848E-08  0.00000E+00  1.0E-07
  8.200E+01  4.30413E-01  2.42280E-24  8.65199E-08  0.00000E+00  1.0E-07
  8.250E+01  4.34737E-01  2.36123E-24  8.43210E-08  0.00000E+00  1.0E-07
  8.300E+01  4.39065E-01  2.30144E-24  8.21860E-08  0.00000E+00  1.0E-07
  8.350E+01  4.43398E-01  2.24338E-24  8.01127E-08  0.00000E+00  1.0E-07
  8.400E+01  4.47736E-01  2.18699E-24  7.80989E-08  0.00000E+00  1.0E-07
  8.450E+01  4.52077E-01  2.13221E-24  7.61427E-08  0.00000E+00  1.0E-07
  8.500E+01  4.56422E-01  2.07899E-24  7.42420E-08  0.00000E+00  1.0E-07
  8.550E+01  4.60770E-01  2.02727E-24  7.23952E-08  0.00000E+00  1.0E-07
  8.600E+01  4.65122E-01  1.97701E-24  7.06002E-08  0.00000E+00  1.0E-07
  8.650E+01  4.69476E-01  1.92815E-24  6.88555E-08  0.00000E+00  1.0E-07
  8.700E+01  4.73832E-01  1.88065E-24  6.71593E-08  0.00000E+00  1.0E-07
  8.750E+01  4.78190E-01  1.83447E-24  6.55101E-08  0.00000E+00  1.0E-07
  8.800E+01  4.82550E-01  1.78956E-24  6.39062E-08  0.00000E+00  1.0E-07
  8.850E+01  4.86912E-01  1.74587E-24  6.23462E-08  0.00000E+00  1.0E-07
  8.900E+01  4.91274E-01  1.70338E-24  6.08287E-08  0.00000E+00  1.0E-07
  8.950E+01  4.95637E-01  1.66203E-24  5.93523E-08  0.00000E+00  1.0E-07
  9.000E+01  5.00000E-01  1.62181E-24  5.79158E-08  0.00000E+00  1.0E-07
  9.050E+01  5.04363E-01  1.58266E-24  5.65179E-08  0.00000E+00  1.0E-07
  9.100E+01  5.08726E-01  1.54456E-24  5.51573E-08  0.00000E+00  1.0E-07
  9.150E+01  5.13088E-01  1.50748E-24  5.38330E-08  0.00000E+00  1.0E-07
  9.200E+01  5.17450E-01  1.47137E-24  5.25437E-08  0.00000E+00  1.0E-07
  9.250E+01  5.21810E-01  1.43622E-24  5.12883E-08  0.00000E+00  1.0E-07
  9.300E+01  5.26168E-01  1.40199E-24  5.00658E-08  0.00000E+00  1.0E-07
  9.350E+01  5.30524E-01  1.36864E-24  4.88752E-08  0.00000E+00  1.0E-07
  9.400E+01  5.34878E-01  1.33617E-24  4.77154E-08  0.00000E+00  1.0E-07
  9.450E+01  5.39230E-01  1.30453E-24  4.65856E-08  0.00000E+00  1.0E-07
  9.500E+01  5.43578E-01  1.27370E-24  4.54848E-08  0.00000E+00  1.0E-07
  9.550E+01  5.47923E-01  1.24367E-24  4.44122E-08  0.00000E+00  1.0E-07
  9.600E+01  5.52264E-01  1.21440E-24  4.33670E-08  0.00000E+00  1.0E-07
  9.650E+01  5.56602E-01  1.18587E-24  4.23483E-08  0.00000E+00  1.0E-07
  9.700E+01  5.60935E-01  1.15807E-24  4.13554E-08  0.00000E+00  1.0E-07
  9.750E+01  5.65263E-01  1.13097E-24  4.03875E-08  0.00000E+00  1.0E-07
  9.800E+01  5.69587E-01  1.10454E-24  3.94439E-08  0.00000E+00  1.0E-07
  9.850E+01  5.73905E-01  1.07877E-24  3.85237E-08  0.00000E+00  1.0E-07
  9.900E+01  5.78217E-01  1.05365E-24  3.76264E-08  0.00000E+00  1.0E-07
  9.950E+01  5.82524E-01  1.02914E-24  3.67511E-08  0.00000E+00  1.0E-07
  1.000E+02  5.86824E-01  1.00523E-24  3.58974E-08  0.00000E+00  1.0E-07
  1.005E+02  5.91118E-01  9.81908E-25  3.50646E-08  0.00000E+00  1.0E-07
  1.010E+02  5.95404E-01  9.59156E-25  3.42521E-08  0.00000E+00  1.0E-07
  1.015E+02  5.99684E-01  9.36962E-25  3.34595E-08  0.00000E+00  1.0E-07
  1.020E+02  6.03956E-01  9.15305E-25  3.26862E-08  0.00000E+00  1.0E-07
  1.025E+02  6.08220E-01  8.94172E-25  3.19315E-08  0.00000E+00  1.0E-07
  1.030E+02  6.12476E-01  8.73545E-25  3.11949E-08  0.00000E+00  1.0E-07
  1.035E+02  6.16723E-01  8.53411E-25  3.04759E-08  0.00000E+00  1.0E-07
  1.040E+02  6.20961E-01  8.33755E-25  2.97739E-08  0.00000E+00  1.0E-07
  1.045E+02  6.25190E-01  8.14566E-25  2.90887E-08  0.00000E+00  1.0E-07
  1.050E+02  6.29410E-01  7.95830E-25  2.84196E-08  0.00000E+00  1.0E-07
  1.055E+02  6.33619E-01  7.77536E-25  2.77663E-08  0.00000E+00  1.0E-07
  1.060E+02  6.37819E-01  7.59672E-25  2.71284E-08  0.00000E+00  1.0E-07
  1.065E+02  6.42008E-01  7.42226E-25  2.65054E-08  0.00000E+00  1.0E-07
  1.070E+02  6.46186E-01  7.25188E-25  2.58969E-08  0.00000E+00  1.0E-07
  1.075E+02  6.50353E-01  7.08545E-25  2.53026E-08  0.00000E+00  1.0E-07
  1.080E+02  6.54508E-01  6.92288E-25  2.47220E-08  0.00000E+00  1.0E-07
  1.085E+02  6.58652E-01  6.76405E-25  2.41549E-08  0.00000E+00  1.0E-07
  1.090E+02  6.62784E-01  6.60887E-25  2.36007E-08  0.00000E+00  1.0E-07
  1.095E+02  6.66903E-01  6.45724E-25  2.30592E-08  0.00000E+00  1.0E-07
  1.100E+02  6.71010E-01  6.30908E-25  2.25301E-08  0.00000E+00  1.0E-07
  1.105E+02  6.75104E-01  6.16428E-25  2.20130E-08  0.00000E+00  1.0E-07
  1.110E+02  6.79184E-01  6.02276E-25  2.15077E-08  0.00000E+00  1.0E-07
  1.115E+02  6.83251E-01  5.88444E-25  2.10137E-08  0.00000E+00  1.0E-07
  1.120E+02  6.87303E-01  5.74924E-25  2.05309E-08  0.00000E+00  1.0E-07
  1.125E+02  6.91342E-01  5.61708E-25  2.00590E-08  0.00000E+00  1.0E-07
  1.130E+02  6.95366E-01  5.48788E-25  1.95976E-08  0.00000E+00  1.0E-07
  1.135E+02  6.99375E-01  5.36156E-25  1.91465E-08  0.00000E+00  1.0E-07
  1.140E+02  7.03368E-01  5.23806E-25  1.87054E-08  0.00000E+00  1.0E-07
  1.145E+02  7.07347E-01  5.11730E-25  1.82742E-08  0.00000E+00  1.0E-07
  1.150E+02  7.11309E-01  4.99921E-25  1.78525E-08  0.00000E+00  1.0E-07
  1.155E+02  7.15256E-01  4.88372E-25  1.74401E-08  0.00000E+00  1.0E-07
  1.160E+02  7.19186E-01  4.77078E-25  1.70367E-08  0.00000E+00  1.0E-07
  1.165E+02  7.23099E-01  4.66031E-25  1.66423E-08  0.00000E+00  1.0E-07
  1.170E+02  7.26995E-01  4.55226E-25  1.62564E-08  0.00000E+00  1.0E-07
  1.175E+02  7.30874E-01  4.44656E-25  1.58790E-08  0.00000E+00  1.0E-07
  1.180E+02  7.34736E-01  4.34317E-25  1.55098E-08  0.00000E+00  1.0E-07
  1.185E+02  7.38579E-01  4.24203E-25  1.51486E-08  0.00000E+00  1.0E-07
  1.190E+02  7.42405E-01  4.14308E-25  1.47952E-08  0.00000E+00  1.0E-07
  1.195E+02  7.46212E-01  4.04626E-25  1.44495E-08  0.00000E+00  1.0E-07
  1.200E+02  7.50000E-01  3.95154E-25  1.41112E-08  0.00000E+00  1.0E-07
  1.205E+02  7.53769E-01  3.85885E-25  1.37802E-08  0.00000E+00  1.0E-07
  1.210E+02  7.57519E-01  3.76815E-25  1.34563E-08  0.00000E+00  1.0E-07
  1.215E+02  7.61249E-01  3.67940E-25  1.31394E-08  0.00000E+00  1.0E-07
  1.220E+02  7.64960E-01  3.59255E-25  1.28292E-08  0.00000E+00  1.0E-07
  1.225E+02  7.68650E-01  3.50755E-25  1.25257E-08  0.00000E+00  1.0E-07
  1.230E+02  7.72320E-01  3.42435E-25  1.22286E-08  0.00000E+00  1.0E-07
  1.235E+02  7.75968E-01  3.34293E-25  1.19378E-08  0.00000E+00  1.0E-07
  1.240E+02  7.79596E-01  3.26323E-25  1.16532E-08  0.00000E+00  1.0E-07
  1.245E+02  7.83203E-01  3.18523E-25  1.13746E-08  0.00000E+00  1.0E-07
  1.250E+02  7.86788E-01  3.10887E-25  1.11020E-08  0.00000E+00  1.0E-07
  1.255E+02  7.90351E-01  3.03412E-25  1.08350E-08  0.00000E+00  1.0E-07
  1.260E+02  7.93893E-01  2.96095E-25  1.05737E-08  0.00000E+00  1.0E-07
  1.265E+02  7.97411E-01  2.88932E-25  1.03180E-08  0.00000E+00  1.0E-07
  1.270E+02  8.00908E-01  2.81920E-25  1.00675E-08  0.00000E+00  1.0E-07
  1.275E+02  8.04381E-01  2.75055E-25  9.82240E-09  0.00000E+00  1.0E-07
  1.280E+02  8.07831E-01  2.68334E-25  9.58239E-09  0.00000E+00  1.0E-07
  1.285E+02  8.11257E-01  2.61754E-25  9.34742E-09  0.00000E+00  1.0E-07
  1.290E+02  8.14660E-01  2.55312E-25  9.11737E-09  0.00000E+00  1.0E-07
  1.295E+02  8.18039E-01  2.49005E-25  8.89213E-09  0.00000E+00  1.0E-07
  1.300E+02  8.21394E-01  2.42830E-25  8.67160E-09  0.00000E+00  1.0E-07
  1.305E+02  8.24724E-01  2.36783E-25  8.45568E-09  0.00000E+00  1.0E-07
  1.310E+02  8.28030E-01  2.30863E-25  8.24426E-09  0.00000E+00  1.0E-07
  1.315E+02  8.31310E-01  2.25066E-25  8.03726E-09  0.00000E+00  1.0E-07
  1.320E+02  8.34565E-01  2.19390E-25  7.83458E-09  0.00000E+00  1.0E-07
  1.325E+02  8.37795E-01  2.13833E-25  7.63612E-09  0.00000E+00  1.0E-07
  1.330E+02  8.40999E-01  2.08392E-25  7.44180E-09  0.00000E+00  1.0E-07
  1.335E+02  8.44177E-01  2.03064E-25  7.25153E-09  0.00000E+00  1.0E-07
  1.340E+02  8.47329E-01  1.97847E-25  7.06524E-09  0.00000E+00  1.0E-07
  1.345E+02  8.50455E-01  1.92739E-25  6.88283E-09  0.00000E+00  1.0E-07
  1.350E+02  8.53553E-01  1.87737E-25  6.70423E-09  0.00000E+00  1.0E-07
  1.355E+02  8.56625E-01  1.82841E-25  6.52935E-09  0.00000E+00  1.0E-07
  1.360E+02  8.59670E-01  1.78046E-25  6.35814E-09  0.00000E+00  1.0E-07
  1.365E+02  8.62687E-01  1.73352E-25  6.19050E-09  0.00000E+00  1.0E-07
  1.370E+02  8.65677E-01  1.68756E-25  6.02638E-09  0.00000E+00  1.0E-07
  1.375E+02  8.68639E-01  1.64256E-25  5.86569E-09  0.00000E+00  1.0E-07
  1.380E+02  8.71572E-01  1.59851E-25  5.70837E-09  0.00000E+00  1.0E-07
  1.385E+02  8.74478E-01  1.55538E-25  5.55436E-09  0.00000E+00  1.0E-07
  1.390E+02  8.77355E-01  1.51316E-25  5.40359E-09  0.00000E+00  1.0E-07
  1.395E+02  8.80203E-01  1.47183E-25  5.25599E-09  0.00000E+00  1.0E-07
  1.400E+02  8.83022E-01  1.43137E-25  5.11151E-09  0.00000E+00  1.0E-07
  1.405E+02  8.85812E-01  1.39177E-25  4.97009E-09  0.00000E+00  1.0E-07
  1.410E+02  8.88573E-01  1.35300E-25  4.83167E-09  0.00000E+00  1.0E-07
  1.415E+02  8.91304E-01  1.31507E-25  4.69618E-09  0.00000E+00  1.0E-07
  1.420E+02  8.94005E-01  1.27793E-25  4.56359E-09  0.00000E+00  1.0E-07
  1.425E+02  8.96677E-01  1.24160E-25  4.43382E-09  0.00000E+00  1.0E-07
  1.430E+02  8.99318E-01  1.20604E-25  4.30684E-09  0.00000E+00  1.0E-07
  1.435E+02  9.01928E-01  1.17124E-25  4.18259E-09  0.00000E+00  1.0E-07
  1.440E+02  9.04508E-01  1.13720E-25  4.06102E-09  0.00000E+00  1.0E-07
  1.445E+02  9.07058E-01  1.10389E-25  3.94208E-09  0.00000E+00  1.0E-07
  1.450E+02  9.09576E-01  1.07131E-25  3.82572E-09  0.00000E+00  1.0E-07
  1.455E+02  9.12063E-01  1.03944E-25  3.71191E-09  0.00000E+00  1.0E-07
  1.460E+02  9.14519E-01  1.00827E-25  3.60059E-09  0.00000E+00  1.0E-07
  1.465E+02  9.16943E-01  9.77781E-26  3.49172E-09  0.00000E+00  1.0E-07
  1.470E+02  9.19335E-01  9.47968E-26  3.38526E-09  0.00000E+00  1.0E-07
  1.475E+02  9.21696E-01  9.18819E-26  3.28116E-09  0.00000E+00  1.0E-07
  1.480E+02  9.24024E-01  8.90322E-26  3.17940E-09  0.00000E+00  1.0E-07
  1.485E+02  9.26320E-01  8.62465E-26  3.07992E-09  0.00000E+00  1.0E-07
  1.490E+02  9.28584E-01  8.35238E-26  2.98269E-09  0.00000E+00  1.0E-07
  1.495E+02  9.30815E-01  8.08631E-26  2.88767E-09  0.00000E+00  1.0E-07
  1.500E+02  9.33013E-01  7.82634E-26  2.79484E-09  0.00000E+00  1.0E-07
  1.505E+02  9.35178E-01  7.57237E-26  2.70414E-09  0.00000E+00  1.0E-07
  1.510E+02  9.37310E-01  7.32429E-26  2.61555E-09  0.00000E+00  1.0E-07
  1.515E+02  9.39409E-01  7.08203E-26  2.52904E-09  0.00000E+00  1.0E-07
  1.520E+02  9.41474E-01  6.84549E-26  2.44457E-09  0.00000E+00  1.0E-07
  1.525E+02  9.43505E-01  6.61457E-26  2.36211E-09  0.00000E+00  1.0E-07
  1.530E+02  9.45503E-01  6.38921E-26  2.28163E-09  0.00000E+00  1.0E-07
  1.535E+02  9.47467E-01  6.16930E-26  2.20310E-09  0.00000E+00  1.0E-07
  1.540E+02  9.49397E-01  5.95477E-26  2.12649E-09  0.00000E+00  1.0E-07
  1.545E+02  9.51293E-01  5.74555E-26  2.05177E-09  0.00000E+00  1.0E-07
  1.550E+02  9.53154E-01  5.54155E-26  1.97892E-09  0.00000E+00  1.0E-07
  1.555E+02  9.54981E-01  5.34270E-26  1.90791E-09  0.00000E+00  1.0E-07
  1.560E+02  9.56773E-01  5.14893E-26  1.83872E-09  0.00000E+00  1.0E-07
  1.565E+02  9.58530E-01  4.96017E-26  1.77131E-09  0.00000E+00  1.0E-07
  1.570E+02  9.60252E-01  4.77634E-26  1.70566E-09  0.00000E+00  1.0E-07
  1.575E+02  9.61940E-01  4.59739E-26  1.64176E-09  0.00000E+00  1.0E-07
  1.580E+02  9.63592E-01  4.42325E-26  1.57957E-09  0.00000E+00  1.0E-07
  1.585E+02  9.65209E-01  4.25386E-26  1.51908E-09  0.00000E+00  1.0E-07
  1.590E+02  9.66790E-01  4.08915E-26  1.46026E-09  0.00000E+00  1.0E-07
  1.595E+02  9.68336E-01  3.92907E-26  1.40310E-09  0.00000E+00  1.0E-07
  1.600E+02  9.69846E-01  3.77356E-26  1.34756E-09  0.00000E+00  1.0E-07
  1.605E+02  9.71321E-01  3.62256E-26  1.29364E-09  0.00000E+00  1.0E-07
  1.610E+02  9.72759E-01  3.47603E-26  1.24131E-09  0.00000E+00  1.0E-07
  1.615E+02  9.74162E-01  3.33391E-26  1.19056E-09  0.00000E+00  1.0E-07
  1.620E+02  9.75528E-01  3.19614E-26  1.14136E-09  0.00000E+00  1.0E-07
  1.625E+02  9.76858E-01  3.06269E-26  1.09371E-09  0.00000E+00  1.0E-07
  1.630E+02  9.78152E-01  2.93350E-26  1.04757E-09  0.00000E+00  1.0E-07
  1.635E+02  9.79410E-01  2.80854E-26  1.00295E-09  0.00000E+00  1.0E-07
  1.640E+02  9.80631E-01  2.68775E-26  9.59813E-10  0.00000E+00  1.0E-07
  1.645E+02  9.81815E-01  2.57109E-26  9.18154E-10  0.00000E+00  1.0E-07
  1.650E+02  9.82963E-01  2.45853E-26  8.77958E-10  0.00000E+00  1.0E-07
  1.655E+02  9.84074E-01  2.35003E-26  8.39210E-10  0.00000E+00  1.0E-07
  1.660E+02  9.85148E-01  2.24554E-26  8.01896E-10  0.00000E+00  1.0E-07
  1.665E+02  9.86185E-01  2.14503E-26  7.66004E-10  0.00000E+00  1.0E-07
  1.670E+02  9.87185E-01  2.04847E-26  7.31522E-10  0.00000E+00  1.0E-07
  1.675E+02  9.88148E-01  1.95582E-26  6.98437E-10  0.00000E+00  1.0E-07
  1.680E+02  9.89074E-01  1.86706E-26  6.66738E-10  0.00000E+00  1.0E-07
  1.685E+02  9.89962E-01  1.78214E-26  6.36414E-10  0.00000E+00  1.0E-07
  1.690E+02  9.90814E-01  1.70105E-26  6.07456E-10  0.00000E+00  1.0E-07
  1.695E+02  9.91627E-01  1.62375E-26  5.79852E-10  0.00000E+00  1.0E-07
  1.700E+02  9.92404E-01  1.55022E-26  5.53595E-10  0.00000E+00  1.0E-07
  1.705E+02  9.93143E-01  1.48044E-26  5.28674E-10  0.00000E+00  1.0E-07
  1.710E+02  9.93844E-01  1.41437E-26  5.05081E-10  0.00000E+00  1.0E-07
  1.715E+02  9.94508E-01  1.35200E-26  4.82808E-10  0.00000E+00  1.0E-07
  1.720E+02  9.95134E-01  1.29331E-26  4.61848E-10  0.00000E+00  1.0E-07
  1.725E+02  9.95722E-01  1.23827E-26  4.42193E-10  0.00000E+00  1.0E-07
  1.730E+02  9.96273E-01  1.18687E-26  4.23838E-10  0.00000E+00  1.0E-07
  1.735E+02  9.96786E-01  1.13909E-26  4.06775E-10  0.00000E+00  1.0E-07
  1.740E+02  9.97261E-01  1.09491E-26  3.90999E-10  0.00000E+00  1.0E-07
  1.745E+02  9.97698E-01  1.05432E-26  3.76504E-10  0.00000E+00  1.0E-07
  1.750E+02  9.98097E-01  1.01731E-26  3.63286E-10  0.00000E+00  1.0E-07
  1.755E+02  9.98459E-01  9.83854E-27  3.51341E-10  0.00000E+00  1.0E-07
  1.760E+02  9.98782E-01  9.53954E-27  3.40663E-10  0.00000E+00  1.0E-07
  1.765E+02  9.99067E-01  9.27596E-27  3.31250E-10  0.00000E+00  1.0E-07
  1.770E+02  9.99315E-01  9.04769E-27  3.23099E-10  0.00000E+00  1.0E-07
  1.775E+02  9.99524E-01  8.85468E-27  3.16206E-10  0.00000E+00  1.0E-07
  1.780E+02  9.99695E-01  8.69685E-27  3.10570E-10  0.00000E+00  1.0E-07
  1.785E+02  9.99829E-01  8.57414E-27  3.06188E-10  0.00000E+00  1.0E-07
  1.790E+02  9.99924E-01  8.48653E-27  3.03059E-10  0.00000E+00  1.0E-07
  1.795E+02  9.99981E-01  8.43397E-27  3.01182E-10  0.00000E+00  1.0E-07
  1.800E+02  1.00000E+00  8.41645E-27  3.00557E-10  0.00000E+00  1.0E-07
