 #
 # Subroutine ELSEPA. Elastic scattering of electrons and positrons
 #                    by neutral atoms and positive ions
 #
 # Projectile: electron
 # Kinetic energy = 3.70000E+06 eV = 1.35973E+05 a.u.
 #
 # WARNING: High-energy factorization with free-atom DF screening.
 #          Absorption, polarization and exchange corrections are
 #          switched off.
 #          Phase shifts are calculated for the bare nucleus.
 #          Scattering amplitudes are not evaluated.
 #
 # Element: Ag,  Z =  47,  atomic weight = 1.07868E+02 g/mol
 #
 # Nuclear model: Fermi distribution
 #                Average radius = 5.09348E-13 cm
 #                Skin thickness = 5.46000E-14 cm
 #
 # Number of electrons = 47
 #
 # Total elastic cross section = 4.34731E-18 cm**2 = 1.55245E-01 a0**2
 # 1st transport cross section = 1.94045E-22 cm**2 = 6.92947E-06 a0**2
 # 2nd transport cross section = 5.40282E-22 cm**2 = 1.92938E-05 a0**2
 #
 #
 # Differential cross section:                       MU=(1-COS(THETA))/2
 #
 #  THETA        MU          DCS          DCS        Sherman      error
 #  (deg)                 (cm**2/sr)   (a0**2/sr)    function
 #----------------------------------------------------------------------
  0.000E+00  0.00000E+00  4.94070E-13  1.76436E+04  0.00000E+00  1.0E-05
  1.000E-04  7.61557E-13  4.94069E-13  1.76435E+04  0.00000E+00  1.0E-05
  1.250E-04  1.18994E-12  4.94068E-13  1.76435E+04  0.00000E+00  1.0E-05
  1.500E-04  1.71346E-12  4.94066E-13  1.76434E+04  0.00000E+00  1.0E-05
  1.750E-04  2.33225E-12  4.94065E-13  1.76434E+04  0.00000E+00  1.0E-05
  2.000E-04  3.04617E-12  4.94063E-13  1.76433E+04  0.00000E+00  1.0E-05
  2.250E-04  3.85530E-12  4.94061E-13  1.76432E+04  0.00000E+00  1.0E-05
  2.500E-04  4.75964E-12  4.94059E-13  1.76432E+04  0.00000E+00  1.0E-05
  2.750E-04  5.75917E-12  4.94057E-13  1.76431E+04  0.00000E+00  1.0E-05
  3.000E-04  6.85391E-12  4.94054E-13  1.76430E+04  0.00000E+00  1.0E-05
  3.250E-04  8.04379E-12  4.94051E-13  1.76429E+04  0.00000E+00  1.0E-05
  3.500E-04  9.32893E-12  4.94048E-13  1.76428E+04  0.00000E+00  1.0E-05
  3.750E-04  1.07092E-11  4.94045E-13  1.76427E+04  0.00000E+00  1.0E-05
  4.000E-04  1.21847E-11  4.94041E-13  1.76425E+04  0.00000E+00  1.0E-05
  4.250E-04  1.37554E-11  4.94037E-13  1.76424E+04  0.00000E+00  1.0E-05
  4.500E-04  1.54213E-11  4.94033E-13  1.76423E+04  0.00000E+00  1.0E-05
  4.750E-04  1.71823E-11  4.94029E-13  1.76421E+04  0.00000E+00  1.0E-05
  5.000E-04  1.90386E-11  4.94025E-13  1.76419E+04  0.00000E+00  1.0E-05
  5.250E-04  2.09900E-11  4.94020E-13  1.76418E+04  0.00000E+00  1.0E-05
  5.500E-04  2.30367E-11  4.94015E-13  1.76416E+04  0.00000E+00  1.0E-05
  5.750E-04  2.51785E-11  4.94010E-13  1.76414E+04  0.00000E+00  1.0E-05
  6.000E-04  2.74156E-11  4.94004E-13  1.76412E+04  0.00000E+00  1.0E-05
  6.250E-04  2.97478E-11  4.93999E-13  1.76410E+04  0.00000E+00  1.0E-05
  6.500E-04  3.21752E-11  4.93993E-13  1.76408E+04  0.00000E+00  1.0E-05
  6.750E-04  3.46979E-11  4.93987E-13  1.76406E+04  0.00000E+00  1.0E-05
  7.000E-04  3.73157E-11  4.93981E-13  1.76404E+04  0.00000E+00  1.0E-05
  7.250E-04  4.00286E-11  4.93974E-13  1.76401E+04  0.00000E+00  1.0E-05
  7.500E-04  4.28368E-11  4.93967E-13  1.76399E+04  0.00000E+00  1.0E-05
  7.750E-04  4.57402E-11  4.93960E-13  1.76396E+04  0.00000E+00  1.0E-05
  8.000E-04  4.87388E-11  4.93953E-13  1.76394E+04  0.00000E+00  1.0E-05
  8.250E-04  5.18325E-11  4.93945E-13  1.76391E+04  0.00000E+00  1.0E-05
  8.500E-04  5.50215E-11  4.93938E-13  1.76388E+04  0.00000E+00  1.0E-05
  8.750E-04  5.83057E-11  4.93930E-13  1.76386E+04  0.00000E+00  1.0E-05
  9.000E-04  6.16850E-11  4.93922E-13  1.76383E+04  0.00000E+00  1.0E-05
  9.250E-04  6.51595E-11  4.93913E-13  1.76380E+04  0.00000E+00  1.0E-05
  9.500E-04  6.87293E-11  4.93905E-13  1.76377E+04  0.00000E+00  1.0E-05
  9.750E-04  7.23943E-11  4.93896E-13  1.76373E+04  0.00000E+00  1.0E-05
  1.000E-03  7.61544E-11  4.93887E-13  1.76370E+04  0.00000E+00  1.0E-05
  1.250E-03  1.18991E-10  4.93783E-13  1.76333E+04  0.00000E+00  1.0E-05
  1.500E-03  1.71347E-10  4.93657E-13  1.76288E+04  0.00000E+00  1.0E-05
  1.750E-03  2.33223E-10  4.93507E-13  1.76235E+04  0.00000E+00  1.0E-05
  2.000E-03  3.04617E-10  4.93335E-13  1.76173E+04  0.00000E+00  1.0E-05
  2.250E-03  3.85531E-10  4.93140E-13  1.76103E+04  0.00000E+00  1.0E-05
  2.500E-03  4.75965E-10  4.92922E-13  1.76026E+04  0.00000E+00  1.0E-05
  2.750E-03  5.75917E-10  4.92681E-13  1.75940E+04  0.00000E+00  1.0E-05
  3.000E-03  6.85389E-10  4.92418E-13  1.75846E+04  0.00000E+00  1.0E-05
  3.250E-03  8.04380E-10  4.92132E-13  1.75744E+04  0.00000E+00  1.0E-05
  3.500E-03  9.32891E-10  4.91823E-13  1.75633E+04  0.00000E+00  1.0E-05
  3.750E-03  1.07092E-09  4.91493E-13  1.75515E+04  0.00000E+00  1.0E-05
  4.000E-03  1.21847E-09  4.91139E-13  1.75389E+04  0.00000E+00  1.0E-05
  4.250E-03  1.37554E-09  4.90764E-13  1.75255E+04  0.00000E+00  1.0E-05
  4.500E-03  1.54213E-09  4.90366E-13  1.75113E+04  0.00000E+00  1.0E-05
  4.750E-03  1.71823E-09  4.89946E-13  1.74963E+04  0.00000E+00  1.0E-05
  5.000E-03  1.90386E-09  4.89505E-13  1.74805E+04  0.00000E+00  1.0E-05
  5.250E-03  2.09900E-09  4.89042E-13  1.74640E+04  0.00000E+00  1.0E-05
  5.500E-03  2.30367E-09  4.88556E-13  1.74467E+04  0.00000E+00  1.0E-05
  5.750E-03  2.51785E-09  4.88050E-13  1.74286E+04  0.00000E+00  1.0E-05
  6.000E-03  2.74156E-09  4.87522E-13  1.74097E+04  0.00000E+00  1.0E-05
  6.250E-03  2.97478E-09  4.86973E-13  1.73901E+04  0.00000E+00  1.0E-05
  6.500E-03  3.21752E-09  4.86402E-13  1.73697E+04  0.00000E+00  1.0E-05
  6.750E-03  3.46978E-09  4.85811E-13  1.73486E+04  0.00000E+00  1.0E-05
  7.000E-03  3.73156E-09  4.85199E-13  1.73268E+04  0.00000E+00  1.0E-05
  7.250E-03  4.00286E-09  4.84566E-13  1.73042E+04  0.00000E+00  1.0E-05
  7.500E-03  4.28368E-09  4.83913E-13  1.72808E+04  0.00000E+00  1.0E-05
  7.750E-03  4.57402E-09  4.83239E-13  1.72568E+04  0.00000E+00  1.0E-05
  8.000E-03  4.87388E-09  4.82546E-13  1.72320E+04  0.00000E+00  1.0E-05
  8.250E-03  5.18326E-09  4.81832E-13  1.72065E+04  0.00000E+00  1.0E-05
  8.500E-03  5.50215E-09  4.81099E-13  1.71804E+04  0.00000E+00  1.0E-05
  8.750E-03  5.83057E-09  4.80346E-13  1.71535E+04  0.00000E+00  1.0E-05
  9.000E-03  6.16850E-09  4.79574E-13  1.71259E+04  0.00000E+00  1.0E-05
  9.250E-03  6.51596E-09  4.78782E-13  1.70976E+04  0.00000E+00  1.0E-05
  9.500E-03  6.87293E-09  4.77972E-13  1.70687E+04  0.00000E+00  1.0E-05
  9.750E-03  7.23942E-09  4.77143E-13  1.70391E+04  0.00000E+00  1.0E-05
  1.000E-02  7.61544E-09  4.76295E-13  1.70088E+04  0.00000E+00  1.0E-05
  1.250E-02  1.18991E-08  4.66847E-13  1.66714E+04  0.00000E+00  1.0E-05
  1.500E-02  1.71347E-08  4.55766E-13  1.62757E+04  0.00000E+00  1.0E-05
  1.750E-02  2.33223E-08  4.43365E-13  1.58329E+04  0.00000E+00  1.0E-05
  2.000E-02  3.04617E-08  4.29904E-13  1.53521E+04  0.00000E+00  1.0E-05
  2.250E-02  3.85531E-08  4.15584E-13  1.48408E+04  0.00000E+00  1.0E-05
  2.500E-02  4.75965E-08  4.00659E-13  1.43078E+04  0.00000E+00  1.0E-05
  2.750E-02  5.75917E-08  3.85407E-13  1.37631E+04  0.00000E+00  1.0E-05
  3.000E-02  6.85389E-08  3.70034E-13  1.32142E+04  0.00000E+00  1.0E-05
  3.250E-02  8.04380E-08  3.54663E-13  1.26652E+04  0.00000E+00  1.0E-05
  3.500E-02  9.32891E-08  3.39407E-13  1.21204E+04  0.00000E+00  1.0E-05
  3.750E-02  1.07092E-07  3.24467E-13  1.15869E+04  0.00000E+00  1.0E-05
  4.000E-02  1.21847E-07  3.09938E-13  1.10681E+04  0.00000E+00  1.0E-05
  4.250E-02  1.37554E-07  2.95858E-13  1.05653E+04  0.00000E+00  1.0E-05
  4.500E-02  1.54213E-07  2.82191E-13  1.00772E+04  0.00000E+00  1.0E-05
  4.750E-02  1.71823E-07  2.69083E-13  9.60913E+03  0.00000E+00  1.0E-05
  5.000E-02  1.90386E-07  2.56550E-13  9.16156E+03  0.00000E+00  1.0E-05
  5.250E-02  2.09900E-07  2.44594E-13  8.73461E+03  0.00000E+00  1.0E-05
  5.500E-02  2.30367E-07  2.33084E-13  8.32358E+03  0.00000E+00  1.0E-05
  5.750E-02  2.51785E-07  2.22142E-13  7.93285E+03  0.00000E+00  1.0E-05
  6.000E-02  2.74156E-07  2.11753E-13  7.56184E+03  0.00000E+00  1.0E-05
  6.250E-02  2.97478E-07  2.01896E-13  7.20984E+03  0.00000E+00  1.0E-05
  6.500E-02  3.21752E-07  1.92456E-13  6.87273E+03  0.00000E+00  1.0E-05
  6.750E-02  3.46978E-07  1.83489E-13  6.55250E+03  0.00000E+00  1.0E-05
  7.000E-02  3.73156E-07  1.74991E-13  6.24904E+03  0.00000E+00  1.0E-05
  7.250E-02  4.00286E-07  1.66938E-13  5.96146E+03  0.00000E+00  1.0E-05
  7.500E-02  4.28368E-07  1.59247E-13  5.68683E+03  0.00000E+00  1.0E-05
  7.750E-02  4.57402E-07  1.51925E-13  5.42535E+03  0.00000E+00  1.0E-05
  8.000E-02  4.87388E-07  1.44986E-13  5.17754E+03  0.00000E+00  1.0E-05
  8.250E-02  5.18325E-07  1.38407E-13  4.94261E+03  0.00000E+00  1.0E-05
  8.500E-02  5.50215E-07  1.32136E-13  4.71866E+03  0.00000E+00  1.0E-05
  8.750E-02  5.83057E-07  1.26147E-13  4.50478E+03  0.00000E+00  1.0E-05
  9.000E-02  6.16850E-07  1.20466E-13  4.30194E+03  0.00000E+00  1.0E-05
  9.250E-02  6.51596E-07  1.15077E-13  4.10947E+03  0.00000E+00  1.0E-05
  9.500E-02  6.87293E-07  1.09947E-13  3.92628E+03  0.00000E+00  1.0E-05
  9.750E-02  7.23942E-07  1.05033E-13  3.75081E+03  0.00000E+00  1.0E-05
  1.000E-01  7.61543E-07  1.00369E-13  3.58425E+03  0.00000E+00  1.0E-05
  1.250E-01  1.18991E-06  6.43553E-14  2.29817E+03  0.00000E+00  1.0E-05
  1.500E-01  1.71347E-06  4.13573E-14  1.47690E+03  0.00000E+00  1.0E-05
  1.750E-01  2.33223E-06  2.77414E-14  9.90662E+02  0.00000E+00  1.0E-05
  2.000E-01  3.04617E-06  1.90660E-14  6.80860E+02  0.00000E+00  1.0E-05
  2.250E-01  3.85531E-06  1.33508E-14  4.76766E+02  0.00000E+00  1.0E-05
  2.500E-01  4.75964E-06  9.60708E-15  3.43075E+02  0.00000E+00  1.0E-05
  2.750E-01  5.75916E-06  7.10855E-15  2.53851E+02  0.00000E+00  1.0E-05
  3.000E-01  6.85388E-06  5.39166E-15  1.92540E+02  0.00000E+00  1.0E-05
  3.250E-01  8.04378E-06  4.17835E-15  1.49212E+02  0.00000E+00  1.0E-05
  3.500E-01  9.32888E-06  3.30002E-15  1.17846E+02  0.00000E+00  1.0E-05
  3.750E-01  1.07092E-05  2.65163E-15  9.46916E+01  0.00000E+00  1.0E-05
  4.000E-01  1.21846E-05  2.16205E-15  7.72081E+01  0.00000E+00  1.0E-05
  4.250E-01  1.37553E-05  1.78405E-15  6.37097E+01  0.00000E+00  1.0E-05
  4.500E-01  1.54212E-05  1.48516E-15  5.30361E+01  0.00000E+00  1.0E-05
  4.750E-01  1.71822E-05  1.24736E-15  4.45439E+01  0.00000E+00  1.0E-05
  5.000E-01  1.90385E-05  1.05537E-15  3.76880E+01  0.00000E+00  1.0E-05
  5.250E-01  2.09899E-05  8.99261E-16  3.21132E+01  0.00000E+00  1.0E-05
  5.500E-01  2.30365E-05  7.69305E-16  2.74724E+01  0.00000E+00  1.0E-05
  5.750E-01  2.51783E-05  6.61586E-16  2.36257E+01  0.00000E+00  1.0E-05
  6.000E-01  2.74153E-05  5.71646E-16  2.04138E+01  0.00000E+00  1.0E-05
  6.250E-01  2.97475E-05  4.96091E-16  1.77157E+01  0.00000E+00  1.0E-05
  6.500E-01  3.21749E-05  4.32004E-16  1.54272E+01  0.00000E+00  1.0E-05
  6.750E-01  3.46974E-05  3.77595E-16  1.34842E+01  0.00000E+00  1.0E-05
  7.000E-01  3.73152E-05  3.31330E-16  1.18320E+01  0.00000E+00  1.0E-05
  7.250E-01  4.00281E-05  2.91842E-16  1.04219E+01  0.00000E+00  1.0E-05
  7.500E-01  4.28362E-05  2.57911E-16  9.21015E+00  0.00000E+00  1.0E-05
  7.750E-01  4.57395E-05  2.28700E-16  8.16701E+00  0.00000E+00  1.0E-05
  8.000E-01  4.87380E-05  2.03486E-16  7.26663E+00  0.00000E+00  1.0E-05
  8.250E-01  5.18317E-05  1.81633E-16  6.48625E+00  0.00000E+00  1.0E-05
  8.500E-01  5.50205E-05  1.62603E-16  5.80665E+00  0.00000E+00  1.0E-05
  8.750E-01  5.83045E-05  1.45977E-16  5.21294E+00  0.00000E+00  1.0E-05
  9.000E-01  6.16838E-05  1.31430E-16  4.69346E+00  0.00000E+00  1.0E-05
  9.250E-01  6.51582E-05  1.18660E-16  4.23744E+00  0.00000E+00  1.0E-05
  9.500E-01  6.87277E-05  1.07411E-16  3.83572E+00  0.00000E+00  1.0E-05
  9.750E-01  7.23925E-05  9.74669E-17  3.48061E+00  0.00000E+00  1.0E-05
  1.000E+00  7.61524E-05  8.86624E-17  3.16619E+00  0.00000E+00  6.5E-06
  1.100E+00  9.21439E-05  6.20783E-17  2.21686E+00  0.00000E+00  4.9E-06
  1.200E+00  1.09658E-04  4.48419E-17  1.60133E+00  0.00000E+00  2.7E-06
  1.300E+00  1.28695E-04  3.32371E-17  1.18692E+00  0.00000E+00  5.3E-07
  1.400E+00  1.49255E-04  2.51618E-17  8.98544E-01  0.00000E+00  1.1E-06
  1.500E+00  1.71338E-04  1.94156E-17  6.93344E-01  0.00000E+00  1.9E-06
  1.600E+00  1.94942E-04  1.52250E-17  5.43696E-01  0.00000E+00  2.0E-06
  1.700E+00  2.20070E-04  1.21045E-17  4.32261E-01  0.00000E+00  1.6E-06
  1.800E+00  2.46720E-04  9.73834E-18  3.47763E-01  0.00000E+00  9.1E-07
  1.900E+00  2.74892E-04  7.92252E-18  2.82918E-01  0.00000E+00  1.4E-07
  2.000E+00  3.04586E-04  6.51017E-18  2.32482E-01  0.00000E+00  4.8E-07
  2.100E+00  3.35803E-04  5.39807E-18  1.92768E-01  0.00000E+00  8.5E-07
  2.200E+00  3.68542E-04  4.51117E-18  1.61097E-01  0.00000E+00  9.2E-07
  2.300E+00  4.02802E-04  3.79898E-18  1.35664E-01  0.00000E+00  7.4E-07
  2.400E+00  4.38585E-04  3.22177E-18  1.15051E-01  0.00000E+00  4.1E-07
  2.500E+00  4.75889E-04  2.75002E-18  9.82051E-02  0.00000E+00  1.0E-07
  2.600E+00  5.14715E-04  2.36103E-18  8.43137E-02  0.00000E+00  2.8E-07
  2.700E+00  5.55063E-04  2.03845E-18  7.27945E-02  0.00000E+00  4.6E-07
  2.800E+00  5.96931E-04  1.76918E-18  6.31787E-02  0.00000E+00  5.0E-07
  2.900E+00  6.40321E-04  1.54298E-18  5.51009E-02  0.00000E+00  4.1E-07
  3.000E+00  6.85233E-04  1.35177E-18  4.82725E-02  0.00000E+00  2.2E-07
  3.100E+00  7.31665E-04  1.18931E-18  4.24709E-02  0.00000E+00  1.0E-07
  3.200E+00  7.79618E-04  1.05061E-18  3.75178E-02  0.00000E+00  1.8E-07
  3.300E+00  8.29092E-04  9.31602E-19  3.32681E-02  0.00000E+00  2.9E-07
  3.400E+00  8.80086E-04  8.29016E-19  2.96047E-02  0.00000E+00  3.1E-07
  3.500E+00  9.32601E-04  7.40194E-19  2.64328E-02  0.00000E+00  2.5E-07
  3.600E+00  9.86636E-04  6.63003E-19  2.36763E-02  0.00000E+00  1.3E-07
  3.700E+00  1.04219E-03  5.95660E-19  2.12714E-02  0.00000E+00  1.0E-07
  3.800E+00  1.09927E-03  5.36683E-19  1.91653E-02  0.00000E+00  1.3E-07
  3.900E+00  1.15786E-03  4.84846E-19  1.73142E-02  0.00000E+00  1.9E-07
  4.000E+00  1.21797E-03  4.39148E-19  1.56823E-02  0.00000E+00  2.0E-07
  4.100E+00  1.27961E-03  3.98735E-19  1.42391E-02  0.00000E+00  1.6E-07
  4.200E+00  1.34276E-03  3.62887E-19  1.29589E-02  0.00000E+00  1.0E-07
  4.300E+00  1.40743E-03  3.30988E-19  1.18198E-02  0.00000E+00  1.0E-07
  4.400E+00  1.47362E-03  3.02536E-19  1.08038E-02  0.00000E+00  1.0E-07
  4.500E+00  1.54133E-03  2.77092E-19  9.89514E-03  0.00000E+00  1.4E-07
  4.600E+00  1.61056E-03  2.54281E-19  9.08054E-03  0.00000E+00  1.4E-07
  4.700E+00  1.68131E-03  2.33777E-19  8.34832E-03  0.00000E+00  1.1E-07
  4.800E+00  1.75357E-03  2.15308E-19  7.68878E-03  0.00000E+00  1.0E-07
  4.900E+00  1.82735E-03  1.98637E-19  7.09345E-03  0.00000E+00  1.0E-07
  5.000E+00  1.90265E-03  1.83557E-19  6.55493E-03  0.00000E+00  1.0E-07
  5.100E+00  1.97947E-03  1.69886E-19  6.06674E-03  0.00000E+00  1.0E-07
  5.200E+00  2.05780E-03  1.57470E-19  5.62336E-03  0.00000E+00  1.0E-07
  5.300E+00  2.13765E-03  1.46174E-19  5.21997E-03  0.00000E+00  1.0E-07
  5.400E+00  2.21902E-03  1.35878E-19  4.85231E-03  0.00000E+00  1.0E-07
  5.500E+00  2.30190E-03  1.26477E-19  4.51657E-03  0.00000E+00  1.0E-07
  5.600E+00  2.38630E-03  1.17878E-19  4.20950E-03  0.00000E+00  1.0E-07
  5.700E+00  2.47222E-03  1.10001E-19  3.92822E-03  0.00000E+00  1.0E-07
  5.800E+00  2.55965E-03  1.02775E-19  3.67018E-03  0.00000E+00  1.0E-07
  5.900E+00  2.64859E-03  9.61358E-20  3.43307E-03  0.00000E+00  1.0E-07
  6.000E+00  2.73905E-03  9.00258E-20  3.21488E-03  0.00000E+00  1.0E-07
  6.100E+00  2.83103E-03  8.43961E-20  3.01384E-03  0.00000E+00  1.0E-07
  6.200E+00  2.92452E-03  7.92021E-20  2.82836E-03  0.00000E+00  1.0E-07
  6.300E+00  3.01952E-03  7.44037E-20  2.65701E-03  0.00000E+00  1.0E-07
  6.400E+00  3.11604E-03  6.99644E-20  2.49847E-03  0.00000E+00  1.0E-07
  6.500E+00  3.21407E-03  6.58532E-20  2.35166E-03  0.00000E+00  1.0E-07
  6.600E+00  3.31362E-03  6.20412E-20  2.21553E-03  0.00000E+00  1.0E-07
  6.700E+00  3.41468E-03  5.85026E-20  2.08917E-03  0.00000E+00  1.0E-07
  6.800E+00  3.51725E-03  5.52136E-20  1.97171E-03  0.00000E+00  1.0E-07
  6.900E+00  3.62133E-03  5.21538E-20  1.86245E-03  0.00000E+00  1.0E-07
  7.000E+00  3.72692E-03  4.93043E-20  1.76069E-03  0.00000E+00  1.0E-07
  7.100E+00  3.83403E-03  4.66479E-20  1.66583E-03  0.00000E+00  1.0E-07
  7.200E+00  3.94265E-03  4.41687E-20  1.57729E-03  0.00000E+00  1.0E-07
  7.300E+00  4.05278E-03  4.18530E-20  1.49460E-03  0.00000E+00  1.0E-07
  7.400E+00  4.16442E-03  3.96879E-20  1.41728E-03  0.00000E+00  1.0E-07
  7.500E+00  4.27757E-03  3.76619E-20  1.34493E-03  0.00000E+00  1.0E-07
  7.600E+00  4.39223E-03  3.57642E-20  1.27716E-03  0.00000E+00  1.0E-07
  7.700E+00  4.50840E-03  3.39851E-20  1.21363E-03  0.00000E+00  1.0E-07
  7.800E+00  4.62608E-03  3.23159E-20  1.15402E-03  0.00000E+00  1.0E-07
  7.900E+00  4.74527E-03  3.07487E-20  1.09806E-03  0.00000E+00  1.0E-07
  8.000E+00  4.86597E-03  2.92758E-20  1.04546E-03  0.00000E+00  1.0E-07
  8.100E+00  4.98817E-03  2.78905E-20  9.95989E-04  0.00000E+00  1.0E-07
  8.200E+00  5.11188E-03  2.65868E-20  9.49430E-04  0.00000E+00  1.0E-07
  8.300E+00  5.23711E-03  2.53588E-20  9.05578E-04  0.00000E+00  1.0E-07
  8.400E+00  5.36383E-03  2.42013E-20  8.64245E-04  0.00000E+00  1.0E-07
  8.500E+00  5.49207E-03  2.31095E-20  8.25256E-04  0.00000E+00  1.0E-07
  8.600E+00  5.62181E-03  2.20790E-20  7.88455E-04  0.00000E+00  1.0E-07
  8.700E+00  5.75306E-03  2.11057E-20  7.53697E-04  0.00000E+00  1.0E-07
  8.800E+00  5.88581E-03  2.01858E-20  7.20847E-04  0.00000E+00  1.0E-07
  8.900E+00  6.02007E-03  1.93157E-20  6.89776E-04  0.00000E+00  1.0E-07
  9.000E+00  6.15583E-03  1.84923E-20  6.60373E-04  0.00000E+00  1.0E-07
  9.100E+00  6.29310E-03  1.77127E-20  6.32532E-04  0.00000E+00  1.0E-07
  9.200E+00  6.43187E-03  1.69740E-20  6.06153E-04  0.00000E+00  1.0E-07
  9.300E+00  6.57214E-03  1.62737E-20  5.81143E-04  0.00000E+00  1.0E-07
  9.400E+00  6.71392E-03  1.56093E-20  5.57419E-04  0.00000E+00  1.0E-07
  9.500E+00  6.85720E-03  1.49788E-20  5.34902E-04  0.00000E+00  1.0E-07
  9.600E+00  7.00198E-03  1.43800E-20  5.13520E-04  0.00000E+00  1.0E-07
  9.700E+00  7.14827E-03  1.38111E-20  4.93202E-04  0.00000E+00  1.0E-07
  9.800E+00  7.29605E-03  1.32702E-20  4.73887E-04  0.00000E+00  1.0E-07
  9.900E+00  7.44534E-03  1.27557E-20  4.55515E-04  0.00000E+00  1.0E-07
  1.000E+01  7.59612E-03  1.22661E-20  4.38032E-04  0.00000E+00  1.0E-07
  1.025E+01  7.97965E-03  1.11419E-20  3.97883E-04  0.00000E+00  1.0E-07
  1.050E+01  8.37255E-03  1.01444E-20  3.62263E-04  0.00000E+00  1.0E-07
  1.075E+01  8.77480E-03  9.25694E-21  3.30571E-04  0.00000E+00  1.0E-07
  1.100E+01  9.18641E-03  8.46518E-21  3.02297E-04  0.00000E+00  1.0E-07
  1.125E+01  9.60736E-03  7.75695E-21  2.77006E-04  0.00000E+00  1.0E-07
  1.150E+01  1.00376E-02  7.12187E-21  2.54327E-04  0.00000E+00  1.0E-07
  1.175E+01  1.04773E-02  6.55101E-21  2.33941E-04  0.00000E+00  1.0E-07
  1.200E+01  1.09262E-02  6.03671E-21  2.15575E-04  0.00000E+00  1.0E-07
  1.225E+01  1.13844E-02  5.57235E-21  1.98992E-04  0.00000E+00  1.0E-07
  1.250E+01  1.18520E-02  5.15219E-21  1.83988E-04  0.00000E+00  1.0E-07
  1.275E+01  1.23288E-02  4.77126E-21  1.70385E-04  0.00000E+00  1.0E-07
  1.300E+01  1.28150E-02  4.42522E-21  1.58027E-04  0.00000E+00  1.0E-07
  1.325E+01  1.33104E-02  4.11028E-21  1.46781E-04  0.00000E+00  1.0E-07
  1.350E+01  1.38150E-02  3.82316E-21  1.36528E-04  0.00000E+00  1.0E-07
  1.375E+01  1.43290E-02  3.56092E-21  1.27163E-04  0.00000E+00  1.0E-07
  1.400E+01  1.48521E-02  3.32101E-21  1.18596E-04  0.00000E+00  1.0E-07
  1.425E+01  1.53845E-02  3.10119E-21  1.10745E-04  0.00000E+00  1.0E-07
  1.450E+01  1.59262E-02  2.89945E-21  1.03541E-04  0.00000E+00  1.0E-07
  1.475E+01  1.64770E-02  2.71403E-21  9.69196E-05  0.00000E+00  1.0E-07
  1.500E+01  1.70371E-02  2.54335E-21  9.08247E-05  0.00000E+00  1.0E-07
  1.525E+01  1.76063E-02  2.38603E-21  8.52069E-05  0.00000E+00  1.0E-07
  1.550E+01  1.81848E-02  2.24084E-21  8.00217E-05  0.00000E+00  1.0E-07
  1.575E+01  1.87724E-02  2.10664E-21  7.52296E-05  0.00000E+00  1.0E-07
  1.600E+01  1.93692E-02  1.98246E-21  7.07950E-05  0.00000E+00  1.0E-07
  1.625E+01  1.99751E-02  1.86741E-21  6.66863E-05  0.00000E+00  1.0E-07
  1.650E+01  2.05901E-02  1.76068E-21  6.28750E-05  0.00000E+00  1.0E-07
  1.675E+01  2.12143E-02  1.66156E-21  5.93355E-05  0.00000E+00  1.0E-07
  1.700E+01  2.18476E-02  1.56941E-21  5.60446E-05  0.00000E+00  1.0E-07
  1.725E+01  2.24900E-02  1.48364E-21  5.29816E-05  0.00000E+00  1.0E-07
  1.750E+01  2.31415E-02  1.40372E-21  5.01277E-05  0.00000E+00  1.0E-07
  1.775E+01  2.38021E-02  1.32918E-21  4.74658E-05  0.00000E+00  1.0E-07
  1.800E+01  2.44717E-02  1.25958E-21  4.49806E-05  0.00000E+00  1.0E-07
  1.825E+01  2.51504E-02  1.19455E-21  4.26580E-05  0.00000E+00  1.0E-07
  1.850E+01  2.58382E-02  1.13371E-21  4.04854E-05  0.00000E+00  1.0E-07
  1.875E+01  2.65349E-02  1.07675E-21  3.84513E-05  0.00000E+00  1.0E-07
  1.900E+01  2.72407E-02  1.02336E-21  3.65450E-05  0.00000E+00  1.0E-07
  1.925E+01  2.79555E-02  9.73294E-22  3.47570E-05  0.00000E+00  1.0E-07
  1.950E+01  2.86793E-02  9.26292E-22  3.30785E-05  0.00000E+00  1.0E-07
  1.975E+01  2.94120E-02  8.82133E-22  3.15016E-05  0.00000E+00  1.0E-07
  2.000E+01  3.01537E-02  8.40611E-22  3.00188E-05  0.00000E+00  1.0E-07
  2.025E+01  3.09043E-02  8.01537E-22  2.86234E-05  0.00000E+00  1.0E-07
  2.050E+01  3.16639E-02  7.64740E-22  2.73094E-05  0.00000E+00  1.0E-07
  2.075E+01  3.24324E-02  7.30061E-22  2.60709E-05  0.00000E+00  1.0E-07
  2.100E+01  3.32098E-02  6.97353E-22  2.49029E-05  0.00000E+00  1.0E-07
  2.125E+01  3.39961E-02  6.66483E-22  2.38006E-05  0.00000E+00  1.0E-07
  2.150E+01  3.47912E-02  6.37328E-22  2.27594E-05  0.00000E+00  1.0E-07
  2.175E+01  3.55952E-02  6.09773E-22  2.17754E-05  0.00000E+00  1.0E-07
  2.200E+01  3.64081E-02  5.83713E-22  2.08448E-05  0.00000E+00  1.0E-07
  2.225E+01  3.72297E-02  5.59050E-22  1.99641E-05  0.00000E+00  1.0E-07
  2.250E+01  3.80602E-02  5.35697E-22  1.91301E-05  0.00000E+00  1.0E-07
  2.275E+01  3.88995E-02  5.13568E-22  1.83398E-05  0.00000E+00  1.0E-07
  2.300E+01  3.97476E-02  4.92587E-22  1.75906E-05  0.00000E+00  1.0E-07
  2.325E+01  4.06044E-02  4.72683E-22  1.68798E-05  0.00000E+00  1.0E-07
  2.350E+01  4.14700E-02  4.53789E-22  1.62051E-05  0.00000E+00  1.0E-07
  2.375E+01  4.23443E-02  4.35844E-22  1.55643E-05  0.00000E+00  1.0E-07
  2.400E+01  4.32273E-02  4.18792E-22  1.49553E-05  0.00000E+00  1.0E-07
  2.425E+01  4.41190E-02  4.02577E-22  1.43763E-05  0.00000E+00  1.0E-07
  2.450E+01  4.50194E-02  3.87152E-22  1.38254E-05  0.00000E+00  1.0E-07
  2.475E+01  4.59284E-02  3.72470E-22  1.33011E-05  0.00000E+00  1.0E-07
  2.500E+01  4.68461E-02  3.58488E-22  1.28018E-05  0.00000E+00  1.0E-07
  2.550E+01  4.87074E-02  3.32467E-22  1.18726E-05  0.00000E+00  1.0E-07
  2.600E+01  5.06030E-02  3.08799E-22  1.10274E-05  0.00000E+00  1.0E-07
  2.650E+01  5.25328E-02  2.87231E-22  1.02572E-05  0.00000E+00  1.0E-07
  2.700E+01  5.44967E-02  2.67541E-22  9.55406E-06  0.00000E+00  1.0E-07
  2.750E+01  5.64946E-02  2.49535E-22  8.91104E-06  0.00000E+00  1.0E-07
  2.800E+01  5.85262E-02  2.33040E-22  8.32202E-06  0.00000E+00  1.0E-07
  2.850E+01  6.05914E-02  2.17906E-22  7.78158E-06  0.00000E+00  1.0E-07
  2.900E+01  6.26901E-02  2.03999E-22  7.28495E-06  0.00000E+00  1.0E-07
  2.950E+01  6.48222E-02  1.91200E-22  6.82789E-06  0.00000E+00  1.0E-07
  3.000E+01  6.69873E-02  1.79404E-22  6.40664E-06  0.00000E+00  1.0E-07
  3.050E+01  6.91854E-02  1.68517E-22  6.01786E-06  0.00000E+00  1.0E-07
  3.100E+01  7.14163E-02  1.58455E-22  5.65854E-06  0.00000E+00  1.0E-07
  3.150E+01  7.36799E-02  1.49144E-22  5.32604E-06  0.00000E+00  1.0E-07
  3.200E+01  7.59760E-02  1.40517E-22  5.01794E-06  0.00000E+00  1.0E-07
  3.250E+01  7.83043E-02  1.32513E-22  4.73212E-06  0.00000E+00  1.0E-07
  3.300E+01  8.06647E-02  1.25079E-22  4.46665E-06  0.00000E+00  1.0E-07
  3.350E+01  8.30571E-02  1.18166E-22  4.21978E-06  0.00000E+00  1.0E-07
  3.400E+01  8.54812E-02  1.11730E-22  3.98997E-06  0.00000E+00  1.0E-07
  3.450E+01  8.79369E-02  1.05733E-22  3.77580E-06  0.00000E+00  1.0E-07
  3.500E+01  9.04240E-02  1.00138E-22  3.57599E-06  0.00000E+00  1.0E-07
  3.550E+01  9.29422E-02  9.49130E-23  3.38941E-06  0.00000E+00  1.0E-07
  3.600E+01  9.54915E-02  9.00287E-23  3.21498E-06  0.00000E+00  1.0E-07
  3.650E+01  9.80716E-02  8.54585E-23  3.05178E-06  0.00000E+00  1.0E-07
  3.700E+01  1.00682E-01  8.11781E-23  2.89892E-06  0.00000E+00  1.0E-07
  3.750E+01  1.03323E-01  7.71656E-23  2.75563E-06  0.00000E+00  1.0E-07
  3.800E+01  1.05995E-01  7.34008E-23  2.62119E-06  0.00000E+00  1.0E-07
  3.850E+01  1.08696E-01  6.98654E-23  2.49494E-06  0.00000E+00  1.0E-07
  3.900E+01  1.11427E-01  6.65426E-23  2.37628E-06  0.00000E+00  1.0E-07
  3.950E+01  1.14188E-01  6.34170E-23  2.26466E-06  0.00000E+00  1.0E-07
  4.000E+01  1.16978E-01  6.04748E-23  2.15959E-06  0.00000E+00  1.0E-07
  4.050E+01  1.19797E-01  5.77029E-23  2.06061E-06  0.00000E+00  1.0E-07
  4.100E+01  1.22645E-01  5.50895E-23  1.96728E-06  0.00000E+00  1.0E-07
  4.150E+01  1.25522E-01  5.26237E-23  1.87923E-06  0.00000E+00  1.0E-07
  4.200E+01  1.28428E-01  5.02956E-23  1.79609E-06  0.00000E+00  1.0E-07
  4.250E+01  1.31361E-01  4.80958E-23  1.71753E-06  0.00000E+00  1.0E-07
  4.300E+01  1.34323E-01  4.60159E-23  1.64326E-06  0.00000E+00  1.0E-07
  4.350E+01  1.37313E-01  4.40480E-23  1.57298E-06  0.00000E+00  1.0E-07
  4.400E+01  1.40330E-01  4.21849E-23  1.50645E-06  0.00000E+00  1.0E-07
  4.450E+01  1.43375E-01  4.04199E-23  1.44342E-06  0.00000E+00  1.0E-07
  4.500E+01  1.46447E-01  3.87468E-23  1.38367E-06  0.00000E+00  1.0E-07
  4.550E+01  1.49545E-01  3.71598E-23  1.32700E-06  0.00000E+00  1.0E-07
  4.600E+01  1.52671E-01  3.56537E-23  1.27322E-06  0.00000E+00  1.0E-07
  4.650E+01  1.55823E-01  3.42234E-23  1.22214E-06  0.00000E+00  1.0E-07
  4.700E+01  1.59001E-01  3.28644E-23  1.17361E-06  0.00000E+00  1.0E-07
  4.750E+01  1.62205E-01  3.15723E-23  1.12747E-06  0.00000E+00  1.0E-07
  4.800E+01  1.65435E-01  3.03432E-23  1.08358E-06  0.00000E+00  1.0E-07
  4.850E+01  1.68690E-01  2.91736E-23  1.04181E-06  0.00000E+00  1.0E-07
  4.900E+01  1.71970E-01  2.80597E-23  1.00203E-06  0.00000E+00  1.0E-07
  4.950E+01  1.75276E-01  2.69986E-23  9.64137E-07  0.00000E+00  1.0E-07
  5.000E+01  1.78606E-01  2.59872E-23  9.28018E-07  0.00000E+00  1.0E-07
  5.050E+01  1.81961E-01  2.50226E-23  8.93574E-07  0.00000E+00  1.0E-07
  5.100E+01  1.85340E-01  2.41023E-23  8.60710E-07  0.00000E+00  1.0E-07
  5.150E+01  1.88743E-01  2.32239E-23  8.29340E-07  0.00000E+00  1.0E-07
  5.200E+01  1.92169E-01  2.23850E-23  7.99382E-07  0.00000E+00  1.0E-07
  5.250E+01  1.95619E-01  2.15834E-23  7.70759E-07  0.00000E+00  1.0E-07
  5.300E+01  1.99092E-01  2.08173E-23  7.43399E-07  0.00000E+00  1.0E-07
  5.350E+01  2.02589E-01  2.00847E-23  7.17237E-07  0.00000E+00  1.0E-07
  5.400E+01  2.06107E-01  1.93838E-23  6.92209E-07  0.00000E+00  1.0E-07
  5.450E+01  2.09649E-01  1.87131E-23  6.68256E-07  0.00000E+00  1.0E-07
  5.500E+01  2.13212E-01  1.80709E-23  6.45323E-07  0.00000E+00  1.0E-07
  5.550E+01  2.16797E-01  1.74558E-23  6.23357E-07  0.00000E+00  1.0E-07
  5.600E+01  2.20404E-01  1.68664E-23  6.02309E-07  0.00000E+00  1.0E-07
  5.650E+01  2.24032E-01  1.63014E-23  5.82132E-07  0.00000E+00  1.0E-07
  5.700E+01  2.27680E-01  1.57596E-23  5.62785E-07  0.00000E+00  1.0E-07
  5.750E+01  2.31350E-01  1.52398E-23  5.44224E-07  0.00000E+00  1.0E-07
  5.800E+01  2.35040E-01  1.47411E-23  5.26413E-07  0.00000E+00  1.0E-07
  5.850E+01  2.38751E-01  1.42622E-23  5.09314E-07  0.00000E+00  1.0E-07
  5.900E+01  2.42481E-01  1.38024E-23  4.92894E-07  0.00000E+00  1.0E-07
  5.950E+01  2.46231E-01  1.33607E-23  4.77120E-07  0.00000E+00  1.0E-07
  6.000E+01  2.50000E-01  1.29363E-23  4.61963E-07  0.00000E+00  1.0E-07
  6.050E+01  2.53788E-01  1.25282E-23  4.47392E-07  0.00000E+00  1.0E-07
  6.100E+01  2.57595E-01  1.21359E-23  4.33380E-07  0.00000E+00  1.0E-07
  6.150E+01  2.61421E-01  1.17584E-23  4.19901E-07  0.00000E+00  1.0E-07
  6.200E+01  2.65264E-01  1.13953E-23  4.06932E-07  0.00000E+00  1.0E-07
  6.250E+01  2.69126E-01  1.10457E-23  3.94449E-07  0.00000E+00  1.0E-07
  6.300E+01  2.73005E-01  1.07091E-23  3.82429E-07  0.00000E+00  1.0E-07
  6.350E+01  2.76901E-01  1.03850E-23  3.70854E-07  0.00000E+00  1.0E-07
  6.400E+01  2.80814E-01  1.00727E-23  3.59702E-07  0.00000E+00  1.0E-07
  6.450E+01  2.84744E-01  9.77175E-24  3.48955E-07  0.00000E+00  1.0E-07
  6.500E+01  2.88691E-01  9.48167E-24  3.38597E-07  0.00000E+00  1.0E-07
  6.550E+01  2.92653E-01  9.20198E-24  3.28609E-07  0.00000E+00  1.0E-07
  6.600E+01  2.96632E-01  8.93222E-24  3.18975E-07  0.00000E+00  1.0E-07
  6.650E+01  3.00625E-01  8.67197E-24  3.09682E-07  0.00000E+00  1.0E-07
  6.700E+01  3.04634E-01  8.42082E-24  3.00713E-07  0.00000E+00  1.0E-07
  6.750E+01  3.08658E-01  8.17840E-24  2.92056E-07  0.00000E+00  1.0E-07
  6.800E+01  3.12697E-01  7.94434E-24  2.83698E-07  0.00000E+00  1.0E-07
  6.850E+01  3.16749E-01  7.71830E-24  2.75626E-07  0.00000E+00  1.0E-07
  6.900E+01  3.20816E-01  7.49995E-24  2.67828E-07  0.00000E+00  1.0E-07
  6.950E+01  3.24896E-01  7.28898E-24  2.60294E-07  0.00000E+00  1.0E-07
  7.000E+01  3.28990E-01  7.08508E-24  2.53013E-07  0.00000E+00  1.0E-07
  7.050E+01  3.33097E-01  6.88798E-24  2.45974E-07  0.00000E+00  1.0E-07
  7.100E+01  3.37216E-01  6.69740E-24  2.39168E-07  0.00000E+00  1.0E-07
  7.150E+01  3.41348E-01  6.51308E-24  2.32586E-07  0.00000E+00  1.0E-07
  7.200E+01  3.45492E-01  6.33477E-24  2.26219E-07  0.00000E+00  1.0E-07
  7.250E+01  3.49647E-01  6.16223E-24  2.20057E-07  0.00000E+00  1.0E-07
  7.300E+01  3.53814E-01  5.99526E-24  2.14094E-07  0.00000E+00  1.0E-07
  7.350E+01  3.57992E-01  5.83362E-24  2.08322E-07  0.00000E+00  1.0E-07
  7.400E+01  3.62181E-01  5.67712E-24  2.02734E-07  0.00000E+00  1.0E-07
  7.450E+01  3.66381E-01  5.52557E-24  1.97322E-07  0.00000E+00  1.0E-07
  7.500E+01  3.70590E-01  5.37877E-24  1.92079E-07  0.00000E+00  1.0E-07
  7.550E+01  3.74810E-01  5.23656E-24  1.87001E-07  0.00000E+00  1.0E-07
  7.600E+01  3.79039E-01  5.09875E-24  1.82079E-07  0.00000E+00  1.0E-07
  7.650E+01  3.83277E-01  4.96518E-24  1.77310E-07  0.00000E+00  1.0E-07
  7.700E+01  3.87524E-01  4.83569E-24  1.72686E-07  0.00000E+00  1.0E-07
  7.750E+01  3.91780E-01  4.71014E-24  1.68202E-07  0.00000E+00  1.0E-07
  7.800E+01  3.96044E-01  4.58838E-24  1.63854E-07  0.00000E+00  1.0E-07
  7.850E+01  4.00316E-01  4.47028E-24  1.59637E-07  0.00000E+00  1.0E-07
  7.900E+01  4.04596E-01  4.35571E-24  1.55545E-07  0.00000E+00  1.0E-07
  7.950E+01  4.08882E-01  4.24454E-24  1.51575E-07  0.00000E+00  1.0E-07
  8.000E+01  4.13176E-01  4.13665E-24  1.47722E-07  0.00000E+00  1.0E-07
  8.050E+01  4.17476E-01  4.03193E-24  1.43983E-07  0.00000E+00  1.0E-07
  8.100E+01  4.21783E-01  3.93026E-24  1.40352E-07  0.00000E+00  1.0E-07
  8.150E+01  4.26095E-01  3.83154E-24  1.36827E-07  0.00000E+00  1.0E-07
  8.200E+01  4.30413E-01  3.73567E-24  1.33403E-07  0.00000E+00  1.0E-07
  8.250E+01  4.34737E-01  3.64254E-24  1.30077E-07  0.00000E+00  1.0E-07
  8.300E+01  4.39065E-01  3.55206E-24  1.26846E-07  0.00000E+00  1.0E-07
  8.350E+01  4.43398E-01  3.46415E-24  1.23707E-07  0.00000E+00  1.0E-07
  8.400E+01  4.47736E-01  3.37871E-24  1.20656E-07  0.00000E+00  1.0E-07
  8.450E+01  4.52077E-01  3.29567E-24  1.17691E-07  0.00000E+00  1.0E-07
  8.500E+01  4.56422E-01  3.21495E-24  1.14808E-07  0.00000E+00  1.0E-07
  8.550E+01  4.60770E-01  3.13647E-24  1.12005E-07  0.00000E+00  1.0E-07
  8.600E+01  4.65122E-01  3.06015E-24  1.09280E-07  0.00000E+00  1.0E-07
  8.650E+01  4.69476E-01  2.98593E-24  1.06629E-07  0.00000E+00  1.0E-07
  8.700E+01  4.73832E-01  2.91373E-24  1.04051E-07  0.00000E+00  1.0E-07
  8.750E+01  4.78190E-01  2.84349E-24  1.01543E-07  0.00000E+00  1.0E-07
  8.800E+01  4.82550E-01  2.77515E-24  9.91023E-08  0.00000E+00  1.0E-07
  8.850E+01  4.86912E-01  2.70864E-24  9.67272E-08  0.00000E+00  1.0E-07
  8.900E+01  4.91274E-01  2.64391E-24  9.44156E-08  0.00000E+00  1.0E-07
  8.950E+01  4.95637E-01  2.58090E-24  9.21654E-08  0.00000E+00  1.0E-07
  9.000E+01  5.00000E-01  2.51955E-24  8.99748E-08  0.00000E+00  1.0E-07
  9.050E+01  5.04363E-01  2.45982E-24  8.78419E-08  0.00000E+00  1.0E-07
  9.100E+01  5.08726E-01  2.40166E-24  8.57649E-08  0.00000E+00  1.0E-07
  9.150E+01  5.13088E-01  2.34502E-24  8.37421E-08  0.00000E+00  1.0E-07
  9.200E+01  5.17450E-01  2.28984E-24  8.17718E-08  0.00000E+00  1.0E-07
  9.250E+01  5.21810E-01  2.23609E-24  7.98524E-08  0.00000E+00  1.0E-07
  9.300E+01  5.26168E-01  2.18373E-24  7.79822E-08  0.00000E+00  1.0E-07
  9.350E+01  5.30524E-01  2.13269E-24  7.61599E-08  0.00000E+00  1.0E-07
  9.400E+01  5.34878E-01  2.08296E-24  7.43838E-08  0.00000E+00  1.0E-07
  9.450E+01  5.39230E-01  2.03448E-24  7.26527E-08  0.00000E+00  1.0E-07
  9.500E+01  5.43578E-01  1.98723E-24  7.09652E-08  0.00000E+00  1.0E-07
  9.550E+01  5.47923E-01  1.94116E-24  6.93201E-08  0.00000E+00  1.0E-07
  9.600E+01  5.52264E-01  1.89625E-24  6.77162E-08  0.00000E+00  1.0E-07
  9.650E+01  5.56602E-01  1.85245E-24  6.61522E-08  0.00000E+00  1.0E-07
  9.700E+01  5.60935E-01  1.80974E-24  6.46270E-08  0.00000E+00  1.0E-07
  9.750E+01  5.65263E-01  1.76808E-24  6.31394E-08  0.00000E+00  1.0E-07
  9.800E+01  5.69587E-01  1.72745E-24  6.16883E-08  0.00000E+00  1.0E-07
  9.850E+01  5.73905E-01  1.68781E-24  6.02727E-08  0.00000E+00  1.0E-07
  9.900E+01  5.78217E-01  1.64913E-24  5.88914E-08  0.00000E+00  1.0E-07
  9.950E+01  5.82524E-01  1.61138E-24  5.75436E-08  0.00000E+00  1.0E-07
  1.000E+02  5.86824E-01  1.57455E-24  5.62281E-08  0.00000E+00  1.0E-07
  1.005E+02  5.91118E-01  1.53860E-24  5.49443E-08  0.00000E+00  1.0E-07
  1.010E+02  5.95404E-01  1.50351E-24  5.36912E-08  0.00000E+00  1.0E-07
  1.015E+02  5.99684E-01  1.46926E-24  5.24682E-08  0.00000E+00  1.0E-07
  1.020E+02  6.03956E-01  1.43583E-24  5.12743E-08  0.00000E+00  1.0E-07
  1.025E+02  6.08220E-01  1.40318E-24  5.01086E-08  0.00000E+00  1.0E-07
  1.030E+02  6.12476E-01  1.37131E-24  4.89703E-08  0.00000E+00  1.0E-07
  1.035E+02  6.16723E-01  1.34018E-24  4.78586E-08  0.00000E+00  1.0E-07
  1.040E+02  6.20961E-01  1.30977E-24  4.67729E-08  0.00000E+00  1.0E-07
  1.045E+02  6.25190E-01  1.28008E-24  4.57124E-08  0.00000E+00  1.0E-07
  1.050E+02  6.29410E-01  1.25107E-24  4.46764E-08  0.00000E+00  1.0E-07
  1.055E+02  6.33619E-01  1.22273E-24  4.36644E-08  0.00000E+00  1.0E-07
  1.060E+02  6.37819E-01  1.19504E-24  4.26757E-08  0.00000E+00  1.0E-07
  1.065E+02  6.42008E-01  1.16799E-24  4.17098E-08  0.00000E+00  1.0E-07
  1.070E+02  6.46186E-01  1.14156E-24  4.07659E-08  0.00000E+00  1.0E-07
  1.075E+02  6.50353E-01  1.11573E-24  3.98435E-08  0.00000E+00  1.0E-07
  1.080E+02  6.54508E-01  1.09049E-24  3.89420E-08  0.00000E+00  1.0E-07
  1.085E+02  6.58652E-01  1.06581E-24  3.80609E-08  0.00000E+00  1.0E-07
  1.090E+02  6.62784E-01  1.04170E-24  3.71997E-08  0.00000E+00  1.0E-07
  1.095E+02  6.66903E-01  1.01812E-24  3.63577E-08  0.00000E+00  1.0E-07
  1.100E+02  6.71010E-01  9.95070E-25  3.55346E-08  0.00000E+00  1.0E-07
  1.105E+02  6.75104E-01  9.72535E-25  3.47299E-08  0.00000E+00  1.0E-07
  1.110E+02  6.79184E-01  9.50500E-25  3.39430E-08  0.00000E+00  1.0E-07
  1.115E+02  6.83251E-01  9.28953E-25  3.31735E-08  0.00000E+00  1.0E-07
  1.120E+02  6.87303E-01  9.07883E-25  3.24211E-08  0.00000E+00  1.0E-07
  1.125E+02  6.91342E-01  8.87276E-25  3.16852E-08  0.00000E+00  1.0E-07
  1.130E+02  6.95366E-01  8.67123E-25  3.09655E-08  0.00000E+00  1.0E-07
  1.135E+02  6.99375E-01  8.47410E-25  3.02616E-08  0.00000E+00  1.0E-07
  1.140E+02  7.03368E-01  8.28128E-25  2.95730E-08  0.00000E+00  1.0E-07
  1.145E+02  7.07347E-01  8.09265E-25  2.88994E-08  0.00000E+00  1.0E-07
  1.150E+02  7.11309E-01  7.90812E-25  2.82404E-08  0.00000E+00  1.0E-07
  1.155E+02  7.15256E-01  7.72758E-25  2.75957E-08  0.00000E+00  1.0E-07
  1.160E+02  7.19186E-01  7.55094E-25  2.69649E-08  0.00000E+00  1.0E-07
  1.165E+02  7.23099E-01  7.37809E-25  2.63476E-08  0.00000E+00  1.0E-07
  1.170E+02  7.26995E-01  7.20895E-25  2.57436E-08  0.00000E+00  1.0E-07
  1.175E+02  7.30874E-01  7.04343E-25  2.51526E-08  0.00000E+00  1.0E-07
  1.180E+02  7.34736E-01  6.88145E-25  2.45741E-08  0.00000E+00  1.0E-07
  1.185E+02  7.38579E-01  6.72292E-25  2.40080E-08  0.00000E+00  1.0E-07
  1.190E+02  7.42405E-01  6.56776E-25  2.34539E-08  0.00000E+00  1.0E-07
  1.195E+02  7.46212E-01  6.41589E-25  2.29115E-08  0.00000E+00  1.0E-07
  1.200E+02  7.50000E-01  6.26723E-25  2.23807E-08  0.00000E+00  1.0E-07
  1.205E+02  7.53769E-01  6.12171E-25  2.18610E-08  0.00000E+00  1.0E-07
  1.210E+02  7.57519E-01  5.97926E-25  2.13523E-08  0.00000E+00  1.0E-07
  1.215E+02  7.61249E-01  5.83980E-25  2.08543E-08  0.00000E+00  1.0E-07
  1.220E+02  7.64960E-01  5.70327E-25  2.03668E-08  0.00000E+00  1.0E-07
  1.225E+02  7.68650E-01  5.56960E-25  1.98894E-08  0.00000E+00  1.0E-07
  1.230E+02  7.72320E-01  5.43872E-25  1.94220E-08  0.00000E+00  1.0E-07
  1.235E+02  7.75968E-01  5.31057E-25  1.89644E-08  0.00000E+00  1.0E-07
  1.240E+02  7.79596E-01  5.18509E-25  1.85163E-08  0.00000E+00  1.0E-07
  1.245E+02  7.83203E-01  5.06222E-25  1.80775E-08  0.00000E+00  1.0E-07
  1.250E+02  7.86788E-01  4.94190E-25  1.76478E-08  0.00000E+00  1.0E-07
  1.255E+02  7.90351E-01  4.82408E-25  1.72271E-08  0.00000E+00  1.0E-07
  1.260E+02  7.93893E-01  4.70869E-25  1.68150E-08  0.00000E+00  1.0E-07
  1.265E+02  7.97411E-01  4.59569E-25  1.64115E-08  0.00000E+00  1.0E-07
  1.270E+02  8.00908E-01  4.48502E-25  1.60163E-08  0.00000E+00  1.0E-07
  1.275E+02  8.04381E-01  4.37664E-25  1.56293E-08  0.00000E+00  1.0E-07
  1.280E+02  8.07831E-01  4.27050E-25  1.52502E-08  0.00000E+00  1.0E-07
  1.285E+02  8.11257E-01  4.16653E-25  1.48790E-08  0.00000E+00  1.0E-07
  1.290E+02  8.14660E-01  4.06471E-25  1.45153E-08  0.00000E+00  1.0E-07
  1.295E+02  8.18039E-01  3.96498E-25  1.41592E-08  0.00000E+00  1.0E-07
  1.300E+02  8.21394E-01  3.86730E-25  1.38104E-08  0.00000E+00  1.0E-07
  1.305E+02  8.24724E-01  3.77163E-25  1.34687E-08  0.00000E+00  1.0E-07
  1.310E+02  8.28030E-01  3.67791E-25  1.31341E-08  0.00000E+00  1.0E-07
  1.315E+02  8.31310E-01  3.58612E-25  1.28063E-08  0.00000E+00  1.0E-07
  1.320E+02  8.34565E-01  3.49622E-25  1.24852E-08  0.00000E+00  1.0E-07
  1.325E+02  8.37795E-01  3.40815E-25  1.21707E-08  0.00000E+00  1.0E-07
  1.330E+02  8.40999E-01  3.32190E-25  1.18627E-08  0.00000E+00  1.0E-07
  1.335E+02  8.44177E-01  3.23741E-25  1.15610E-08  0.00000E+00  1.0E-07
  1.340E+02  8.47329E-01  3.15466E-25  1.12655E-08  0.00000E+00  1.0E-07
  1.345E+02  8.50455E-01  3.07360E-25  1.09760E-08  0.00000E+00  1.0E-07
  1.350E+02  8.53553E-01  2.99421E-25  1.06925E-08  0.00000E+00  1.0E-07
  1.355E+02  8.56625E-01  2.91645E-25  1.04148E-08  0.00000E+00  1.0E-07
  1.360E+02  8.59670E-01  2.84029E-25  1.01429E-08  0.00000E+00  1.0E-07
  1.365E+02  8.62687E-01  2.76570E-25  9.87649E-09  0.00000E+00  1.0E-07
  1.370E+02  8.65677E-01  2.69265E-25  9.61561E-09  0.00000E+00  1.0E-07
  1.375E+02  8.68639E-01  2.62110E-25  9.36011E-09  0.00000E+00  1.0E-07
  1.380E+02  8.71572E-01  2.55103E-25  9.10989E-09  0.00000E+00  1.0E-07
  1.385E+02  8.74478E-01  2.48241E-25  8.86485E-09  0.00000E+00  1.0E-07
  1.390E+02  8.77355E-01  2.41521E-25  8.62488E-09  0.00000E+00  1.0E-07
  1.395E+02  8.80203E-01  2.34941E-25  8.38990E-09  0.00000E+00  1.0E-07
  1.400E+02  8.83022E-01  2.28498E-25  8.15981E-09  0.00000E+00  1.0E-07
  1.405E+02  8.85812E-01  2.22189E-25  7.93451E-09  0.00000E+00  1.0E-07
  1.410E+02  8.88573E-01  2.16012E-25  7.71392E-09  0.00000E+00  1.0E-07
  1.415E+02  8.91304E-01  2.09964E-25  7.49796E-09  0.00000E+00  1.0E-07
  1.420E+02  8.94005E-01  2.04044E-25  7.28653E-09  0.00000E+00  1.0E-07
  1.425E+02  8.96677E-01  1.98248E-25  7.07955E-09  0.00000E+00  1.0E-07
  1.430E+02  8.99318E-01  1.92574E-25  6.87696E-09  0.00000E+00  1.0E-07
  1.435E+02  9.01928E-01  1.87021E-25  6.67866E-09  0.00000E+00  1.0E-07
  1.440E+02  9.04508E-01  1.81587E-25  6.48458E-09  0.00000E+00  1.0E-07
  1.445E+02  9.07058E-01  1.76268E-25  6.29465E-09  0.00000E+00  1.0E-07
  1.450E+02  9.09576E-01  1.71064E-25  6.10880E-09  0.00000E+00  1.0E-07
  1.455E+02  9.12063E-01  1.65971E-25  5.92695E-09  0.00000E+00  1.0E-07
  1.460E+02  9.14519E-01  1.60989E-25  5.74904E-09  0.00000E+00  1.0E-07
  1.465E+02  9.16943E-01  1.56116E-25  5.57500E-09  0.00000E+00  1.0E-07
  1.470E+02  9.19335E-01  1.51349E-25  5.40476E-09  0.00000E+00  1.0E-07
  1.475E+02  9.21696E-01  1.46686E-25  5.23827E-09  0.00000E+00  1.0E-07
  1.480E+02  9.24024E-01  1.42127E-25  5.07545E-09  0.00000E+00  1.0E-07
  1.485E+02  9.26320E-01  1.37669E-25  4.91626E-09  0.00000E+00  1.0E-07
  1.490E+02  9.28584E-01  1.33311E-25  4.76062E-09  0.00000E+00  1.0E-07
  1.495E+02  9.30815E-01  1.29051E-25  4.60849E-09  0.00000E+00  1.0E-07
  1.500E+02  9.33013E-01  1.24887E-25  4.45981E-09  0.00000E+00  1.0E-07
  1.505E+02  9.35178E-01  1.20819E-25  4.31452E-09  0.00000E+00  1.0E-07
  1.510E+02  9.37310E-01  1.16844E-25  4.17258E-09  0.00000E+00  1.0E-07
  1.515E+02  9.39409E-01  1.12961E-25  4.03393E-09  0.00000E+00  1.0E-07
  1.520E+02  9.41474E-01  1.09170E-25  3.89852E-09  0.00000E+00  1.0E-07
  1.525E+02  9.43505E-01  1.05467E-25  3.76630E-09  0.00000E+00  1.0E-07
  1.530E+02  9.45503E-01  1.01853E-25  3.63722E-09  0.00000E+00  1.0E-07
  1.535E+02  9.47467E-01  9.83250E-26  3.51125E-09  0.00000E+00  1.0E-07
  1.540E+02  9.49397E-01  9.48829E-26  3.38833E-09  0.00000E+00  1.0E-07
  1.545E+02  9.51293E-01  9.15252E-26  3.26842E-09  0.00000E+00  1.0E-07
  1.550E+02  9.53154E-01  8.82506E-26  3.15149E-09  0.00000E+00  1.0E-07
  1.555E+02  9.54981E-01  8.50580E-26  3.03748E-09  0.00000E+00  1.0E-07
  1.560E+02  9.56773E-01  8.19464E-26  2.92636E-09  0.00000E+00  1.0E-07
  1.565E+02  9.58530E-01  7.89145E-26  2.81809E-09  0.00000E+00  1.0E-07
  1.570E+02  9.60252E-01  7.59614E-26  2.71263E-09  0.00000E+00  1.0E-07
  1.575E+02  9.61940E-01  7.30861E-26  2.60995E-09  0.00000E+00  1.0E-07
  1.580E+02  9.63592E-01  7.02874E-26  2.51001E-09  0.00000E+00  1.0E-07
  1.585E+02  9.65209E-01  6.75646E-26  2.41278E-09  0.00000E+00  1.0E-07
  1.590E+02  9.66790E-01  6.49166E-26  2.31821E-09  0.00000E+00  1.0E-07
  1.595E+02  9.68336E-01  6.23426E-26  2.22629E-09  0.00000E+00  1.0E-07
  1.600E+02  9.69846E-01  5.98416E-26  2.13698E-09  0.00000E+00  1.0E-07
  1.605E+02  9.71321E-01  5.74128E-26  2.05025E-09  0.00000E+00  1.0E-07
  1.610E+02  9.72759E-01  5.50554E-26  1.96606E-09  0.00000E+00  1.0E-07
  1.615E+02  9.74162E-01  5.27685E-26  1.88440E-09  0.00000E+00  1.0E-07
  1.620E+02  9.75528E-01  5.05515E-26  1.80523E-09  0.00000E+00  1.0E-07
  1.625E+02  9.76858E-01  4.84036E-26  1.72852E-09  0.00000E+00  1.0E-07
  1.630E+02  9.78152E-01  4.63240E-26  1.65426E-09  0.00000E+00  1.0E-07
  1.635E+02  9.79410E-01  4.43120E-26  1.58241E-09  0.00000E+00  1.0E-07
  1.640E+02  9.80631E-01  4.23670E-26  1.51295E-09  0.00000E+00  1.0E-07
  1.645E+02  9.81815E-01  4.04883E-26  1.44586E-09  0.00000E+00  1.0E-07
  1.650E+02  9.82963E-01  3.86753E-26  1.38112E-09  0.00000E+00  1.0E-07
  1.655E+02  9.84074E-01  3.69273E-26  1.31870E-09  0.00000E+00  1.0E-07
  1.660E+02  9.85148E-01  3.52439E-26  1.25858E-09  0.00000E+00  1.0E-07
  1.665E+02  9.86185E-01  3.36245E-26  1.20075E-09  0.00000E+00  1.0E-07
  1.670E+02  9.87185E-01  3.20684E-26  1.14518E-09  0.00000E+00  1.0E-07
  1.675E+02  9.88148E-01  3.05752E-26  1.09186E-09  0.00000E+00  1.0E-07
  1.680E+02  9.89074E-01  2.91445E-26  1.04077E-09  0.00000E+00  1.0E-07
  1.685E+02  9.89962E-01  2.77757E-26  9.91887E-10  0.00000E+00  1.0E-07
  1.690E+02  9.90814E-01  2.64683E-26  9.45201E-10  0.00000E+00  1.0E-07
  1.695E+02  9.91627E-01  2.52221E-26  9.00696E-10  0.00000E+00  1.0E-07
  1.700E+02  9.92404E-01  2.40364E-26  8.58356E-10  0.00000E+00  1.0E-07
  1.705E+02  9.93143E-01  2.29111E-26  8.18168E-10  0.00000E+00  1.0E-07
  1.710E+02  9.93844E-01  2.18456E-26  7.80119E-10  0.00000E+00  1.0E-07
  1.715E+02  9.94508E-01  2.08396E-26  7.44197E-10  0.00000E+00  1.0E-07
  1.720E+02  9.95134E-01  1.98929E-26  7.10388E-10  0.00000E+00  1.0E-07
  1.725E+02  9.95722E-01  1.90051E-26  6.78684E-10  0.00000E+00  1.0E-07
  1.730E+02  9.96273E-01  1.81759E-26  6.49072E-10  0.00000E+00  1.0E-07
  1.735E+02  9.96786E-01  1.74050E-26  6.21545E-10  0.00000E+00  1.0E-07
  1.740E+02  9.97261E-01  1.66923E-26  5.96092E-10  0.00000E+00  1.0E-07
  1.745E+02  9.97698E-01  1.60374E-26  5.72705E-10  0.00000E+00  1.0E-07
  1.750E+02  9.98097E-01  1.54401E-26  5.51378E-10  0.00000E+00  1.0E-07
  1.755E+02  9.98459E-01  1.49004E-26  5.32102E-10  0.00000E+00  1.0E-07
  1.760E+02  9.98782E-01  1.44179E-26  5.14872E-10  0.00000E+00  1.0E-07
  1.765E+02  9.99067E-01  1.39925E-26  4.99682E-10  0.00000E+00  1.0E-07
  1.770E+02  9.99315E-01  1.36242E-26  4.86527E-10  0.00000E+00  1.0E-07
  1.775E+02  9.99524E-01  1.33127E-26  4.75404E-10  0.00000E+00  1.0E-07
  1.780E+02  9.99695E-01  1.30579E-26  4.66308E-10  0.00000E+00  1.0E-07
  1.785E+02  9.99829E-01  1.28599E-26  4.59236E-10  0.00000E+00  1.0E-07
  1.790E+02  9.99924E-01  1.27185E-26  4.54186E-10  0.00000E+00  1.0E-07
  1.795E+02  9.99981E-01  1.26337E-26  4.51157E-10  0.00000E+00  1.0E-07
  1.800E+02  1.00000E+00  1.26054E-26  4.50147E-10  0.00000E+00  1.0E-07
