 #
 # Subroutine ELSEPA. Elastic scattering of electrons and positrons
 #                    by neutral atoms and positive ions
 #
 # Projectile: electron
 # Kinetic energy = 3.70000E+06 eV = 1.35973E+05 a.u.
 #
 # WARNING: High-energy factorization with free-atom DF screening.
 #          Absorption, polarization and exchange corrections are
 #          switched off.
 #          Phase shifts are calculated for the bare nucleus.
 #          Scattering amplitudes are not evaluated.
 #
 # Element: Al,  Z =  13,  atomic weight = 2.69815E+01 g/mol
 #
 # Nuclear model: Fermi distribution
 #                Average radius = 3.20927E-13 cm
 #                Skin thickness = 5.46000E-14 cm
 #
 # Number of electrons = 13
 #
 # Total elastic cross section = 7.84625E-19 cm**2 = 2.80195E-02 a0**2
 # 1st transport cross section = 1.47039E-23 cm**2 = 5.25088E-07 a0**2
 # 2nd transport cross section = 4.19471E-23 cm**2 = 1.49796E-06 a0**2
 #
 #
 # Differential cross section:                       MU=(1-COS(THETA))/2
 #
 #  THETA        MU          DCS          DCS        Sherman      error
 #  (deg)                 (cm**2/sr)   (a0**2/sr)    function
 #----------------------------------------------------------------------
  0.000E+00  0.00000E+00  2.35522E-13  8.41064E+03  0.00000E+00  1.0E-05
  1.000E-04  7.61557E-13  2.35520E-13  8.41058E+03  0.00000E+00  1.0E-05
  1.250E-04  1.18994E-12  2.35519E-13  8.41055E+03  0.00000E+00  1.0E-05
  1.500E-04  1.71346E-12  2.35518E-13  8.41051E+03  0.00000E+00  1.0E-05
  1.750E-04  2.33225E-12  2.35517E-13  8.41046E+03  0.00000E+00  1.0E-05
  2.000E-04  3.04617E-12  2.35515E-13  8.41041E+03  0.00000E+00  1.0E-05
  2.250E-04  3.85530E-12  2.35514E-13  8.41035E+03  0.00000E+00  1.0E-05
  2.500E-04  4.75964E-12  2.35512E-13  8.41028E+03  0.00000E+00  1.0E-05
  2.750E-04  5.75917E-12  2.35510E-13  8.41021E+03  0.00000E+00  1.0E-05
  3.000E-04  6.85391E-12  2.35507E-13  8.41012E+03  0.00000E+00  1.0E-05
  3.250E-04  8.04379E-12  2.35505E-13  8.41004E+03  0.00000E+00  1.0E-05
  3.500E-04  9.32893E-12  2.35502E-13  8.40994E+03  0.00000E+00  1.0E-05
  3.750E-04  1.07092E-11  2.35499E-13  8.40984E+03  0.00000E+00  1.0E-05
  4.000E-04  1.21847E-11  2.35496E-13  8.40973E+03  0.00000E+00  1.0E-05
  4.250E-04  1.37554E-11  2.35493E-13  8.40961E+03  0.00000E+00  1.0E-05
  4.500E-04  1.54213E-11  2.35490E-13  8.40949E+03  0.00000E+00  1.0E-05
  4.750E-04  1.71823E-11  2.35486E-13  8.40936E+03  0.00000E+00  1.0E-05
  5.000E-04  1.90386E-11  2.35482E-13  8.40922E+03  0.00000E+00  1.0E-05
  5.250E-04  2.09900E-11  2.35478E-13  8.40907E+03  0.00000E+00  1.0E-05
  5.500E-04  2.30367E-11  2.35474E-13  8.40892E+03  0.00000E+00  1.0E-05
  5.750E-04  2.51785E-11  2.35469E-13  8.40876E+03  0.00000E+00  1.0E-05
  6.000E-04  2.74156E-11  2.35465E-13  8.40860E+03  0.00000E+00  1.0E-05
  6.250E-04  2.97478E-11  2.35460E-13  8.40842E+03  0.00000E+00  1.0E-05
  6.500E-04  3.21752E-11  2.35455E-13  8.40824E+03  0.00000E+00  1.0E-05
  6.750E-04  3.46979E-11  2.35450E-13  8.40806E+03  0.00000E+00  1.0E-05
  7.000E-04  3.73157E-11  2.35444E-13  8.40786E+03  0.00000E+00  1.0E-05
  7.250E-04  4.00286E-11  2.35438E-13  8.40766E+03  0.00000E+00  1.0E-05
  7.500E-04  4.28368E-11  2.35433E-13  8.40745E+03  0.00000E+00  1.0E-05
  7.750E-04  4.57402E-11  2.35427E-13  8.40724E+03  0.00000E+00  1.0E-05
  8.000E-04  4.87388E-11  2.35420E-13  8.40702E+03  0.00000E+00  1.0E-05
  8.250E-04  5.18325E-11  2.35414E-13  8.40679E+03  0.00000E+00  1.0E-05
  8.500E-04  5.50215E-11  2.35407E-13  8.40655E+03  0.00000E+00  1.0E-05
  8.750E-04  5.83057E-11  2.35401E-13  8.40631E+03  0.00000E+00  1.0E-05
  9.000E-04  6.16850E-11  2.35394E-13  8.40606E+03  0.00000E+00  1.0E-05
  9.250E-04  6.51595E-11  2.35386E-13  8.40580E+03  0.00000E+00  1.0E-05
  9.500E-04  6.87293E-11  2.35379E-13  8.40553E+03  0.00000E+00  1.0E-05
  9.750E-04  7.23943E-11  2.35371E-13  8.40526E+03  0.00000E+00  1.0E-05
  1.000E-03  7.61544E-11  2.35364E-13  8.40499E+03  0.00000E+00  1.0E-05
  1.250E-03  1.18991E-10  2.35275E-13  8.40182E+03  0.00000E+00  1.0E-05
  1.500E-03  1.71347E-10  2.35167E-13  8.39795E+03  0.00000E+00  1.0E-05
  1.750E-03  2.33223E-10  2.35039E-13  8.39338E+03  0.00000E+00  1.0E-05
  2.000E-03  3.04617E-10  2.34891E-13  8.38812E+03  0.00000E+00  1.0E-05
  2.250E-03  3.85531E-10  2.34725E-13  8.38217E+03  0.00000E+00  1.0E-05
  2.500E-03  4.75965E-10  2.34538E-13  8.37552E+03  0.00000E+00  1.0E-05
  2.750E-03  5.75917E-10  2.34333E-13  8.36818E+03  0.00000E+00  1.0E-05
  3.000E-03  6.85389E-10  2.34108E-13  8.36015E+03  0.00000E+00  1.0E-05
  3.250E-03  8.04380E-10  2.33864E-13  8.35144E+03  0.00000E+00  1.0E-05
  3.500E-03  9.32891E-10  2.33601E-13  8.34205E+03  0.00000E+00  1.0E-05
  3.750E-03  1.07092E-09  2.33319E-13  8.33198E+03  0.00000E+00  1.0E-05
  4.000E-03  1.21847E-09  2.33018E-13  8.32123E+03  0.00000E+00  1.0E-05
  4.250E-03  1.37554E-09  2.32699E-13  8.30982E+03  0.00000E+00  1.0E-05
  4.500E-03  1.54213E-09  2.32360E-13  8.29773E+03  0.00000E+00  1.0E-05
  4.750E-03  1.71823E-09  2.32003E-13  8.28499E+03  0.00000E+00  1.0E-05
  5.000E-03  1.90386E-09  2.31628E-13  8.27159E+03  0.00000E+00  1.0E-05
  5.250E-03  2.09900E-09  2.31235E-13  8.25754E+03  0.00000E+00  1.0E-05
  5.500E-03  2.30367E-09  2.30823E-13  8.24283E+03  0.00000E+00  1.0E-05
  5.750E-03  2.51785E-09  2.30393E-13  8.22749E+03  0.00000E+00  1.0E-05
  6.000E-03  2.74156E-09  2.29946E-13  8.21151E+03  0.00000E+00  1.0E-05
  6.250E-03  2.97478E-09  2.29480E-13  8.19489E+03  0.00000E+00  1.0E-05
  6.500E-03  3.21752E-09  2.28998E-13  8.17765E+03  0.00000E+00  1.0E-05
  6.750E-03  3.46978E-09  2.28498E-13  8.15980E+03  0.00000E+00  1.0E-05
  7.000E-03  3.73156E-09  2.27980E-13  8.14132E+03  0.00000E+00  1.0E-05
  7.250E-03  4.00286E-09  2.27446E-13  8.12224E+03  0.00000E+00  1.0E-05
  7.500E-03  4.28368E-09  2.26895E-13  8.10256E+03  0.00000E+00  1.0E-05
  7.750E-03  4.57402E-09  2.26327E-13  8.08229E+03  0.00000E+00  1.0E-05
  8.000E-03  4.87388E-09  2.25743E-13  8.06142E+03  0.00000E+00  1.0E-05
  8.250E-03  5.18326E-09  2.25142E-13  8.03998E+03  0.00000E+00  1.0E-05
  8.500E-03  5.50215E-09  2.24526E-13  8.01798E+03  0.00000E+00  1.0E-05
  8.750E-03  5.83057E-09  2.23894E-13  7.99539E+03  0.00000E+00  1.0E-05
  9.000E-03  6.16850E-09  2.23246E-13  7.97225E+03  0.00000E+00  1.0E-05
  9.250E-03  6.51596E-09  2.22583E-13  7.94857E+03  0.00000E+00  1.0E-05
  9.500E-03  6.87293E-09  2.21904E-13  7.92434E+03  0.00000E+00  1.0E-05
  9.750E-03  7.23942E-09  2.21210E-13  7.89956E+03  0.00000E+00  1.0E-05
  1.000E-02  7.61544E-09  2.20502E-13  7.87428E+03  0.00000E+00  1.0E-05
  1.250E-02  1.18991E-08  2.12663E-13  7.59432E+03  0.00000E+00  1.0E-05
  1.500E-02  1.71347E-08  2.03621E-13  7.27145E+03  0.00000E+00  1.0E-05
  1.750E-02  2.33223E-08  1.93643E-13  6.91510E+03  0.00000E+00  1.0E-05
  2.000E-02  3.04617E-08  1.82993E-13  6.53481E+03  0.00000E+00  1.0E-05
  2.250E-02  3.85531E-08  1.71930E-13  6.13972E+03  0.00000E+00  1.0E-05
  2.500E-02  4.75965E-08  1.60688E-13  5.73828E+03  0.00000E+00  1.0E-05
  2.750E-02  5.75917E-08  1.49477E-13  5.33791E+03  0.00000E+00  1.0E-05
  3.000E-02  6.85389E-08  1.38471E-13  4.94488E+03  0.00000E+00  1.0E-05
  3.250E-02  8.04380E-08  1.27812E-13  4.56427E+03  0.00000E+00  1.0E-05
  3.500E-02  9.32891E-08  1.17567E-13  4.19840E+03  0.00000E+00  1.0E-05
  3.750E-02  1.07092E-07  1.07848E-13  3.85131E+03  0.00000E+00  1.0E-05
  4.000E-02  1.21847E-07  9.87857E-14  3.52770E+03  0.00000E+00  1.0E-05
  4.250E-02  1.37554E-07  9.03911E-14  3.22793E+03  0.00000E+00  1.0E-05
  4.500E-02  1.54213E-07  8.25013E-14  2.94617E+03  0.00000E+00  1.0E-05
  4.750E-02  1.71823E-07  7.52686E-14  2.68789E+03  0.00000E+00  1.0E-05
  5.000E-02  1.90386E-07  6.86635E-14  2.45202E+03  0.00000E+00  1.0E-05
  5.250E-02  2.09900E-07  6.26084E-14  2.23579E+03  0.00000E+00  1.0E-05
  5.500E-02  2.30367E-07  5.70823E-14  2.03844E+03  0.00000E+00  1.0E-05
  5.750E-02  2.51785E-07  5.20726E-14  1.85955E+03  0.00000E+00  1.0E-05
  6.000E-02  2.74156E-07  4.75344E-14  1.69748E+03  0.00000E+00  1.0E-05
  6.250E-02  2.97478E-07  4.34187E-14  1.55051E+03  0.00000E+00  1.0E-05
  6.500E-02  3.21752E-07  3.96980E-14  1.41764E+03  0.00000E+00  1.0E-05
  6.750E-02  3.46978E-07  3.63352E-14  1.29755E+03  0.00000E+00  1.0E-05
  7.000E-02  3.73156E-07  3.33050E-14  1.18934E+03  0.00000E+00  1.0E-05
  7.250E-02  4.00286E-07  3.05675E-14  1.09159E+03  0.00000E+00  1.0E-05
  7.500E-02  4.28368E-07  2.80910E-14  1.00315E+03  0.00000E+00  1.0E-05
  7.750E-02  4.57402E-07  2.58570E-14  9.23371E+02  0.00000E+00  1.0E-05
  8.000E-02  4.87388E-07  2.38447E-14  8.51509E+02  0.00000E+00  1.0E-05
  8.250E-02  5.18325E-07  2.20196E-14  7.86335E+02  0.00000E+00  1.0E-05
  8.500E-02  5.50215E-07  2.03628E-14  7.27170E+02  0.00000E+00  1.0E-05
  8.750E-02  5.83057E-07  1.88752E-14  6.74047E+02  0.00000E+00  1.0E-05
  9.000E-02  6.16850E-07  1.75217E-14  6.25711E+02  0.00000E+00  1.0E-05
  9.250E-02  6.51596E-07  1.62885E-14  5.81672E+02  0.00000E+00  1.0E-05
  9.500E-02  6.87293E-07  1.51719E-14  5.41798E+02  0.00000E+00  1.0E-05
  9.750E-02  7.23942E-07  1.41576E-14  5.05577E+02  0.00000E+00  1.0E-05
  1.000E-01  7.61543E-07  1.32297E-14  4.72442E+02  0.00000E+00  1.0E-05
  1.250E-01  1.18991E-06  7.30936E-15  2.61022E+02  0.00000E+00  1.0E-05
  1.500E-01  1.71347E-06  4.55181E-15  1.62548E+02  0.00000E+00  1.0E-05
  1.750E-01  2.33223E-06  3.06037E-15  1.09288E+02  0.00000E+00  1.0E-05
  2.000E-01  3.04617E-06  2.15622E-15  7.70000E+01  0.00000E+00  1.0E-05
  2.250E-01  3.85531E-06  1.56475E-15  5.58783E+01  0.00000E+00  1.0E-05
  2.500E-01  4.75964E-06  1.15857E-15  4.13732E+01  0.00000E+00  1.0E-05
  2.750E-01  5.75916E-06  8.71026E-16  3.11049E+01  0.00000E+00  1.0E-05
  3.000E-01  6.85388E-06  6.63328E-16  2.36879E+01  0.00000E+00  1.0E-05
  3.250E-01  8.04378E-06  5.11034E-16  1.82494E+01  0.00000E+00  1.0E-05
  3.500E-01  9.32888E-06  3.97280E-16  1.41871E+01  0.00000E+00  1.0E-05
  3.750E-01  1.07092E-05  3.13203E-16  1.11847E+01  0.00000E+00  1.0E-05
  4.000E-01  1.21846E-05  2.48739E-16  8.88263E+00  0.00000E+00  1.0E-05
  4.250E-01  1.37553E-05  1.99681E-16  7.13073E+00  0.00000E+00  1.0E-05
  4.500E-01  1.54212E-05  1.61890E-16  5.78121E+00  0.00000E+00  1.0E-05
  4.750E-01  1.71822E-05  1.32420E-16  4.72881E+00  0.00000E+00  1.0E-05
  5.000E-01  1.90385E-05  1.09160E-16  3.89818E+00  0.00000E+00  1.0E-05
  5.250E-01  2.09899E-05  9.07608E-17  3.24113E+00  0.00000E+00  1.0E-05
  5.500E-01  2.30365E-05  7.60537E-17  2.71593E+00  0.00000E+00  1.0E-05
  5.750E-01  2.51783E-05  6.41837E-17  2.29204E+00  0.00000E+00  1.0E-05
  6.000E-01  2.74153E-05  5.45306E-17  1.94732E+00  0.00000E+00  1.0E-05
  6.250E-01  2.97475E-05  4.66317E-17  1.66525E+00  0.00000E+00  1.0E-05
  6.500E-01  3.21749E-05  4.01190E-17  1.43268E+00  0.00000E+00  1.0E-05
  6.750E-01  3.46974E-05  3.47085E-17  1.23946E+00  0.00000E+00  1.0E-05
  7.000E-01  3.73152E-05  3.01869E-17  1.07799E+00  0.00000E+00  1.0E-05
  7.250E-01  4.00281E-05  2.63855E-17  9.42244E-01  0.00000E+00  1.0E-05
  7.500E-01  4.28362E-05  2.31705E-17  8.27435E-01  0.00000E+00  1.0E-05
  7.750E-01  4.57395E-05  2.04348E-17  7.29739E-01  0.00000E+00  1.0E-05
  8.000E-01  4.87380E-05  1.80957E-17  6.46210E-01  0.00000E+00  1.0E-05
  8.250E-01  5.18317E-05  1.60860E-17  5.74443E-01  0.00000E+00  1.0E-05
  8.500E-01  5.50205E-05  1.43512E-17  5.12490E-01  0.00000E+00  1.0E-05
  8.750E-01  5.83045E-05  1.28459E-17  4.58737E-01  0.00000E+00  1.0E-05
  9.000E-01  6.16838E-05  1.15354E-17  4.11937E-01  0.00000E+00  1.0E-05
  9.250E-01  6.51582E-05  1.03899E-17  3.71029E-01  0.00000E+00  1.0E-05
  9.500E-01  6.87277E-05  9.38458E-18  3.35130E-01  0.00000E+00  1.0E-05
  9.750E-01  7.23925E-05  8.49884E-18  3.03499E-01  0.00000E+00  1.0E-05
  1.000E+00  7.61524E-05  7.71633E-18  2.75555E-01  0.00000E+00  3.1E-05
  1.100E+00  9.21439E-05  5.36372E-18  1.91542E-01  0.00000E+00  2.2E-05
  1.200E+00  1.09658E-04  3.84677E-18  1.37371E-01  0.00000E+00  1.2E-05
  1.300E+00  1.28695E-04  2.83139E-18  1.01111E-01  0.00000E+00  1.7E-06
  1.400E+00  1.49255E-04  2.13021E-18  7.60712E-02  0.00000E+00  5.8E-06
  1.500E+00  1.71338E-04  1.63314E-18  5.83205E-02  0.00000E+00  9.3E-06
  1.600E+00  1.94942E-04  1.27272E-18  4.54497E-02  0.00000E+00  9.5E-06
  1.700E+00  2.20070E-04  1.00623E-18  3.59332E-02  0.00000E+00  7.3E-06
  1.800E+00  2.46720E-04  8.05779E-19  2.87749E-02  0.00000E+00  3.8E-06
  1.900E+00  2.74892E-04  6.52688E-19  2.33079E-02  0.00000E+00  2.3E-07
  2.000E+00  3.04586E-04  5.34169E-19  1.90755E-02  0.00000E+00  2.7E-06
  2.100E+00  3.35803E-04  4.41281E-19  1.57584E-02  0.00000E+00  4.2E-06
  2.200E+00  3.68542E-04  3.67667E-19  1.31296E-02  0.00000E+00  4.3E-06
  2.300E+00  4.02802E-04  3.08733E-19  1.10251E-02  0.00000E+00  3.3E-06
  2.400E+00  4.38585E-04  2.61112E-19  9.32449E-03  0.00000E+00  1.7E-06
  2.500E+00  4.75889E-04  2.22302E-19  7.93856E-03  0.00000E+00  2.0E-07
  2.600E+00  5.14715E-04  1.90422E-19  6.80011E-03  0.00000E+00  1.6E-06
  2.700E+00  5.55063E-04  1.64044E-19  5.85810E-03  0.00000E+00  2.3E-06
  2.800E+00  5.96931E-04  1.42067E-19  5.07332E-03  0.00000E+00  2.3E-06
  2.900E+00  6.40321E-04  1.23643E-19  4.41538E-03  0.00000E+00  1.8E-06
  3.000E+00  6.85233E-04  1.08105E-19  3.86051E-03  0.00000E+00  8.3E-07
  3.100E+00  7.31665E-04  9.49288E-20  3.38997E-03  0.00000E+00  2.6E-07
  3.200E+00  7.79618E-04  8.36969E-20  2.98887E-03  0.00000E+00  1.1E-06
  3.300E+00  8.29092E-04  7.40756E-20  2.64529E-03  0.00000E+00  1.5E-06
  3.400E+00  8.80086E-04  6.57961E-20  2.34962E-03  0.00000E+00  1.4E-06
  3.500E+00  9.32601E-04  5.86402E-20  2.09408E-03  0.00000E+00  1.1E-06
  3.600E+00  9.86636E-04  5.24303E-20  1.87232E-03  0.00000E+00  4.5E-07
  3.700E+00  1.04219E-03  4.70205E-20  1.67913E-03  0.00000E+00  2.5E-07
  3.800E+00  1.09927E-03  4.22902E-20  1.51021E-03  0.00000E+00  7.5E-07
  3.900E+00  1.15786E-03  3.81398E-20  1.36200E-03  0.00000E+00  9.9E-07
  4.000E+00  1.21797E-03  3.44859E-20  1.23151E-03  0.00000E+00  9.4E-07
  4.100E+00  1.27961E-03  3.12590E-20  1.11628E-03  0.00000E+00  6.7E-07
  4.200E+00  1.34276E-03  2.84008E-20  1.01421E-03  0.00000E+00  2.5E-07
  4.300E+00  1.40743E-03  2.58619E-20  9.23544E-04  0.00000E+00  2.4E-07
  4.400E+00  1.47362E-03  2.36004E-20  8.42785E-04  0.00000E+00  5.6E-07
  4.500E+00  1.54133E-03  2.15807E-20  7.70662E-04  0.00000E+00  7.0E-07
  4.600E+00  1.61056E-03  1.97726E-20  7.06091E-04  0.00000E+00  6.5E-07
  4.700E+00  1.68131E-03  1.81499E-20  6.48143E-04  0.00000E+00  4.4E-07
  4.800E+00  1.75357E-03  1.66903E-20  5.96021E-04  0.00000E+00  1.4E-07
  4.900E+00  1.82735E-03  1.53746E-20  5.49036E-04  0.00000E+00  2.1E-07
  5.000E+00  1.90265E-03  1.41860E-20  5.06591E-04  0.00000E+00  4.4E-07
  5.100E+00  1.97947E-03  1.31101E-20  4.68172E-04  0.00000E+00  5.2E-07
  5.200E+00  2.05780E-03  1.21344E-20  4.33327E-04  0.00000E+00  4.7E-07
  5.300E+00  2.13765E-03  1.12478E-20  4.01666E-04  0.00000E+00  3.0E-07
  5.400E+00  2.21902E-03  1.04407E-20  3.72846E-04  0.00000E+00  1.0E-07
  5.500E+00  2.30190E-03  9.70484E-21  3.46566E-04  0.00000E+00  1.9E-07
  5.600E+00  2.38630E-03  9.03267E-21  3.22563E-04  0.00000E+00  3.5E-07
  5.700E+00  2.47222E-03  8.41773E-21  3.00603E-04  0.00000E+00  4.0E-07
  5.800E+00  2.55965E-03  7.85428E-21  2.80481E-04  0.00000E+00  3.5E-07
  5.900E+00  2.64859E-03  7.33722E-21  2.62017E-04  0.00000E+00  2.1E-07
  6.000E+00  2.73905E-03  6.86205E-21  2.45048E-04  0.00000E+00  1.0E-07
  6.100E+00  2.83103E-03  6.42476E-21  2.29432E-04  0.00000E+00  1.7E-07
  6.200E+00  2.92452E-03  6.02177E-21  2.15041E-04  0.00000E+00  2.8E-07
  6.300E+00  3.01952E-03  5.64992E-21  2.01762E-04  0.00000E+00  3.1E-07
  6.400E+00  3.11604E-03  5.30635E-21  1.89493E-04  0.00000E+00  2.6E-07
  6.500E+00  3.21407E-03  4.98853E-21  1.78144E-04  0.00000E+00  1.5E-07
  6.600E+00  3.31362E-03  4.69418E-21  1.67632E-04  0.00000E+00  1.0E-07
  6.700E+00  3.41468E-03  4.42123E-21  1.57885E-04  0.00000E+00  1.5E-07
  6.800E+00  3.51725E-03  4.16786E-21  1.48837E-04  0.00000E+00  2.3E-07
  6.900E+00  3.62133E-03  3.93239E-21  1.40428E-04  0.00000E+00  2.5E-07
  7.000E+00  3.72692E-03  3.71334E-21  1.32606E-04  0.00000E+00  2.0E-07
  7.100E+00  3.83403E-03  3.50934E-21  1.25321E-04  0.00000E+00  1.1E-07
  7.200E+00  3.94265E-03  3.31918E-21  1.18530E-04  0.00000E+00  1.0E-07
  7.300E+00  4.05278E-03  3.14173E-21  1.12193E-04  0.00000E+00  1.4E-07
  7.400E+00  4.16442E-03  2.97600E-21  1.06275E-04  0.00000E+00  1.9E-07
  7.500E+00  4.27757E-03  2.82107E-21  1.00742E-04  0.00000E+00  2.0E-07
  7.600E+00  4.39223E-03  2.67610E-21  9.55653E-05  0.00000E+00  1.6E-07
  7.700E+00  4.50840E-03  2.54033E-21  9.07170E-05  0.00000E+00  1.0E-07
  7.800E+00  4.62608E-03  2.41308E-21  8.61726E-05  0.00000E+00  1.0E-07
  7.900E+00  4.74527E-03  2.29370E-21  8.19095E-05  0.00000E+00  1.2E-07
  8.000E+00  4.86597E-03  2.18162E-21  7.79072E-05  0.00000E+00  1.6E-07
  8.100E+00  4.98817E-03  2.07632E-21  7.41466E-05  0.00000E+00  1.6E-07
  8.200E+00  5.11188E-03  1.97729E-21  7.06105E-05  0.00000E+00  1.2E-07
  8.300E+00  5.23711E-03  1.88411E-21  6.72829E-05  0.00000E+00  1.0E-07
  8.400E+00  5.36383E-03  1.79636E-21  6.41492E-05  0.00000E+00  1.0E-07
  8.500E+00  5.49207E-03  1.71367E-21  6.11962E-05  0.00000E+00  1.1E-07
  8.600E+00  5.62181E-03  1.63568E-21  5.84113E-05  0.00000E+00  1.4E-07
  8.700E+00  5.75306E-03  1.56209E-21  5.57832E-05  0.00000E+00  1.3E-07
  8.800E+00  5.88581E-03  1.49259E-21  5.33015E-05  0.00000E+00  1.0E-07
  8.900E+00  6.02007E-03  1.42693E-21  5.09564E-05  0.00000E+00  1.0E-07
  9.000E+00  6.15583E-03  1.36483E-21  4.87391E-05  0.00000E+00  1.0E-07
  9.100E+00  6.29310E-03  1.30609E-21  4.66412E-05  0.00000E+00  1.0E-07
  9.200E+00  6.43187E-03  1.25046E-21  4.46548E-05  0.00000E+00  1.2E-07
  9.300E+00  6.57214E-03  1.19777E-21  4.27732E-05  0.00000E+00  1.1E-07
  9.400E+00  6.71392E-03  1.14783E-21  4.09897E-05  0.00000E+00  1.0E-07
  9.500E+00  6.85720E-03  1.10047E-21  3.92984E-05  0.00000E+00  1.0E-07
  9.600E+00  7.00198E-03  1.05553E-21  3.76935E-05  0.00000E+00  1.0E-07
  9.700E+00  7.14827E-03  1.01286E-21  3.61698E-05  0.00000E+00  1.0E-07
  9.800E+00  7.29605E-03  9.72329E-22  3.47225E-05  0.00000E+00  1.0E-07
  9.900E+00  7.44534E-03  9.33809E-22  3.33469E-05  0.00000E+00  1.0E-07
  1.000E+01  7.59612E-03  8.97181E-22  3.20389E-05  0.00000E+00  1.0E-07
  1.025E+01  7.97965E-03  8.13177E-22  2.90391E-05  0.00000E+00  1.0E-07
  1.050E+01  8.37255E-03  7.38792E-22  2.63827E-05  0.00000E+00  1.0E-07
  1.075E+01  8.77480E-03  6.72731E-22  2.40237E-05  0.00000E+00  1.0E-07
  1.100E+01  9.18641E-03  6.13902E-22  2.19228E-05  0.00000E+00  1.0E-07
  1.125E+01  9.60736E-03  5.61373E-22  2.00470E-05  0.00000E+00  1.0E-07
  1.150E+01  1.00376E-02  5.14351E-22  1.83678E-05  0.00000E+00  1.0E-07
  1.175E+01  1.04773E-02  4.72157E-22  1.68610E-05  0.00000E+00  1.0E-07
  1.200E+01  1.09262E-02  4.34208E-22  1.55059E-05  0.00000E+00  1.0E-07
  1.225E+01  1.13844E-02  4.00002E-22  1.42843E-05  0.00000E+00  1.0E-07
  1.250E+01  1.18520E-02  3.69102E-22  1.31809E-05  0.00000E+00  1.0E-07
  1.275E+01  1.23288E-02  3.41133E-22  1.21821E-05  0.00000E+00  1.0E-07
  1.300E+01  1.28150E-02  3.15768E-22  1.12763E-05  0.00000E+00  1.0E-07
  1.325E+01  1.33104E-02  2.92719E-22  1.04532E-05  0.00000E+00  1.0E-07
  1.350E+01  1.38150E-02  2.71739E-22  9.70396E-06  0.00000E+00  1.0E-07
  1.375E+01  1.43290E-02  2.52607E-22  9.02075E-06  0.00000E+00  1.0E-07
  1.400E+01  1.48521E-02  2.35131E-22  8.39670E-06  0.00000E+00  1.0E-07
  1.425E+01  1.53845E-02  2.19143E-22  7.82575E-06  0.00000E+00  1.0E-07
  1.450E+01  1.59262E-02  2.04493E-22  7.30258E-06  0.00000E+00  1.0E-07
  1.475E+01  1.64770E-02  1.91048E-22  6.82245E-06  0.00000E+00  1.0E-07
  1.500E+01  1.70371E-02  1.78691E-22  6.38119E-06  0.00000E+00  1.0E-07
  1.525E+01  1.76063E-02  1.67319E-22  5.97507E-06  0.00000E+00  1.0E-07
  1.550E+01  1.81848E-02  1.56838E-22  5.60079E-06  0.00000E+00  1.0E-07
  1.575E+01  1.87724E-02  1.47166E-22  5.25539E-06  0.00000E+00  1.0E-07
  1.600E+01  1.93692E-02  1.38229E-22  4.93624E-06  0.00000E+00  1.0E-07
  1.625E+01  1.99751E-02  1.29961E-22  4.64098E-06  0.00000E+00  1.0E-07
  1.650E+01  2.05901E-02  1.22302E-22  4.36749E-06  0.00000E+00  1.0E-07
  1.675E+01  2.12143E-02  1.15200E-22  4.11388E-06  0.00000E+00  1.0E-07
  1.700E+01  2.18476E-02  1.08607E-22  3.87842E-06  0.00000E+00  1.0E-07
  1.725E+01  2.24900E-02  1.02479E-22  3.65959E-06  0.00000E+00  1.0E-07
  1.750E+01  2.31415E-02  9.67775E-23  3.45599E-06  0.00000E+00  1.0E-07
  1.775E+01  2.38021E-02  9.14675E-23  3.26636E-06  0.00000E+00  1.0E-07
  1.800E+01  2.44717E-02  8.65169E-23  3.08958E-06  0.00000E+00  1.0E-07
  1.825E+01  2.51504E-02  8.18971E-23  2.92460E-06  0.00000E+00  1.0E-07
  1.850E+01  2.58382E-02  7.75818E-23  2.77050E-06  0.00000E+00  1.0E-07
  1.875E+01  2.65349E-02  7.35472E-23  2.62642E-06  0.00000E+00  1.0E-07
  1.900E+01  2.72407E-02  6.97717E-23  2.49159E-06  0.00000E+00  1.0E-07
  1.925E+01  2.79555E-02  6.62354E-23  2.36531E-06  0.00000E+00  1.0E-07
  1.950E+01  2.86793E-02  6.29206E-23  2.24693E-06  0.00000E+00  1.0E-07
  1.975E+01  2.94120E-02  5.98106E-23  2.13587E-06  0.00000E+00  1.0E-07
  2.000E+01  3.01537E-02  5.68905E-23  2.03160E-06  0.00000E+00  1.0E-07
  2.025E+01  3.09043E-02  5.41465E-23  1.93361E-06  0.00000E+00  1.0E-07
  2.050E+01  3.16639E-02  5.15660E-23  1.84146E-06  0.00000E+00  1.0E-07
  2.075E+01  3.24324E-02  4.91375E-23  1.75473E-06  0.00000E+00  1.0E-07
  2.100E+01  3.32098E-02  4.68503E-23  1.67306E-06  0.00000E+00  1.0E-07
  2.125E+01  3.39961E-02  4.46947E-23  1.59608E-06  0.00000E+00  1.0E-07
  2.150E+01  3.47912E-02  4.26616E-23  1.52347E-06  0.00000E+00  1.0E-07
  2.175E+01  3.55952E-02  4.07429E-23  1.45495E-06  0.00000E+00  1.0E-07
  2.200E+01  3.64081E-02  3.89308E-23  1.39024E-06  0.00000E+00  1.0E-07
  2.225E+01  3.72297E-02  3.72183E-23  1.32909E-06  0.00000E+00  1.0E-07
  2.250E+01  3.80602E-02  3.55990E-23  1.27126E-06  0.00000E+00  1.0E-07
  2.275E+01  3.88995E-02  3.40667E-23  1.21654E-06  0.00000E+00  1.0E-07
  2.300E+01  3.97476E-02  3.26160E-23  1.16474E-06  0.00000E+00  1.0E-07
  2.325E+01  4.06044E-02  3.12417E-23  1.11566E-06  0.00000E+00  1.0E-07
  2.350E+01  4.14700E-02  2.99389E-23  1.06914E-06  0.00000E+00  1.0E-07
  2.375E+01  4.23443E-02  2.87033E-23  1.02501E-06  0.00000E+00  1.0E-07
  2.400E+01  4.32273E-02  2.75308E-23  9.83143E-07  0.00000E+00  1.0E-07
  2.425E+01  4.41190E-02  2.64175E-23  9.43386E-07  0.00000E+00  1.0E-07
  2.450E+01  4.50194E-02  2.53599E-23  9.05617E-07  0.00000E+00  1.0E-07
  2.475E+01  4.59284E-02  2.43546E-23  8.69718E-07  0.00000E+00  1.0E-07
  2.500E+01  4.68461E-02  2.33986E-23  8.35579E-07  0.00000E+00  1.0E-07
  2.550E+01  4.87074E-02  2.16231E-23  7.72175E-07  0.00000E+00  1.0E-07
  2.600E+01  5.06030E-02  2.00127E-23  7.14666E-07  0.00000E+00  1.0E-07
  2.650E+01  5.25328E-02  1.85493E-23  6.62406E-07  0.00000E+00  1.0E-07
  2.700E+01  5.44967E-02  1.72170E-23  6.14830E-07  0.00000E+00  1.0E-07
  2.750E+01  5.64946E-02  1.60020E-23  5.71442E-07  0.00000E+00  1.0E-07
  2.800E+01  5.85262E-02  1.48921E-23  5.31808E-07  0.00000E+00  1.0E-07
  2.850E+01  6.05914E-02  1.38766E-23  4.95544E-07  0.00000E+00  1.0E-07
  2.900E+01  6.26901E-02  1.29460E-23  4.62312E-07  0.00000E+00  1.0E-07
  2.950E+01  6.48222E-02  1.20920E-23  4.31812E-07  0.00000E+00  1.0E-07
  3.000E+01  6.69873E-02  1.13070E-23  4.03781E-07  0.00000E+00  1.0E-07
  3.050E+01  6.91854E-02  1.05845E-23  3.77980E-07  0.00000E+00  1.0E-07
  3.100E+01  7.14163E-02  9.91866E-24  3.54202E-07  0.00000E+00  1.0E-07
  3.150E+01  7.36799E-02  9.30416E-24  3.32258E-07  0.00000E+00  1.0E-07
  3.200E+01  7.59760E-02  8.73635E-24  3.11981E-07  0.00000E+00  1.0E-07
  3.250E+01  7.83043E-02  8.21103E-24  2.93221E-07  0.00000E+00  1.0E-07
  3.300E+01  8.06647E-02  7.72445E-24  2.75845E-07  0.00000E+00  1.0E-07
  3.350E+01  8.30571E-02  7.27322E-24  2.59731E-07  0.00000E+00  1.0E-07
  3.400E+01  8.54812E-02  6.85431E-24  2.44772E-07  0.00000E+00  1.0E-07
  3.450E+01  8.79369E-02  6.46498E-24  2.30869E-07  0.00000E+00  1.0E-07
  3.500E+01  9.04240E-02  6.10276E-24  2.17933E-07  0.00000E+00  1.0E-07
  3.550E+01  9.29422E-02  5.76541E-24  2.05887E-07  0.00000E+00  1.0E-07
  3.600E+01  9.54915E-02  5.45092E-24  1.94656E-07  0.00000E+00  1.0E-07
  3.650E+01  9.80716E-02  5.15745E-24  1.84176E-07  0.00000E+00  1.0E-07
  3.700E+01  1.00682E-01  4.88334E-24  1.74387E-07  0.00000E+00  1.0E-07
  3.750E+01  1.03323E-01  4.62708E-24  1.65236E-07  0.00000E+00  1.0E-07
  3.800E+01  1.05995E-01  4.38728E-24  1.56673E-07  0.00000E+00  1.0E-07
  3.850E+01  1.08696E-01  4.16271E-24  1.48653E-07  0.00000E+00  1.0E-07
  3.900E+01  1.11427E-01  3.95221E-24  1.41136E-07  0.00000E+00  1.0E-07
  3.950E+01  1.14188E-01  3.75474E-24  1.34084E-07  0.00000E+00  1.0E-07
  4.000E+01  1.16978E-01  3.56934E-24  1.27464E-07  0.00000E+00  1.0E-07
  4.050E+01  1.19797E-01  3.39515E-24  1.21243E-07  0.00000E+00  1.0E-07
  4.100E+01  1.22645E-01  3.23136E-24  1.15394E-07  0.00000E+00  1.0E-07
  4.150E+01  1.25522E-01  3.07722E-24  1.09890E-07  0.00000E+00  1.0E-07
  4.200E+01  1.28428E-01  2.93208E-24  1.04707E-07  0.00000E+00  1.0E-07
  4.250E+01  1.31361E-01  2.79531E-24  9.98222E-08  0.00000E+00  1.0E-07
  4.300E+01  1.34323E-01  2.66633E-24  9.52163E-08  0.00000E+00  1.0E-07
  4.350E+01  1.37313E-01  2.54462E-24  9.08699E-08  0.00000E+00  1.0E-07
  4.400E+01  1.40330E-01  2.42969E-24  8.67659E-08  0.00000E+00  1.0E-07
  4.450E+01  1.43375E-01  2.32110E-24  8.28881E-08  0.00000E+00  1.0E-07
  4.500E+01  1.46447E-01  2.21844E-24  7.92218E-08  0.00000E+00  1.0E-07
  4.550E+01  1.49545E-01  2.12131E-24  7.57534E-08  0.00000E+00  1.0E-07
  4.600E+01  1.52671E-01  2.02937E-24  7.24701E-08  0.00000E+00  1.0E-07
  4.650E+01  1.55823E-01  1.94229E-24  6.93604E-08  0.00000E+00  1.0E-07
  4.700E+01  1.59001E-01  1.85976E-24  6.64132E-08  0.00000E+00  1.0E-07
  4.750E+01  1.62205E-01  1.78150E-24  6.36186E-08  0.00000E+00  1.0E-07
  4.800E+01  1.65435E-01  1.70725E-24  6.09671E-08  0.00000E+00  1.0E-07
  4.850E+01  1.68690E-01  1.63677E-24  5.84501E-08  0.00000E+00  1.0E-07
  4.900E+01  1.71970E-01  1.56983E-24  5.60596E-08  0.00000E+00  1.0E-07
  4.950E+01  1.75276E-01  1.50622E-24  5.37880E-08  0.00000E+00  1.0E-07
  5.000E+01  1.78606E-01  1.44574E-24  5.16282E-08  0.00000E+00  1.0E-07
  5.050E+01  1.81961E-01  1.38821E-24  4.95738E-08  0.00000E+00  1.0E-07
  5.100E+01  1.85340E-01  1.33346E-24  4.76187E-08  0.00000E+00  1.0E-07
  5.150E+01  1.88743E-01  1.28133E-24  4.57571E-08  0.00000E+00  1.0E-07
  5.200E+01  1.92169E-01  1.23167E-24  4.39839E-08  0.00000E+00  1.0E-07
  5.250E+01  1.95619E-01  1.18435E-24  4.22939E-08  0.00000E+00  1.0E-07
  5.300E+01  1.99092E-01  1.13923E-24  4.06827E-08  0.00000E+00  1.0E-07
  5.350E+01  2.02589E-01  1.09619E-24  3.91458E-08  0.00000E+00  1.0E-07
  5.400E+01  2.06107E-01  1.05512E-24  3.76792E-08  0.00000E+00  1.0E-07
  5.450E+01  2.09649E-01  1.01592E-24  3.62790E-08  0.00000E+00  1.0E-07
  5.500E+01  2.13212E-01  9.78470E-25  3.49418E-08  0.00000E+00  1.0E-07
  5.550E+01  2.16797E-01  9.42692E-25  3.36641E-08  0.00000E+00  1.0E-07
  5.600E+01  2.20404E-01  9.08494E-25  3.24429E-08  0.00000E+00  1.0E-07
  5.650E+01  2.24032E-01  8.75793E-25  3.12751E-08  0.00000E+00  1.0E-07
  5.700E+01  2.27680E-01  8.44512E-25  3.01581E-08  0.00000E+00  1.0E-07
  5.750E+01  2.31350E-01  8.14578E-25  2.90891E-08  0.00000E+00  1.0E-07
  5.800E+01  2.35040E-01  7.85922E-25  2.80658E-08  0.00000E+00  1.0E-07
  5.850E+01  2.38751E-01  7.58480E-25  2.70858E-08  0.00000E+00  1.0E-07
  5.900E+01  2.42481E-01  7.32191E-25  2.61470E-08  0.00000E+00  1.0E-07
  5.950E+01  2.46231E-01  7.06997E-25  2.52473E-08  0.00000E+00  1.0E-07
  6.000E+01  2.50000E-01  6.82844E-25  2.43848E-08  0.00000E+00  1.0E-07
  6.050E+01  2.53788E-01  6.59682E-25  2.35577E-08  0.00000E+00  1.0E-07
  6.100E+01  2.57595E-01  6.37463E-25  2.27642E-08  0.00000E+00  1.0E-07
  6.150E+01  2.61421E-01  6.16140E-25  2.20028E-08  0.00000E+00  1.0E-07
  6.200E+01  2.65264E-01  5.95672E-25  2.12718E-08  0.00000E+00  1.0E-07
  6.250E+01  2.69126E-01  5.76018E-25  2.05700E-08  0.00000E+00  1.0E-07
  6.300E+01  2.73005E-01  5.57139E-25  1.98958E-08  0.00000E+00  1.0E-07
  6.350E+01  2.76901E-01  5.39000E-25  1.92480E-08  0.00000E+00  1.0E-07
  6.400E+01  2.80814E-01  5.21566E-25  1.86255E-08  0.00000E+00  1.0E-07
  6.450E+01  2.84744E-01  5.04804E-25  1.80269E-08  0.00000E+00  1.0E-07
  6.500E+01  2.88691E-01  4.88685E-25  1.74513E-08  0.00000E+00  1.0E-07
  6.550E+01  2.92653E-01  4.73179E-25  1.68975E-08  0.00000E+00  1.0E-07
  6.600E+01  2.96632E-01  4.58258E-25  1.63647E-08  0.00000E+00  1.0E-07
  6.650E+01  3.00625E-01  4.43897E-25  1.58518E-08  0.00000E+00  1.0E-07
  6.700E+01  3.04634E-01  4.30070E-25  1.53581E-08  0.00000E+00  1.0E-07
  6.750E+01  3.08658E-01  4.16754E-25  1.48826E-08  0.00000E+00  1.0E-07
  6.800E+01  3.12697E-01  4.03927E-25  1.44245E-08  0.00000E+00  1.0E-07
  6.850E+01  3.16749E-01  3.91567E-25  1.39831E-08  0.00000E+00  1.0E-07
  6.900E+01  3.20816E-01  3.79655E-25  1.35577E-08  0.00000E+00  1.0E-07
  6.950E+01  3.24896E-01  3.68172E-25  1.31477E-08  0.00000E+00  1.0E-07
  7.000E+01  3.28990E-01  3.57098E-25  1.27522E-08  0.00000E+00  1.0E-07
  7.050E+01  3.33097E-01  3.46418E-25  1.23708E-08  0.00000E+00  1.0E-07
  7.100E+01  3.37216E-01  3.36114E-25  1.20028E-08  0.00000E+00  1.0E-07
  7.150E+01  3.41348E-01  3.26171E-25  1.16478E-08  0.00000E+00  1.0E-07
  7.200E+01  3.45492E-01  3.16573E-25  1.13050E-08  0.00000E+00  1.0E-07
  7.250E+01  3.49647E-01  3.07307E-25  1.09741E-08  0.00000E+00  1.0E-07
  7.300E+01  3.53814E-01  2.98360E-25  1.06546E-08  0.00000E+00  1.0E-07
  7.350E+01  3.57992E-01  2.89718E-25  1.03460E-08  0.00000E+00  1.0E-07
  7.400E+01  3.62181E-01  2.81369E-25  1.00479E-08  0.00000E+00  1.0E-07
  7.450E+01  3.66381E-01  2.73301E-25  9.75976E-09  0.00000E+00  1.0E-07
  7.500E+01  3.70590E-01  2.65503E-25  9.48130E-09  0.00000E+00  1.0E-07
  7.550E+01  3.74810E-01  2.57965E-25  9.21211E-09  0.00000E+00  1.0E-07
  7.600E+01  3.79039E-01  2.50677E-25  8.95182E-09  0.00000E+00  1.0E-07
  7.650E+01  3.83277E-01  2.43627E-25  8.70009E-09  0.00000E+00  1.0E-07
  7.700E+01  3.87524E-01  2.36809E-25  8.45659E-09  0.00000E+00  1.0E-07
  7.750E+01  3.91780E-01  2.30211E-25  8.22100E-09  0.00000E+00  1.0E-07
  7.800E+01  3.96044E-01  2.23827E-25  7.99302E-09  0.00000E+00  1.0E-07
  7.850E+01  4.00316E-01  2.17648E-25  7.77235E-09  0.00000E+00  1.0E-07
  7.900E+01  4.04596E-01  2.11666E-25  7.55873E-09  0.00000E+00  1.0E-07
  7.950E+01  4.08882E-01  2.05874E-25  7.35189E-09  0.00000E+00  1.0E-07
  8.000E+01  4.13176E-01  2.00264E-25  7.15157E-09  0.00000E+00  1.0E-07
  8.050E+01  4.17476E-01  1.94831E-25  6.95754E-09  0.00000E+00  1.0E-07
  8.100E+01  4.21783E-01  1.89567E-25  6.76955E-09  0.00000E+00  1.0E-07
  8.150E+01  4.26095E-01  1.84466E-25  6.58740E-09  0.00000E+00  1.0E-07
  8.200E+01  4.30413E-01  1.79523E-25  6.41087E-09  0.00000E+00  1.0E-07
  8.250E+01  4.34737E-01  1.74731E-25  6.23975E-09  0.00000E+00  1.0E-07
  8.300E+01  4.39065E-01  1.70085E-25  6.07385E-09  0.00000E+00  1.0E-07
  8.350E+01  4.43398E-01  1.65581E-25  5.91299E-09  0.00000E+00  1.0E-07
  8.400E+01  4.47736E-01  1.61212E-25  5.75698E-09  0.00000E+00  1.0E-07
  8.450E+01  4.52077E-01  1.56974E-25  5.60565E-09  0.00000E+00  1.0E-07
  8.500E+01  4.56422E-01  1.52863E-25  5.45884E-09  0.00000E+00  1.0E-07
  8.550E+01  4.60770E-01  1.48874E-25  5.31639E-09  0.00000E+00  1.0E-07
  8.600E+01  4.65122E-01  1.45003E-25  5.17814E-09  0.00000E+00  1.0E-07
  8.650E+01  4.69476E-01  1.41245E-25  5.04396E-09  0.00000E+00  1.0E-07
  8.700E+01  4.73832E-01  1.37598E-25  4.91370E-09  0.00000E+00  1.0E-07
  8.750E+01  4.78190E-01  1.34056E-25  4.78723E-09  0.00000E+00  1.0E-07
  8.800E+01  4.82550E-01  1.30617E-25  4.66442E-09  0.00000E+00  1.0E-07
  8.850E+01  4.86912E-01  1.27277E-25  4.54515E-09  0.00000E+00  1.0E-07
  8.900E+01  4.91274E-01  1.24033E-25  4.42929E-09  0.00000E+00  1.0E-07
  8.950E+01  4.95637E-01  1.20881E-25  4.31673E-09  0.00000E+00  1.0E-07
  9.000E+01  5.00000E-01  1.17818E-25  4.20737E-09  0.00000E+00  1.0E-07
  9.050E+01  5.04363E-01  1.14842E-25  4.10109E-09  0.00000E+00  1.0E-07
  9.100E+01  5.08726E-01  1.11950E-25  3.99780E-09  0.00000E+00  1.0E-07
  9.150E+01  5.13088E-01  1.09138E-25  3.89739E-09  0.00000E+00  1.0E-07
  9.200E+01  5.17450E-01  1.06405E-25  3.79978E-09  0.00000E+00  1.0E-07
  9.250E+01  5.21810E-01  1.03747E-25  3.70487E-09  0.00000E+00  1.0E-07
  9.300E+01  5.26168E-01  1.01163E-25  3.61258E-09  0.00000E+00  1.0E-07
  9.350E+01  5.30524E-01  9.86489E-26  3.52282E-09  0.00000E+00  1.0E-07
  9.400E+01  5.34878E-01  9.62040E-26  3.43551E-09  0.00000E+00  1.0E-07
  9.450E+01  5.39230E-01  9.38254E-26  3.35057E-09  0.00000E+00  1.0E-07
  9.500E+01  5.43578E-01  9.15112E-26  3.26792E-09  0.00000E+00  1.0E-07
  9.550E+01  5.47923E-01  8.92593E-26  3.18751E-09  0.00000E+00  1.0E-07
  9.600E+01  5.52264E-01  8.70678E-26  3.10925E-09  0.00000E+00  1.0E-07
  9.650E+01  5.56602E-01  8.49348E-26  3.03308E-09  0.00000E+00  1.0E-07
  9.700E+01  5.60935E-01  8.28584E-26  2.95893E-09  0.00000E+00  1.0E-07
  9.750E+01  5.65263E-01  8.08370E-26  2.88674E-09  0.00000E+00  1.0E-07
  9.800E+01  5.69587E-01  7.88688E-26  2.81646E-09  0.00000E+00  1.0E-07
  9.850E+01  5.73905E-01  7.69522E-26  2.74801E-09  0.00000E+00  1.0E-07
  9.900E+01  5.78217E-01  7.50857E-26  2.68136E-09  0.00000E+00  1.0E-07
  9.950E+01  5.82524E-01  7.32677E-26  2.61644E-09  0.00000E+00  1.0E-07
  1.000E+02  5.86824E-01  7.14968E-26  2.55320E-09  0.00000E+00  1.0E-07
  1.005E+02  5.91118E-01  6.97716E-26  2.49159E-09  0.00000E+00  1.0E-07
  1.010E+02  5.95404E-01  6.80906E-26  2.43156E-09  0.00000E+00  1.0E-07
  1.015E+02  5.99684E-01  6.64527E-26  2.37307E-09  0.00000E+00  1.0E-07
  1.020E+02  6.03956E-01  6.48564E-26  2.31606E-09  0.00000E+00  1.0E-07
  1.025E+02  6.08220E-01  6.33007E-26  2.26051E-09  0.00000E+00  1.0E-07
  1.030E+02  6.12476E-01  6.17843E-26  2.20636E-09  0.00000E+00  1.0E-07
  1.035E+02  6.16723E-01  6.03060E-26  2.15357E-09  0.00000E+00  1.0E-07
  1.040E+02  6.20961E-01  5.88648E-26  2.10210E-09  0.00000E+00  1.0E-07
  1.045E+02  6.25190E-01  5.74596E-26  2.05192E-09  0.00000E+00  1.0E-07
  1.050E+02  6.29410E-01  5.60894E-26  2.00299E-09  0.00000E+00  1.0E-07
  1.055E+02  6.33619E-01  5.47531E-26  1.95527E-09  0.00000E+00  1.0E-07
  1.060E+02  6.37819E-01  5.34498E-26  1.90873E-09  0.00000E+00  1.0E-07
  1.065E+02  6.42008E-01  5.21786E-26  1.86333E-09  0.00000E+00  1.0E-07
  1.070E+02  6.46186E-01  5.09385E-26  1.81905E-09  0.00000E+00  1.0E-07
  1.075E+02  6.50353E-01  4.97287E-26  1.77585E-09  0.00000E+00  1.0E-07
  1.080E+02  6.54508E-01  4.85484E-26  1.73369E-09  0.00000E+00  1.0E-07
  1.085E+02  6.58652E-01  4.73967E-26  1.69257E-09  0.00000E+00  1.0E-07
  1.090E+02  6.62784E-01  4.62728E-26  1.65243E-09  0.00000E+00  1.0E-07
  1.095E+02  6.66903E-01  4.51759E-26  1.61326E-09  0.00000E+00  1.0E-07
  1.100E+02  6.71010E-01  4.41054E-26  1.57503E-09  0.00000E+00  1.0E-07
  1.105E+02  6.75104E-01  4.30605E-26  1.53772E-09  0.00000E+00  1.0E-07
  1.110E+02  6.79184E-01  4.20405E-26  1.50129E-09  0.00000E+00  1.0E-07
  1.115E+02  6.83251E-01  4.10447E-26  1.46573E-09  0.00000E+00  1.0E-07
  1.120E+02  6.87303E-01  4.00726E-26  1.43102E-09  0.00000E+00  1.0E-07
  1.125E+02  6.91342E-01  3.91233E-26  1.39712E-09  0.00000E+00  1.0E-07
  1.130E+02  6.95366E-01  3.81964E-26  1.36402E-09  0.00000E+00  1.0E-07
  1.135E+02  6.99375E-01  3.72912E-26  1.33169E-09  0.00000E+00  1.0E-07
  1.140E+02  7.03368E-01  3.64072E-26  1.30013E-09  0.00000E+00  1.0E-07
  1.145E+02  7.07347E-01  3.55438E-26  1.26929E-09  0.00000E+00  1.0E-07
  1.150E+02  7.11309E-01  3.47005E-26  1.23918E-09  0.00000E+00  1.0E-07
  1.155E+02  7.15256E-01  3.38767E-26  1.20976E-09  0.00000E+00  1.0E-07
  1.160E+02  7.19186E-01  3.30720E-26  1.18102E-09  0.00000E+00  1.0E-07
  1.165E+02  7.23099E-01  3.22858E-26  1.15295E-09  0.00000E+00  1.0E-07
  1.170E+02  7.26995E-01  3.15176E-26  1.12552E-09  0.00000E+00  1.0E-07
  1.175E+02  7.30874E-01  3.07671E-26  1.09871E-09  0.00000E+00  1.0E-07
  1.180E+02  7.34736E-01  3.00337E-26  1.07252E-09  0.00000E+00  1.0E-07
  1.185E+02  7.38579E-01  2.93170E-26  1.04693E-09  0.00000E+00  1.0E-07
  1.190E+02  7.42405E-01  2.86167E-26  1.02192E-09  0.00000E+00  1.0E-07
  1.195E+02  7.46212E-01  2.79322E-26  9.97476E-10  0.00000E+00  1.0E-07
  1.200E+02  7.50000E-01  2.72632E-26  9.73586E-10  0.00000E+00  1.0E-07
  1.205E+02  7.53769E-01  2.66093E-26  9.50234E-10  0.00000E+00  1.0E-07
  1.210E+02  7.57519E-01  2.59701E-26  9.27409E-10  0.00000E+00  1.0E-07
  1.215E+02  7.61249E-01  2.53453E-26  9.05096E-10  0.00000E+00  1.0E-07
  1.220E+02  7.64960E-01  2.47344E-26  8.83283E-10  0.00000E+00  1.0E-07
  1.225E+02  7.68650E-01  2.41373E-26  8.61958E-10  0.00000E+00  1.0E-07
  1.230E+02  7.72320E-01  2.35534E-26  8.41109E-10  0.00000E+00  1.0E-07
  1.235E+02  7.75968E-01  2.29826E-26  8.20724E-10  0.00000E+00  1.0E-07
  1.240E+02  7.79596E-01  2.24245E-26  8.00792E-10  0.00000E+00  1.0E-07
  1.245E+02  7.83203E-01  2.18787E-26  7.81303E-10  0.00000E+00  1.0E-07
  1.250E+02  7.86788E-01  2.13450E-26  7.62245E-10  0.00000E+00  1.0E-07
  1.255E+02  7.90351E-01  2.08232E-26  7.43609E-10  0.00000E+00  1.0E-07
  1.260E+02  7.93893E-01  2.03128E-26  7.25383E-10  0.00000E+00  1.0E-07
  1.265E+02  7.97411E-01  1.98137E-26  7.07560E-10  0.00000E+00  1.0E-07
  1.270E+02  8.00908E-01  1.93256E-26  6.90128E-10  0.00000E+00  1.0E-07
  1.275E+02  8.04381E-01  1.88481E-26  6.73080E-10  0.00000E+00  1.0E-07
  1.280E+02  8.07831E-01  1.83812E-26  6.56405E-10  0.00000E+00  1.0E-07
  1.285E+02  8.11257E-01  1.79245E-26  6.40096E-10  0.00000E+00  1.0E-07
  1.290E+02  8.14660E-01  1.74778E-26  6.24143E-10  0.00000E+00  1.0E-07
  1.295E+02  8.18039E-01  1.70408E-26  6.08540E-10  0.00000E+00  1.0E-07
  1.300E+02  8.21394E-01  1.66134E-26  5.93277E-10  0.00000E+00  1.0E-07
  1.305E+02  8.24724E-01  1.61954E-26  5.78347E-10  0.00000E+00  1.0E-07
  1.310E+02  8.28030E-01  1.57864E-26  5.63742E-10  0.00000E+00  1.0E-07
  1.315E+02  8.31310E-01  1.53863E-26  5.49456E-10  0.00000E+00  1.0E-07
  1.320E+02  8.34565E-01  1.49950E-26  5.35480E-10  0.00000E+00  1.0E-07
  1.325E+02  8.37795E-01  1.46121E-26  5.21809E-10  0.00000E+00  1.0E-07
  1.330E+02  8.40999E-01  1.42376E-26  5.08435E-10  0.00000E+00  1.0E-07
  1.335E+02  8.44177E-01  1.38712E-26  4.95351E-10  0.00000E+00  1.0E-07
  1.340E+02  8.47329E-01  1.35128E-26  4.82552E-10  0.00000E+00  1.0E-07
  1.345E+02  8.50455E-01  1.31622E-26  4.70031E-10  0.00000E+00  1.0E-07
  1.350E+02  8.53553E-01  1.28192E-26  4.57782E-10  0.00000E+00  1.0E-07
  1.355E+02  8.56625E-01  1.24837E-26  4.45800E-10  0.00000E+00  1.0E-07
  1.360E+02  8.59670E-01  1.21554E-26  4.34078E-10  0.00000E+00  1.0E-07
  1.365E+02  8.62687E-01  1.18343E-26  4.22610E-10  0.00000E+00  1.0E-07
  1.370E+02  8.65677E-01  1.15202E-26  4.11393E-10  0.00000E+00  1.0E-07
  1.375E+02  8.68639E-01  1.12129E-26  4.00419E-10  0.00000E+00  1.0E-07
  1.380E+02  8.71572E-01  1.09123E-26  3.89685E-10  0.00000E+00  1.0E-07
  1.385E+02  8.74478E-01  1.06183E-26  3.79185E-10  0.00000E+00  1.0E-07
  1.390E+02  8.77355E-01  1.03307E-26  3.68915E-10  0.00000E+00  1.0E-07
  1.395E+02  8.80203E-01  1.00493E-26  3.58868E-10  0.00000E+00  1.0E-07
  1.400E+02  8.83022E-01  9.77418E-27  3.49042E-10  0.00000E+00  1.0E-07
  1.405E+02  8.85812E-01  9.50506E-27  3.39432E-10  0.00000E+00  1.0E-07
  1.410E+02  8.88573E-01  9.24185E-27  3.30032E-10  0.00000E+00  1.0E-07
  1.415E+02  8.91304E-01  8.98443E-27  3.20840E-10  0.00000E+00  1.0E-07
  1.420E+02  8.94005E-01  8.73269E-27  3.11850E-10  0.00000E+00  1.0E-07
  1.425E+02  8.96677E-01  8.48652E-27  3.03059E-10  0.00000E+00  1.0E-07
  1.430E+02  8.99318E-01  8.24580E-27  2.94463E-10  0.00000E+00  1.0E-07
  1.435E+02  9.01928E-01  8.01044E-27  2.86058E-10  0.00000E+00  1.0E-07
  1.440E+02  9.04508E-01  7.78032E-27  2.77840E-10  0.00000E+00  1.0E-07
  1.445E+02  9.07058E-01  7.55535E-27  2.69807E-10  0.00000E+00  1.0E-07
  1.450E+02  9.09576E-01  7.33543E-27  2.61953E-10  0.00000E+00  1.0E-07
  1.455E+02  9.12063E-01  7.12046E-27  2.54276E-10  0.00000E+00  1.0E-07
  1.460E+02  9.14519E-01  6.91035E-27  2.46773E-10  0.00000E+00  1.0E-07
  1.465E+02  9.16943E-01  6.70500E-27  2.39440E-10  0.00000E+00  1.0E-07
  1.470E+02  9.19335E-01  6.50434E-27  2.32274E-10  0.00000E+00  1.0E-07
  1.475E+02  9.21696E-01  6.30828E-27  2.25273E-10  0.00000E+00  1.0E-07
  1.480E+02  9.24024E-01  6.11672E-27  2.18432E-10  0.00000E+00  1.0E-07
  1.485E+02  9.26320E-01  5.92960E-27  2.11750E-10  0.00000E+00  1.0E-07
  1.490E+02  9.28584E-01  5.74683E-27  2.05223E-10  0.00000E+00  1.0E-07
  1.495E+02  9.30815E-01  5.56833E-27  1.98849E-10  0.00000E+00  1.0E-07
  1.500E+02  9.33013E-01  5.39403E-27  1.92624E-10  0.00000E+00  1.0E-07
  1.505E+02  9.35178E-01  5.22386E-27  1.86548E-10  0.00000E+00  1.0E-07
  1.510E+02  9.37310E-01  5.05775E-27  1.80616E-10  0.00000E+00  1.0E-07
  1.515E+02  9.39409E-01  4.89563E-27  1.74826E-10  0.00000E+00  1.0E-07
  1.520E+02  9.41474E-01  4.73742E-27  1.69176E-10  0.00000E+00  1.0E-07
  1.525E+02  9.43505E-01  4.58308E-27  1.63665E-10  0.00000E+00  1.0E-07
  1.530E+02  9.45503E-01  4.43253E-27  1.58288E-10  0.00000E+00  1.0E-07
  1.535E+02  9.47467E-01  4.28570E-27  1.53045E-10  0.00000E+00  1.0E-07
  1.540E+02  9.49397E-01  4.14256E-27  1.47933E-10  0.00000E+00  1.0E-07
  1.545E+02  9.51293E-01  4.00302E-27  1.42951E-10  0.00000E+00  1.0E-07
  1.550E+02  9.53154E-01  3.86705E-27  1.38095E-10  0.00000E+00  1.0E-07
  1.555E+02  9.54981E-01  3.73457E-27  1.33364E-10  0.00000E+00  1.0E-07
  1.560E+02  9.56773E-01  3.60555E-27  1.28757E-10  0.00000E+00  1.0E-07
  1.565E+02  9.58530E-01  3.47993E-27  1.24271E-10  0.00000E+00  1.0E-07
  1.570E+02  9.60252E-01  3.35765E-27  1.19904E-10  0.00000E+00  1.0E-07
  1.575E+02  9.61940E-01  3.23868E-27  1.15655E-10  0.00000E+00  1.0E-07
  1.580E+02  9.63592E-01  3.12296E-27  1.11523E-10  0.00000E+00  1.0E-07
  1.585E+02  9.65209E-01  3.01044E-27  1.07505E-10  0.00000E+00  1.0E-07
  1.590E+02  9.66790E-01  2.90109E-27  1.03600E-10  0.00000E+00  1.0E-07
  1.595E+02  9.68336E-01  2.79486E-27  9.98063E-11  0.00000E+00  1.0E-07
  1.600E+02  9.69846E-01  2.69171E-27  9.61227E-11  0.00000E+00  1.0E-07
  1.605E+02  9.71321E-01  2.59160E-27  9.25476E-11  0.00000E+00  1.0E-07
  1.610E+02  9.72759E-01  2.49448E-27  8.90795E-11  0.00000E+00  1.0E-07
  1.615E+02  9.74162E-01  2.40033E-27  8.57173E-11  0.00000E+00  1.0E-07
  1.620E+02  9.75528E-01  2.30910E-27  8.24595E-11  0.00000E+00  1.0E-07
  1.625E+02  9.76858E-01  2.22076E-27  7.93049E-11  0.00000E+00  1.0E-07
  1.630E+02  9.78152E-01  2.13528E-27  7.62523E-11  0.00000E+00  1.0E-07
  1.635E+02  9.79410E-01  2.05262E-27  7.33004E-11  0.00000E+00  1.0E-07
  1.640E+02  9.80631E-01  1.97275E-27  7.04483E-11  0.00000E+00  1.0E-07
  1.645E+02  9.81815E-01  1.89565E-27  6.76948E-11  0.00000E+00  1.0E-07
  1.650E+02  9.82963E-01  1.82127E-27  6.50388E-11  0.00000E+00  1.0E-07
  1.655E+02  9.84074E-01  1.74960E-27  6.24793E-11  0.00000E+00  1.0E-07
  1.660E+02  9.85148E-01  1.68060E-27  6.00153E-11  0.00000E+00  1.0E-07
  1.665E+02  9.86185E-01  1.61425E-27  5.76460E-11  0.00000E+00  1.0E-07
  1.670E+02  9.87185E-01  1.55053E-27  5.53704E-11  0.00000E+00  1.0E-07
  1.675E+02  9.88148E-01  1.48941E-27  5.31876E-11  0.00000E+00  1.0E-07
  1.680E+02  9.89074E-01  1.43086E-27  5.10969E-11  0.00000E+00  1.0E-07
  1.685E+02  9.89962E-01  1.37487E-27  4.90974E-11  0.00000E+00  1.0E-07
  1.690E+02  9.90814E-01  1.32141E-27  4.71884E-11  0.00000E+00  1.0E-07
  1.695E+02  9.91627E-01  1.27047E-27  4.53692E-11  0.00000E+00  1.0E-07
  1.700E+02  9.92404E-01  1.22202E-27  4.36390E-11  0.00000E+00  1.0E-07
  1.705E+02  9.93143E-01  1.17605E-27  4.19973E-11  0.00000E+00  1.0E-07
  1.710E+02  9.93844E-01  1.13253E-27  4.04435E-11  0.00000E+00  1.0E-07
  1.715E+02  9.94508E-01  1.09146E-27  3.89768E-11  0.00000E+00  1.0E-07
  1.720E+02  9.95134E-01  1.05282E-27  3.75969E-11  0.00000E+00  1.0E-07
  1.725E+02  9.95722E-01  1.01659E-27  3.63031E-11  0.00000E+00  1.0E-07
  1.730E+02  9.96273E-01  9.82762E-28  3.50951E-11  0.00000E+00  1.0E-07
  1.735E+02  9.96786E-01  9.51320E-28  3.39722E-11  0.00000E+00  1.0E-07
  1.740E+02  9.97261E-01  9.22254E-28  3.29343E-11  0.00000E+00  1.0E-07
  1.745E+02  9.97698E-01  8.95552E-28  3.19807E-11  0.00000E+00  1.0E-07
  1.750E+02  9.98097E-01  8.71205E-28  3.11113E-11  0.00000E+00  1.0E-07
  1.755E+02  9.98459E-01  8.49205E-28  3.03256E-11  0.00000E+00  1.0E-07
  1.760E+02  9.98782E-01  8.29541E-28  2.96235E-11  0.00000E+00  1.0E-07
  1.765E+02  9.99067E-01  8.12209E-28  2.90045E-11  0.00000E+00  1.0E-07
  1.770E+02  9.99315E-01  7.97200E-28  2.84685E-11  0.00000E+00  1.0E-07
  1.775E+02  9.99524E-01  7.84510E-28  2.80153E-11  0.00000E+00  1.0E-07
  1.780E+02  9.99695E-01  7.74133E-28  2.76448E-11  0.00000E+00  1.0E-07
  1.785E+02  9.99829E-01  7.66066E-28  2.73567E-11  0.00000E+00  1.0E-07
  1.790E+02  9.99924E-01  7.60306E-28  2.71510E-11  0.00000E+00  1.0E-07
  1.795E+02  9.99981E-01  7.56851E-28  2.70277E-11  0.00000E+00  1.2E-07
  1.800E+02  1.00000E+00  7.55700E-28  2.69865E-11  0.00000E+00  5.8E-07
