 #
 # Subroutine ELSEPA. Elastic scattering of electrons and positrons
 #                    by neutral atoms and positive ions
 #
 # Projectile: electron
 # Kinetic energy = 3.70000E+06 eV = 1.35973E+05 a.u.
 #
 # WARNING: High-energy factorization with free-atom DF screening.
 #          Absorption, polarization and exchange corrections are
 #          switched off.
 #          Phase shifts are calculated for the bare nucleus.
 #          Scattering amplitudes are not evaluated.
 #
 # Element: Au,  Z =  79,  atomic weight = 1.96967E+02 g/mol
 #
 # Nuclear model: Fermi distribution
 #                Average radius = 6.22560E-13 cm
 #                Skin thickness = 5.46000E-14 cm
 #
 # Number of electrons = 79
 #
 # Total elastic cross section = 7.80330E-18 cm**2 = 2.78661E-01 a0**2
 # 1st transport cross section = 5.78396E-22 cm**2 = 2.06549E-05 a0**2
 # 2nd transport cross section = 1.54278E-21 cm**2 = 5.50936E-05 a0**2
 #
 #
 # Differential cross section:                       MU=(1-COS(THETA))/2
 #
 #  THETA        MU          DCS          DCS        Sherman      error
 #  (deg)                 (cm**2/sr)   (a0**2/sr)    function
 #----------------------------------------------------------------------
  0.000E+00  0.00000E+00  7.00936E-13  2.50309E+04  0.00000E+00  1.0E-05
  1.000E-04  7.61557E-13  7.00934E-13  2.50308E+04  0.00000E+00  1.0E-05
  1.250E-04  1.18994E-12  7.00933E-13  2.50308E+04  0.00000E+00  1.0E-05
  1.500E-04  1.71346E-12  7.00932E-13  2.50307E+04  0.00000E+00  1.0E-05
  1.750E-04  2.33225E-12  7.00930E-13  2.50307E+04  0.00000E+00  1.0E-05
  2.000E-04  3.04617E-12  7.00929E-13  2.50306E+04  0.00000E+00  1.0E-05
  2.250E-04  3.85530E-12  7.00927E-13  2.50305E+04  0.00000E+00  1.0E-05
  2.500E-04  4.75964E-12  7.00924E-13  2.50305E+04  0.00000E+00  1.0E-05
  2.750E-04  5.75917E-12  7.00922E-13  2.50304E+04  0.00000E+00  1.0E-05
  3.000E-04  6.85391E-12  7.00919E-13  2.50303E+04  0.00000E+00  1.0E-05
  3.250E-04  8.04379E-12  7.00916E-13  2.50302E+04  0.00000E+00  1.0E-05
  3.500E-04  9.32893E-12  7.00913E-13  2.50301E+04  0.00000E+00  1.0E-05
  3.750E-04  1.07092E-11  7.00910E-13  2.50299E+04  0.00000E+00  1.0E-05
  4.000E-04  1.21847E-11  7.00906E-13  2.50298E+04  0.00000E+00  1.0E-05
  4.250E-04  1.37554E-11  7.00902E-13  2.50297E+04  0.00000E+00  1.0E-05
  4.500E-04  1.54213E-11  7.00898E-13  2.50295E+04  0.00000E+00  1.0E-05
  4.750E-04  1.71823E-11  7.00894E-13  2.50294E+04  0.00000E+00  1.0E-05
  5.000E-04  1.90386E-11  7.00889E-13  2.50292E+04  0.00000E+00  1.0E-05
  5.250E-04  2.09900E-11  7.00885E-13  2.50290E+04  0.00000E+00  1.0E-05
  5.500E-04  2.30367E-11  7.00880E-13  2.50289E+04  0.00000E+00  1.0E-05
  5.750E-04  2.51785E-11  7.00874E-13  2.50287E+04  0.00000E+00  1.0E-05
  6.000E-04  2.74156E-11  7.00869E-13  2.50285E+04  0.00000E+00  1.0E-05
  6.250E-04  2.97478E-11  7.00863E-13  2.50283E+04  0.00000E+00  1.0E-05
  6.500E-04  3.21752E-11  7.00857E-13  2.50281E+04  0.00000E+00  1.0E-05
  6.750E-04  3.46979E-11  7.00851E-13  2.50278E+04  0.00000E+00  1.0E-05
  7.000E-04  3.73157E-11  7.00844E-13  2.50276E+04  0.00000E+00  1.0E-05
  7.250E-04  4.00286E-11  7.00838E-13  2.50274E+04  0.00000E+00  1.0E-05
  7.500E-04  4.28368E-11  7.00831E-13  2.50271E+04  0.00000E+00  1.0E-05
  7.750E-04  4.57402E-11  7.00823E-13  2.50269E+04  0.00000E+00  1.0E-05
  8.000E-04  4.87388E-11  7.00816E-13  2.50266E+04  0.00000E+00  1.0E-05
  8.250E-04  5.18325E-11  7.00808E-13  2.50263E+04  0.00000E+00  1.0E-05
  8.500E-04  5.50215E-11  7.00800E-13  2.50260E+04  0.00000E+00  1.0E-05
  8.750E-04  5.83057E-11  7.00792E-13  2.50257E+04  0.00000E+00  1.0E-05
  9.000E-04  6.16850E-11  7.00784E-13  2.50254E+04  0.00000E+00  1.0E-05
  9.250E-04  6.51595E-11  7.00775E-13  2.50251E+04  0.00000E+00  1.0E-05
  9.500E-04  6.87293E-11  7.00767E-13  2.50248E+04  0.00000E+00  1.0E-05
  9.750E-04  7.23943E-11  7.00757E-13  2.50245E+04  0.00000E+00  1.0E-05
  1.000E-03  7.61544E-11  7.00748E-13  2.50242E+04  0.00000E+00  1.0E-05
  1.250E-03  1.18991E-10  7.00642E-13  2.50204E+04  0.00000E+00  1.0E-05
  1.500E-03  1.71347E-10  7.00513E-13  2.50158E+04  0.00000E+00  1.0E-05
  1.750E-03  2.33223E-10  7.00360E-13  2.50103E+04  0.00000E+00  1.0E-05
  2.000E-03  3.04617E-10  7.00183E-13  2.50040E+04  0.00000E+00  1.0E-05
  2.250E-03  3.85531E-10  6.99983E-13  2.49968E+04  0.00000E+00  1.0E-05
  2.500E-03  4.75965E-10  6.99759E-13  2.49889E+04  0.00000E+00  1.0E-05
  2.750E-03  5.75917E-10  6.99512E-13  2.49800E+04  0.00000E+00  1.0E-05
  3.000E-03  6.85389E-10  6.99242E-13  2.49704E+04  0.00000E+00  1.0E-05
  3.250E-03  8.04380E-10  6.98949E-13  2.49599E+04  0.00000E+00  1.0E-05
  3.500E-03  9.32891E-10  6.98632E-13  2.49486E+04  0.00000E+00  1.0E-05
  3.750E-03  1.07092E-09  6.98292E-13  2.49364E+04  0.00000E+00  1.0E-05
  4.000E-03  1.21847E-09  6.97929E-13  2.49235E+04  0.00000E+00  1.0E-05
  4.250E-03  1.37554E-09  6.97542E-13  2.49097E+04  0.00000E+00  1.0E-05
  4.500E-03  1.54213E-09  6.97133E-13  2.48951E+04  0.00000E+00  1.0E-05
  4.750E-03  1.71823E-09  6.96701E-13  2.48796E+04  0.00000E+00  1.0E-05
  5.000E-03  1.90386E-09  6.96246E-13  2.48634E+04  0.00000E+00  1.0E-05
  5.250E-03  2.09900E-09  6.95768E-13  2.48463E+04  0.00000E+00  1.0E-05
  5.500E-03  2.30367E-09  6.95268E-13  2.48285E+04  0.00000E+00  1.0E-05
  5.750E-03  2.51785E-09  6.94745E-13  2.48098E+04  0.00000E+00  1.0E-05
  6.000E-03  2.74156E-09  6.94200E-13  2.47903E+04  0.00000E+00  1.0E-05
  6.250E-03  2.97478E-09  6.93632E-13  2.47700E+04  0.00000E+00  1.0E-05
  6.500E-03  3.21752E-09  6.93042E-13  2.47490E+04  0.00000E+00  1.0E-05
  6.750E-03  3.46978E-09  6.92430E-13  2.47271E+04  0.00000E+00  1.0E-05
  7.000E-03  3.73156E-09  6.91795E-13  2.47045E+04  0.00000E+00  1.0E-05
  7.250E-03  4.00286E-09  6.91139E-13  2.46810E+04  0.00000E+00  1.0E-05
  7.500E-03  4.28368E-09  6.90461E-13  2.46568E+04  0.00000E+00  1.0E-05
  7.750E-03  4.57402E-09  6.89762E-13  2.46318E+04  0.00000E+00  1.0E-05
  8.000E-03  4.87388E-09  6.89040E-13  2.46061E+04  0.00000E+00  1.0E-05
  8.250E-03  5.18326E-09  6.88298E-13  2.45796E+04  0.00000E+00  1.0E-05
  8.500E-03  5.50215E-09  6.87534E-13  2.45523E+04  0.00000E+00  1.0E-05
  8.750E-03  5.83057E-09  6.86749E-13  2.45242E+04  0.00000E+00  1.0E-05
  9.000E-03  6.16850E-09  6.85943E-13  2.44955E+04  0.00000E+00  1.0E-05
  9.250E-03  6.51596E-09  6.85116E-13  2.44659E+04  0.00000E+00  1.0E-05
  9.500E-03  6.87293E-09  6.84268E-13  2.44357E+04  0.00000E+00  1.0E-05
  9.750E-03  7.23942E-09  6.83400E-13  2.44047E+04  0.00000E+00  1.0E-05
  1.000E-02  7.61544E-09  6.82511E-13  2.43729E+04  0.00000E+00  1.0E-05
  1.250E-02  1.18991E-08  6.72539E-13  2.40168E+04  0.00000E+00  1.0E-05
  1.500E-02  1.71347E-08  6.60645E-13  2.35921E+04  0.00000E+00  1.0E-05
  1.750E-02  2.33223E-08  6.47150E-13  2.31101E+04  0.00000E+00  1.0E-05
  2.000E-02  3.04617E-08  6.32264E-13  2.25786E+04  0.00000E+00  1.0E-05
  2.250E-02  3.85531E-08  6.16085E-13  2.20008E+04  0.00000E+00  1.0E-05
  2.500E-02  4.75965E-08  5.98846E-13  2.13852E+04  0.00000E+00  1.0E-05
  2.750E-02  5.75917E-08  5.80869E-13  2.07432E+04  0.00000E+00  1.0E-05
  3.000E-02  6.85389E-08  5.62380E-13  2.00830E+04  0.00000E+00  1.0E-05
  3.250E-02  8.04380E-08  5.43450E-13  1.94069E+04  0.00000E+00  1.0E-05
  3.500E-02  9.32891E-08  5.24179E-13  1.87188E+04  0.00000E+00  1.0E-05
  3.750E-02  1.07092E-07  5.04918E-13  1.80309E+04  0.00000E+00  1.0E-05
  4.000E-02  1.21847E-07  4.85808E-13  1.73485E+04  0.00000E+00  1.0E-05
  4.250E-02  1.37554E-07  4.66898E-13  1.66732E+04  0.00000E+00  1.0E-05
  4.500E-02  1.54213E-07  4.48099E-13  1.60019E+04  0.00000E+00  1.0E-05
  4.750E-02  1.71823E-07  4.29751E-13  1.53467E+04  0.00000E+00  1.0E-05
  5.000E-02  1.90386E-07  4.11917E-13  1.47098E+04  0.00000E+00  1.0E-05
  5.250E-02  2.09900E-07  3.94636E-13  1.40927E+04  0.00000E+00  1.0E-05
  5.500E-02  2.30367E-07  3.77673E-13  1.34869E+04  0.00000E+00  1.0E-05
  5.750E-02  2.51785E-07  3.61341E-13  1.29037E+04  0.00000E+00  1.0E-05
  6.000E-02  2.74156E-07  3.45650E-13  1.23434E+04  0.00000E+00  1.0E-05
  6.250E-02  2.97478E-07  3.30601E-13  1.18060E+04  0.00000E+00  1.0E-05
  6.500E-02  3.21752E-07  3.16007E-13  1.12848E+04  0.00000E+00  1.0E-05
  6.750E-02  3.46978E-07  3.02022E-13  1.07854E+04  0.00000E+00  1.0E-05
  7.000E-02  3.73156E-07  2.88673E-13  1.03087E+04  0.00000E+00  1.0E-05
  7.250E-02  4.00286E-07  2.75939E-13  9.85395E+03  0.00000E+00  1.0E-05
  7.500E-02  4.28368E-07  2.63693E-13  9.41665E+03  0.00000E+00  1.0E-05
  7.750E-02  4.57402E-07  2.51973E-13  8.99813E+03  0.00000E+00  1.0E-05
  8.000E-02  4.87388E-07  2.40823E-13  8.59995E+03  0.00000E+00  1.0E-05
  8.250E-02  5.18325E-07  2.30217E-13  8.22118E+03  0.00000E+00  1.0E-05
  8.500E-02  5.50215E-07  2.20074E-13  7.85897E+03  0.00000E+00  1.0E-05
  8.750E-02  5.83057E-07  2.10363E-13  7.51218E+03  0.00000E+00  1.0E-05
  9.000E-02  6.16850E-07  2.01138E-13  7.18275E+03  0.00000E+00  1.0E-05
  9.250E-02  6.51596E-07  1.92373E-13  6.86976E+03  0.00000E+00  1.0E-05
  9.500E-02  6.87293E-07  1.84022E-13  6.57156E+03  0.00000E+00  1.0E-05
  9.750E-02  7.23942E-07  1.76019E-13  6.28574E+03  0.00000E+00  1.0E-05
  1.000E-01  7.61543E-07  1.68419E-13  6.01435E+03  0.00000E+00  1.0E-05
  1.250E-01  1.18991E-06  1.09806E-13  3.92125E+03  0.00000E+00  1.0E-05
  1.500E-01  1.71347E-06  7.25689E-14  2.59148E+03  0.00000E+00  1.0E-05
  1.750E-01  2.33223E-06  5.03169E-14  1.79685E+03  0.00000E+00  1.0E-05
  2.000E-01  3.04617E-06  3.59341E-14  1.28323E+03  0.00000E+00  1.0E-05
  2.250E-01  3.85531E-06  2.62018E-14  9.35682E+02  0.00000E+00  1.0E-05
  2.500E-01  4.75964E-06  1.95797E-14  6.99204E+02  0.00000E+00  1.0E-05
  2.750E-01  5.75916E-06  1.49852E-14  5.35131E+02  0.00000E+00  1.0E-05
  3.000E-01  6.85388E-06  1.16982E-14  4.17751E+02  0.00000E+00  1.0E-05
  3.250E-01  8.04378E-06  9.26731E-15  3.30941E+02  0.00000E+00  1.0E-05
  3.500E-01  9.32888E-06  7.42960E-15  2.65316E+02  0.00000E+00  1.0E-05
  3.750E-01  1.07092E-05  6.03127E-15  2.15381E+02  0.00000E+00  1.0E-05
  4.000E-01  1.21846E-05  4.94771E-15  1.76686E+02  0.00000E+00  1.0E-05
  4.250E-01  1.37553E-05  4.09242E-15  1.46143E+02  0.00000E+00  1.0E-05
  4.500E-01  1.54212E-05  3.40489E-15  1.21591E+02  0.00000E+00  1.0E-05
  4.750E-01  1.71822E-05  2.85461E-15  1.01940E+02  0.00000E+00  1.0E-05
  5.000E-01  1.90385E-05  2.40827E-15  8.60008E+01  0.00000E+00  1.0E-05
  5.250E-01  2.09899E-05  2.04703E-15  7.31009E+01  0.00000E+00  1.0E-05
  5.500E-01  2.30365E-05  1.74738E-15  6.24002E+01  0.00000E+00  1.0E-05
  5.750E-01  2.51783E-05  1.50007E-15  5.35685E+01  0.00000E+00  1.0E-05
  6.000E-01  2.74153E-05  1.29459E-15  4.62306E+01  0.00000E+00  1.0E-05
  6.250E-01  2.97475E-05  1.12299E-15  4.01027E+01  0.00000E+00  1.0E-05
  6.500E-01  3.21749E-05  9.78900E-16  3.49571E+01  0.00000E+00  1.0E-05
  6.750E-01  3.46974E-05  8.56893E-16  3.06002E+01  0.00000E+00  1.0E-05
  7.000E-01  3.73152E-05  7.53564E-16  2.69103E+01  0.00000E+00  1.0E-05
  7.250E-01  4.00281E-05  6.65761E-16  2.37747E+01  0.00000E+00  1.0E-05
  7.500E-01  4.28362E-05  5.90631E-16  2.10918E+01  0.00000E+00  1.0E-05
  7.750E-01  4.57395E-05  5.26044E-16  1.87854E+01  0.00000E+00  1.0E-05
  8.000E-01  4.87380E-05  4.70260E-16  1.67933E+01  0.00000E+00  1.0E-05
  8.250E-01  5.18317E-05  4.21831E-16  1.50638E+01  0.00000E+00  1.0E-05
  8.500E-01  5.50205E-05  3.79537E-16  1.35535E+01  0.00000E+00  1.0E-05
  8.750E-01  5.83045E-05  3.42430E-16  1.22284E+01  0.00000E+00  1.0E-05
  9.000E-01  6.16838E-05  3.09818E-16  1.10638E+01  0.00000E+00  1.0E-05
  9.250E-01  6.51582E-05  2.81055E-16  1.00367E+01  0.00000E+00  1.0E-05
  9.500E-01  6.87277E-05  2.55585E-16  9.12709E+00  0.00000E+00  1.0E-05
  9.750E-01  7.23925E-05  2.32929E-16  8.31805E+00  0.00000E+00  1.0E-05
  1.000E+00  7.61524E-05  2.12763E-16  7.59791E+00  0.00000E+00  1.0E-05
  1.100E+00  9.21439E-05  1.51121E-16  5.39662E+00  0.00000E+00  7.6E-06
  1.200E+00  1.09658E-04  1.10352E-16  3.94073E+00  0.00000E+00  4.1E-06
  1.300E+00  1.28695E-04  8.24483E-17  2.94428E+00  0.00000E+00  8.3E-07
  1.400E+00  1.49255E-04  6.27843E-17  2.24207E+00  0.00000E+00  1.6E-06
  1.500E+00  1.71338E-04  4.86951E-17  1.73893E+00  0.00000E+00  2.9E-06
  1.600E+00  1.94942E-04  3.83585E-17  1.36981E+00  0.00000E+00  3.1E-06
  1.700E+00  2.20070E-04  3.06235E-17  1.09359E+00  0.00000E+00  2.5E-06
  1.800E+00  2.46720E-04  2.47332E-17  8.83237E-01  0.00000E+00  1.4E-06
  1.900E+00  2.74892E-04  2.01988E-17  7.21312E-01  0.00000E+00  2.3E-07
  2.000E+00  3.04586E-04  1.66602E-17  5.94947E-01  0.00000E+00  7.4E-07
  2.100E+00  3.35803E-04  1.38651E-17  4.95132E-01  0.00000E+00  1.3E-06
  2.200E+00  3.68542E-04  1.16275E-17  4.15224E-01  0.00000E+00  1.4E-06
  2.300E+00  4.02802E-04  9.82505E-18  3.50859E-01  0.00000E+00  1.2E-06
  2.400E+00  4.38585E-04  8.35969E-18  2.98530E-01  0.00000E+00  6.4E-07
  2.500E+00  4.75889E-04  7.15822E-18  2.55625E-01  0.00000E+00  1.0E-07
  2.600E+00  5.14715E-04  6.16415E-18  2.20126E-01  0.00000E+00  4.2E-07
  2.700E+00  5.55063E-04  5.33721E-18  1.90595E-01  0.00000E+00  7.2E-07
  2.800E+00  5.96931E-04  4.64498E-18  1.65875E-01  0.00000E+00  7.8E-07
  2.900E+00  6.40321E-04  4.06187E-18  1.45052E-01  0.00000E+00  6.3E-07
  3.000E+00  6.85233E-04  3.56740E-18  1.27394E-01  0.00000E+00  3.4E-07
  3.100E+00  7.31665E-04  3.14612E-18  1.12350E-01  0.00000E+00  1.0E-07
  3.200E+00  7.79618E-04  2.78554E-18  9.94733E-02  0.00000E+00  2.7E-07
  3.300E+00  8.29092E-04  2.47542E-18  8.83990E-02  0.00000E+00  4.5E-07
  3.400E+00  8.80086E-04  2.20735E-18  7.88261E-02  0.00000E+00  4.8E-07
  3.500E+00  9.32601E-04  1.97466E-18  7.05166E-02  0.00000E+00  3.8E-07
  3.600E+00  9.86636E-04  1.77200E-18  6.32793E-02  0.00000E+00  2.0E-07
  3.700E+00  1.04219E-03  1.59480E-18  5.69513E-02  0.00000E+00  1.0E-07
  3.800E+00  1.09927E-03  1.43927E-18  5.13974E-02  0.00000E+00  1.9E-07
  3.900E+00  1.15786E-03  1.30224E-18  4.65040E-02  0.00000E+00  3.0E-07
  4.000E+00  1.21797E-03  1.18121E-18  4.21819E-02  0.00000E+00  3.2E-07
  4.100E+00  1.27961E-03  1.07398E-18  3.83527E-02  0.00000E+00  2.5E-07
  4.200E+00  1.34276E-03  9.78696E-19  3.49499E-02  0.00000E+00  1.2E-07
  4.300E+00  1.40743E-03  8.93721E-19  3.19153E-02  0.00000E+00  1.0E-07
  4.400E+00  1.47362E-03  8.17807E-19  2.92044E-02  0.00000E+00  1.4E-07
  4.500E+00  1.54133E-03  7.49818E-19  2.67765E-02  0.00000E+00  2.1E-07
  4.600E+00  1.61056E-03  6.88773E-19  2.45965E-02  0.00000E+00  2.2E-07
  4.700E+00  1.68131E-03  6.33805E-19  2.26336E-02  0.00000E+00  1.7E-07
  4.800E+00  1.75357E-03  5.84229E-19  2.08632E-02  0.00000E+00  1.0E-07
  4.900E+00  1.82735E-03  5.39424E-19  1.92632E-02  0.00000E+00  1.0E-07
  5.000E+00  1.90265E-03  4.98847E-19  1.78142E-02  0.00000E+00  1.1E-07
  5.100E+00  1.97947E-03  4.62014E-19  1.64988E-02  0.00000E+00  1.6E-07
  5.200E+00  2.05780E-03  4.28525E-19  1.53029E-02  0.00000E+00  1.6E-07
  5.300E+00  2.13765E-03  3.98027E-19  1.42138E-02  0.00000E+00  1.2E-07
  5.400E+00  2.21902E-03  3.70205E-19  1.32202E-02  0.00000E+00  1.0E-07
  5.500E+00  2.30190E-03  3.44775E-19  1.23121E-02  0.00000E+00  1.0E-07
  5.600E+00  2.38630E-03  3.21493E-19  1.14807E-02  0.00000E+00  1.0E-07
  5.700E+00  2.47222E-03  3.00153E-19  1.07187E-02  0.00000E+00  1.2E-07
  5.800E+00  2.55965E-03  2.80562E-19  1.00190E-02  0.00000E+00  1.2E-07
  5.900E+00  2.64859E-03  2.62548E-19  9.37574E-03  0.00000E+00  1.0E-07
  6.000E+00  2.73905E-03  2.45958E-19  8.78332E-03  0.00000E+00  1.0E-07
  6.100E+00  2.83103E-03  2.30665E-19  8.23718E-03  0.00000E+00  1.0E-07
  6.200E+00  2.92452E-03  2.16548E-19  7.73305E-03  0.00000E+00  1.0E-07
  6.300E+00  3.01952E-03  2.03499E-19  7.26708E-03  0.00000E+00  1.0E-07
  6.400E+00  3.11604E-03  1.91420E-19  6.83573E-03  0.00000E+00  1.0E-07
  6.500E+00  3.21407E-03  1.80229E-19  6.43609E-03  0.00000E+00  1.0E-07
  6.600E+00  3.31362E-03  1.69848E-19  6.06540E-03  0.00000E+00  1.0E-07
  6.700E+00  3.41468E-03  1.60209E-19  5.72117E-03  0.00000E+00  1.0E-07
  6.800E+00  3.51725E-03  1.51246E-19  5.40108E-03  0.00000E+00  1.0E-07
  6.900E+00  3.62133E-03  1.42904E-19  5.10320E-03  0.00000E+00  1.0E-07
  7.000E+00  3.72692E-03  1.35134E-19  4.82571E-03  0.00000E+00  1.0E-07
  7.100E+00  3.83403E-03  1.27888E-19  4.56695E-03  0.00000E+00  1.0E-07
  7.200E+00  3.94265E-03  1.21123E-19  4.32538E-03  0.00000E+00  1.0E-07
  7.300E+00  4.05278E-03  1.14802E-19  4.09967E-03  0.00000E+00  1.0E-07
  7.400E+00  4.16442E-03  1.08892E-19  3.88861E-03  0.00000E+00  1.0E-07
  7.500E+00  4.27757E-03  1.03360E-19  3.69105E-03  0.00000E+00  1.0E-07
  7.600E+00  4.39223E-03  9.81769E-20  3.50596E-03  0.00000E+00  1.0E-07
  7.700E+00  4.50840E-03  9.33168E-20  3.33240E-03  0.00000E+00  1.0E-07
  7.800E+00  4.62608E-03  8.87562E-20  3.16954E-03  0.00000E+00  1.0E-07
  7.900E+00  4.74527E-03  8.44732E-20  3.01659E-03  0.00000E+00  1.0E-07
  8.000E+00  4.86597E-03  8.04475E-20  2.87283E-03  0.00000E+00  1.0E-07
  8.100E+00  4.98817E-03  7.66604E-20  2.73759E-03  0.00000E+00  1.0E-07
  8.200E+00  5.11188E-03  7.30956E-20  2.61029E-03  0.00000E+00  1.0E-07
  8.300E+00  5.23711E-03  6.97375E-20  2.49037E-03  0.00000E+00  1.0E-07
  8.400E+00  5.36383E-03  6.65718E-20  2.37732E-03  0.00000E+00  1.0E-07
  8.500E+00  5.49207E-03  6.35851E-20  2.27066E-03  0.00000E+00  1.0E-07
  8.600E+00  5.62181E-03  6.07657E-20  2.16998E-03  0.00000E+00  1.0E-07
  8.700E+00  5.75306E-03  5.81024E-20  2.07487E-03  0.00000E+00  1.0E-07
  8.800E+00  5.88581E-03  5.55850E-20  1.98497E-03  0.00000E+00  1.0E-07
  8.900E+00  6.02007E-03  5.32035E-20  1.89993E-03  0.00000E+00  1.0E-07
  9.000E+00  6.15583E-03  5.09496E-20  1.81944E-03  0.00000E+00  1.0E-07
  9.100E+00  6.29310E-03  4.88151E-20  1.74322E-03  0.00000E+00  1.0E-07
  9.200E+00  6.43187E-03  4.67925E-20  1.67099E-03  0.00000E+00  1.0E-07
  9.300E+00  6.57214E-03  4.48746E-20  1.60250E-03  0.00000E+00  1.0E-07
  9.400E+00  6.71392E-03  4.30550E-20  1.53752E-03  0.00000E+00  1.0E-07
  9.500E+00  6.85720E-03  4.13279E-20  1.47585E-03  0.00000E+00  1.0E-07
  9.600E+00  7.00198E-03  3.96875E-20  1.41727E-03  0.00000E+00  1.0E-07
  9.700E+00  7.14827E-03  3.81286E-20  1.36160E-03  0.00000E+00  1.0E-07
  9.800E+00  7.29605E-03  3.66464E-20  1.30867E-03  0.00000E+00  1.0E-07
  9.900E+00  7.44534E-03  3.52364E-20  1.25832E-03  0.00000E+00  1.0E-07
  1.000E+01  7.59612E-03  3.38945E-20  1.21040E-03  0.00000E+00  1.0E-07
  1.025E+01  7.97965E-03  3.08121E-20  1.10032E-03  0.00000E+00  1.0E-07
  1.050E+01  8.37255E-03  2.80765E-20  1.00263E-03  0.00000E+00  1.0E-07
  1.075E+01  8.77480E-03  2.56417E-20  9.15681E-04  0.00000E+00  1.0E-07
  1.100E+01  9.18641E-03  2.34687E-20  8.38081E-04  0.00000E+00  1.0E-07
  1.125E+01  9.60736E-03  2.15242E-20  7.68644E-04  0.00000E+00  1.0E-07
  1.150E+01  1.00376E-02  1.97799E-20  7.06354E-04  0.00000E+00  1.0E-07
  1.175E+01  1.04773E-02  1.82114E-20  6.50341E-04  0.00000E+00  1.0E-07
  1.200E+01  1.09262E-02  1.67977E-20  5.99858E-04  0.00000E+00  1.0E-07
  1.225E+01  1.13844E-02  1.55208E-20  5.54258E-04  0.00000E+00  1.0E-07
  1.250E+01  1.18520E-02  1.43650E-20  5.12982E-04  0.00000E+00  1.0E-07
  1.275E+01  1.23288E-02  1.33166E-20  4.75543E-04  0.00000E+00  1.0E-07
  1.300E+01  1.28150E-02  1.23638E-20  4.41518E-04  0.00000E+00  1.0E-07
  1.325E+01  1.33104E-02  1.14962E-20  4.10536E-04  0.00000E+00  1.0E-07
  1.350E+01  1.38150E-02  1.07049E-20  3.82279E-04  0.00000E+00  1.0E-07
  1.375E+01  1.43290E-02  9.98182E-21  3.56457E-04  0.00000E+00  1.0E-07
  1.400E+01  1.48521E-02  9.31999E-21  3.32823E-04  0.00000E+00  1.0E-07
  1.425E+01  1.53845E-02  8.71326E-21  3.11156E-04  0.00000E+00  1.0E-07
  1.450E+01  1.59262E-02  8.15618E-21  2.91262E-04  0.00000E+00  1.0E-07
  1.475E+01  1.64770E-02  7.64387E-21  2.72968E-04  0.00000E+00  1.0E-07
  1.500E+01  1.70371E-02  7.17204E-21  2.56118E-04  0.00000E+00  1.0E-07
  1.525E+01  1.76063E-02  6.73692E-21  2.40580E-04  0.00000E+00  1.0E-07
  1.550E+01  1.81848E-02  6.33509E-21  2.26230E-04  0.00000E+00  1.0E-07
  1.575E+01  1.87724E-02  5.96351E-21  2.12961E-04  0.00000E+00  1.0E-07
  1.600E+01  1.93692E-02  5.61943E-21  2.00674E-04  0.00000E+00  1.0E-07
  1.625E+01  1.99751E-02  5.30046E-21  1.89283E-04  0.00000E+00  1.0E-07
  1.650E+01  2.05901E-02  5.00441E-21  1.78711E-04  0.00000E+00  1.0E-07
  1.675E+01  2.12143E-02  4.72929E-21  1.68886E-04  0.00000E+00  1.0E-07
  1.700E+01  2.18476E-02  4.47333E-21  1.59745E-04  0.00000E+00  1.0E-07
  1.725E+01  2.24900E-02  4.23494E-21  1.51232E-04  0.00000E+00  1.0E-07
  1.750E+01  2.31415E-02  4.01269E-21  1.43296E-04  0.00000E+00  1.0E-07
  1.775E+01  2.38021E-02  3.80525E-21  1.35888E-04  0.00000E+00  1.0E-07
  1.800E+01  2.44717E-02  3.61144E-21  1.28967E-04  0.00000E+00  1.0E-07
  1.825E+01  2.51504E-02  3.43020E-21  1.22494E-04  0.00000E+00  1.0E-07
  1.850E+01  2.58382E-02  3.26054E-21  1.16436E-04  0.00000E+00  1.0E-07
  1.875E+01  2.65349E-02  3.10158E-21  1.10759E-04  0.00000E+00  1.0E-07
  1.900E+01  2.72407E-02  2.95250E-21  1.05436E-04  0.00000E+00  1.0E-07
  1.925E+01  2.79555E-02  2.81256E-21  1.00438E-04  0.00000E+00  1.0E-07
  1.950E+01  2.86793E-02  2.68110E-21  9.57440E-05  0.00000E+00  1.0E-07
  1.975E+01  2.94120E-02  2.55751E-21  9.13302E-05  0.00000E+00  1.0E-07
  2.000E+01  3.01537E-02  2.44119E-21  8.71765E-05  0.00000E+00  1.0E-07
  2.025E+01  3.09043E-02  2.33165E-21  8.32648E-05  0.00000E+00  1.0E-07
  2.050E+01  3.16639E-02  2.22841E-21  7.95781E-05  0.00000E+00  1.0E-07
  2.075E+01  3.24324E-02  2.13104E-21  7.61008E-05  0.00000E+00  1.0E-07
  2.100E+01  3.32098E-02  2.03912E-21  7.28184E-05  0.00000E+00  1.0E-07
  2.125E+01  3.39961E-02  1.95230E-21  6.97178E-05  0.00000E+00  1.0E-07
  2.150E+01  3.47912E-02  1.87022E-21  6.67869E-05  0.00000E+00  1.0E-07
  2.175E+01  3.55952E-02  1.79259E-21  6.40146E-05  0.00000E+00  1.0E-07
  2.200E+01  3.64081E-02  1.71910E-21  6.13903E-05  0.00000E+00  1.0E-07
  2.225E+01  3.72297E-02  1.64950E-21  5.89046E-05  0.00000E+00  1.0E-07
  2.250E+01  3.80602E-02  1.58352E-21  5.65486E-05  0.00000E+00  1.0E-07
  2.275E+01  3.88995E-02  1.52095E-21  5.43142E-05  0.00000E+00  1.0E-07
  2.300E+01  3.97476E-02  1.46157E-21  5.21937E-05  0.00000E+00  1.0E-07
  2.325E+01  4.06044E-02  1.40519E-21  5.01801E-05  0.00000E+00  1.0E-07
  2.350E+01  4.14700E-02  1.35161E-21  4.82670E-05  0.00000E+00  1.0E-07
  2.375E+01  4.23443E-02  1.30068E-21  4.64482E-05  0.00000E+00  1.0E-07
  2.400E+01  4.32273E-02  1.25223E-21  4.47180E-05  0.00000E+00  1.0E-07
  2.425E+01  4.41190E-02  1.20612E-21  4.30713E-05  0.00000E+00  1.0E-07
  2.450E+01  4.50194E-02  1.16221E-21  4.15032E-05  0.00000E+00  1.0E-07
  2.475E+01  4.59284E-02  1.12037E-21  4.00091E-05  0.00000E+00  1.0E-07
  2.500E+01  4.68461E-02  1.08048E-21  3.85848E-05  0.00000E+00  1.0E-07
  2.550E+01  4.87074E-02  1.00614E-21  3.59299E-05  0.00000E+00  1.0E-07
  2.600E+01  5.06030E-02  9.38373E-22  3.35099E-05  0.00000E+00  1.0E-07
  2.650E+01  5.25328E-02  8.76483E-22  3.12998E-05  0.00000E+00  1.0E-07
  2.700E+01  5.44967E-02  8.19858E-22  2.92777E-05  0.00000E+00  1.0E-07
  2.750E+01  5.64946E-02  7.67954E-22  2.74241E-05  0.00000E+00  1.0E-07
  2.800E+01  5.85262E-02  7.20297E-22  2.57223E-05  0.00000E+00  1.0E-07
  2.850E+01  6.05914E-02  6.76466E-22  2.41570E-05  0.00000E+00  1.0E-07
  2.900E+01  6.26901E-02  6.36090E-22  2.27152E-05  0.00000E+00  1.0E-07
  2.950E+01  6.48222E-02  5.98839E-22  2.13849E-05  0.00000E+00  1.0E-07
  3.000E+01  6.69873E-02  5.64419E-22  2.01558E-05  0.00000E+00  1.0E-07
  3.050E+01  6.91854E-02  5.32569E-22  1.90184E-05  0.00000E+00  1.0E-07
  3.100E+01  7.14163E-02  5.03057E-22  1.79645E-05  0.00000E+00  1.0E-07
  3.150E+01  7.36799E-02  4.75672E-22  1.69866E-05  0.00000E+00  1.0E-07
  3.200E+01  7.59760E-02  4.50230E-22  1.60780E-05  0.00000E+00  1.0E-07
  3.250E+01  7.83043E-02  4.26561E-22  1.52328E-05  0.00000E+00  1.0E-07
  3.300E+01  8.06647E-02  4.04515E-22  1.44455E-05  0.00000E+00  1.0E-07
  3.350E+01  8.30571E-02  3.83957E-22  1.37113E-05  0.00000E+00  1.0E-07
  3.400E+01  8.54812E-02  3.64763E-22  1.30259E-05  0.00000E+00  1.0E-07
  3.450E+01  8.79369E-02  3.46823E-22  1.23853E-05  0.00000E+00  1.0E-07
  3.500E+01  9.04240E-02  3.30037E-22  1.17858E-05  0.00000E+00  1.0E-07
  3.550E+01  9.29422E-02  3.14313E-22  1.12243E-05  0.00000E+00  1.0E-07
  3.600E+01  9.54915E-02  2.99570E-22  1.06978E-05  0.00000E+00  1.0E-07
  3.650E+01  9.80716E-02  2.85732E-22  1.02037E-05  0.00000E+00  1.0E-07
  3.700E+01  1.00682E-01  2.72732E-22  9.73944E-06  0.00000E+00  1.0E-07
  3.750E+01  1.03323E-01  2.60506E-22  9.30285E-06  0.00000E+00  1.0E-07
  3.800E+01  1.05995E-01  2.48999E-22  8.89191E-06  0.00000E+00  1.0E-07
  3.850E+01  1.08696E-01  2.38158E-22  8.50477E-06  0.00000E+00  1.0E-07
  3.900E+01  1.11427E-01  2.27935E-22  8.13971E-06  0.00000E+00  1.0E-07
  3.950E+01  1.14188E-01  2.18288E-22  7.79520E-06  0.00000E+00  1.0E-07
  4.000E+01  1.16978E-01  2.09176E-22  7.46981E-06  0.00000E+00  1.0E-07
  4.050E+01  1.19797E-01  2.00563E-22  7.16223E-06  0.00000E+00  1.0E-07
  4.100E+01  1.22645E-01  1.92415E-22  6.87125E-06  0.00000E+00  1.0E-07
  4.150E+01  1.25522E-01  1.84700E-22  6.59577E-06  0.00000E+00  1.0E-07
  4.200E+01  1.28428E-01  1.77392E-22  6.33477E-06  0.00000E+00  1.0E-07
  4.250E+01  1.31361E-01  1.70462E-22  6.08730E-06  0.00000E+00  1.0E-07
  4.300E+01  1.34323E-01  1.63887E-22  5.85250E-06  0.00000E+00  1.0E-07
  4.350E+01  1.37313E-01  1.57644E-22  5.62956E-06  0.00000E+00  1.0E-07
  4.400E+01  1.40330E-01  1.51712E-22  5.41775E-06  0.00000E+00  1.0E-07
  4.450E+01  1.43375E-01  1.46073E-22  5.21637E-06  0.00000E+00  1.0E-07
  4.500E+01  1.46447E-01  1.40708E-22  5.02479E-06  0.00000E+00  1.0E-07
  4.550E+01  1.49545E-01  1.35601E-22  4.84241E-06  0.00000E+00  1.0E-07
  4.600E+01  1.52671E-01  1.30736E-22  4.66868E-06  0.00000E+00  1.0E-07
  4.650E+01  1.55823E-01  1.26100E-22  4.50311E-06  0.00000E+00  1.0E-07
  4.700E+01  1.59001E-01  1.21678E-22  4.34519E-06  0.00000E+00  1.0E-07
  4.750E+01  1.62205E-01  1.17458E-22  4.19451E-06  0.00000E+00  1.0E-07
  4.800E+01  1.65435E-01  1.13430E-22  4.05065E-06  0.00000E+00  1.0E-07
  4.850E+01  1.68690E-01  1.09581E-22  3.91322E-06  0.00000E+00  1.0E-07
  4.900E+01  1.71970E-01  1.05903E-22  3.78186E-06  0.00000E+00  1.0E-07
  4.950E+01  1.75276E-01  1.02385E-22  3.65625E-06  0.00000E+00  1.0E-07
  5.000E+01  1.78606E-01  9.90197E-23  3.53606E-06  0.00000E+00  1.0E-07
  5.050E+01  1.81961E-01  9.57978E-23  3.42100E-06  0.00000E+00  1.0E-07
  5.100E+01  1.85340E-01  9.27121E-23  3.31081E-06  0.00000E+00  1.0E-07
  5.150E+01  1.88743E-01  8.97553E-23  3.20522E-06  0.00000E+00  1.0E-07
  5.200E+01  1.92169E-01  8.69208E-23  3.10400E-06  0.00000E+00  1.0E-07
  5.250E+01  1.95619E-01  8.42022E-23  3.00691E-06  0.00000E+00  1.0E-07
  5.300E+01  1.99092E-01  8.15935E-23  2.91376E-06  0.00000E+00  1.0E-07
  5.350E+01  2.02589E-01  7.90893E-23  2.82433E-06  0.00000E+00  1.0E-07
  5.400E+01  2.06107E-01  7.66843E-23  2.73845E-06  0.00000E+00  1.0E-07
  5.450E+01  2.09649E-01  7.43736E-23  2.65593E-06  0.00000E+00  1.0E-07
  5.500E+01  2.13212E-01  7.21525E-23  2.57661E-06  0.00000E+00  1.0E-07
  5.550E+01  2.16797E-01  7.00168E-23  2.50034E-06  0.00000E+00  1.0E-07
  5.600E+01  2.20404E-01  6.79623E-23  2.42698E-06  0.00000E+00  1.0E-07
  5.650E+01  2.24032E-01  6.59851E-23  2.35637E-06  0.00000E+00  1.0E-07
  5.700E+01  2.27680E-01  6.40816E-23  2.28840E-06  0.00000E+00  1.0E-07
  5.750E+01  2.31350E-01  6.22484E-23  2.22293E-06  0.00000E+00  1.0E-07
  5.800E+01  2.35040E-01  6.04822E-23  2.15986E-06  0.00000E+00  1.0E-07
  5.850E+01  2.38751E-01  5.87800E-23  2.09907E-06  0.00000E+00  1.0E-07
  5.900E+01  2.42481E-01  5.71388E-23  2.04046E-06  0.00000E+00  1.0E-07
  5.950E+01  2.46231E-01  5.55559E-23  1.98394E-06  0.00000E+00  1.0E-07
  6.000E+01  2.50000E-01  5.40287E-23  1.92940E-06  0.00000E+00  1.0E-07
  6.050E+01  2.53788E-01  5.25547E-23  1.87676E-06  0.00000E+00  1.0E-07
  6.100E+01  2.57595E-01  5.11317E-23  1.82595E-06  0.00000E+00  1.0E-07
  6.150E+01  2.61421E-01  4.97574E-23  1.77687E-06  0.00000E+00  1.0E-07
  6.200E+01  2.65264E-01  4.84297E-23  1.72946E-06  0.00000E+00  1.0E-07
  6.250E+01  2.69126E-01  4.71467E-23  1.68364E-06  0.00000E+00  1.0E-07
  6.300E+01  2.73005E-01  4.59064E-23  1.63935E-06  0.00000E+00  1.0E-07
  6.350E+01  2.76901E-01  4.47071E-23  1.59652E-06  0.00000E+00  1.0E-07
  6.400E+01  2.80814E-01  4.35470E-23  1.55509E-06  0.00000E+00  1.0E-07
  6.450E+01  2.84744E-01  4.24247E-23  1.51501E-06  0.00000E+00  1.0E-07
  6.500E+01  2.88691E-01  4.13384E-23  1.47622E-06  0.00000E+00  1.0E-07
  6.550E+01  2.92653E-01  4.02868E-23  1.43867E-06  0.00000E+00  1.0E-07
  6.600E+01  2.96632E-01  3.92686E-23  1.40231E-06  0.00000E+00  1.0E-07
  6.650E+01  3.00625E-01  3.82822E-23  1.36708E-06  0.00000E+00  1.0E-07
  6.700E+01  3.04634E-01  3.73266E-23  1.33296E-06  0.00000E+00  1.0E-07
  6.750E+01  3.08658E-01  3.64005E-23  1.29989E-06  0.00000E+00  1.0E-07
  6.800E+01  3.12697E-01  3.55027E-23  1.26783E-06  0.00000E+00  1.0E-07
  6.850E+01  3.16749E-01  3.46323E-23  1.23674E-06  0.00000E+00  1.0E-07
  6.900E+01  3.20816E-01  3.37880E-23  1.20659E-06  0.00000E+00  1.0E-07
  6.950E+01  3.24896E-01  3.29690E-23  1.17735E-06  0.00000E+00  1.0E-07
  7.000E+01  3.28990E-01  3.21743E-23  1.14897E-06  0.00000E+00  1.0E-07
  7.050E+01  3.33097E-01  3.14030E-23  1.12142E-06  0.00000E+00  1.0E-07
  7.100E+01  3.37216E-01  3.06542E-23  1.09468E-06  0.00000E+00  1.0E-07
  7.150E+01  3.41348E-01  2.99272E-23  1.06872E-06  0.00000E+00  1.0E-07
  7.200E+01  3.45492E-01  2.92210E-23  1.04350E-06  0.00000E+00  1.0E-07
  7.250E+01  3.49647E-01  2.85351E-23  1.01901E-06  0.00000E+00  1.0E-07
  7.300E+01  3.53814E-01  2.78685E-23  9.95203E-07  0.00000E+00  1.0E-07
  7.350E+01  3.57992E-01  2.72208E-23  9.72071E-07  0.00000E+00  1.0E-07
  7.400E+01  3.62181E-01  2.65911E-23  9.49585E-07  0.00000E+00  1.0E-07
  7.450E+01  3.66381E-01  2.59789E-23  9.27722E-07  0.00000E+00  1.0E-07
  7.500E+01  3.70590E-01  2.53835E-23  9.06461E-07  0.00000E+00  1.0E-07
  7.550E+01  3.74810E-01  2.48044E-23  8.85782E-07  0.00000E+00  1.0E-07
  7.600E+01  3.79039E-01  2.42410E-23  8.65663E-07  0.00000E+00  1.0E-07
  7.650E+01  3.83277E-01  2.36929E-23  8.46087E-07  0.00000E+00  1.0E-07
  7.700E+01  3.87524E-01  2.31594E-23  8.27035E-07  0.00000E+00  1.0E-07
  7.750E+01  3.91780E-01  2.26400E-23  8.08490E-07  0.00000E+00  1.0E-07
  7.800E+01  3.96044E-01  2.21344E-23  7.90435E-07  0.00000E+00  1.0E-07
  7.850E+01  4.00316E-01  2.16421E-23  7.72854E-07  0.00000E+00  1.0E-07
  7.900E+01  4.04596E-01  2.11626E-23  7.55730E-07  0.00000E+00  1.0E-07
  7.950E+01  4.08882E-01  2.06955E-23  7.39050E-07  0.00000E+00  1.0E-07
  8.000E+01  4.13176E-01  2.02404E-23  7.22798E-07  0.00000E+00  1.0E-07
  8.050E+01  4.17476E-01  1.97969E-23  7.06962E-07  0.00000E+00  1.0E-07
  8.100E+01  4.21783E-01  1.93647E-23  6.91527E-07  0.00000E+00  1.0E-07
  8.150E+01  4.26095E-01  1.89434E-23  6.76482E-07  0.00000E+00  1.0E-07
  8.200E+01  4.30413E-01  1.85327E-23  6.61814E-07  0.00000E+00  1.0E-07
  8.250E+01  4.34737E-01  1.81322E-23  6.47511E-07  0.00000E+00  1.0E-07
  8.300E+01  4.39065E-01  1.77416E-23  6.33563E-07  0.00000E+00  1.0E-07
  8.350E+01  4.43398E-01  1.73606E-23  6.19958E-07  0.00000E+00  1.0E-07
  8.400E+01  4.47736E-01  1.69889E-23  6.06685E-07  0.00000E+00  1.0E-07
  8.450E+01  4.52077E-01  1.66263E-23  5.93735E-07  0.00000E+00  1.0E-07
  8.500E+01  4.56422E-01  1.62724E-23  5.81097E-07  0.00000E+00  1.0E-07
  8.550E+01  4.60770E-01  1.59270E-23  5.68763E-07  0.00000E+00  1.0E-07
  8.600E+01  4.65122E-01  1.55899E-23  5.56724E-07  0.00000E+00  1.0E-07
  8.650E+01  4.69476E-01  1.52607E-23  5.44970E-07  0.00000E+00  1.0E-07
  8.700E+01  4.73832E-01  1.49393E-23  5.33493E-07  0.00000E+00  1.0E-07
  8.750E+01  4.78190E-01  1.46255E-23  5.22286E-07  0.00000E+00  1.0E-07
  8.800E+01  4.82550E-01  1.43190E-23  5.11340E-07  0.00000E+00  1.0E-07
  8.850E+01  4.86912E-01  1.40196E-23  5.00649E-07  0.00000E+00  1.0E-07
  8.900E+01  4.91274E-01  1.37271E-23  4.90204E-07  0.00000E+00  1.0E-07
  8.950E+01  4.95637E-01  1.34413E-23  4.79999E-07  0.00000E+00  1.0E-07
  9.000E+01  5.00000E-01  1.31621E-23  4.70026E-07  0.00000E+00  1.0E-07
  9.050E+01  5.04363E-01  1.28892E-23  4.60280E-07  0.00000E+00  1.0E-07
  9.100E+01  5.08726E-01  1.26224E-23  4.50754E-07  0.00000E+00  1.0E-07
  9.150E+01  5.13088E-01  1.23616E-23  4.41442E-07  0.00000E+00  1.0E-07
  9.200E+01  5.17450E-01  1.21067E-23  4.32337E-07  0.00000E+00  1.0E-07
  9.250E+01  5.21810E-01  1.18574E-23  4.23435E-07  0.00000E+00  1.0E-07
  9.300E+01  5.26168E-01  1.16136E-23  4.14730E-07  0.00000E+00  1.0E-07
  9.350E+01  5.30524E-01  1.13752E-23  4.06217E-07  0.00000E+00  1.0E-07
  9.400E+01  5.34878E-01  1.11420E-23  3.97890E-07  0.00000E+00  1.0E-07
  9.450E+01  5.39230E-01  1.09139E-23  3.89744E-07  0.00000E+00  1.0E-07
  9.500E+01  5.43578E-01  1.06908E-23  3.81775E-07  0.00000E+00  1.0E-07
  9.550E+01  5.47923E-01  1.04725E-23  3.73978E-07  0.00000E+00  1.0E-07
  9.600E+01  5.52264E-01  1.02588E-23  3.66348E-07  0.00000E+00  1.0E-07
  9.650E+01  5.56602E-01  1.00497E-23  3.58882E-07  0.00000E+00  1.0E-07
  9.700E+01  5.60935E-01  9.84505E-24  3.51573E-07  0.00000E+00  1.0E-07
  9.750E+01  5.65263E-01  9.64472E-24  3.44419E-07  0.00000E+00  1.0E-07
  9.800E+01  5.69587E-01  9.44862E-24  3.37416E-07  0.00000E+00  1.0E-07
  9.850E+01  5.73905E-01  9.25662E-24  3.30560E-07  0.00000E+00  1.0E-07
  9.900E+01  5.78217E-01  9.06865E-24  3.23847E-07  0.00000E+00  1.0E-07
  9.950E+01  5.82524E-01  8.88459E-24  3.17274E-07  0.00000E+00  1.0E-07
  1.000E+02  5.86824E-01  8.70435E-24  3.10838E-07  0.00000E+00  1.0E-07
  1.005E+02  5.91118E-01  8.52782E-24  3.04534E-07  0.00000E+00  1.0E-07
  1.010E+02  5.95404E-01  8.35492E-24  2.98359E-07  0.00000E+00  1.0E-07
  1.015E+02  5.99684E-01  8.18552E-24  2.92310E-07  0.00000E+00  1.0E-07
  1.020E+02  6.03956E-01  8.01957E-24  2.86384E-07  0.00000E+00  1.0E-07
  1.025E+02  6.08220E-01  7.85698E-24  2.80578E-07  0.00000E+00  1.0E-07
  1.030E+02  6.12476E-01  7.69767E-24  2.74889E-07  0.00000E+00  1.0E-07
  1.035E+02  6.16723E-01  7.54158E-24  2.69315E-07  0.00000E+00  1.0E-07
  1.040E+02  6.20961E-01  7.38862E-24  2.63852E-07  0.00000E+00  1.0E-07
  1.045E+02  6.25190E-01  7.23871E-24  2.58499E-07  0.00000E+00  1.0E-07
  1.050E+02  6.29410E-01  7.09178E-24  2.53252E-07  0.00000E+00  1.0E-07
  1.055E+02  6.33619E-01  6.94776E-24  2.48109E-07  0.00000E+00  1.0E-07
  1.060E+02  6.37819E-01  6.80658E-24  2.43068E-07  0.00000E+00  1.0E-07
  1.065E+02  6.42008E-01  6.66817E-24  2.38125E-07  0.00000E+00  1.0E-07
  1.070E+02  6.46186E-01  6.53247E-24  2.33279E-07  0.00000E+00  1.0E-07
  1.075E+02  6.50353E-01  6.39942E-24  2.28527E-07  0.00000E+00  1.0E-07
  1.080E+02  6.54508E-01  6.26895E-24  2.23868E-07  0.00000E+00  1.0E-07
  1.085E+02  6.58652E-01  6.14102E-24  2.19300E-07  0.00000E+00  1.0E-07
  1.090E+02  6.62784E-01  6.01556E-24  2.14819E-07  0.00000E+00  1.0E-07
  1.095E+02  6.66903E-01  5.89251E-24  2.10425E-07  0.00000E+00  1.0E-07
  1.100E+02  6.71010E-01  5.77183E-24  2.06116E-07  0.00000E+00  1.0E-07
  1.105E+02  6.75104E-01  5.65346E-24  2.01889E-07  0.00000E+00  1.0E-07
  1.110E+02  6.79184E-01  5.53735E-24  1.97742E-07  0.00000E+00  1.0E-07
  1.115E+02  6.83251E-01  5.42344E-24  1.93675E-07  0.00000E+00  1.0E-07
  1.120E+02  6.87303E-01  5.31170E-24  1.89684E-07  0.00000E+00  1.0E-07
  1.125E+02  6.91342E-01  5.20206E-24  1.85769E-07  0.00000E+00  1.0E-07
  1.130E+02  6.95366E-01  5.09450E-24  1.81928E-07  0.00000E+00  1.0E-07
  1.135E+02  6.99375E-01  4.98896E-24  1.78159E-07  0.00000E+00  1.0E-07
  1.140E+02  7.03368E-01  4.88539E-24  1.74460E-07  0.00000E+00  1.0E-07
  1.145E+02  7.07347E-01  4.78376E-24  1.70831E-07  0.00000E+00  1.0E-07
  1.150E+02  7.11309E-01  4.68403E-24  1.67270E-07  0.00000E+00  1.0E-07
  1.155E+02  7.15256E-01  4.58616E-24  1.63775E-07  0.00000E+00  1.0E-07
  1.160E+02  7.19186E-01  4.49011E-24  1.60345E-07  0.00000E+00  1.0E-07
  1.165E+02  7.23099E-01  4.39583E-24  1.56978E-07  0.00000E+00  1.0E-07
  1.170E+02  7.26995E-01  4.30330E-24  1.53674E-07  0.00000E+00  1.0E-07
  1.175E+02  7.30874E-01  4.21248E-24  1.50430E-07  0.00000E+00  1.0E-07
  1.180E+02  7.34736E-01  4.12333E-24  1.47247E-07  0.00000E+00  1.0E-07
  1.185E+02  7.38579E-01  4.03582E-24  1.44122E-07  0.00000E+00  1.0E-07
  1.190E+02  7.42405E-01  3.94991E-24  1.41054E-07  0.00000E+00  1.0E-07
  1.195E+02  7.46212E-01  3.86557E-24  1.38042E-07  0.00000E+00  1.0E-07
  1.200E+02  7.50000E-01  3.78278E-24  1.35085E-07  0.00000E+00  1.0E-07
  1.205E+02  7.53769E-01  3.70149E-24  1.32183E-07  0.00000E+00  1.0E-07
  1.210E+02  7.57519E-01  3.62169E-24  1.29333E-07  0.00000E+00  1.0E-07
  1.215E+02  7.61249E-01  3.54334E-24  1.26535E-07  0.00000E+00  1.0E-07
  1.220E+02  7.64960E-01  3.46641E-24  1.23788E-07  0.00000E+00  1.0E-07
  1.225E+02  7.68650E-01  3.39088E-24  1.21090E-07  0.00000E+00  1.0E-07
  1.230E+02  7.72320E-01  3.31671E-24  1.18442E-07  0.00000E+00  1.0E-07
  1.235E+02  7.75968E-01  3.24389E-24  1.15841E-07  0.00000E+00  1.0E-07
  1.240E+02  7.79596E-01  3.17239E-24  1.13288E-07  0.00000E+00  1.0E-07
  1.245E+02  7.83203E-01  3.10217E-24  1.10781E-07  0.00000E+00  1.0E-07
  1.250E+02  7.86788E-01  3.03323E-24  1.08319E-07  0.00000E+00  1.0E-07
  1.255E+02  7.90351E-01  2.96553E-24  1.05901E-07  0.00000E+00  1.0E-07
  1.260E+02  7.93893E-01  2.89905E-24  1.03527E-07  0.00000E+00  1.0E-07
  1.265E+02  7.97411E-01  2.83376E-24  1.01196E-07  0.00000E+00  1.0E-07
  1.270E+02  8.00908E-01  2.76966E-24  9.89062E-08  0.00000E+00  1.0E-07
  1.275E+02  8.04381E-01  2.70670E-24  9.66581E-08  0.00000E+00  1.0E-07
  1.280E+02  8.07831E-01  2.64488E-24  9.44505E-08  0.00000E+00  1.0E-07
  1.285E+02  8.11257E-01  2.58418E-24  9.22826E-08  0.00000E+00  1.0E-07
  1.290E+02  8.14660E-01  2.52456E-24  9.01537E-08  0.00000E+00  1.0E-07
  1.295E+02  8.18039E-01  2.46602E-24  8.80632E-08  0.00000E+00  1.0E-07
  1.300E+02  8.21394E-01  2.40853E-24  8.60103E-08  0.00000E+00  1.0E-07
  1.305E+02  8.24724E-01  2.35208E-24  8.39945E-08  0.00000E+00  1.0E-07
  1.310E+02  8.28030E-01  2.29665E-24  8.20149E-08  0.00000E+00  1.0E-07
  1.315E+02  8.31310E-01  2.24222E-24  8.00711E-08  0.00000E+00  1.0E-07
  1.320E+02  8.34565E-01  2.18877E-24  7.81624E-08  0.00000E+00  1.0E-07
  1.325E+02  8.37795E-01  2.13629E-24  7.62882E-08  0.00000E+00  1.0E-07
  1.330E+02  8.40999E-01  2.08475E-24  7.44479E-08  0.00000E+00  1.0E-07
  1.335E+02  8.44177E-01  2.03416E-24  7.26410E-08  0.00000E+00  1.0E-07
  1.340E+02  8.47329E-01  1.98447E-24  7.08668E-08  0.00000E+00  1.0E-07
  1.345E+02  8.50455E-01  1.93569E-24  6.91249E-08  0.00000E+00  1.0E-07
  1.350E+02  8.53553E-01  1.88780E-24  6.74147E-08  0.00000E+00  1.0E-07
  1.355E+02  8.56625E-01  1.84079E-24  6.57356E-08  0.00000E+00  1.0E-07
  1.360E+02  8.59670E-01  1.79463E-24  6.40873E-08  0.00000E+00  1.0E-07
  1.365E+02  8.62687E-01  1.74931E-24  6.24691E-08  0.00000E+00  1.0E-07
  1.370E+02  8.65677E-01  1.70483E-24  6.08806E-08  0.00000E+00  1.0E-07
  1.375E+02  8.68639E-01  1.66117E-24  5.93213E-08  0.00000E+00  1.0E-07
  1.380E+02  8.71572E-01  1.61831E-24  5.77908E-08  0.00000E+00  1.0E-07
  1.385E+02  8.74478E-01  1.57624E-24  5.62886E-08  0.00000E+00  1.0E-07
  1.390E+02  8.77355E-01  1.53496E-24  5.48143E-08  0.00000E+00  1.0E-07
  1.395E+02  8.80203E-01  1.49444E-24  5.33674E-08  0.00000E+00  1.0E-07
  1.400E+02  8.83022E-01  1.45468E-24  5.19475E-08  0.00000E+00  1.0E-07
  1.405E+02  8.85812E-01  1.41566E-24  5.05543E-08  0.00000E+00  1.0E-07
  1.410E+02  8.88573E-01  1.37738E-24  4.91873E-08  0.00000E+00  1.0E-07
  1.415E+02  8.91304E-01  1.33983E-24  4.78461E-08  0.00000E+00  1.0E-07
  1.420E+02  8.94005E-01  1.30298E-24  4.65304E-08  0.00000E+00  1.0E-07
  1.425E+02  8.96677E-01  1.26684E-24  4.52397E-08  0.00000E+00  1.0E-07
  1.430E+02  8.99318E-01  1.23139E-24  4.39738E-08  0.00000E+00  1.0E-07
  1.435E+02  9.01928E-01  1.19662E-24  4.27322E-08  0.00000E+00  1.0E-07
  1.440E+02  9.04508E-01  1.16253E-24  4.15147E-08  0.00000E+00  1.0E-07
  1.445E+02  9.07058E-01  1.12910E-24  4.03208E-08  0.00000E+00  1.0E-07
  1.450E+02  9.09576E-01  1.09632E-24  3.91502E-08  0.00000E+00  1.0E-07
  1.455E+02  9.12063E-01  1.06418E-24  3.80027E-08  0.00000E+00  1.0E-07
  1.460E+02  9.14519E-01  1.03269E-24  3.68779E-08  0.00000E+00  1.0E-07
  1.465E+02  9.16943E-01  1.00182E-24  3.57755E-08  0.00000E+00  1.0E-07
  1.470E+02  9.19335E-01  9.71564E-25  3.46952E-08  0.00000E+00  1.0E-07
  1.475E+02  9.21696E-01  9.41923E-25  3.36367E-08  0.00000E+00  1.0E-07
  1.480E+02  9.24024E-01  9.12885E-25  3.25997E-08  0.00000E+00  1.0E-07
  1.485E+02  9.26320E-01  8.84443E-25  3.15840E-08  0.00000E+00  1.0E-07
  1.490E+02  9.28584E-01  8.56587E-25  3.05893E-08  0.00000E+00  1.0E-07
  1.495E+02  9.30815E-01  8.29313E-25  2.96153E-08  0.00000E+00  1.0E-07
  1.500E+02  9.33013E-01  8.02611E-25  2.86617E-08  0.00000E+00  1.0E-07
  1.505E+02  9.35178E-01  7.76475E-25  2.77284E-08  0.00000E+00  1.0E-07
  1.510E+02  9.37310E-01  7.50898E-25  2.68150E-08  0.00000E+00  1.0E-07
  1.515E+02  9.39409E-01  7.25873E-25  2.59214E-08  0.00000E+00  1.0E-07
  1.520E+02  9.41474E-01  7.01395E-25  2.50473E-08  0.00000E+00  1.0E-07
  1.525E+02  9.43505E-01  6.77455E-25  2.41924E-08  0.00000E+00  1.0E-07
  1.530E+02  9.45503E-01  6.54049E-25  2.33565E-08  0.00000E+00  1.0E-07
  1.535E+02  9.47467E-01  6.31171E-25  2.25395E-08  0.00000E+00  1.0E-07
  1.540E+02  9.49397E-01  6.08814E-25  2.17411E-08  0.00000E+00  1.0E-07
  1.545E+02  9.51293E-01  5.86972E-25  2.09612E-08  0.00000E+00  1.0E-07
  1.550E+02  9.53154E-01  5.65641E-25  2.01994E-08  0.00000E+00  1.0E-07
  1.555E+02  9.54981E-01  5.44814E-25  1.94557E-08  0.00000E+00  1.0E-07
  1.560E+02  9.56773E-01  5.24487E-25  1.87298E-08  0.00000E+00  1.0E-07
  1.565E+02  9.58530E-01  5.04654E-25  1.80215E-08  0.00000E+00  1.0E-07
  1.570E+02  9.60252E-01  4.85310E-25  1.73307E-08  0.00000E+00  1.0E-07
  1.575E+02  9.61940E-01  4.66451E-25  1.66573E-08  0.00000E+00  1.0E-07
  1.580E+02  9.63592E-01  4.48071E-25  1.60009E-08  0.00000E+00  1.0E-07
  1.585E+02  9.65209E-01  4.30166E-25  1.53615E-08  0.00000E+00  1.0E-07
  1.590E+02  9.66790E-01  4.12733E-25  1.47389E-08  0.00000E+00  1.0E-07
  1.595E+02  9.68336E-01  3.95765E-25  1.41330E-08  0.00000E+00  1.0E-07
  1.600E+02  9.69846E-01  3.79259E-25  1.35436E-08  0.00000E+00  1.0E-07
  1.605E+02  9.71321E-01  3.63212E-25  1.29705E-08  0.00000E+00  1.0E-07
  1.610E+02  9.72759E-01  3.47619E-25  1.24137E-08  0.00000E+00  1.0E-07
  1.615E+02  9.74162E-01  3.32475E-25  1.18729E-08  0.00000E+00  1.0E-07
  1.620E+02  9.75528E-01  3.17779E-25  1.13481E-08  0.00000E+00  1.0E-07
  1.625E+02  9.76858E-01  3.03525E-25  1.08391E-08  0.00000E+00  1.0E-07
  1.630E+02  9.78152E-01  2.89711E-25  1.03458E-08  0.00000E+00  1.0E-07
  1.635E+02  9.79410E-01  2.76333E-25  9.86804E-09  0.00000E+00  1.0E-07
  1.640E+02  9.80631E-01  2.63388E-25  9.40576E-09  0.00000E+00  1.0E-07
  1.645E+02  9.81815E-01  2.50873E-25  8.95883E-09  0.00000E+00  1.0E-07
  1.650E+02  9.82963E-01  2.38784E-25  8.52714E-09  0.00000E+00  1.0E-07
  1.655E+02  9.84074E-01  2.27119E-25  8.11058E-09  0.00000E+00  1.0E-07
  1.660E+02  9.85148E-01  2.15875E-25  7.70905E-09  0.00000E+00  1.0E-07
  1.665E+02  9.86185E-01  2.05050E-25  7.32246E-09  0.00000E+00  1.0E-07
  1.670E+02  9.87185E-01  1.94640E-25  6.95071E-09  0.00000E+00  1.0E-07
  1.675E+02  9.88148E-01  1.84643E-25  6.59373E-09  0.00000E+00  1.0E-07
  1.680E+02  9.89074E-01  1.75057E-25  6.25140E-09  0.00000E+00  1.0E-07
  1.685E+02  9.89962E-01  1.65880E-25  5.92367E-09  0.00000E+00  1.0E-07
  1.690E+02  9.90814E-01  1.57109E-25  5.61045E-09  0.00000E+00  1.0E-07
  1.695E+02  9.91627E-01  1.48742E-25  5.31166E-09  0.00000E+00  1.0E-07
  1.700E+02  9.92404E-01  1.40777E-25  5.02724E-09  0.00000E+00  1.0E-07
  1.705E+02  9.93143E-01  1.33213E-25  4.75712E-09  0.00000E+00  1.0E-07
  1.710E+02  9.93844E-01  1.26047E-25  4.50123E-09  0.00000E+00  1.0E-07
  1.715E+02  9.94508E-01  1.19278E-25  4.25951E-09  0.00000E+00  1.0E-07
  1.720E+02  9.95134E-01  1.12905E-25  4.03190E-09  0.00000E+00  1.0E-07
  1.725E+02  9.95722E-01  1.06925E-25  3.81836E-09  0.00000E+00  1.0E-07
  1.730E+02  9.96273E-01  1.01337E-25  3.61882E-09  0.00000E+00  1.0E-07
  1.735E+02  9.96786E-01  9.61409E-26  3.43326E-09  0.00000E+00  1.0E-07
  1.740E+02  9.97261E-01  9.13343E-26  3.26161E-09  0.00000E+00  1.0E-07
  1.745E+02  9.97698E-01  8.69163E-26  3.10384E-09  0.00000E+00  1.0E-07
  1.750E+02  9.98097E-01  8.28860E-26  2.95991E-09  0.00000E+00  1.0E-07
  1.755E+02  9.98459E-01  7.92423E-26  2.82979E-09  0.00000E+00  1.0E-07
  1.760E+02  9.98782E-01  7.59845E-26  2.71346E-09  0.00000E+00  1.0E-07
  1.765E+02  9.99067E-01  7.31117E-26  2.61087E-09  0.00000E+00  1.0E-07
  1.770E+02  9.99315E-01  7.06234E-26  2.52201E-09  0.00000E+00  1.0E-07
  1.775E+02  9.99524E-01  6.85188E-26  2.44685E-09  0.00000E+00  1.0E-07
  1.780E+02  9.99695E-01  6.67976E-26  2.38539E-09  0.00000E+00  1.0E-07
  1.785E+02  9.99829E-01  6.54593E-26  2.33759E-09  0.00000E+00  1.0E-07
  1.790E+02  9.99924E-01  6.45036E-26  2.30346E-09  0.00000E+00  1.0E-07
  1.795E+02  9.99981E-01  6.39302E-26  2.28299E-09  0.00000E+00  1.0E-07
  1.800E+02  1.00000E+00  6.37391E-26  2.27617E-09  0.00000E+00  1.0E-07
