 #
 # Subroutine ELSEPA. Elastic scattering of electrons and positrons
 #                    by neutral atoms and positive ions
 #
 # Projectile: electron
 # Kinetic energy = 3.70000E+06 eV = 1.35973E+05 a.u.
 #
 # WARNING: High-energy factorization with free-atom DF screening.
 #          Absorption, polarization and exchange corrections are
 #          switched off.
 #          Phase shifts are calculated for the bare nucleus.
 #          Scattering amplitudes are not evaluated.
 #
 # Element:  B,  Z =   5,  atomic weight = 1.08110E+01 g/mol
 #
 # Nuclear model: Fermi distribution
 #                Average radius = 2.36595E-13 cm
 #                Skin thickness = 5.46000E-14 cm
 #
 # Number of electrons =  5
 #
 # Total elastic cross section = 2.17509E-19 cm**2 = 7.76737E-03 a0**2
 # 1st transport cross section = 2.28048E-24 cm**2 = 8.14375E-08 a0**2
 # 2nd transport cross section = 6.54249E-24 cm**2 = 2.33636E-07 a0**2
 #
 #
 # Differential cross section:                       MU=(1-COS(THETA))/2
 #
 #  THETA        MU          DCS          DCS        Sherman      error
 #  (deg)                 (cm**2/sr)   (a0**2/sr)    function
 #----------------------------------------------------------------------
  0.000E+00  0.00000E+00  5.30321E-14  1.89381E+03  0.00000E+00  1.0E-05
  1.000E-04  7.61557E-13  5.30318E-14  1.89380E+03  0.00000E+00  1.0E-05
  1.250E-04  1.18994E-12  5.30317E-14  1.89380E+03  0.00000E+00  1.0E-05
  1.500E-04  1.71346E-12  5.30316E-14  1.89379E+03  0.00000E+00  1.0E-05
  1.750E-04  2.33225E-12  5.30314E-14  1.89379E+03  0.00000E+00  1.0E-05
  2.000E-04  3.04617E-12  5.30312E-14  1.89378E+03  0.00000E+00  1.0E-05
  2.250E-04  3.85530E-12  5.30309E-14  1.89377E+03  0.00000E+00  1.0E-05
  2.500E-04  4.75964E-12  5.30307E-14  1.89376E+03  0.00000E+00  1.0E-05
  2.750E-04  5.75917E-12  5.30304E-14  1.89375E+03  0.00000E+00  1.0E-05
  3.000E-04  6.85391E-12  5.30301E-14  1.89374E+03  0.00000E+00  1.0E-05
  3.250E-04  8.04379E-12  5.30297E-14  1.89373E+03  0.00000E+00  1.0E-05
  3.500E-04  9.32893E-12  5.30294E-14  1.89371E+03  0.00000E+00  1.0E-05
  3.750E-04  1.07092E-11  5.30290E-14  1.89370E+03  0.00000E+00  1.0E-05
  4.000E-04  1.21847E-11  5.30286E-14  1.89368E+03  0.00000E+00  1.0E-05
  4.250E-04  1.37554E-11  5.30281E-14  1.89367E+03  0.00000E+00  1.0E-05
  4.500E-04  1.54213E-11  5.30276E-14  1.89365E+03  0.00000E+00  1.0E-05
  4.750E-04  1.71823E-11  5.30271E-14  1.89363E+03  0.00000E+00  1.0E-05
  5.000E-04  1.90386E-11  5.30266E-14  1.89361E+03  0.00000E+00  1.0E-05
  5.250E-04  2.09900E-11  5.30260E-14  1.89359E+03  0.00000E+00  1.0E-05
  5.500E-04  2.30367E-11  5.30255E-14  1.89357E+03  0.00000E+00  1.0E-05
  5.750E-04  2.51785E-11  5.30248E-14  1.89355E+03  0.00000E+00  1.0E-05
  6.000E-04  2.74156E-11  5.30242E-14  1.89353E+03  0.00000E+00  1.0E-05
  6.250E-04  2.97478E-11  5.30235E-14  1.89350E+03  0.00000E+00  1.0E-05
  6.500E-04  3.21752E-11  5.30228E-14  1.89348E+03  0.00000E+00  1.0E-05
  6.750E-04  3.46979E-11  5.30221E-14  1.89345E+03  0.00000E+00  1.0E-05
  7.000E-04  3.73157E-11  5.30214E-14  1.89343E+03  0.00000E+00  1.0E-05
  7.250E-04  4.00286E-11  5.30206E-14  1.89340E+03  0.00000E+00  1.0E-05
  7.500E-04  4.28368E-11  5.30198E-14  1.89337E+03  0.00000E+00  1.0E-05
  7.750E-04  4.57402E-11  5.30190E-14  1.89334E+03  0.00000E+00  1.0E-05
  8.000E-04  4.87388E-11  5.30181E-14  1.89331E+03  0.00000E+00  1.0E-05
  8.250E-04  5.18325E-11  5.30172E-14  1.89328E+03  0.00000E+00  1.0E-05
  8.500E-04  5.50215E-11  5.30163E-14  1.89325E+03  0.00000E+00  1.0E-05
  8.750E-04  5.83057E-11  5.30154E-14  1.89321E+03  0.00000E+00  1.0E-05
  9.000E-04  6.16850E-11  5.30144E-14  1.89318E+03  0.00000E+00  1.0E-05
  9.250E-04  6.51595E-11  5.30134E-14  1.89314E+03  0.00000E+00  1.0E-05
  9.500E-04  6.87293E-11  5.30124E-14  1.89311E+03  0.00000E+00  1.0E-05
  9.750E-04  7.23943E-11  5.30114E-14  1.89307E+03  0.00000E+00  1.0E-05
  1.000E-03  7.61544E-11  5.30103E-14  1.89303E+03  0.00000E+00  1.0E-05
  1.250E-03  1.18991E-10  5.29981E-14  1.89260E+03  0.00000E+00  1.0E-05
  1.500E-03  1.71347E-10  5.29832E-14  1.89206E+03  0.00000E+00  1.0E-05
  1.750E-03  2.33223E-10  5.29655E-14  1.89143E+03  0.00000E+00  1.0E-05
  2.000E-03  3.04617E-10  5.29452E-14  1.89071E+03  0.00000E+00  1.0E-05
  2.250E-03  3.85531E-10  5.29222E-14  1.88989E+03  0.00000E+00  1.0E-05
  2.500E-03  4.75965E-10  5.28965E-14  1.88897E+03  0.00000E+00  1.0E-05
  2.750E-03  5.75917E-10  5.28681E-14  1.88796E+03  0.00000E+00  1.0E-05
  3.000E-03  6.85389E-10  5.28371E-14  1.88685E+03  0.00000E+00  1.0E-05
  3.250E-03  8.04380E-10  5.28033E-14  1.88564E+03  0.00000E+00  1.0E-05
  3.500E-03  9.32891E-10  5.27669E-14  1.88434E+03  0.00000E+00  1.0E-05
  3.750E-03  1.07092E-09  5.27279E-14  1.88295E+03  0.00000E+00  1.0E-05
  4.000E-03  1.21847E-09  5.26862E-14  1.88146E+03  0.00000E+00  1.0E-05
  4.250E-03  1.37554E-09  5.26419E-14  1.87988E+03  0.00000E+00  1.0E-05
  4.500E-03  1.54213E-09  5.25949E-14  1.87820E+03  0.00000E+00  1.0E-05
  4.750E-03  1.71823E-09  5.25453E-14  1.87643E+03  0.00000E+00  1.0E-05
  5.000E-03  1.90386E-09  5.24931E-14  1.87456E+03  0.00000E+00  1.0E-05
  5.250E-03  2.09900E-09  5.24383E-14  1.87261E+03  0.00000E+00  1.0E-05
  5.500E-03  2.30367E-09  5.23809E-14  1.87056E+03  0.00000E+00  1.0E-05
  5.750E-03  2.51785E-09  5.23210E-14  1.86842E+03  0.00000E+00  1.0E-05
  6.000E-03  2.74156E-09  5.22586E-14  1.86619E+03  0.00000E+00  1.0E-05
  6.250E-03  2.97478E-09  5.21934E-14  1.86386E+03  0.00000E+00  1.0E-05
  6.500E-03  3.21752E-09  5.21258E-14  1.86145E+03  0.00000E+00  1.0E-05
  6.750E-03  3.46978E-09  5.20558E-14  1.85895E+03  0.00000E+00  1.0E-05
  7.000E-03  3.73156E-09  5.19831E-14  1.85635E+03  0.00000E+00  1.0E-05
  7.250E-03  4.00286E-09  5.19080E-14  1.85367E+03  0.00000E+00  1.0E-05
  7.500E-03  4.28368E-09  5.18304E-14  1.85090E+03  0.00000E+00  1.0E-05
  7.750E-03  4.57402E-09  5.17504E-14  1.84804E+03  0.00000E+00  1.0E-05
  8.000E-03  4.87388E-09  5.16678E-14  1.84509E+03  0.00000E+00  1.0E-05
  8.250E-03  5.18326E-09  5.15829E-14  1.84206E+03  0.00000E+00  1.0E-05
  8.500E-03  5.50215E-09  5.14958E-14  1.83895E+03  0.00000E+00  1.0E-05
  8.750E-03  5.83057E-09  5.14059E-14  1.83574E+03  0.00000E+00  1.0E-05
  9.000E-03  6.16850E-09  5.13137E-14  1.83245E+03  0.00000E+00  1.0E-05
  9.250E-03  6.51596E-09  5.12194E-14  1.82908E+03  0.00000E+00  1.0E-05
  9.500E-03  6.87293E-09  5.11226E-14  1.82562E+03  0.00000E+00  1.0E-05
  9.750E-03  7.23942E-09  5.10234E-14  1.82208E+03  0.00000E+00  1.0E-05
  1.000E-02  7.61544E-09  5.09221E-14  1.81846E+03  0.00000E+00  1.0E-05
  1.250E-02  1.18991E-08  4.97864E-14  1.77791E+03  0.00000E+00  1.0E-05
  1.500E-02  1.71347E-08  4.84456E-14  1.73003E+03  0.00000E+00  1.0E-05
  1.750E-02  2.33223E-08  4.69250E-14  1.67572E+03  0.00000E+00  1.0E-05
  2.000E-02  3.04617E-08  4.52515E-14  1.61596E+03  0.00000E+00  1.0E-05
  2.250E-02  3.85531E-08  4.34535E-14  1.55175E+03  0.00000E+00  1.0E-05
  2.500E-02  4.75965E-08  4.15594E-14  1.48411E+03  0.00000E+00  1.0E-05
  2.750E-02  5.75917E-08  3.95967E-14  1.41402E+03  0.00000E+00  1.0E-05
  3.000E-02  6.85389E-08  3.75917E-14  1.34242E+03  0.00000E+00  1.0E-05
  3.250E-02  8.04380E-08  3.55688E-14  1.27019E+03  0.00000E+00  1.0E-05
  3.500E-02  9.32891E-08  3.35052E-14  1.19649E+03  0.00000E+00  1.0E-05
  3.750E-02  1.07092E-07  3.14515E-14  1.12315E+03  0.00000E+00  1.0E-05
  4.000E-02  1.21847E-07  2.95140E-14  1.05396E+03  0.00000E+00  1.0E-05
  4.250E-02  1.37554E-07  2.76969E-14  9.89074E+02  0.00000E+00  1.0E-05
  4.500E-02  1.54213E-07  2.57874E-14  9.20883E+02  0.00000E+00  1.0E-05
  4.750E-02  1.71823E-07  2.40174E-14  8.57677E+02  0.00000E+00  1.0E-05
  5.000E-02  1.90386E-07  2.23840E-14  7.99346E+02  0.00000E+00  1.0E-05
  5.250E-02  2.09900E-07  2.07817E-14  7.42127E+02  0.00000E+00  1.0E-05
  5.500E-02  2.30367E-07  1.92482E-14  6.87367E+02  0.00000E+00  1.0E-05
  5.750E-02  2.51785E-07  1.78470E-14  6.37326E+02  0.00000E+00  1.0E-05
  6.000E-02  2.74156E-07  1.65457E-14  5.90857E+02  0.00000E+00  1.0E-05
  6.250E-02  2.97478E-07  1.52692E-14  5.45273E+02  0.00000E+00  1.0E-05
  6.500E-02  3.21752E-07  1.41092E-14  5.03848E+02  0.00000E+00  1.0E-05
  6.750E-02  3.46978E-07  1.30551E-14  4.66206E+02  0.00000E+00  1.0E-05
  7.000E-02  3.73156E-07  1.20401E-14  4.29959E+02  0.00000E+00  1.0E-05
  7.250E-02  4.00286E-07  1.11048E-14  3.96561E+02  0.00000E+00  1.0E-05
  7.500E-02  4.28368E-07  1.02567E-14  3.66272E+02  0.00000E+00  1.0E-05
  7.750E-02  4.57402E-07  9.46973E-15  3.38170E+02  0.00000E+00  1.0E-05
  8.000E-02  4.87388E-07  8.72975E-15  3.11745E+02  0.00000E+00  1.0E-05
  8.250E-02  5.18325E-07  8.05874E-15  2.87783E+02  0.00000E+00  1.0E-05
  8.500E-02  5.50215E-07  7.44972E-15  2.66034E+02  0.00000E+00  1.0E-05
  8.750E-02  5.83057E-07  6.87204E-15  2.45405E+02  0.00000E+00  1.0E-05
  9.000E-02  6.16850E-07  6.34715E-15  2.26661E+02  0.00000E+00  1.0E-05
  9.250E-02  6.51596E-07  5.87012E-15  2.09626E+02  0.00000E+00  1.0E-05
  9.500E-02  6.87293E-07  5.42802E-15  1.93838E+02  0.00000E+00  1.0E-05
  9.750E-02  7.23942E-07  5.02013E-15  1.79272E+02  0.00000E+00  1.0E-05
  1.000E-01  7.61543E-07  4.64867E-15  1.66007E+02  0.00000E+00  1.0E-05
  1.250E-01  1.18991E-06  2.24190E-15  8.00598E+01  0.00000E+00  1.0E-05
  1.500E-01  1.71347E-06  1.17850E-15  4.20850E+01  0.00000E+00  1.0E-05
  1.750E-01  2.33223E-06  6.74341E-16  2.40812E+01  0.00000E+00  1.0E-05
  2.000E-01  3.04617E-06  4.16724E-16  1.48815E+01  0.00000E+00  1.0E-05
  2.250E-01  3.85531E-06  2.73679E-16  9.77324E+00  0.00000E+00  1.0E-05
  2.500E-01  4.75964E-06  1.88735E-16  6.73987E+00  0.00000E+00  1.0E-05
  2.750E-01  5.75916E-06  1.35507E-16  4.83906E+00  0.00000E+00  1.0E-05
  3.000E-01  6.85388E-06  1.00382E-16  3.58471E+00  0.00000E+00  1.0E-05
  3.250E-01  8.04378E-06  7.62151E-17  2.72169E+00  0.00000E+00  1.0E-05
  3.500E-01  9.32888E-06  5.90421E-17  2.10843E+00  0.00000E+00  1.0E-05
  3.750E-01  1.07092E-05  4.65975E-17  1.66403E+00  0.00000E+00  1.0E-05
  4.000E-01  1.21846E-05  3.72449E-17  1.33004E+00  0.00000E+00  1.0E-05
  4.250E-01  1.37553E-05  3.01538E-17  1.07681E+00  0.00000E+00  1.0E-05
  4.500E-01  1.54212E-05  2.46884E-17  8.81638E-01  0.00000E+00  1.0E-05
  4.750E-01  1.71822E-05  2.04063E-17  7.28722E-01  0.00000E+00  1.0E-05
  5.000E-01  1.90385E-05  1.70131E-17  6.07550E-01  0.00000E+00  1.0E-05
  5.250E-01  2.09899E-05  1.42798E-17  5.09942E-01  0.00000E+00  1.0E-05
  5.500E-01  2.30365E-05  1.20681E-17  4.30959E-01  0.00000E+00  1.0E-05
  5.750E-01  2.51783E-05  1.02595E-17  3.66374E-01  0.00000E+00  1.0E-05
  6.000E-01  2.74153E-05  8.77227E-18  3.13263E-01  0.00000E+00  1.0E-05
  6.250E-01  2.97475E-05  7.54540E-18  2.69451E-01  0.00000E+00  1.0E-05
  6.500E-01  3.21749E-05  6.52574E-18  2.33038E-01  0.00000E+00  1.0E-05
  6.750E-01  3.46974E-05  5.67020E-18  2.02487E-01  0.00000E+00  1.0E-05
  7.000E-01  3.73152E-05  4.94864E-18  1.76719E-01  0.00000E+00  1.0E-05
  7.250E-01  4.00281E-05  4.33700E-18  1.54877E-01  0.00000E+00  1.0E-05
  7.500E-01  4.28362E-05  3.81539E-18  1.36250E-01  0.00000E+00  1.0E-05
  7.750E-01  4.57395E-05  3.36769E-18  1.20262E-01  0.00000E+00  1.0E-05
  8.000E-01  4.87380E-05  2.98266E-18  1.06513E-01  0.00000E+00  1.0E-05
  8.250E-01  5.18317E-05  2.65064E-18  9.46559E-02  0.00000E+00  1.0E-05
  8.500E-01  5.50205E-05  2.36336E-18  8.43970E-02  0.00000E+00  1.0E-05
  8.750E-01  5.83045E-05  2.11342E-18  7.54715E-02  0.00000E+00  1.0E-05
  9.000E-01  6.16838E-05  1.89568E-18  6.76960E-02  0.00000E+00  1.0E-05
  9.250E-01  6.51582E-05  1.70522E-18  6.08943E-02  0.00000E+00  1.0E-05
  9.500E-01  6.87277E-05  1.53788E-18  5.49185E-02  0.00000E+00  1.0E-05
  9.750E-01  7.23925E-05  1.39016E-18  4.96436E-02  0.00000E+00  1.0E-05
  1.000E+00  7.61524E-05  1.25957E-18  4.49800E-02  0.00000E+00  1.2E-04
  1.100E+00  9.21439E-05  8.67199E-19  3.09682E-02  0.00000E+00  9.5E-05
  1.200E+00  1.09658E-04  6.16066E-19  2.20001E-02  0.00000E+00  5.9E-05
  1.300E+00  1.28695E-04  4.49105E-19  1.60378E-02  0.00000E+00  2.1E-05
  1.400E+00  1.49255E-04  3.34918E-19  1.19601E-02  0.00000E+00  1.1E-05
  1.500E+00  1.71338E-04  2.54751E-19  9.09733E-03  0.00000E+00  3.0E-05
  1.600E+00  1.94942E-04  1.97106E-19  7.03879E-03  0.00000E+00  3.7E-05
  1.700E+00  2.20070E-04  1.54888E-19  5.53114E-03  0.00000E+00  3.3E-05
  1.800E+00  2.46720E-04  1.23349E-19  4.40489E-03  0.00000E+00  2.2E-05
  1.900E+00  2.74892E-04  9.94476E-20  3.55134E-03  0.00000E+00  8.9E-06
  2.000E+00  3.04586E-04  8.10558E-20  2.89456E-03  0.00000E+00  4.0E-06
  2.100E+00  3.35803E-04  6.67193E-20  2.38259E-03  0.00000E+00  1.3E-05
  2.200E+00  3.68542E-04  5.54195E-20  1.97907E-03  0.00000E+00  1.7E-05
  2.300E+00  4.02802E-04  4.64074E-20  1.65724E-03  0.00000E+00  1.6E-05
  2.400E+00  4.38585E-04  3.91577E-20  1.39835E-03  0.00000E+00  1.1E-05
  2.500E+00  4.75889E-04  3.32674E-20  1.18800E-03  0.00000E+00  4.9E-06
  2.600E+00  5.14715E-04  2.84443E-20  1.01576E-03  0.00000E+00  1.9E-06
  2.700E+00  5.55063E-04  2.44647E-20  8.73650E-04  0.00000E+00  6.8E-06
  2.800E+00  5.96931E-04  2.11562E-20  7.55501E-04  0.00000E+00  9.2E-06
  2.900E+00  6.40321E-04  1.83895E-20  6.56702E-04  0.00000E+00  9.0E-06
  3.000E+00  6.85233E-04  1.60598E-20  5.73506E-04  0.00000E+00  6.7E-06
  3.100E+00  7.31665E-04  1.40876E-20  5.03078E-04  0.00000E+00  3.1E-06
  3.200E+00  7.79618E-04  1.24089E-20  4.43131E-04  0.00000E+00  1.0E-06
  3.300E+00  8.29092E-04  1.09729E-20  3.91849E-04  0.00000E+00  4.1E-06
  3.400E+00  8.80086E-04  9.73902E-21  3.47787E-04  0.00000E+00  5.8E-06
  3.500E+00  9.32601E-04  8.67353E-21  3.09737E-04  0.00000E+00  5.8E-06
  3.600E+00  9.86636E-04  7.75011E-21  2.76762E-04  0.00000E+00  4.4E-06
  3.700E+00  1.04219E-03  6.94626E-21  2.48055E-04  0.00000E+00  2.2E-06
  3.800E+00  1.09927E-03  6.24402E-21  2.22978E-04  0.00000E+00  6.2E-07
  3.900E+00  1.15786E-03  5.62840E-21  2.00994E-04  0.00000E+00  2.7E-06
  4.000E+00  1.21797E-03  5.08672E-21  1.81650E-04  0.00000E+00  3.9E-06
  4.100E+00  1.27961E-03  4.60879E-21  1.64583E-04  0.00000E+00  4.0E-06
  4.200E+00  1.34276E-03  4.18562E-21  1.49471E-04  0.00000E+00  3.1E-06
  4.300E+00  1.40743E-03  3.80998E-21  1.36057E-04  0.00000E+00  1.6E-06
  4.400E+00  1.47362E-03  3.47555E-21  1.24114E-04  0.00000E+00  4.0E-07
  4.500E+00  1.54133E-03  3.17700E-21  1.13453E-04  0.00000E+00  1.9E-06
  4.600E+00  1.61056E-03  2.90989E-21  1.03914E-04  0.00000E+00  2.8E-06
  4.700E+00  1.68131E-03  2.67022E-21  9.53554E-05  0.00000E+00  2.9E-06
  4.800E+00  1.75357E-03  2.45477E-21  8.76616E-05  0.00000E+00  2.3E-06
  4.900E+00  1.82735E-03  2.26061E-21  8.07277E-05  0.00000E+00  1.2E-06
  5.000E+00  1.90265E-03  2.08527E-21  7.44664E-05  0.00000E+00  2.8E-07
  5.100E+00  1.97947E-03  1.92662E-21  6.88010E-05  0.00000E+00  1.5E-06
  5.200E+00  2.05780E-03  1.78276E-21  6.36637E-05  0.00000E+00  2.2E-06
  5.300E+00  2.13765E-03  1.65211E-21  5.89979E-05  0.00000E+00  2.2E-06
  5.400E+00  2.21902E-03  1.53319E-21  5.47513E-05  0.00000E+00  1.8E-06
  5.500E+00  2.30190E-03  1.42480E-21  5.08805E-05  0.00000E+00  9.6E-07
  5.600E+00  2.38630E-03  1.32582E-21  4.73458E-05  0.00000E+00  2.1E-07
  5.700E+00  2.47222E-03  1.23528E-21  4.41126E-05  0.00000E+00  1.1E-06
  5.800E+00  2.55965E-03  1.15235E-21  4.11512E-05  0.00000E+00  1.7E-06
  5.900E+00  2.64859E-03  1.07626E-21  3.84339E-05  0.00000E+00  1.8E-06
  6.000E+00  2.73905E-03  1.00635E-21  3.59375E-05  0.00000E+00  1.4E-06
  6.100E+00  2.83103E-03  9.42028E-22  3.36404E-05  0.00000E+00  7.8E-07
  6.200E+00  2.92452E-03  8.82764E-22  3.15241E-05  0.00000E+00  1.7E-07
  6.300E+00  3.01952E-03  8.28092E-22  2.95717E-05  0.00000E+00  9.1E-07
  6.400E+00  3.11604E-03  7.77584E-22  2.77680E-05  0.00000E+00  1.4E-06
  6.500E+00  3.21407E-03  7.30874E-22  2.61000E-05  0.00000E+00  1.4E-06
  6.600E+00  3.31362E-03  6.87617E-22  2.45552E-05  0.00000E+00  1.2E-06
  6.700E+00  3.41468E-03  6.47515E-22  2.31232E-05  0.00000E+00  6.4E-07
  6.800E+00  3.51725E-03  6.10296E-22  2.17941E-05  0.00000E+00  1.4E-07
  6.900E+00  3.62133E-03  5.75711E-22  2.05590E-05  0.00000E+00  7.6E-07
  7.000E+00  3.72692E-03  5.43546E-22  1.94104E-05  0.00000E+00  1.1E-06
  7.100E+00  3.83403E-03  5.13593E-22  1.83407E-05  0.00000E+00  1.2E-06
  7.200E+00  3.94265E-03  4.85678E-22  1.73439E-05  0.00000E+00  9.9E-07
  7.300E+00  4.05278E-03  4.59633E-22  1.64138E-05  0.00000E+00  5.4E-07
  7.400E+00  4.16442E-03  4.35311E-22  1.55453E-05  0.00000E+00  1.3E-07
  7.500E+00  4.27757E-03  4.12579E-22  1.47335E-05  0.00000E+00  6.4E-07
  7.600E+00  4.39223E-03  3.91309E-22  1.39739E-05  0.00000E+00  9.6E-07
  7.700E+00  4.50840E-03  3.71395E-22  1.32628E-05  0.00000E+00  1.0E-06
  7.800E+00  4.62608E-03  3.52731E-22  1.25962E-05  0.00000E+00  8.4E-07
  7.900E+00  4.74527E-03  3.35225E-22  1.19711E-05  0.00000E+00  4.6E-07
  8.000E+00  4.86597E-03  3.18792E-22  1.13843E-05  0.00000E+00  1.2E-07
  8.100E+00  4.98817E-03  3.03353E-22  1.08329E-05  0.00000E+00  5.6E-07
  8.200E+00  5.11188E-03  2.88839E-22  1.03146E-05  0.00000E+00  8.3E-07
  8.300E+00  5.23711E-03  2.75182E-22  9.82693E-06  0.00000E+00  8.7E-07
  8.400E+00  5.36383E-03  2.62324E-22  9.36774E-06  0.00000E+00  7.2E-07
  8.500E+00  5.49207E-03  2.50207E-22  8.93506E-06  0.00000E+00  3.9E-07
  8.600E+00  5.62181E-03  2.38782E-22  8.52707E-06  0.00000E+00  1.1E-07
  8.700E+00  5.75306E-03  2.28003E-22  8.14212E-06  0.00000E+00  4.9E-07
  8.800E+00  5.88581E-03  2.17824E-22  7.77863E-06  0.00000E+00  7.2E-07
  8.900E+00  6.02007E-03  2.08208E-22  7.43523E-06  0.00000E+00  7.5E-07
  9.000E+00  6.15583E-03  1.99116E-22  7.11055E-06  0.00000E+00  6.2E-07
  9.100E+00  6.29310E-03  1.90515E-22  6.80342E-06  0.00000E+00  3.4E-07
  9.200E+00  6.43187E-03  1.82374E-22  6.51269E-06  0.00000E+00  1.1E-07
  9.300E+00  6.57214E-03  1.74663E-22  6.23732E-06  0.00000E+00  4.4E-07
  9.400E+00  6.71392E-03  1.67355E-22  5.97637E-06  0.00000E+00  6.4E-07
  9.500E+00  6.85720E-03  1.60426E-22  5.72891E-06  0.00000E+00  6.6E-07
  9.600E+00  7.00198E-03  1.53852E-22  5.49414E-06  0.00000E+00  5.5E-07
  9.700E+00  7.14827E-03  1.47610E-22  5.27127E-06  0.00000E+00  2.9E-07
  9.800E+00  7.29605E-03  1.41683E-22  5.05958E-06  0.00000E+00  1.1E-07
  9.900E+00  7.44534E-03  1.36050E-22  4.85842E-06  0.00000E+00  4.0E-07
  1.000E+01  7.59612E-03  1.30694E-22  4.66715E-06  0.00000E+00  5.7E-07
  1.025E+01  7.97965E-03  1.18413E-22  4.22860E-06  0.00000E+00  4.7E-07
  1.050E+01  8.37255E-03  1.07541E-22  3.84038E-06  0.00000E+00  3.6E-07
  1.075E+01  8.77480E-03  9.78894E-23  3.49570E-06  0.00000E+00  2.3E-07
  1.100E+01  9.18641E-03  8.92964E-23  3.18883E-06  0.00000E+00  1.0E-07
  1.125E+01  9.60736E-03  8.16258E-23  2.91491E-06  0.00000E+00  1.0E-07
  1.150E+01  1.00376E-02  7.47614E-23  2.66978E-06  0.00000E+00  2.0E-07
  1.175E+01  1.04773E-02  6.86036E-23  2.44988E-06  0.00000E+00  2.8E-07
  1.200E+01  1.09262E-02  6.30669E-23  2.25216E-06  0.00000E+00  3.4E-07
  1.225E+01  1.13844E-02  5.80775E-23  2.07398E-06  0.00000E+00  3.8E-07
  1.250E+01  1.18520E-02  5.35718E-23  1.91308E-06  0.00000E+00  3.9E-07
  1.275E+01  1.23288E-02  4.94946E-23  1.76749E-06  0.00000E+00  3.8E-07
  1.300E+01  1.28150E-02  4.57979E-23  1.63547E-06  0.00000E+00  3.6E-07
  1.325E+01  1.33104E-02  4.24399E-23  1.51556E-06  0.00000E+00  3.1E-07
  1.350E+01  1.38150E-02  3.93840E-23  1.40643E-06  0.00000E+00  2.6E-07
  1.375E+01  1.43290E-02  3.65982E-23  1.30695E-06  0.00000E+00  1.8E-07
  1.400E+01  1.48521E-02  3.40543E-23  1.21610E-06  0.00000E+00  1.1E-07
  1.425E+01  1.53845E-02  3.17276E-23  1.13301E-06  0.00000E+00  1.0E-07
  1.450E+01  1.59262E-02  2.95961E-23  1.05690E-06  0.00000E+00  1.0E-07
  1.475E+01  1.64770E-02  2.76405E-23  9.87061E-07  0.00000E+00  1.6E-07
  1.500E+01  1.70371E-02  2.58438E-23  9.22898E-07  0.00000E+00  2.1E-07
  1.525E+01  1.76063E-02  2.41906E-23  8.63862E-07  0.00000E+00  2.4E-07
  1.550E+01  1.81848E-02  2.26674E-23  8.09468E-07  0.00000E+00  2.6E-07
  1.575E+01  1.87724E-02  2.12622E-23  7.59287E-07  0.00000E+00  2.6E-07
  1.600E+01  1.93692E-02  1.99641E-23  7.12931E-07  0.00000E+00  2.5E-07
  1.625E+01  1.99751E-02  1.87635E-23  6.70057E-07  0.00000E+00  2.3E-07
  1.650E+01  2.05901E-02  1.76518E-23  6.30356E-07  0.00000E+00  2.0E-07
  1.675E+01  2.12143E-02  1.66211E-23  5.93549E-07  0.00000E+00  1.6E-07
  1.700E+01  2.18476E-02  1.56645E-23  5.59388E-07  0.00000E+00  1.1E-07
  1.725E+01  2.24900E-02  1.47756E-23  5.27647E-07  0.00000E+00  1.0E-07
  1.750E+01  2.31415E-02  1.39489E-23  4.98123E-07  0.00000E+00  1.0E-07
  1.775E+01  2.38021E-02  1.31791E-23  4.70633E-07  0.00000E+00  1.0E-07
  1.800E+01  2.44717E-02  1.24616E-23  4.45012E-07  0.00000E+00  1.3E-07
  1.825E+01  2.51504E-02  1.17922E-23  4.21108E-07  0.00000E+00  1.6E-07
  1.850E+01  2.58382E-02  1.11672E-23  3.98787E-07  0.00000E+00  1.8E-07
  1.875E+01  2.65349E-02  1.05829E-23  3.77922E-07  0.00000E+00  1.9E-07
  1.900E+01  2.72407E-02  1.00363E-23  3.58403E-07  0.00000E+00  1.8E-07
  1.925E+01  2.79555E-02  9.52451E-24  3.40126E-07  0.00000E+00  1.8E-07
  1.950E+01  2.86793E-02  9.04487E-24  3.22998E-07  0.00000E+00  1.6E-07
  1.975E+01  2.94120E-02  8.59499E-24  3.06933E-07  0.00000E+00  1.4E-07
  2.000E+01  3.01537E-02  8.17270E-24  2.91852E-07  0.00000E+00  1.1E-07
  2.025E+01  3.09043E-02  7.77598E-24  2.77685E-07  0.00000E+00  1.0E-07
  2.050E+01  3.16639E-02  7.40300E-24  2.64366E-07  0.00000E+00  1.0E-07
  2.075E+01  3.24324E-02  7.05208E-24  2.51834E-07  0.00000E+00  1.0E-07
  2.100E+01  3.32098E-02  6.72166E-24  2.40035E-07  0.00000E+00  1.0E-07
  2.125E+01  3.39961E-02  6.41034E-24  2.28917E-07  0.00000E+00  1.1E-07
  2.150E+01  3.47912E-02  6.11679E-24  2.18435E-07  0.00000E+00  1.3E-07
  2.175E+01  3.55952E-02  5.83982E-24  2.08544E-07  0.00000E+00  1.4E-07
  2.200E+01  3.64081E-02  5.57832E-24  1.99205E-07  0.00000E+00  1.4E-07
  2.225E+01  3.72297E-02  5.33126E-24  1.90383E-07  0.00000E+00  1.4E-07
  2.250E+01  3.80602E-02  5.09769E-24  1.82042E-07  0.00000E+00  1.3E-07
  2.275E+01  3.88995E-02  4.87675E-24  1.74152E-07  0.00000E+00  1.2E-07
  2.300E+01  3.97476E-02  4.66761E-24  1.66684E-07  0.00000E+00  1.0E-07
  2.325E+01  4.06044E-02  4.46954E-24  1.59610E-07  0.00000E+00  1.0E-07
  2.350E+01  4.14700E-02  4.28184E-24  1.52907E-07  0.00000E+00  1.0E-07
  2.375E+01  4.23443E-02  4.10386E-24  1.46551E-07  0.00000E+00  1.0E-07
  2.400E+01  4.32273E-02  3.93500E-24  1.40521E-07  0.00000E+00  1.0E-07
  2.425E+01  4.41190E-02  3.77472E-24  1.34798E-07  0.00000E+00  1.0E-07
  2.450E+01  4.50194E-02  3.62249E-24  1.29361E-07  0.00000E+00  1.0E-07
  2.475E+01  4.59284E-02  3.47783E-24  1.24195E-07  0.00000E+00  1.0E-07
  2.500E+01  4.68461E-02  3.34030E-24  1.19284E-07  0.00000E+00  1.1E-07
  2.550E+01  4.87074E-02  3.08497E-24  1.10166E-07  0.00000E+00  1.1E-07
  2.600E+01  5.06030E-02  2.85350E-24  1.01900E-07  0.00000E+00  1.0E-07
  2.650E+01  5.25328E-02  2.64326E-24  9.43926E-08  0.00000E+00  1.0E-07
  2.700E+01  5.44967E-02  2.45196E-24  8.75612E-08  0.00000E+00  1.0E-07
  2.750E+01  5.64946E-02  2.27759E-24  8.13343E-08  0.00000E+00  1.0E-07
  2.800E+01  5.85262E-02  2.11839E-24  7.56490E-08  0.00000E+00  1.0E-07
  2.850E+01  6.05914E-02  1.97279E-24  7.04497E-08  0.00000E+00  1.0E-07
  2.900E+01  6.26901E-02  1.83944E-24  6.56875E-08  0.00000E+00  1.0E-07
  2.950E+01  6.48222E-02  1.71711E-24  6.13190E-08  0.00000E+00  1.0E-07
  3.000E+01  6.69873E-02  1.60473E-24  5.73060E-08  0.00000E+00  1.0E-07
  3.050E+01  6.91854E-02  1.50135E-24  5.36142E-08  0.00000E+00  1.0E-07
  3.100E+01  7.14163E-02  1.40612E-24  5.02133E-08  0.00000E+00  1.0E-07
  3.150E+01  7.36799E-02  1.31827E-24  4.70763E-08  0.00000E+00  1.0E-07
  3.200E+01  7.59760E-02  1.23714E-24  4.41791E-08  0.00000E+00  1.0E-07
  3.250E+01  7.83043E-02  1.16212E-24  4.14999E-08  0.00000E+00  1.0E-07
  3.300E+01  8.06647E-02  1.09266E-24  3.90195E-08  0.00000E+00  1.0E-07
  3.350E+01  8.30571E-02  1.02828E-24  3.67204E-08  0.00000E+00  1.0E-07
  3.400E+01  8.54812E-02  9.68535E-25  3.45870E-08  0.00000E+00  1.0E-07
  3.450E+01  8.79369E-02  9.13037E-25  3.26052E-08  0.00000E+00  1.0E-07
  3.500E+01  9.04240E-02  8.61428E-25  3.07622E-08  0.00000E+00  1.0E-07
  3.550E+01  9.29422E-02  8.13386E-25  2.90465E-08  0.00000E+00  1.0E-07
  3.600E+01  9.54915E-02  7.68619E-25  2.74479E-08  0.00000E+00  1.0E-07
  3.650E+01  9.80716E-02  7.26864E-25  2.59568E-08  0.00000E+00  1.0E-07
  3.700E+01  1.00682E-01  6.87881E-25  2.45647E-08  0.00000E+00  1.0E-07
  3.750E+01  1.03323E-01  6.51453E-25  2.32638E-08  0.00000E+00  1.0E-07
  3.800E+01  1.05995E-01  6.17382E-25  2.20471E-08  0.00000E+00  1.0E-07
  3.850E+01  1.08696E-01  5.85487E-25  2.09081E-08  0.00000E+00  1.0E-07
  3.900E+01  1.11427E-01  5.55605E-25  1.98410E-08  0.00000E+00  1.0E-07
  3.950E+01  1.14188E-01  5.27585E-25  1.88404E-08  0.00000E+00  1.0E-07
  4.000E+01  1.16978E-01  5.01290E-25  1.79014E-08  0.00000E+00  1.0E-07
  4.050E+01  1.19797E-01  4.76595E-25  1.70195E-08  0.00000E+00  1.0E-07
  4.100E+01  1.22645E-01  4.53384E-25  1.61907E-08  0.00000E+00  1.0E-07
  4.150E+01  1.25522E-01  4.31553E-25  1.54110E-08  0.00000E+00  1.0E-07
  4.200E+01  1.28428E-01  4.11003E-25  1.46772E-08  0.00000E+00  1.0E-07
  4.250E+01  1.31361E-01  3.91647E-25  1.39860E-08  0.00000E+00  1.0E-07
  4.300E+01  1.34323E-01  3.73401E-25  1.33344E-08  0.00000E+00  1.0E-07
  4.350E+01  1.37313E-01  3.56192E-25  1.27198E-08  0.00000E+00  1.0E-07
  4.400E+01  1.40330E-01  3.39949E-25  1.21398E-08  0.00000E+00  1.0E-07
  4.450E+01  1.43375E-01  3.24607E-25  1.15919E-08  0.00000E+00  1.0E-07
  4.500E+01  1.46447E-01  3.10109E-25  1.10742E-08  0.00000E+00  1.0E-07
  4.550E+01  1.49545E-01  2.96399E-25  1.05846E-08  0.00000E+00  1.0E-07
  4.600E+01  1.52671E-01  2.83426E-25  1.01213E-08  0.00000E+00  1.0E-07
  4.650E+01  1.55823E-01  2.71144E-25  9.68274E-09  0.00000E+00  1.0E-07
  4.700E+01  1.59001E-01  2.59509E-25  9.26724E-09  0.00000E+00  1.0E-07
  4.750E+01  1.62205E-01  2.48481E-25  8.87341E-09  0.00000E+00  1.0E-07
  4.800E+01  1.65435E-01  2.38022E-25  8.49992E-09  0.00000E+00  1.0E-07
  4.850E+01  1.68690E-01  2.28098E-25  8.14551E-09  0.00000E+00  1.0E-07
  4.900E+01  1.71970E-01  2.18676E-25  7.80905E-09  0.00000E+00  1.0E-07
  4.950E+01  1.75276E-01  2.09726E-25  7.48944E-09  0.00000E+00  1.0E-07
  5.000E+01  1.78606E-01  2.01220E-25  7.18570E-09  0.00000E+00  1.0E-07
  5.050E+01  1.81961E-01  1.93133E-25  6.89690E-09  0.00000E+00  1.0E-07
  5.100E+01  1.85340E-01  1.85439E-25  6.62216E-09  0.00000E+00  1.0E-07
  5.150E+01  1.88743E-01  1.78117E-25  6.36067E-09  0.00000E+00  1.0E-07
  5.200E+01  1.92169E-01  1.71145E-25  6.11169E-09  0.00000E+00  1.0E-07
  5.250E+01  1.95619E-01  1.64503E-25  5.87450E-09  0.00000E+00  1.0E-07
  5.300E+01  1.99092E-01  1.58172E-25  5.64844E-09  0.00000E+00  1.0E-07
  5.350E+01  2.02589E-01  1.52137E-25  5.43289E-09  0.00000E+00  1.0E-07
  5.400E+01  2.06107E-01  1.46379E-25  5.22729E-09  0.00000E+00  1.0E-07
  5.450E+01  2.09649E-01  1.40884E-25  5.03108E-09  0.00000E+00  1.0E-07
  5.500E+01  2.13212E-01  1.35639E-25  4.84375E-09  0.00000E+00  1.0E-07
  5.550E+01  2.16797E-01  1.30629E-25  4.66484E-09  0.00000E+00  1.0E-07
  5.600E+01  2.20404E-01  1.25842E-25  4.49390E-09  0.00000E+00  1.0E-07
  5.650E+01  2.24032E-01  1.21266E-25  4.33050E-09  0.00000E+00  1.0E-07
  5.700E+01  2.27680E-01  1.16891E-25  4.17426E-09  0.00000E+00  1.0E-07
  5.750E+01  2.31350E-01  1.12706E-25  4.02480E-09  0.00000E+00  1.0E-07
  5.800E+01  2.35040E-01  1.08701E-25  3.88177E-09  0.00000E+00  1.0E-07
  5.850E+01  2.38751E-01  1.04867E-25  3.74485E-09  0.00000E+00  1.0E-07
  5.900E+01  2.42481E-01  1.01195E-25  3.61374E-09  0.00000E+00  1.0E-07
  5.950E+01  2.46231E-01  9.76775E-26  3.48813E-09  0.00000E+00  1.0E-07
  6.000E+01  2.50000E-01  9.43068E-26  3.36776E-09  0.00000E+00  1.0E-07
  6.050E+01  2.53788E-01  9.10755E-26  3.25237E-09  0.00000E+00  1.0E-07
  6.100E+01  2.57595E-01  8.79768E-26  3.14171E-09  0.00000E+00  1.0E-07
  6.150E+01  2.61421E-01  8.50043E-26  3.03556E-09  0.00000E+00  1.0E-07
  6.200E+01  2.65264E-01  8.21519E-26  2.93370E-09  0.00000E+00  1.0E-07
  6.250E+01  2.69126E-01  7.94139E-26  2.83592E-09  0.00000E+00  1.0E-07
  6.300E+01  2.73005E-01  7.67849E-26  2.74204E-09  0.00000E+00  1.0E-07
  6.350E+01  2.76901E-01  7.42597E-26  2.65186E-09  0.00000E+00  1.0E-07
  6.400E+01  2.80814E-01  7.18336E-26  2.56522E-09  0.00000E+00  1.0E-07
  6.450E+01  2.84744E-01  6.95019E-26  2.48196E-09  0.00000E+00  1.0E-07
  6.500E+01  2.88691E-01  6.72603E-26  2.40191E-09  0.00000E+00  1.0E-07
  6.550E+01  2.92653E-01  6.51047E-26  2.32493E-09  0.00000E+00  1.0E-07
  6.600E+01  2.96632E-01  6.30312E-26  2.25088E-09  0.00000E+00  1.0E-07
  6.650E+01  3.00625E-01  6.10361E-26  2.17964E-09  0.00000E+00  1.0E-07
  6.700E+01  3.04634E-01  5.91159E-26  2.11107E-09  0.00000E+00  1.0E-07
  6.750E+01  3.08658E-01  5.72674E-26  2.04505E-09  0.00000E+00  1.0E-07
  6.800E+01  3.12697E-01  5.54872E-26  1.98149E-09  0.00000E+00  1.0E-07
  6.850E+01  3.16749E-01  5.37726E-26  1.92025E-09  0.00000E+00  1.0E-07
  6.900E+01  3.20816E-01  5.21206E-26  1.86126E-09  0.00000E+00  1.0E-07
  6.950E+01  3.24896E-01  5.05285E-26  1.80441E-09  0.00000E+00  1.0E-07
  7.000E+01  3.28990E-01  4.89939E-26  1.74960E-09  0.00000E+00  1.0E-07
  7.050E+01  3.33097E-01  4.75141E-26  1.69676E-09  0.00000E+00  1.0E-07
  7.100E+01  3.37216E-01  4.60870E-26  1.64580E-09  0.00000E+00  1.0E-07
  7.150E+01  3.41348E-01  4.47103E-26  1.59663E-09  0.00000E+00  1.0E-07
  7.200E+01  3.45492E-01  4.33819E-26  1.54920E-09  0.00000E+00  1.0E-07
  7.250E+01  3.49647E-01  4.20998E-26  1.50341E-09  0.00000E+00  1.0E-07
  7.300E+01  3.53814E-01  4.08622E-26  1.45922E-09  0.00000E+00  1.0E-07
  7.350E+01  3.57992E-01  3.96672E-26  1.41654E-09  0.00000E+00  1.0E-07
  7.400E+01  3.62181E-01  3.85131E-26  1.37533E-09  0.00000E+00  1.0E-07
  7.450E+01  3.66381E-01  3.73982E-26  1.33551E-09  0.00000E+00  1.0E-07
  7.500E+01  3.70590E-01  3.63210E-26  1.29705E-09  0.00000E+00  1.0E-07
  7.550E+01  3.74810E-01  3.52800E-26  1.25987E-09  0.00000E+00  1.0E-07
  7.600E+01  3.79039E-01  3.42737E-26  1.22394E-09  0.00000E+00  1.0E-07
  7.650E+01  3.83277E-01  3.33008E-26  1.18919E-09  0.00000E+00  1.0E-07
  7.700E+01  3.87524E-01  3.23600E-26  1.15560E-09  0.00000E+00  1.0E-07
  7.750E+01  3.91780E-01  3.14501E-26  1.12310E-09  0.00000E+00  1.0E-07
  7.800E+01  3.96044E-01  3.05698E-26  1.09167E-09  0.00000E+00  1.0E-07
  7.850E+01  4.00316E-01  2.97180E-26  1.06125E-09  0.00000E+00  1.0E-07
  7.900E+01  4.04596E-01  2.88937E-26  1.03181E-09  0.00000E+00  1.0E-07
  7.950E+01  4.08882E-01  2.80957E-26  1.00332E-09  0.00000E+00  1.0E-07
  8.000E+01  4.13176E-01  2.73232E-26  9.75728E-10  0.00000E+00  1.0E-07
  8.050E+01  4.17476E-01  2.65751E-26  9.49014E-10  0.00000E+00  1.0E-07
  8.100E+01  4.21783E-01  2.58506E-26  9.23140E-10  0.00000E+00  1.0E-07
  8.150E+01  4.26095E-01  2.51487E-26  8.98077E-10  0.00000E+00  1.0E-07
  8.200E+01  4.30413E-01  2.44687E-26  8.73794E-10  0.00000E+00  1.0E-07
  8.250E+01  4.34737E-01  2.38098E-26  8.50262E-10  0.00000E+00  1.0E-07
  8.300E+01  4.39065E-01  2.31711E-26  8.27455E-10  0.00000E+00  1.0E-07
  8.350E+01  4.43398E-01  2.25520E-26  8.05346E-10  0.00000E+00  1.0E-07
  8.400E+01  4.47736E-01  2.19517E-26  7.83911E-10  0.00000E+00  1.0E-07
  8.450E+01  4.52077E-01  2.13697E-26  7.63125E-10  0.00000E+00  1.0E-07
  8.500E+01  4.56422E-01  2.08051E-26  7.42965E-10  0.00000E+00  1.0E-07
  8.550E+01  4.60770E-01  2.02575E-26  7.23409E-10  0.00000E+00  1.0E-07
  8.600E+01  4.65122E-01  1.97262E-26  7.04437E-10  0.00000E+00  1.0E-07
  8.650E+01  4.69476E-01  1.92107E-26  6.86027E-10  0.00000E+00  1.0E-07
  8.700E+01  4.73832E-01  1.87104E-26  6.68160E-10  0.00000E+00  1.0E-07
  8.750E+01  4.78190E-01  1.82248E-26  6.50818E-10  0.00000E+00  1.0E-07
  8.800E+01  4.82550E-01  1.77533E-26  6.33982E-10  0.00000E+00  1.0E-07
  8.850E+01  4.86912E-01  1.72956E-26  6.17636E-10  0.00000E+00  1.0E-07
  8.900E+01  4.91274E-01  1.68511E-26  6.01762E-10  0.00000E+00  1.0E-07
  8.950E+01  4.95637E-01  1.64193E-26  5.86345E-10  0.00000E+00  1.0E-07
  9.000E+01  5.00000E-01  1.60000E-26  5.71370E-10  0.00000E+00  1.0E-07
  9.050E+01  5.04363E-01  1.55926E-26  5.56820E-10  0.00000E+00  1.0E-07
  9.100E+01  5.08726E-01  1.51967E-26  5.42684E-10  0.00000E+00  1.0E-07
  9.150E+01  5.13088E-01  1.48120E-26  5.28946E-10  0.00000E+00  1.0E-07
  9.200E+01  5.17450E-01  1.44381E-26  5.15594E-10  0.00000E+00  1.0E-07
  9.250E+01  5.21810E-01  1.40747E-26  5.02615E-10  0.00000E+00  1.0E-07
  9.300E+01  5.26168E-01  1.37213E-26  4.89997E-10  0.00000E+00  1.0E-07
  9.350E+01  5.30524E-01  1.33778E-26  4.77728E-10  0.00000E+00  1.0E-07
  9.400E+01  5.34878E-01  1.30437E-26  4.65798E-10  0.00000E+00  1.0E-07
  9.450E+01  5.39230E-01  1.27187E-26  4.54194E-10  0.00000E+00  1.0E-07
  9.500E+01  5.43578E-01  1.24027E-26  4.42908E-10  0.00000E+00  1.0E-07
  9.550E+01  5.47923E-01  1.20952E-26  4.31928E-10  0.00000E+00  1.0E-07
  9.600E+01  5.52264E-01  1.17961E-26  4.21245E-10  0.00000E+00  1.0E-07
  9.650E+01  5.56602E-01  1.15050E-26  4.10850E-10  0.00000E+00  1.0E-07
  9.700E+01  5.60935E-01  1.12217E-26  4.00734E-10  0.00000E+00  1.0E-07
  9.750E+01  5.65263E-01  1.09460E-26  3.90888E-10  0.00000E+00  1.0E-07
  9.800E+01  5.69587E-01  1.06776E-26  3.81303E-10  0.00000E+00  1.0E-07
  9.850E+01  5.73905E-01  1.04163E-26  3.71973E-10  0.00000E+00  1.0E-07
  9.900E+01  5.78217E-01  1.01619E-26  3.62888E-10  0.00000E+00  1.0E-07
  9.950E+01  5.82524E-01  9.91417E-27  3.54042E-10  0.00000E+00  1.0E-07
  1.000E+02  5.86824E-01  9.67292E-27  3.45426E-10  0.00000E+00  1.0E-07
  1.005E+02  5.91118E-01  9.43795E-27  3.37035E-10  0.00000E+00  1.0E-07
  1.010E+02  5.95404E-01  9.20907E-27  3.28862E-10  0.00000E+00  1.0E-07
  1.015E+02  5.99684E-01  8.98610E-27  3.20899E-10  0.00000E+00  1.0E-07
  1.020E+02  6.03956E-01  8.76886E-27  3.13142E-10  0.00000E+00  1.0E-07
  1.025E+02  6.08220E-01  8.55718E-27  3.05582E-10  0.00000E+00  1.0E-07
  1.030E+02  6.12476E-01  8.35090E-27  2.98216E-10  0.00000E+00  1.0E-07
  1.035E+02  6.16723E-01  8.14986E-27  2.91037E-10  0.00000E+00  1.0E-07
  1.040E+02  6.20961E-01  7.95390E-27  2.84039E-10  0.00000E+00  1.0E-07
  1.045E+02  6.25190E-01  7.76289E-27  2.77218E-10  0.00000E+00  1.0E-07
  1.050E+02  6.29410E-01  7.57667E-27  2.70568E-10  0.00000E+00  1.0E-07
  1.055E+02  6.33619E-01  7.39510E-27  2.64084E-10  0.00000E+00  1.0E-07
  1.060E+02  6.37819E-01  7.21806E-27  2.57762E-10  0.00000E+00  1.0E-07
  1.065E+02  6.42008E-01  7.04542E-27  2.51597E-10  0.00000E+00  1.0E-07
  1.070E+02  6.46186E-01  6.87705E-27  2.45584E-10  0.00000E+00  1.0E-07
  1.075E+02  6.50353E-01  6.71282E-27  2.39719E-10  0.00000E+00  1.0E-07
  1.080E+02  6.54508E-01  6.55263E-27  2.33999E-10  0.00000E+00  1.0E-07
  1.085E+02  6.58652E-01  6.39636E-27  2.28418E-10  0.00000E+00  1.0E-07
  1.090E+02  6.62784E-01  6.24390E-27  2.22974E-10  0.00000E+00  1.0E-07
  1.095E+02  6.66903E-01  6.09514E-27  2.17661E-10  0.00000E+00  1.0E-07
  1.100E+02  6.71010E-01  5.94998E-27  2.12478E-10  0.00000E+00  1.0E-07
  1.105E+02  6.75104E-01  5.80833E-27  2.07419E-10  0.00000E+00  1.0E-07
  1.110E+02  6.79184E-01  5.67008E-27  2.02482E-10  0.00000E+00  1.0E-07
  1.115E+02  6.83251E-01  5.53515E-27  1.97664E-10  0.00000E+00  1.0E-07
  1.120E+02  6.87303E-01  5.40344E-27  1.92960E-10  0.00000E+00  1.0E-07
  1.125E+02  6.91342E-01  5.27486E-27  1.88369E-10  0.00000E+00  1.0E-07
  1.130E+02  6.95366E-01  5.14934E-27  1.83886E-10  0.00000E+00  1.0E-07
  1.135E+02  6.99375E-01  5.02679E-27  1.79510E-10  0.00000E+00  1.0E-07
  1.140E+02  7.03368E-01  4.90713E-27  1.75237E-10  0.00000E+00  1.0E-07
  1.145E+02  7.07347E-01  4.79029E-27  1.71064E-10  0.00000E+00  1.0E-07
  1.150E+02  7.11309E-01  4.67618E-27  1.66989E-10  0.00000E+00  1.0E-07
  1.155E+02  7.15256E-01  4.56474E-27  1.63010E-10  0.00000E+00  1.0E-07
  1.160E+02  7.19186E-01  4.45590E-27  1.59123E-10  0.00000E+00  1.0E-07
  1.165E+02  7.23099E-01  4.34959E-27  1.55327E-10  0.00000E+00  1.0E-07
  1.170E+02  7.26995E-01  4.24574E-27  1.51618E-10  0.00000E+00  1.0E-07
  1.175E+02  7.30874E-01  4.14429E-27  1.47995E-10  0.00000E+00  1.0E-07
  1.180E+02  7.34736E-01  4.04518E-27  1.44456E-10  0.00000E+00  1.0E-07
  1.185E+02  7.38579E-01  3.94835E-27  1.40998E-10  0.00000E+00  1.0E-07
  1.190E+02  7.42405E-01  3.85374E-27  1.37620E-10  0.00000E+00  1.0E-07
  1.195E+02  7.46212E-01  3.76129E-27  1.34318E-10  0.00000E+00  1.0E-07
  1.200E+02  7.50000E-01  3.67096E-27  1.31092E-10  0.00000E+00  1.0E-07
  1.205E+02  7.53769E-01  3.58268E-27  1.27940E-10  0.00000E+00  1.0E-07
  1.210E+02  7.57519E-01  3.49640E-27  1.24859E-10  0.00000E+00  1.0E-07
  1.215E+02  7.61249E-01  3.41207E-27  1.21847E-10  0.00000E+00  1.0E-07
  1.220E+02  7.64960E-01  3.32966E-27  1.18904E-10  0.00000E+00  1.0E-07
  1.225E+02  7.68650E-01  3.24910E-27  1.16027E-10  0.00000E+00  1.0E-07
  1.230E+02  7.72320E-01  3.17035E-27  1.13215E-10  0.00000E+00  1.0E-07
  1.235E+02  7.75968E-01  3.09337E-27  1.10466E-10  0.00000E+00  1.0E-07
  1.240E+02  7.79596E-01  3.01812E-27  1.07779E-10  0.00000E+00  1.0E-07
  1.245E+02  7.83203E-01  2.94455E-27  1.05152E-10  0.00000E+00  1.0E-07
  1.250E+02  7.86788E-01  2.87263E-27  1.02583E-10  0.00000E+00  1.0E-07
  1.255E+02  7.90351E-01  2.80230E-27  1.00072E-10  0.00000E+00  1.0E-07
  1.260E+02  7.93893E-01  2.73354E-27  9.76165E-11  0.00000E+00  1.0E-07
  1.265E+02  7.97411E-01  2.66631E-27  9.52156E-11  0.00000E+00  1.0E-07
  1.270E+02  8.00908E-01  2.60056E-27  9.28678E-11  0.00000E+00  1.0E-07
  1.275E+02  8.04381E-01  2.53628E-27  9.05721E-11  0.00000E+00  1.0E-07
  1.280E+02  8.07831E-01  2.47341E-27  8.83272E-11  0.00000E+00  1.0E-07
  1.285E+02  8.11257E-01  2.41194E-27  8.61318E-11  0.00000E+00  1.0E-07
  1.290E+02  8.14660E-01  2.35181E-27  8.39848E-11  0.00000E+00  1.0E-07
  1.295E+02  8.18039E-01  2.29302E-27  8.18851E-11  0.00000E+00  1.0E-07
  1.300E+02  8.21394E-01  2.23551E-27  7.98316E-11  0.00000E+00  1.0E-07
  1.305E+02  8.24724E-01  2.17927E-27  7.78233E-11  0.00000E+00  1.0E-07
  1.310E+02  8.28030E-01  2.12427E-27  7.58590E-11  0.00000E+00  1.0E-07
  1.315E+02  8.31310E-01  2.07047E-27  7.39379E-11  0.00000E+00  1.0E-07
  1.320E+02  8.34565E-01  2.01785E-27  7.20589E-11  0.00000E+00  1.0E-07
  1.325E+02  8.37795E-01  1.96639E-27  7.02210E-11  0.00000E+00  1.0E-07
  1.330E+02  8.40999E-01  1.91605E-27  6.84234E-11  0.00000E+00  1.0E-07
  1.335E+02  8.44177E-01  1.86682E-27  6.66652E-11  0.00000E+00  1.0E-07
  1.340E+02  8.47329E-01  1.81866E-27  6.49455E-11  0.00000E+00  1.0E-07
  1.345E+02  8.50455E-01  1.77155E-27  6.32633E-11  0.00000E+00  1.0E-07
  1.350E+02  8.53553E-01  1.72548E-27  6.16181E-11  0.00000E+00  1.0E-07
  1.355E+02  8.56625E-01  1.68042E-27  6.00088E-11  0.00000E+00  1.0E-07
  1.360E+02  8.59670E-01  1.63634E-27  5.84347E-11  0.00000E+00  1.0E-07
  1.365E+02  8.62687E-01  1.59323E-27  5.68951E-11  0.00000E+00  1.0E-07
  1.370E+02  8.65677E-01  1.55106E-27  5.53893E-11  0.00000E+00  1.0E-07
  1.375E+02  8.68639E-01  1.50981E-27  5.39164E-11  0.00000E+00  1.0E-07
  1.380E+02  8.71572E-01  1.46947E-27  5.24759E-11  0.00000E+00  1.0E-07
  1.385E+02  8.74478E-01  1.43002E-27  5.10670E-11  0.00000E+00  1.0E-07
  1.390E+02  8.77355E-01  1.39144E-27  4.96891E-11  0.00000E+00  1.0E-07
  1.395E+02  8.80203E-01  1.35370E-27  4.83415E-11  0.00000E+00  1.0E-07
  1.400E+02  8.83022E-01  1.31679E-27  4.70235E-11  0.00000E+00  1.0E-07
  1.405E+02  8.85812E-01  1.28070E-27  4.57347E-11  0.00000E+00  1.0E-07
  1.410E+02  8.88573E-01  1.24541E-27  4.44744E-11  0.00000E+00  1.0E-07
  1.415E+02  8.91304E-01  1.21090E-27  4.32420E-11  0.00000E+00  1.0E-07
  1.420E+02  8.94005E-01  1.17715E-27  4.20369E-11  0.00000E+00  1.0E-07
  1.425E+02  8.96677E-01  1.14416E-27  4.08586E-11  0.00000E+00  1.0E-07
  1.430E+02  8.99318E-01  1.11190E-27  3.97067E-11  0.00000E+00  1.0E-07
  1.435E+02  9.01928E-01  1.08036E-27  3.85804E-11  0.00000E+00  1.0E-07
  1.440E+02  9.04508E-01  1.04953E-27  3.74795E-11  0.00000E+00  1.0E-07
  1.445E+02  9.07058E-01  1.01939E-27  3.64032E-11  0.00000E+00  1.0E-07
  1.450E+02  9.09576E-01  9.89937E-28  3.53513E-11  0.00000E+00  1.0E-07
  1.455E+02  9.12063E-01  9.61146E-28  3.43232E-11  0.00000E+00  1.0E-07
  1.460E+02  9.14519E-01  9.33010E-28  3.33184E-11  0.00000E+00  1.0E-07
  1.465E+02  9.16943E-01  9.05516E-28  3.23366E-11  0.00000E+00  1.0E-07
  1.470E+02  9.19335E-01  8.78652E-28  3.13772E-11  0.00000E+00  1.0E-07
  1.475E+02  9.21696E-01  8.52406E-28  3.04400E-11  0.00000E+00  1.0E-07
  1.480E+02  9.24024E-01  8.26767E-28  2.95244E-11  0.00000E+00  1.0E-07
  1.485E+02  9.26320E-01  8.01725E-28  2.86301E-11  0.00000E+00  1.0E-07
  1.490E+02  9.28584E-01  7.77267E-28  2.77567E-11  0.00000E+00  1.0E-07
  1.495E+02  9.30815E-01  7.53384E-28  2.69038E-11  0.00000E+00  1.0E-07
  1.500E+02  9.33013E-01  7.30066E-28  2.60711E-11  0.00000E+00  1.0E-07
  1.505E+02  9.35178E-01  7.07302E-28  2.52582E-11  0.00000E+00  1.0E-07
  1.510E+02  9.37310E-01  6.85083E-28  2.44648E-11  0.00000E+00  1.0E-07
  1.515E+02  9.39409E-01  6.63400E-28  2.36905E-11  0.00000E+00  1.0E-07
  1.520E+02  9.41474E-01  6.42244E-28  2.29350E-11  0.00000E+00  1.0E-07
  1.525E+02  9.43505E-01  6.21606E-28  2.21980E-11  0.00000E+00  1.0E-07
  1.530E+02  9.45503E-01  6.01476E-28  2.14791E-11  0.00000E+00  1.0E-07
  1.535E+02  9.47467E-01  5.81848E-28  2.07782E-11  0.00000E+00  1.0E-07
  1.540E+02  9.49397E-01  5.62713E-28  2.00949E-11  0.00000E+00  1.0E-07
  1.545E+02  9.51293E-01  5.44063E-28  1.94288E-11  0.00000E+00  1.0E-07
  1.550E+02  9.53154E-01  5.25890E-28  1.87799E-11  0.00000E+00  1.0E-07
  1.555E+02  9.54981E-01  5.08187E-28  1.81477E-11  0.00000E+00  1.0E-07
  1.560E+02  9.56773E-01  4.90946E-28  1.75320E-11  0.00000E+00  1.0E-07
  1.565E+02  9.58530E-01  4.74161E-28  1.69326E-11  0.00000E+00  1.0E-07
  1.570E+02  9.60252E-01  4.57825E-28  1.63492E-11  0.00000E+00  1.0E-07
  1.575E+02  9.61940E-01  4.41932E-28  1.57817E-11  0.00000E+00  1.0E-07
  1.580E+02  9.63592E-01  4.26473E-28  1.52296E-11  0.00000E+00  1.0E-07
  1.585E+02  9.65209E-01  4.11446E-28  1.46930E-11  0.00000E+00  1.0E-07
  1.590E+02  9.66790E-01  3.96841E-28  1.41715E-11  0.00000E+00  1.0E-07
  1.595E+02  9.68336E-01  3.82654E-28  1.36648E-11  0.00000E+00  1.0E-07
  1.600E+02  9.69846E-01  3.68880E-28  1.31729E-11  0.00000E+00  1.0E-07
  1.605E+02  9.71321E-01  3.55512E-28  1.26956E-11  0.00000E+00  1.0E-07
  1.610E+02  9.72759E-01  3.42546E-28  1.22325E-11  0.00000E+00  1.0E-07
  1.615E+02  9.74162E-01  3.29976E-28  1.17837E-11  0.00000E+00  1.0E-07
  1.620E+02  9.75528E-01  3.17797E-28  1.13487E-11  0.00000E+00  1.0E-07
  1.625E+02  9.76858E-01  3.06006E-28  1.09277E-11  0.00000E+00  1.0E-07
  1.630E+02  9.78152E-01  2.94595E-28  1.05202E-11  0.00000E+00  1.0E-07
  1.635E+02  9.79410E-01  2.83563E-28  1.01262E-11  0.00000E+00  1.0E-07
  1.640E+02  9.80631E-01  2.72903E-28  9.74556E-12  0.00000E+00  1.0E-07
  1.645E+02  9.81815E-01  2.62613E-28  9.37810E-12  0.00000E+00  1.0E-07
  1.650E+02  9.82963E-01  2.52688E-28  9.02366E-12  0.00000E+00  1.0E-07
  1.655E+02  9.84074E-01  2.43124E-28  8.68212E-12  0.00000E+00  1.0E-07
  1.660E+02  9.85148E-01  2.33918E-28  8.35336E-12  0.00000E+00  1.0E-07
  1.665E+02  9.86185E-01  2.25066E-28  8.03725E-12  0.00000E+00  1.0E-07
  1.670E+02  9.87185E-01  2.16564E-28  7.73363E-12  0.00000E+00  1.0E-07
  1.675E+02  9.88148E-01  2.08409E-28  7.44243E-12  0.00000E+00  1.0E-07
  1.680E+02  9.89074E-01  2.00599E-28  7.16352E-12  0.00000E+00  1.0E-07
  1.685E+02  9.89962E-01  1.93130E-28  6.89680E-12  0.00000E+00  1.0E-07
  1.690E+02  9.90814E-01  1.85999E-28  6.64216E-12  0.00000E+00  1.0E-07
  1.695E+02  9.91627E-01  1.79204E-28  6.39948E-12  0.00000E+00  1.0E-07
  1.700E+02  9.92404E-01  1.72742E-28  6.16872E-12  0.00000E+00  1.0E-07
  1.705E+02  9.93143E-01  1.66610E-28  5.94976E-12  0.00000E+00  1.0E-07
  1.710E+02  9.93844E-01  1.60807E-28  5.74251E-12  0.00000E+00  1.0E-07
  1.715E+02  9.94508E-01  1.55330E-28  5.54693E-12  0.00000E+00  1.0E-07
  1.720E+02  9.95134E-01  1.50176E-28  5.36288E-12  0.00000E+00  1.0E-07
  1.725E+02  9.95722E-01  1.45345E-28  5.19037E-12  0.00000E+00  1.1E-07
  1.730E+02  9.96273E-01  1.40834E-28  5.02926E-12  0.00000E+00  1.1E-07
  1.735E+02  9.96786E-01  1.36641E-28  4.87954E-12  0.00000E+00  1.3E-07
  1.740E+02  9.97261E-01  1.32765E-28  4.74111E-12  0.00000E+00  1.1E-07
  1.745E+02  9.97698E-01  1.29204E-28  4.61396E-12  0.00000E+00  1.0E-07
  1.750E+02  9.98097E-01  1.25958E-28  4.49804E-12  0.00000E+00  1.0E-07
  1.755E+02  9.98459E-01  1.23024E-28  4.39326E-12  0.00000E+00  1.4E-07
  1.760E+02  9.98782E-01  1.20403E-28  4.29966E-12  0.00000E+00  1.6E-07
  1.765E+02  9.99067E-01  1.18091E-28  4.21712E-12  0.00000E+00  1.8E-07
  1.770E+02  9.99315E-01  1.16091E-28  4.14568E-12  0.00000E+00  1.5E-07
  1.775E+02  9.99524E-01  1.14398E-28  4.08524E-12  0.00000E+00  1.0E-07
  1.780E+02  9.99695E-01  1.13015E-28  4.03585E-12  0.00000E+00  1.0E-07
  1.785E+02  9.99829E-01  1.11939E-28  3.99740E-12  0.00000E+00  2.2E-07
  1.790E+02  9.99924E-01  1.11172E-28  3.97001E-12  0.00000E+00  3.3E-07
  1.795E+02  9.99981E-01  1.10710E-28  3.95354E-12  0.00000E+00  4.6E-07
  1.800E+02  1.00000E+00  1.10559E-28  3.94812E-12  0.00000E+00  2.2E-06
