 #
 # Subroutine ELSEPA. Elastic scattering of electrons and positrons
 #                    by neutral atoms and positive ions
 #
 # Projectile: electron
 # Kinetic energy = 3.70000E+06 eV = 1.35973E+05 a.u.
 #
 # WARNING: High-energy factorization with free-atom DF screening.
 #          Absorption, polarization and exchange corrections are
 #          switched off.
 #          Phase shifts are calculated for the bare nucleus.
 #          Scattering amplitudes are not evaluated.
 #
 # Element: Be,  Z =   4,  atomic weight = 9.01220E+00 g/mol
 #
 # Nuclear model: Fermi distribution
 #                Average radius = 2.22669E-13 cm
 #                Skin thickness = 5.46000E-14 cm
 #
 # Number of electrons =  4
 #
 # Total elastic cross section = 1.72869E-19 cm**2 = 6.17327E-03 a0**2
 # 1st transport cross section = 1.46703E-24 cm**2 = 5.23884E-08 a0**2
 # 2nd transport cross section = 4.21126E-24 cm**2 = 1.50387E-07 a0**2
 #
 #
 # Differential cross section:                       MU=(1-COS(THETA))/2
 #
 #  THETA        MU          DCS          DCS        Sherman      error
 #  (deg)                 (cm**2/sr)   (a0**2/sr)    function
 #----------------------------------------------------------------------
  0.000E+00  0.00000E+00  6.33173E-14  2.26110E+03  0.00000E+00  1.0E-05
  1.000E-04  7.61557E-13  6.33169E-14  2.26109E+03  0.00000E+00  1.0E-05
  1.250E-04  1.18994E-12  6.33167E-14  2.26108E+03  0.00000E+00  1.0E-05
  1.500E-04  1.71346E-12  6.33164E-14  2.26107E+03  0.00000E+00  1.0E-05
  1.750E-04  2.33225E-12  6.33161E-14  2.26106E+03  0.00000E+00  1.0E-05
  2.000E-04  3.04617E-12  6.33158E-14  2.26105E+03  0.00000E+00  1.0E-05
  2.250E-04  3.85530E-12  6.33154E-14  2.26103E+03  0.00000E+00  1.0E-05
  2.500E-04  4.75964E-12  6.33149E-14  2.26102E+03  0.00000E+00  1.0E-05
  2.750E-04  5.75917E-12  6.33144E-14  2.26100E+03  0.00000E+00  1.0E-05
  3.000E-04  6.85391E-12  6.33139E-14  2.26098E+03  0.00000E+00  1.0E-05
  3.250E-04  8.04379E-12  6.33133E-14  2.26096E+03  0.00000E+00  1.0E-05
  3.500E-04  9.32893E-12  6.33126E-14  2.26094E+03  0.00000E+00  1.0E-05
  3.750E-04  1.07092E-11  6.33120E-14  2.26091E+03  0.00000E+00  1.0E-05
  4.000E-04  1.21847E-11  6.33112E-14  2.26088E+03  0.00000E+00  1.0E-05
  4.250E-04  1.37554E-11  6.33104E-14  2.26086E+03  0.00000E+00  1.0E-05
  4.500E-04  1.54213E-11  6.33096E-14  2.26083E+03  0.00000E+00  1.0E-05
  4.750E-04  1.71823E-11  6.33087E-14  2.26080E+03  0.00000E+00  1.0E-05
  5.000E-04  1.90386E-11  6.33078E-14  2.26076E+03  0.00000E+00  1.0E-05
  5.250E-04  2.09900E-11  6.33068E-14  2.26073E+03  0.00000E+00  1.0E-05
  5.500E-04  2.30367E-11  6.33058E-14  2.26069E+03  0.00000E+00  1.0E-05
  5.750E-04  2.51785E-11  6.33047E-14  2.26065E+03  0.00000E+00  1.0E-05
  6.000E-04  2.74156E-11  6.33036E-14  2.26061E+03  0.00000E+00  1.0E-05
  6.250E-04  2.97478E-11  6.33025E-14  2.26057E+03  0.00000E+00  1.0E-05
  6.500E-04  3.21752E-11  6.33013E-14  2.26053E+03  0.00000E+00  1.0E-05
  6.750E-04  3.46979E-11  6.33000E-14  2.26048E+03  0.00000E+00  1.0E-05
  7.000E-04  3.73157E-11  6.32987E-14  2.26044E+03  0.00000E+00  1.0E-05
  7.250E-04  4.00286E-11  6.32974E-14  2.26039E+03  0.00000E+00  1.0E-05
  7.500E-04  4.28368E-11  6.32960E-14  2.26034E+03  0.00000E+00  1.0E-05
  7.750E-04  4.57402E-11  6.32945E-14  2.26029E+03  0.00000E+00  1.0E-05
  8.000E-04  4.87388E-11  6.32930E-14  2.26023E+03  0.00000E+00  1.0E-05
  8.250E-04  5.18325E-11  6.32915E-14  2.26018E+03  0.00000E+00  1.0E-05
  8.500E-04  5.50215E-11  6.32899E-14  2.26012E+03  0.00000E+00  1.0E-05
  8.750E-04  5.83057E-11  6.32883E-14  2.26006E+03  0.00000E+00  1.0E-05
  9.000E-04  6.16850E-11  6.32866E-14  2.26000E+03  0.00000E+00  1.0E-05
  9.250E-04  6.51595E-11  6.32848E-14  2.25994E+03  0.00000E+00  1.0E-05
  9.500E-04  6.87293E-11  6.32831E-14  2.25988E+03  0.00000E+00  1.0E-05
  9.750E-04  7.23943E-11  6.32812E-14  2.25981E+03  0.00000E+00  1.0E-05
  1.000E-03  7.61544E-11  6.32794E-14  2.25975E+03  0.00000E+00  1.0E-05
  1.250E-03  1.18991E-10  6.32581E-14  2.25899E+03  0.00000E+00  1.0E-05
  1.500E-03  1.71347E-10  6.32321E-14  2.25806E+03  0.00000E+00  1.0E-05
  1.750E-03  2.33223E-10  6.32013E-14  2.25696E+03  0.00000E+00  1.0E-05
  2.000E-03  3.04617E-10  6.31659E-14  2.25570E+03  0.00000E+00  1.0E-05
  2.250E-03  3.85531E-10  6.31258E-14  2.25426E+03  0.00000E+00  1.0E-05
  2.500E-03  4.75965E-10  6.30810E-14  2.25266E+03  0.00000E+00  1.0E-05
  2.750E-03  5.75917E-10  6.30316E-14  2.25090E+03  0.00000E+00  1.0E-05
  3.000E-03  6.85389E-10  6.29775E-14  2.24897E+03  0.00000E+00  1.0E-05
  3.250E-03  8.04380E-10  6.29187E-14  2.24687E+03  0.00000E+00  1.0E-05
  3.500E-03  9.32891E-10  6.28554E-14  2.24461E+03  0.00000E+00  1.0E-05
  3.750E-03  1.07092E-09  6.27874E-14  2.24218E+03  0.00000E+00  1.0E-05
  4.000E-03  1.21847E-09  6.27149E-14  2.23959E+03  0.00000E+00  1.0E-05
  4.250E-03  1.37554E-09  6.26378E-14  2.23684E+03  0.00000E+00  1.0E-05
  4.500E-03  1.54213E-09  6.25562E-14  2.23392E+03  0.00000E+00  1.0E-05
  4.750E-03  1.71823E-09  6.24700E-14  2.23085E+03  0.00000E+00  1.0E-05
  5.000E-03  1.90386E-09  6.23795E-14  2.22761E+03  0.00000E+00  1.0E-05
  5.250E-03  2.09900E-09  6.22844E-14  2.22422E+03  0.00000E+00  1.0E-05
  5.500E-03  2.30367E-09  6.21849E-14  2.22066E+03  0.00000E+00  1.0E-05
  5.750E-03  2.51785E-09  6.20810E-14  2.21695E+03  0.00000E+00  1.0E-05
  6.000E-03  2.74156E-09  6.19728E-14  2.21309E+03  0.00000E+00  1.0E-05
  6.250E-03  2.97478E-09  6.18601E-14  2.20906E+03  0.00000E+00  1.0E-05
  6.500E-03  3.21752E-09  6.17432E-14  2.20489E+03  0.00000E+00  1.0E-05
  6.750E-03  3.46978E-09  6.16221E-14  2.20056E+03  0.00000E+00  1.0E-05
  7.000E-03  3.73156E-09  6.14965E-14  2.19608E+03  0.00000E+00  1.0E-05
  7.250E-03  4.00286E-09  6.13669E-14  2.19145E+03  0.00000E+00  1.0E-05
  7.500E-03  4.28368E-09  6.12331E-14  2.18667E+03  0.00000E+00  1.0E-05
  7.750E-03  4.57402E-09  6.10952E-14  2.18175E+03  0.00000E+00  1.0E-05
  8.000E-03  4.87388E-09  6.09531E-14  2.17667E+03  0.00000E+00  1.0E-05
  8.250E-03  5.18326E-09  6.08070E-14  2.17146E+03  0.00000E+00  1.0E-05
  8.500E-03  5.50215E-09  6.06571E-14  2.16611E+03  0.00000E+00  1.0E-05
  8.750E-03  5.83057E-09  6.05029E-14  2.16060E+03  0.00000E+00  1.0E-05
  9.000E-03  6.16850E-09  6.03449E-14  2.15495E+03  0.00000E+00  1.0E-05
  9.250E-03  6.51596E-09  6.01832E-14  2.14918E+03  0.00000E+00  1.0E-05
  9.500E-03  6.87293E-09  6.00174E-14  2.14326E+03  0.00000E+00  1.0E-05
  9.750E-03  7.23942E-09  5.98478E-14  2.13720E+03  0.00000E+00  1.0E-05
  1.000E-02  7.61544E-09  5.96747E-14  2.13102E+03  0.00000E+00  1.0E-05
  1.250E-02  1.18991E-08  5.77472E-14  2.06219E+03  0.00000E+00  1.0E-05
  1.500E-02  1.71347E-08  5.55020E-14  1.98201E+03  0.00000E+00  1.0E-05
  1.750E-02  2.33223E-08  5.29955E-14  1.89250E+03  0.00000E+00  1.0E-05
  2.000E-02  3.04617E-08  5.02868E-14  1.79578E+03  0.00000E+00  1.0E-05
  2.250E-02  3.85531E-08  4.74352E-14  1.69394E+03  0.00000E+00  1.0E-05
  2.500E-02  4.75965E-08  4.44975E-14  1.58904E+03  0.00000E+00  1.0E-05
  2.750E-02  5.75917E-08  4.15265E-14  1.48294E+03  0.00000E+00  1.0E-05
  3.000E-02  6.85389E-08  3.85692E-14  1.37733E+03  0.00000E+00  1.0E-05
  3.250E-02  8.04380E-08  3.56663E-14  1.27367E+03  0.00000E+00  1.0E-05
  3.500E-02  9.32891E-08  3.28207E-14  1.17205E+03  0.00000E+00  1.0E-05
  3.750E-02  1.07092E-07  3.00830E-14  1.07428E+03  0.00000E+00  1.0E-05
  4.000E-02  1.21847E-07  2.75315E-14  9.83167E+02  0.00000E+00  1.0E-05
  4.250E-02  1.37554E-07  2.51690E-14  8.98800E+02  0.00000E+00  1.0E-05
  4.500E-02  1.54213E-07  2.28733E-14  8.16819E+02  0.00000E+00  1.0E-05
  4.750E-02  1.71823E-07  2.07728E-14  7.41809E+02  0.00000E+00  1.0E-05
  5.000E-02  1.90386E-07  1.88590E-14  6.73467E+02  0.00000E+00  1.0E-05
  5.250E-02  2.09900E-07  1.70815E-14  6.09991E+02  0.00000E+00  1.0E-05
  5.500E-02  2.30367E-07  1.54472E-14  5.51628E+02  0.00000E+00  1.0E-05
  5.750E-02  2.51785E-07  1.39718E-14  4.98941E+02  0.00000E+00  1.0E-05
  6.000E-02  2.74156E-07  1.26365E-14  4.51257E+02  0.00000E+00  1.0E-05
  6.250E-02  2.97478E-07  1.14131E-14  4.07568E+02  0.00000E+00  1.0E-05
  6.500E-02  3.21752E-07  1.03134E-14  3.68298E+02  0.00000E+00  1.0E-05
  6.750E-02  3.46978E-07  9.32538E-15  3.33015E+02  0.00000E+00  1.0E-05
  7.000E-02  3.73156E-07  8.43299E-15  3.01147E+02  0.00000E+00  1.0E-05
  7.250E-02  4.00286E-07  7.63035E-15  2.72485E+02  0.00000E+00  1.0E-05
  7.500E-02  4.28368E-07  6.90950E-15  2.46743E+02  0.00000E+00  1.0E-05
  7.750E-02  4.57402E-07  6.26296E-15  2.23654E+02  0.00000E+00  1.0E-05
  8.000E-02  4.87388E-07  5.68341E-15  2.02958E+02  0.00000E+00  1.0E-05
  8.250E-02  5.18325E-07  5.16206E-15  1.84340E+02  0.00000E+00  1.0E-05
  8.500E-02  5.50215E-07  4.69276E-15  1.67581E+02  0.00000E+00  1.0E-05
  8.750E-02  5.83057E-07  4.27536E-15  1.52676E+02  0.00000E+00  1.0E-05
  9.000E-02  6.16850E-07  3.89891E-15  1.39233E+02  0.00000E+00  1.0E-05
  9.250E-02  6.51596E-07  3.55899E-15  1.27094E+02  0.00000E+00  1.0E-05
  9.500E-02  6.87293E-07  3.25506E-15  1.16240E+02  0.00000E+00  1.0E-05
  9.750E-02  7.23942E-07  2.98220E-15  1.06496E+02  0.00000E+00  1.0E-05
  1.000E-01  7.61543E-07  2.73490E-15  9.76649E+01  0.00000E+00  1.0E-05
  1.250E-01  1.18991E-06  1.25516E-15  4.48226E+01  0.00000E+00  1.0E-05
  1.500E-01  1.71347E-06  6.63575E-16  2.36967E+01  0.00000E+00  1.0E-05
  1.750E-01  2.33223E-06  3.92008E-16  1.39989E+01  0.00000E+00  1.0E-05
  2.000E-01  3.04617E-06  2.51678E-16  8.98757E+00  0.00000E+00  1.0E-05
  2.250E-01  3.85531E-06  1.71296E-16  6.11709E+00  0.00000E+00  1.0E-05
  2.500E-01  4.75964E-06  1.21655E-16  4.34439E+00  0.00000E+00  1.0E-05
  2.750E-01  5.75916E-06  8.92839E-17  3.18839E+00  0.00000E+00  1.0E-05
  3.000E-01  6.85388E-06  6.71751E-17  2.39886E+00  0.00000E+00  1.0E-05
  3.250E-01  8.04378E-06  5.15360E-17  1.84038E+00  0.00000E+00  1.0E-05
  3.500E-01  9.32888E-06  4.01489E-17  1.43374E+00  0.00000E+00  1.0E-05
  3.750E-01  1.07092E-05  3.17993E-17  1.13557E+00  0.00000E+00  1.0E-05
  4.000E-01  1.21846E-05  2.54329E-17  9.08224E-01  0.00000E+00  1.0E-05
  4.250E-01  1.37553E-05  2.05764E-17  7.34798E-01  0.00000E+00  1.0E-05
  4.500E-01  1.54212E-05  1.68184E-17  6.00595E-01  0.00000E+00  1.0E-05
  4.750E-01  1.71822E-05  1.38671E-17  4.95202E-01  0.00000E+00  1.0E-05
  5.000E-01  1.90385E-05  1.15227E-17  4.11484E-01  0.00000E+00  1.0E-05
  5.250E-01  2.09899E-05  9.64139E-18  3.44300E-01  0.00000E+00  1.0E-05
  5.500E-01  2.30365E-05  8.12258E-18  2.90062E-01  0.00000E+00  1.0E-05
  5.750E-01  2.51783E-05  6.88407E-18  2.45835E-01  0.00000E+00  1.0E-05
  6.000E-01  2.74153E-05  5.86825E-18  2.09559E-01  0.00000E+00  1.0E-05
  6.250E-01  2.97475E-05  5.03228E-18  1.79706E-01  0.00000E+00  1.0E-05
  6.500E-01  3.21749E-05  4.33924E-18  1.54957E-01  0.00000E+00  1.0E-05
  6.750E-01  3.46974E-05  3.75963E-18  1.34259E-01  0.00000E+00  1.0E-05
  7.000E-01  3.73152E-05  3.27244E-18  1.16861E-01  0.00000E+00  1.0E-05
  7.250E-01  4.00281E-05  2.86083E-18  1.02162E-01  0.00000E+00  1.0E-05
  7.500E-01  4.28362E-05  2.51101E-18  8.96699E-02  0.00000E+00  1.0E-05
  7.750E-01  4.57395E-05  2.21188E-18  7.89878E-02  0.00000E+00  1.0E-05
  8.000E-01  4.87380E-05  1.95541E-18  6.98288E-02  0.00000E+00  1.0E-05
  8.250E-01  5.18317E-05  1.73476E-18  6.19495E-02  0.00000E+00  1.0E-05
  8.500E-01  5.50205E-05  1.54424E-18  5.51458E-02  0.00000E+00  1.0E-05
  8.750E-01  5.83045E-05  1.37889E-18  4.92412E-02  0.00000E+00  1.0E-05
  9.000E-01  6.16838E-05  1.23508E-18  4.41057E-02  0.00000E+00  1.0E-05
  9.250E-01  6.51582E-05  1.10950E-18  3.96210E-02  0.00000E+00  1.0E-05
  9.500E-01  6.87277E-05  9.99380E-19  3.56885E-02  0.00000E+00  1.0E-05
  9.750E-01  7.23925E-05  9.02403E-19  3.22254E-02  0.00000E+00  1.0E-05
  1.000E+00  7.61524E-05  8.16813E-19  2.91689E-02  0.00000E+00  1.6E-04
  1.100E+00  9.21439E-05  5.60582E-19  2.00187E-02  0.00000E+00  1.2E-04
  1.200E+00  1.09658E-04  3.97258E-19  1.41863E-02  0.00000E+00  6.9E-05
  1.300E+00  1.28695E-04  2.89097E-19  1.03238E-02  0.00000E+00  1.8E-05
  1.400E+00  1.49255E-04  2.15309E-19  7.68882E-03  0.00000E+00  2.3E-05
  1.500E+00  1.71338E-04  1.63605E-19  5.84245E-03  0.00000E+00  4.5E-05
  1.600E+00  1.94942E-04  1.26493E-19  4.51713E-03  0.00000E+00  4.9E-05
  1.700E+00  2.20070E-04  9.93367E-20  3.54738E-03  0.00000E+00  4.1E-05
  1.800E+00  2.46720E-04  7.90752E-20  2.82383E-03  0.00000E+00  2.4E-05
  1.900E+00  2.74892E-04  6.37281E-20  2.27577E-03  0.00000E+00  6.2E-06
  2.000E+00  3.04586E-04  5.19268E-20  1.85434E-03  0.00000E+00  1.0E-05
  2.100E+00  3.35803E-04  4.27321E-20  1.52599E-03  0.00000E+00  2.0E-05
  2.200E+00  3.68542E-04  3.54843E-20  1.26717E-03  0.00000E+00  2.2E-05
  2.300E+00  4.02802E-04  2.97076E-20  1.06088E-03  0.00000E+00  1.9E-05
  2.400E+00  4.38585E-04  2.50616E-20  8.94968E-04  0.00000E+00  1.2E-05
  2.500E+00  4.75889E-04  2.12886E-20  7.60231E-04  0.00000E+00  2.8E-06
  2.600E+00  5.14715E-04  1.81999E-20  6.49929E-04  0.00000E+00  5.8E-06
  2.700E+00  5.55063E-04  1.56518E-20  5.58938E-04  0.00000E+00  1.1E-05
  2.800E+00  5.96931E-04  1.35341E-20  4.83310E-04  0.00000E+00  1.2E-05
  2.900E+00  6.40321E-04  1.17632E-20  4.20071E-04  0.00000E+00  1.1E-05
  3.000E+00  6.85233E-04  1.02723E-20  3.66832E-04  0.00000E+00  6.5E-06
  3.100E+00  7.31665E-04  9.01059E-21  3.21774E-04  0.00000E+00  1.4E-06
  3.200E+00  7.79618E-04  7.93674E-21  2.83426E-04  0.00000E+00  3.7E-06
  3.300E+00  8.29092E-04  7.01813E-21  2.50622E-04  0.00000E+00  6.7E-06
  3.400E+00  8.80086E-04  6.22881E-21  2.22435E-04  0.00000E+00  7.6E-06
  3.500E+00  9.32601E-04  5.54727E-21  1.98097E-04  0.00000E+00  6.5E-06
  3.600E+00  9.86636E-04  4.95657E-21  1.77002E-04  0.00000E+00  4.0E-06
  3.700E+00  1.04219E-03  4.44239E-21  1.58641E-04  0.00000E+00  7.8E-07
  3.800E+00  1.09927E-03  3.99321E-21  1.42600E-04  0.00000E+00  2.6E-06
  3.900E+00  1.15786E-03  3.59943E-21  1.28538E-04  0.00000E+00  4.5E-06
  4.000E+00  1.21797E-03  3.25297E-21  1.16166E-04  0.00000E+00  5.1E-06
  4.100E+00  1.27961E-03  2.94726E-21  1.05249E-04  0.00000E+00  4.4E-06
  4.200E+00  1.34276E-03  2.67661E-21  9.55834E-05  0.00000E+00  2.7E-06
  4.300E+00  1.40743E-03  2.43634E-21  8.70034E-05  0.00000E+00  4.4E-07
  4.400E+00  1.47362E-03  2.22245E-21  7.93650E-05  0.00000E+00  1.9E-06
  4.500E+00  1.54133E-03  2.03150E-21  7.25464E-05  0.00000E+00  3.2E-06
  4.600E+00  1.61056E-03  1.86066E-21  6.64454E-05  0.00000E+00  3.6E-06
  4.700E+00  1.68131E-03  1.70738E-21  6.09718E-05  0.00000E+00  3.1E-06
  4.800E+00  1.75357E-03  1.56959E-21  5.60510E-05  0.00000E+00  1.8E-06
  4.900E+00  1.82735E-03  1.44541E-21  5.16166E-05  0.00000E+00  2.5E-07
  5.000E+00  1.90265E-03  1.33328E-21  4.76122E-05  0.00000E+00  1.5E-06
  5.100E+00  1.97947E-03  1.23182E-21  4.39890E-05  0.00000E+00  2.4E-06
  5.200E+00  2.05780E-03  1.13982E-21  4.07037E-05  0.00000E+00  2.6E-06
  5.300E+00  2.13765E-03  1.05626E-21  3.77199E-05  0.00000E+00  2.3E-06
  5.400E+00  2.21902E-03  9.80218E-22  3.50042E-05  0.00000E+00  1.3E-06
  5.500E+00  2.30190E-03  9.10900E-22  3.25288E-05  0.00000E+00  1.4E-07
  5.600E+00  2.38630E-03  8.47603E-22  3.02685E-05  0.00000E+00  1.2E-06
  5.700E+00  2.47222E-03  7.89708E-22  2.82010E-05  0.00000E+00  1.9E-06
  5.800E+00  2.55965E-03  7.36677E-22  2.63072E-05  0.00000E+00  2.0E-06
  5.900E+00  2.64859E-03  6.88020E-22  2.45697E-05  0.00000E+00  1.7E-06
  6.000E+00  2.73905E-03  6.43319E-22  2.29734E-05  0.00000E+00  9.9E-07
  6.100E+00  2.83103E-03  6.02189E-22  2.15046E-05  0.00000E+00  1.1E-07
  6.200E+00  2.92452E-03  5.64294E-22  2.01513E-05  0.00000E+00  9.6E-07
  6.300E+00  3.01952E-03  5.29335E-22  1.89029E-05  0.00000E+00  1.5E-06
  6.400E+00  3.11604E-03  4.97040E-22  1.77496E-05  0.00000E+00  1.6E-06
  6.500E+00  3.21407E-03  4.67174E-22  1.66831E-05  0.00000E+00  1.3E-06
  6.600E+00  3.31362E-03  4.39516E-22  1.56954E-05  0.00000E+00  7.6E-07
  6.700E+00  3.41468E-03  4.13876E-22  1.47798E-05  0.00000E+00  1.4E-07
  6.800E+00  3.51725E-03  3.90079E-22  1.39300E-05  0.00000E+00  8.0E-07
  6.900E+00  3.62133E-03  3.67967E-22  1.31403E-05  0.00000E+00  1.2E-06
  7.000E+00  3.72692E-03  3.47402E-22  1.24059E-05  0.00000E+00  1.3E-06
  7.100E+00  3.83403E-03  3.28252E-22  1.17221E-05  0.00000E+00  1.1E-06
  7.200E+00  3.94265E-03  3.10405E-22  1.10848E-05  0.00000E+00  5.9E-07
  7.300E+00  4.05278E-03  2.93754E-22  1.04901E-05  0.00000E+00  1.5E-07
  7.400E+00  4.16442E-03  2.78205E-22  9.93487E-06  0.00000E+00  6.8E-07
  7.500E+00  4.27757E-03  2.63671E-22  9.41587E-06  0.00000E+00  9.9E-07
  7.600E+00  4.39223E-03  2.50074E-22  8.93031E-06  0.00000E+00  1.0E-06
  7.700E+00  4.50840E-03  2.37343E-22  8.47567E-06  0.00000E+00  8.6E-07
  7.800E+00  4.62608E-03  2.25411E-22  8.04958E-06  0.00000E+00  4.7E-07
  7.900E+00  4.74527E-03  2.14220E-22  7.64995E-06  0.00000E+00  1.5E-07
  8.000E+00  4.86597E-03  2.03716E-22  7.27481E-06  0.00000E+00  5.8E-07
  8.100E+00  4.98817E-03  1.93846E-22  6.92238E-06  0.00000E+00  8.3E-07
  8.200E+00  5.11188E-03  1.84568E-22  6.59105E-06  0.00000E+00  8.6E-07
  8.300E+00  5.23711E-03  1.75838E-22  6.27930E-06  0.00000E+00  7.0E-07
  8.400E+00  5.36383E-03  1.67619E-22  5.98577E-06  0.00000E+00  3.7E-07
  8.500E+00  5.49207E-03  1.59874E-22  5.70919E-06  0.00000E+00  1.5E-07
  8.600E+00  5.62181E-03  1.52571E-22  5.44840E-06  0.00000E+00  5.1E-07
  8.700E+00  5.75306E-03  1.45680E-22  5.20234E-06  0.00000E+00  7.1E-07
  8.800E+00  5.88581E-03  1.39174E-22  4.97001E-06  0.00000E+00  7.2E-07
  8.900E+00  6.02007E-03  1.33028E-22  4.75051E-06  0.00000E+00  5.8E-07
  9.000E+00  6.15583E-03  1.27217E-22  4.54299E-06  0.00000E+00  3.0E-07
  9.100E+00  6.29310E-03  1.21719E-22  4.34668E-06  0.00000E+00  1.5E-07
  9.200E+00  6.43187E-03  1.16516E-22  4.16086E-06  0.00000E+00  4.5E-07
  9.300E+00  6.57214E-03  1.11588E-22  3.98486E-06  0.00000E+00  6.1E-07
  9.400E+00  6.71392E-03  1.06917E-22  3.81808E-06  0.00000E+00  6.1E-07
  9.500E+00  6.85720E-03  1.02488E-22  3.65992E-06  0.00000E+00  4.9E-07
  9.600E+00  7.00198E-03  9.82865E-23  3.50987E-06  0.00000E+00  2.5E-07
  9.700E+00  7.14827E-03  9.42978E-23  3.36743E-06  0.00000E+00  1.5E-07
  9.800E+00  7.29605E-03  9.05093E-23  3.23215E-06  0.00000E+00  3.9E-07
  9.900E+00  7.44534E-03  8.69093E-23  3.10359E-06  0.00000E+00  5.3E-07
  1.000E+01  7.59612E-03  8.34864E-23  2.98135E-06  0.00000E+00  5.3E-07
  1.025E+01  7.97965E-03  7.56382E-23  2.70109E-06  0.00000E+00  5.0E-07
  1.050E+01  8.37255E-03  6.86908E-23  2.45299E-06  0.00000E+00  4.6E-07
  1.075E+01  8.77480E-03  6.25230E-23  2.23274E-06  0.00000E+00  4.0E-07
  1.100E+01  9.18641E-03  5.70320E-23  2.03665E-06  0.00000E+00  3.2E-07
  1.125E+01  9.60736E-03  5.21307E-23  1.86162E-06  0.00000E+00  2.3E-07
  1.150E+01  1.00376E-02  4.77447E-23  1.70499E-06  0.00000E+00  1.3E-07
  1.175E+01  1.04773E-02  4.38102E-23  1.56449E-06  0.00000E+00  1.0E-07
  1.200E+01  1.09262E-02  4.02727E-23  1.43817E-06  0.00000E+00  1.1E-07
  1.225E+01  1.13844E-02  3.70851E-23  1.32433E-06  0.00000E+00  1.8E-07
  1.250E+01  1.18520E-02  3.42065E-23  1.22154E-06  0.00000E+00  2.3E-07
  1.275E+01  1.23288E-02  3.16018E-23  1.12852E-06  0.00000E+00  2.6E-07
  1.300E+01  1.28150E-02  2.92403E-23  1.04419E-06  0.00000E+00  2.7E-07
  1.325E+01  1.33104E-02  2.70952E-23  9.67588E-07  0.00000E+00  2.7E-07
  1.350E+01  1.38150E-02  2.51432E-23  8.97879E-07  0.00000E+00  2.6E-07
  1.375E+01  1.43290E-02  2.33637E-23  8.34332E-07  0.00000E+00  2.4E-07
  1.400E+01  1.48521E-02  2.17388E-23  7.76306E-07  0.00000E+00  2.0E-07
  1.425E+01  1.53845E-02  2.02527E-23  7.23235E-07  0.00000E+00  1.6E-07
  1.450E+01  1.59262E-02  1.88913E-23  6.74620E-07  0.00000E+00  1.1E-07
  1.475E+01  1.64770E-02  1.76423E-23  6.30019E-07  0.00000E+00  1.0E-07
  1.500E+01  1.70371E-02  1.64948E-23  5.89041E-07  0.00000E+00  1.0E-07
  1.525E+01  1.76063E-02  1.54390E-23  5.51338E-07  0.00000E+00  1.0E-07
  1.550E+01  1.81848E-02  1.44663E-23  5.16602E-07  0.00000E+00  1.2E-07
  1.575E+01  1.87724E-02  1.35690E-23  4.84557E-07  0.00000E+00  1.5E-07
  1.600E+01  1.93692E-02  1.27400E-23  4.54955E-07  0.00000E+00  1.6E-07
  1.625E+01  1.99751E-02  1.19734E-23  4.27578E-07  0.00000E+00  1.7E-07
  1.650E+01  2.05901E-02  1.12635E-23  4.02228E-07  0.00000E+00  1.6E-07
  1.675E+01  2.12143E-02  1.06054E-23  3.78726E-07  0.00000E+00  1.5E-07
  1.700E+01  2.18476E-02  9.99463E-24  3.56915E-07  0.00000E+00  1.4E-07
  1.725E+01  2.24900E-02  9.42713E-24  3.36649E-07  0.00000E+00  1.2E-07
  1.750E+01  2.31415E-02  8.89930E-24  3.17800E-07  0.00000E+00  1.0E-07
  1.775E+01  2.38021E-02  8.40785E-24  3.00250E-07  0.00000E+00  1.0E-07
  1.800E+01  2.44717E-02  7.94981E-24  2.83893E-07  0.00000E+00  1.0E-07
  1.825E+01  2.51504E-02  7.52250E-24  2.68633E-07  0.00000E+00  1.0E-07
  1.850E+01  2.58382E-02  7.12348E-24  2.54384E-07  0.00000E+00  1.0E-07
  1.875E+01  2.65349E-02  6.75052E-24  2.41066E-07  0.00000E+00  1.0E-07
  1.900E+01  2.72407E-02  6.40162E-24  2.28606E-07  0.00000E+00  1.0E-07
  1.925E+01  2.79555E-02  6.07493E-24  2.16940E-07  0.00000E+00  1.1E-07
  1.950E+01  2.86793E-02  5.76879E-24  2.06007E-07  0.00000E+00  1.1E-07
  1.975E+01  2.94120E-02  5.48165E-24  1.95753E-07  0.00000E+00  1.1E-07
  2.000E+01  3.01537E-02  5.21212E-24  1.86128E-07  0.00000E+00  1.0E-07
  2.025E+01  3.09043E-02  4.95893E-24  1.77087E-07  0.00000E+00  1.0E-07
  2.050E+01  3.16639E-02  4.72089E-24  1.68586E-07  0.00000E+00  1.0E-07
  2.075E+01  3.24324E-02  4.49694E-24  1.60589E-07  0.00000E+00  1.0E-07
  2.100E+01  3.32098E-02  4.28608E-24  1.53059E-07  0.00000E+00  1.0E-07
  2.125E+01  3.39961E-02  4.08741E-24  1.45964E-07  0.00000E+00  1.0E-07
  2.150E+01  3.47912E-02  3.90010E-24  1.39275E-07  0.00000E+00  1.0E-07
  2.175E+01  3.55952E-02  3.72336E-24  1.32964E-07  0.00000E+00  1.0E-07
  2.200E+01  3.64081E-02  3.55650E-24  1.27005E-07  0.00000E+00  1.0E-07
  2.225E+01  3.72297E-02  3.39886E-24  1.21376E-07  0.00000E+00  1.0E-07
  2.250E+01  3.80602E-02  3.24984E-24  1.16054E-07  0.00000E+00  1.0E-07
  2.275E+01  3.88995E-02  3.10887E-24  1.11020E-07  0.00000E+00  1.0E-07
  2.300E+01  3.97476E-02  2.97544E-24  1.06255E-07  0.00000E+00  1.0E-07
  2.325E+01  4.06044E-02  2.84907E-24  1.01742E-07  0.00000E+00  1.0E-07
  2.350E+01  4.14700E-02  2.72932E-24  9.74659E-08  0.00000E+00  1.0E-07
  2.375E+01  4.23443E-02  2.61578E-24  9.34112E-08  0.00000E+00  1.0E-07
  2.400E+01  4.32273E-02  2.50806E-24  8.95646E-08  0.00000E+00  1.0E-07
  2.425E+01  4.41190E-02  2.40582E-24  8.59133E-08  0.00000E+00  1.0E-07
  2.450E+01  4.50194E-02  2.30871E-24  8.24456E-08  0.00000E+00  1.0E-07
  2.475E+01  4.59284E-02  2.21644E-24  7.91504E-08  0.00000E+00  1.0E-07
  2.500E+01  4.68461E-02  2.12871E-24  7.60177E-08  0.00000E+00  1.0E-07
  2.550E+01  4.87074E-02  1.96586E-24  7.02022E-08  0.00000E+00  1.0E-07
  2.600E+01  5.06030E-02  1.81823E-24  6.49303E-08  0.00000E+00  1.0E-07
  2.650E+01  5.25328E-02  1.68416E-24  6.01423E-08  0.00000E+00  1.0E-07
  2.700E+01  5.44967E-02  1.56216E-24  5.57858E-08  0.00000E+00  1.0E-07
  2.750E+01  5.64946E-02  1.45097E-24  5.18151E-08  0.00000E+00  1.0E-07
  2.800E+01  5.85262E-02  1.34946E-24  4.81900E-08  0.00000E+00  1.0E-07
  2.850E+01  6.05914E-02  1.25663E-24  4.48749E-08  0.00000E+00  1.0E-07
  2.900E+01  6.26901E-02  1.17160E-24  4.18387E-08  0.00000E+00  1.0E-07
  2.950E+01  6.48222E-02  1.09362E-24  3.90538E-08  0.00000E+00  1.0E-07
  3.000E+01  6.69873E-02  1.02198E-24  3.64955E-08  0.00000E+00  1.0E-07
  3.050E+01  6.91854E-02  9.56077E-25  3.41421E-08  0.00000E+00  1.0E-07
  3.100E+01  7.14163E-02  8.95374E-25  3.19744E-08  0.00000E+00  1.0E-07
  3.150E+01  7.36799E-02  8.39384E-25  2.99749E-08  0.00000E+00  1.0E-07
  3.200E+01  7.59760E-02  7.87675E-25  2.81284E-08  0.00000E+00  1.0E-07
  3.250E+01  7.83043E-02  7.39862E-25  2.64210E-08  0.00000E+00  1.0E-07
  3.300E+01  8.06647E-02  6.95598E-25  2.48402E-08  0.00000E+00  1.0E-07
  3.350E+01  8.30571E-02  6.54572E-25  2.33752E-08  0.00000E+00  1.0E-07
  3.400E+01  8.54812E-02  6.16504E-25  2.20158E-08  0.00000E+00  1.0E-07
  3.450E+01  8.79369E-02  5.81143E-25  2.07530E-08  0.00000E+00  1.0E-07
  3.500E+01  9.04240E-02  5.48261E-25  1.95788E-08  0.00000E+00  1.0E-07
  3.550E+01  9.29422E-02  5.17653E-25  1.84857E-08  0.00000E+00  1.0E-07
  3.600E+01  9.54915E-02  4.89134E-25  1.74673E-08  0.00000E+00  1.0E-07
  3.650E+01  9.80716E-02  4.62535E-25  1.65174E-08  0.00000E+00  1.0E-07
  3.700E+01  1.00682E-01  4.37703E-25  1.56306E-08  0.00000E+00  1.0E-07
  3.750E+01  1.03323E-01  4.14499E-25  1.48020E-08  0.00000E+00  1.0E-07
  3.800E+01  1.05995E-01  3.92798E-25  1.40271E-08  0.00000E+00  1.0E-07
  3.850E+01  1.08696E-01  3.72485E-25  1.33017E-08  0.00000E+00  1.0E-07
  3.900E+01  1.11427E-01  3.53454E-25  1.26221E-08  0.00000E+00  1.0E-07
  3.950E+01  1.14188E-01  3.35610E-25  1.19848E-08  0.00000E+00  1.0E-07
  4.000E+01  1.16978E-01  3.18865E-25  1.13869E-08  0.00000E+00  1.0E-07
  4.050E+01  1.19797E-01  3.03140E-25  1.08253E-08  0.00000E+00  1.0E-07
  4.100E+01  1.22645E-01  2.88361E-25  1.02976E-08  0.00000E+00  1.0E-07
  4.150E+01  1.25522E-01  2.74461E-25  9.80117E-09  0.00000E+00  1.0E-07
  4.200E+01  1.28428E-01  2.61377E-25  9.33396E-09  0.00000E+00  1.0E-07
  4.250E+01  1.31361E-01  2.49054E-25  8.89389E-09  0.00000E+00  1.0E-07
  4.300E+01  1.34323E-01  2.37439E-25  8.47911E-09  0.00000E+00  1.0E-07
  4.350E+01  1.37313E-01  2.26484E-25  8.08790E-09  0.00000E+00  1.0E-07
  4.400E+01  1.40330E-01  2.16145E-25  7.71866E-09  0.00000E+00  1.0E-07
  4.450E+01  1.43375E-01  2.06380E-25  7.36996E-09  0.00000E+00  1.0E-07
  4.500E+01  1.46447E-01  1.97152E-25  7.04042E-09  0.00000E+00  1.0E-07
  4.550E+01  1.49545E-01  1.88426E-25  6.72882E-09  0.00000E+00  1.0E-07
  4.600E+01  1.52671E-01  1.80170E-25  6.43399E-09  0.00000E+00  1.0E-07
  4.650E+01  1.55823E-01  1.72354E-25  6.15487E-09  0.00000E+00  1.0E-07
  4.700E+01  1.59001E-01  1.64950E-25  5.89046E-09  0.00000E+00  1.0E-07
  4.750E+01  1.62205E-01  1.57932E-25  5.63986E-09  0.00000E+00  1.0E-07
  4.800E+01  1.65435E-01  1.51277E-25  5.40220E-09  0.00000E+00  1.0E-07
  4.850E+01  1.68690E-01  1.44963E-25  5.17671E-09  0.00000E+00  1.0E-07
  4.900E+01  1.71970E-01  1.38968E-25  4.96263E-09  0.00000E+00  1.0E-07
  4.950E+01  1.75276E-01  1.33274E-25  4.75930E-09  0.00000E+00  1.0E-07
  5.000E+01  1.78606E-01  1.27863E-25  4.56606E-09  0.00000E+00  1.0E-07
  5.050E+01  1.81961E-01  1.22718E-25  4.38234E-09  0.00000E+00  1.0E-07
  5.100E+01  1.85340E-01  1.17824E-25  4.20757E-09  0.00000E+00  1.0E-07
  5.150E+01  1.88743E-01  1.13166E-25  4.04124E-09  0.00000E+00  1.0E-07
  5.200E+01  1.92169E-01  1.08731E-25  3.88287E-09  0.00000E+00  1.0E-07
  5.250E+01  1.95619E-01  1.04507E-25  3.73201E-09  0.00000E+00  1.0E-07
  5.300E+01  1.99092E-01  1.00481E-25  3.58823E-09  0.00000E+00  1.0E-07
  5.350E+01  2.02589E-01  9.66421E-26  3.45115E-09  0.00000E+00  1.0E-07
  5.400E+01  2.06107E-01  9.29806E-26  3.32040E-09  0.00000E+00  1.0E-07
  5.450E+01  2.09649E-01  8.94865E-26  3.19562E-09  0.00000E+00  1.0E-07
  5.500E+01  2.13212E-01  8.61509E-26  3.07650E-09  0.00000E+00  1.0E-07
  5.550E+01  2.16797E-01  8.29652E-26  2.96274E-09  0.00000E+00  1.0E-07
  5.600E+01  2.20404E-01  7.99214E-26  2.85405E-09  0.00000E+00  1.0E-07
  5.650E+01  2.24032E-01  7.70122E-26  2.75016E-09  0.00000E+00  1.0E-07
  5.700E+01  2.27680E-01  7.42305E-26  2.65082E-09  0.00000E+00  1.0E-07
  5.750E+01  2.31350E-01  7.15696E-26  2.55580E-09  0.00000E+00  1.0E-07
  5.800E+01  2.35040E-01  6.90234E-26  2.46487E-09  0.00000E+00  1.0E-07
  5.850E+01  2.38751E-01  6.65861E-26  2.37783E-09  0.00000E+00  1.0E-07
  5.900E+01  2.42481E-01  6.42521E-26  2.29448E-09  0.00000E+00  1.0E-07
  5.950E+01  2.46231E-01  6.20163E-26  2.21464E-09  0.00000E+00  1.0E-07
  6.000E+01  2.50000E-01  5.98738E-26  2.13813E-09  0.00000E+00  1.0E-07
  6.050E+01  2.53788E-01  5.78200E-26  2.06479E-09  0.00000E+00  1.0E-07
  6.100E+01  2.57595E-01  5.58505E-26  1.99446E-09  0.00000E+00  1.0E-07
  6.150E+01  2.61421E-01  5.39614E-26  1.92700E-09  0.00000E+00  1.0E-07
  6.200E+01  2.65264E-01  5.21486E-26  1.86226E-09  0.00000E+00  1.0E-07
  6.250E+01  2.69126E-01  5.04086E-26  1.80012E-09  0.00000E+00  1.0E-07
  6.300E+01  2.73005E-01  4.87380E-26  1.74046E-09  0.00000E+00  1.0E-07
  6.350E+01  2.76901E-01  4.71334E-26  1.68316E-09  0.00000E+00  1.0E-07
  6.400E+01  2.80814E-01  4.55917E-26  1.62811E-09  0.00000E+00  1.0E-07
  6.450E+01  2.84744E-01  4.41102E-26  1.57520E-09  0.00000E+00  1.0E-07
  6.500E+01  2.88691E-01  4.26860E-26  1.52434E-09  0.00000E+00  1.0E-07
  6.550E+01  2.92653E-01  4.13164E-26  1.47544E-09  0.00000E+00  1.0E-07
  6.600E+01  2.96632E-01  3.99991E-26  1.42839E-09  0.00000E+00  1.0E-07
  6.650E+01  3.00625E-01  3.87316E-26  1.38313E-09  0.00000E+00  1.0E-07
  6.700E+01  3.04634E-01  3.75118E-26  1.33957E-09  0.00000E+00  1.0E-07
  6.750E+01  3.08658E-01  3.63375E-26  1.29763E-09  0.00000E+00  1.0E-07
  6.800E+01  3.12697E-01  3.52067E-26  1.25725E-09  0.00000E+00  1.0E-07
  6.850E+01  3.16749E-01  3.41176E-26  1.21836E-09  0.00000E+00  1.0E-07
  6.900E+01  3.20816E-01  3.30683E-26  1.18089E-09  0.00000E+00  1.0E-07
  6.950E+01  3.24896E-01  3.20571E-26  1.14478E-09  0.00000E+00  1.0E-07
  7.000E+01  3.28990E-01  3.10824E-26  1.10997E-09  0.00000E+00  1.0E-07
  7.050E+01  3.33097E-01  3.01426E-26  1.07641E-09  0.00000E+00  1.0E-07
  7.100E+01  3.37216E-01  2.92362E-26  1.04405E-09  0.00000E+00  1.0E-07
  7.150E+01  3.41348E-01  2.83620E-26  1.01282E-09  0.00000E+00  1.0E-07
  7.200E+01  3.45492E-01  2.75184E-26  9.82700E-10  0.00000E+00  1.0E-07
  7.250E+01  3.49647E-01  2.67043E-26  9.53627E-10  0.00000E+00  1.0E-07
  7.300E+01  3.53814E-01  2.59184E-26  9.25563E-10  0.00000E+00  1.0E-07
  7.350E+01  3.57992E-01  2.51596E-26  8.98467E-10  0.00000E+00  1.0E-07
  7.400E+01  3.62181E-01  2.44268E-26  8.72298E-10  0.00000E+00  1.0E-07
  7.450E+01  3.66381E-01  2.37190E-26  8.47020E-10  0.00000E+00  1.0E-07
  7.500E+01  3.70590E-01  2.30351E-26  8.22597E-10  0.00000E+00  1.0E-07
  7.550E+01  3.74810E-01  2.23742E-26  7.98996E-10  0.00000E+00  1.0E-07
  7.600E+01  3.79039E-01  2.17353E-26  7.76183E-10  0.00000E+00  1.0E-07
  7.650E+01  3.83277E-01  2.11177E-26  7.54127E-10  0.00000E+00  1.0E-07
  7.700E+01  3.87524E-01  2.05205E-26  7.32800E-10  0.00000E+00  1.0E-07
  7.750E+01  3.91780E-01  1.99429E-26  7.12173E-10  0.00000E+00  1.0E-07
  7.800E+01  3.96044E-01  1.93841E-26  6.92218E-10  0.00000E+00  1.0E-07
  7.850E+01  4.00316E-01  1.88434E-26  6.72911E-10  0.00000E+00  1.0E-07
  7.900E+01  4.04596E-01  1.83202E-26  6.54226E-10  0.00000E+00  1.0E-07
  7.950E+01  4.08882E-01  1.78137E-26  6.36141E-10  0.00000E+00  1.0E-07
  8.000E+01  4.13176E-01  1.73234E-26  6.18631E-10  0.00000E+00  1.0E-07
  8.050E+01  4.17476E-01  1.68487E-26  6.01677E-10  0.00000E+00  1.0E-07
  8.100E+01  4.21783E-01  1.63889E-26  5.85257E-10  0.00000E+00  1.0E-07
  8.150E+01  4.26095E-01  1.59435E-26  5.69351E-10  0.00000E+00  1.0E-07
  8.200E+01  4.30413E-01  1.55119E-26  5.53941E-10  0.00000E+00  1.0E-07
  8.250E+01  4.34737E-01  1.50938E-26  5.39009E-10  0.00000E+00  1.0E-07
  8.300E+01  4.39065E-01  1.46885E-26  5.24536E-10  0.00000E+00  1.0E-07
  8.350E+01  4.43398E-01  1.42957E-26  5.10508E-10  0.00000E+00  1.0E-07
  8.400E+01  4.47736E-01  1.39148E-26  4.96907E-10  0.00000E+00  1.0E-07
  8.450E+01  4.52077E-01  1.35455E-26  4.83718E-10  0.00000E+00  1.0E-07
  8.500E+01  4.56422E-01  1.31873E-26  4.70928E-10  0.00000E+00  1.0E-07
  8.550E+01  4.60770E-01  1.28399E-26  4.58521E-10  0.00000E+00  1.0E-07
  8.600E+01  4.65122E-01  1.25028E-26  4.46484E-10  0.00000E+00  1.0E-07
  8.650E+01  4.69476E-01  1.21758E-26  4.34805E-10  0.00000E+00  1.0E-07
  8.700E+01  4.73832E-01  1.18584E-26  4.23470E-10  0.00000E+00  1.0E-07
  8.750E+01  4.78190E-01  1.15503E-26  4.12469E-10  0.00000E+00  1.0E-07
  8.800E+01  4.82550E-01  1.12513E-26  4.01790E-10  0.00000E+00  1.0E-07
  8.850E+01  4.86912E-01  1.09609E-26  3.91421E-10  0.00000E+00  1.0E-07
  8.900E+01  4.91274E-01  1.06789E-26  3.81352E-10  0.00000E+00  1.0E-07
  8.950E+01  4.95637E-01  1.04051E-26  3.71573E-10  0.00000E+00  1.0E-07
  9.000E+01  5.00000E-01  1.01391E-26  3.62074E-10  0.00000E+00  1.0E-07
  9.050E+01  5.04363E-01  9.88071E-27  3.52847E-10  0.00000E+00  1.0E-07
  9.100E+01  5.08726E-01  9.62964E-27  3.43881E-10  0.00000E+00  1.0E-07
  9.150E+01  5.13088E-01  9.38566E-27  3.35168E-10  0.00000E+00  1.0E-07
  9.200E+01  5.17450E-01  9.14854E-27  3.26700E-10  0.00000E+00  1.0E-07
  9.250E+01  5.21810E-01  8.91805E-27  3.18469E-10  0.00000E+00  1.0E-07
  9.300E+01  5.26168E-01  8.69398E-27  3.10468E-10  0.00000E+00  1.0E-07
  9.350E+01  5.30524E-01  8.47611E-27  3.02688E-10  0.00000E+00  1.0E-07
  9.400E+01  5.34878E-01  8.26426E-27  2.95122E-10  0.00000E+00  1.0E-07
  9.450E+01  5.39230E-01  8.05822E-27  2.87764E-10  0.00000E+00  1.0E-07
  9.500E+01  5.43578E-01  7.85782E-27  2.80608E-10  0.00000E+00  1.0E-07
  9.550E+01  5.47923E-01  7.66286E-27  2.73646E-10  0.00000E+00  1.0E-07
  9.600E+01  5.52264E-01  7.47319E-27  2.66873E-10  0.00000E+00  1.0E-07
  9.650E+01  5.56602E-01  7.28863E-27  2.60282E-10  0.00000E+00  1.0E-07
  9.700E+01  5.60935E-01  7.10903E-27  2.53868E-10  0.00000E+00  1.0E-07
  9.750E+01  5.65263E-01  6.93422E-27  2.47626E-10  0.00000E+00  1.0E-07
  9.800E+01  5.69587E-01  6.76407E-27  2.41549E-10  0.00000E+00  1.0E-07
  9.850E+01  5.73905E-01  6.59843E-27  2.35634E-10  0.00000E+00  1.0E-07
  9.900E+01  5.78217E-01  6.43715E-27  2.29875E-10  0.00000E+00  1.0E-07
  9.950E+01  5.82524E-01  6.28012E-27  2.24267E-10  0.00000E+00  1.0E-07
  1.000E+02  5.86824E-01  6.12719E-27  2.18806E-10  0.00000E+00  1.0E-07
  1.005E+02  5.91118E-01  5.97824E-27  2.13487E-10  0.00000E+00  1.0E-07
  1.010E+02  5.95404E-01  5.83316E-27  2.08306E-10  0.00000E+00  1.0E-07
  1.015E+02  5.99684E-01  5.69183E-27  2.03259E-10  0.00000E+00  1.0E-07
  1.020E+02  6.03956E-01  5.55413E-27  1.98342E-10  0.00000E+00  1.0E-07
  1.025E+02  6.08220E-01  5.41997E-27  1.93551E-10  0.00000E+00  1.0E-07
  1.030E+02  6.12476E-01  5.28923E-27  1.88882E-10  0.00000E+00  1.0E-07
  1.035E+02  6.16723E-01  5.16181E-27  1.84332E-10  0.00000E+00  1.0E-07
  1.040E+02  6.20961E-01  5.03762E-27  1.79897E-10  0.00000E+00  1.0E-07
  1.045E+02  6.25190E-01  4.91656E-27  1.75574E-10  0.00000E+00  1.0E-07
  1.050E+02  6.29410E-01  4.79855E-27  1.71359E-10  0.00000E+00  1.0E-07
  1.055E+02  6.33619E-01  4.68349E-27  1.67250E-10  0.00000E+00  1.0E-07
  1.060E+02  6.37819E-01  4.57130E-27  1.63244E-10  0.00000E+00  1.0E-07
  1.065E+02  6.42008E-01  4.46189E-27  1.59337E-10  0.00000E+00  1.0E-07
  1.070E+02  6.46186E-01  4.35520E-27  1.55527E-10  0.00000E+00  1.0E-07
  1.075E+02  6.50353E-01  4.25114E-27  1.51811E-10  0.00000E+00  1.0E-07
  1.080E+02  6.54508E-01  4.14963E-27  1.48186E-10  0.00000E+00  1.0E-07
  1.085E+02  6.58652E-01  4.05062E-27  1.44650E-10  0.00000E+00  1.0E-07
  1.090E+02  6.62784E-01  3.95402E-27  1.41200E-10  0.00000E+00  1.0E-07
  1.095E+02  6.66903E-01  3.85976E-27  1.37835E-10  0.00000E+00  1.0E-07
  1.100E+02  6.71010E-01  3.76780E-27  1.34550E-10  0.00000E+00  1.0E-07
  1.105E+02  6.75104E-01  3.67805E-27  1.31345E-10  0.00000E+00  1.0E-07
  1.110E+02  6.79184E-01  3.59046E-27  1.28218E-10  0.00000E+00  1.0E-07
  1.115E+02  6.83251E-01  3.50498E-27  1.25165E-10  0.00000E+00  1.0E-07
  1.120E+02  6.87303E-01  3.42154E-27  1.22185E-10  0.00000E+00  1.0E-07
  1.125E+02  6.91342E-01  3.34009E-27  1.19277E-10  0.00000E+00  1.0E-07
  1.130E+02  6.95366E-01  3.26057E-27  1.16437E-10  0.00000E+00  1.0E-07
  1.135E+02  6.99375E-01  3.18294E-27  1.13665E-10  0.00000E+00  1.0E-07
  1.140E+02  7.03368E-01  3.10714E-27  1.10958E-10  0.00000E+00  1.0E-07
  1.145E+02  7.07347E-01  3.03312E-27  1.08315E-10  0.00000E+00  1.0E-07
  1.150E+02  7.11309E-01  2.96084E-27  1.05734E-10  0.00000E+00  1.0E-07
  1.155E+02  7.15256E-01  2.89026E-27  1.03213E-10  0.00000E+00  1.0E-07
  1.160E+02  7.19186E-01  2.82132E-27  1.00751E-10  0.00000E+00  1.0E-07
  1.165E+02  7.23099E-01  2.75398E-27  9.83463E-11  0.00000E+00  1.0E-07
  1.170E+02  7.26995E-01  2.68820E-27  9.59975E-11  0.00000E+00  1.0E-07
  1.175E+02  7.30874E-01  2.62395E-27  9.37030E-11  0.00000E+00  1.0E-07
  1.180E+02  7.34736E-01  2.56118E-27  9.14615E-11  0.00000E+00  1.0E-07
  1.185E+02  7.38579E-01  2.49986E-27  8.92715E-11  0.00000E+00  1.0E-07
  1.190E+02  7.42405E-01  2.43994E-27  8.71318E-11  0.00000E+00  1.0E-07
  1.195E+02  7.46212E-01  2.38139E-27  8.50410E-11  0.00000E+00  1.0E-07
  1.200E+02  7.50000E-01  2.32418E-27  8.29980E-11  0.00000E+00  1.0E-07
  1.205E+02  7.53769E-01  2.26828E-27  8.10016E-11  0.00000E+00  1.0E-07
  1.210E+02  7.57519E-01  2.21364E-27  7.90505E-11  0.00000E+00  1.0E-07
  1.215E+02  7.61249E-01  2.16024E-27  7.71436E-11  0.00000E+00  1.0E-07
  1.220E+02  7.64960E-01  2.10805E-27  7.52799E-11  0.00000E+00  1.0E-07
  1.225E+02  7.68650E-01  2.05704E-27  7.34582E-11  0.00000E+00  1.0E-07
  1.230E+02  7.72320E-01  2.00718E-27  7.16776E-11  0.00000E+00  1.0E-07
  1.235E+02  7.75968E-01  1.95844E-27  6.99370E-11  0.00000E+00  1.0E-07
  1.240E+02  7.79596E-01  1.91079E-27  6.82354E-11  0.00000E+00  1.0E-07
  1.245E+02  7.83203E-01  1.86420E-27  6.65719E-11  0.00000E+00  1.0E-07
  1.250E+02  7.86788E-01  1.81866E-27  6.49456E-11  0.00000E+00  1.0E-07
  1.255E+02  7.90351E-01  1.77414E-27  6.33556E-11  0.00000E+00  1.0E-07
  1.260E+02  7.93893E-01  1.73060E-27  6.18010E-11  0.00000E+00  1.0E-07
  1.265E+02  7.97411E-01  1.68804E-27  6.02809E-11  0.00000E+00  1.0E-07
  1.270E+02  8.00908E-01  1.64641E-27  5.87945E-11  0.00000E+00  1.0E-07
  1.275E+02  8.04381E-01  1.60572E-27  5.73411E-11  0.00000E+00  1.0E-07
  1.280E+02  8.07831E-01  1.56592E-27  5.59199E-11  0.00000E+00  1.0E-07
  1.285E+02  8.11257E-01  1.52700E-27  5.45300E-11  0.00000E+00  1.0E-07
  1.290E+02  8.14660E-01  1.48894E-27  5.31709E-11  0.00000E+00  1.0E-07
  1.295E+02  8.18039E-01  1.45171E-27  5.18417E-11  0.00000E+00  1.0E-07
  1.300E+02  8.21394E-01  1.41531E-27  5.05417E-11  0.00000E+00  1.0E-07
  1.305E+02  8.24724E-01  1.37971E-27  4.92704E-11  0.00000E+00  1.0E-07
  1.310E+02  8.28030E-01  1.34489E-27  4.80270E-11  0.00000E+00  1.0E-07
  1.315E+02  8.31310E-01  1.31084E-27  4.68109E-11  0.00000E+00  1.0E-07
  1.320E+02  8.34565E-01  1.27753E-27  4.56215E-11  0.00000E+00  1.0E-07
  1.325E+02  8.37795E-01  1.24496E-27  4.44582E-11  0.00000E+00  1.0E-07
  1.330E+02  8.40999E-01  1.21309E-27  4.33204E-11  0.00000E+00  1.0E-07
  1.335E+02  8.44177E-01  1.18193E-27  4.22075E-11  0.00000E+00  1.0E-07
  1.340E+02  8.47329E-01  1.15145E-27  4.11190E-11  0.00000E+00  1.0E-07
  1.345E+02  8.50455E-01  1.12163E-27  4.00543E-11  0.00000E+00  1.0E-07
  1.350E+02  8.53553E-01  1.09247E-27  3.90130E-11  0.00000E+00  1.0E-07
  1.355E+02  8.56625E-01  1.06395E-27  3.79944E-11  0.00000E+00  1.0E-07
  1.360E+02  8.59670E-01  1.03606E-27  3.69982E-11  0.00000E+00  1.0E-07
  1.365E+02  8.62687E-01  1.00877E-27  3.60238E-11  0.00000E+00  1.0E-07
  1.370E+02  8.65677E-01  9.82082E-28  3.50708E-11  0.00000E+00  1.0E-07
  1.375E+02  8.68639E-01  9.55980E-28  3.41387E-11  0.00000E+00  1.0E-07
  1.380E+02  8.71572E-01  9.30451E-28  3.32270E-11  0.00000E+00  1.0E-07
  1.385E+02  8.74478E-01  9.05483E-28  3.23354E-11  0.00000E+00  1.0E-07
  1.390E+02  8.77355E-01  8.81064E-28  3.14634E-11  0.00000E+00  1.0E-07
  1.395E+02  8.80203E-01  8.57183E-28  3.06106E-11  0.00000E+00  1.0E-07
  1.400E+02  8.83022E-01  8.33828E-28  2.97766E-11  0.00000E+00  1.0E-07
  1.405E+02  8.85812E-01  8.10990E-28  2.89610E-11  0.00000E+00  1.0E-07
  1.410E+02  8.88573E-01  7.88656E-28  2.81634E-11  0.00000E+00  1.0E-07
  1.415E+02  8.91304E-01  7.66817E-28  2.73835E-11  0.00000E+00  1.0E-07
  1.420E+02  8.94005E-01  7.45464E-28  2.66210E-11  0.00000E+00  1.0E-07
  1.425E+02  8.96677E-01  7.24586E-28  2.58754E-11  0.00000E+00  1.0E-07
  1.430E+02  8.99318E-01  7.04174E-28  2.51465E-11  0.00000E+00  1.0E-07
  1.435E+02  9.01928E-01  6.84217E-28  2.44338E-11  0.00000E+00  1.0E-07
  1.440E+02  9.04508E-01  6.64710E-28  2.37372E-11  0.00000E+00  1.0E-07
  1.445E+02  9.07058E-01  6.45640E-28  2.30562E-11  0.00000E+00  1.0E-07
  1.450E+02  9.09576E-01  6.27002E-28  2.23906E-11  0.00000E+00  1.0E-07
  1.455E+02  9.12063E-01  6.08786E-28  2.17401E-11  0.00000E+00  1.0E-07
  1.460E+02  9.14519E-01  5.90983E-28  2.11044E-11  0.00000E+00  1.0E-07
  1.465E+02  9.16943E-01  5.73588E-28  2.04832E-11  0.00000E+00  1.0E-07
  1.470E+02  9.19335E-01  5.56591E-28  1.98762E-11  0.00000E+00  1.0E-07
  1.475E+02  9.21696E-01  5.39986E-28  1.92832E-11  0.00000E+00  1.0E-07
  1.480E+02  9.24024E-01  5.23764E-28  1.87040E-11  0.00000E+00  1.0E-07
  1.485E+02  9.26320E-01  5.07920E-28  1.81382E-11  0.00000E+00  1.0E-07
  1.490E+02  9.28584E-01  4.92447E-28  1.75856E-11  0.00000E+00  1.0E-07
  1.495E+02  9.30815E-01  4.77337E-28  1.70460E-11  0.00000E+00  1.0E-07
  1.500E+02  9.33013E-01  4.62584E-28  1.65192E-11  0.00000E+00  1.0E-07
  1.505E+02  9.35178E-01  4.48183E-28  1.60049E-11  0.00000E+00  1.0E-07
  1.510E+02  9.37310E-01  4.34128E-28  1.55030E-11  0.00000E+00  1.0E-07
  1.515E+02  9.39409E-01  4.20410E-28  1.50131E-11  0.00000E+00  1.0E-07
  1.520E+02  9.41474E-01  4.07026E-28  1.45352E-11  0.00000E+00  1.0E-07
  1.525E+02  9.43505E-01  3.93970E-28  1.40689E-11  0.00000E+00  1.0E-07
  1.530E+02  9.45503E-01  3.81237E-28  1.36142E-11  0.00000E+00  1.0E-07
  1.535E+02  9.47467E-01  3.68820E-28  1.31708E-11  0.00000E+00  1.0E-07
  1.540E+02  9.49397E-01  3.56715E-28  1.27385E-11  0.00000E+00  1.0E-07
  1.545E+02  9.51293E-01  3.44917E-28  1.23172E-11  0.00000E+00  1.0E-07
  1.550E+02  9.53154E-01  3.33421E-28  1.19067E-11  0.00000E+00  1.0E-07
  1.555E+02  9.54981E-01  3.22222E-28  1.15068E-11  0.00000E+00  1.0E-07
  1.560E+02  9.56773E-01  3.11317E-28  1.11173E-11  0.00000E+00  1.0E-07
  1.565E+02  9.58530E-01  3.00699E-28  1.07382E-11  0.00000E+00  1.0E-07
  1.570E+02  9.60252E-01  2.90365E-28  1.03691E-11  0.00000E+00  1.0E-07
  1.575E+02  9.61940E-01  2.80312E-28  1.00101E-11  0.00000E+00  1.0E-07
  1.580E+02  9.63592E-01  2.70534E-28  9.66095E-12  0.00000E+00  1.0E-07
  1.585E+02  9.65209E-01  2.61028E-28  9.32150E-12  0.00000E+00  1.0E-07
  1.590E+02  9.66790E-01  2.51790E-28  8.99159E-12  0.00000E+00  1.0E-07
  1.595E+02  9.68336E-01  2.42817E-28  8.67117E-12  0.00000E+00  1.0E-07
  1.600E+02  9.69846E-01  2.34104E-28  8.36001E-12  0.00000E+00  1.0E-07
  1.605E+02  9.71321E-01  2.25649E-28  8.05807E-12  0.00000E+00  1.0E-07
  1.610E+02  9.72759E-01  2.17448E-28  7.76520E-12  0.00000E+00  1.0E-07
  1.615E+02  9.74162E-01  2.09497E-28  7.48128E-12  0.00000E+00  1.0E-07
  1.620E+02  9.75528E-01  2.01794E-28  7.20620E-12  0.00000E+00  1.0E-07
  1.625E+02  9.76858E-01  1.94336E-28  6.93985E-12  0.00000E+00  1.0E-07
  1.630E+02  9.78152E-01  1.87119E-28  6.68213E-12  0.00000E+00  1.0E-07
  1.635E+02  9.79410E-01  1.80141E-28  6.43294E-12  0.00000E+00  1.0E-07
  1.640E+02  9.80631E-01  1.73399E-28  6.19219E-12  0.00000E+00  1.0E-07
  1.645E+02  9.81815E-01  1.66891E-28  5.95977E-12  0.00000E+00  1.0E-07
  1.650E+02  9.82963E-01  1.60614E-28  5.73561E-12  0.00000E+00  1.0E-07
  1.655E+02  9.84074E-01  1.54564E-28  5.51960E-12  0.00000E+00  1.0E-07
  1.660E+02  9.85148E-01  1.48742E-28  5.31166E-12  0.00000E+00  1.0E-07
  1.665E+02  9.86185E-01  1.43143E-28  5.11172E-12  0.00000E+00  1.0E-07
  1.670E+02  9.87185E-01  1.37766E-28  4.91970E-12  0.00000E+00  1.0E-07
  1.675E+02  9.88148E-01  1.32608E-28  4.73553E-12  0.00000E+00  1.0E-07
  1.680E+02  9.89074E-01  1.27669E-28  4.55913E-12  0.00000E+00  1.0E-07
  1.685E+02  9.89962E-01  1.22945E-28  4.39044E-12  0.00000E+00  1.0E-07
  1.690E+02  9.90814E-01  1.18435E-28  4.22938E-12  0.00000E+00  1.0E-07
  1.695E+02  9.91627E-01  1.14137E-28  4.07591E-12  0.00000E+00  1.0E-07
  1.700E+02  9.92404E-01  1.10051E-28  3.92998E-12  0.00000E+00  1.0E-07
  1.705E+02  9.93143E-01  1.06172E-28  3.79149E-12  0.00000E+00  1.0E-07
  1.710E+02  9.93844E-01  1.02502E-28  3.66042E-12  0.00000E+00  1.0E-07
  1.715E+02  9.94508E-01  9.90385E-29  3.53673E-12  0.00000E+00  1.0E-07
  1.720E+02  9.95134E-01  9.57792E-29  3.42034E-12  0.00000E+00  1.0E-07
  1.725E+02  9.95722E-01  9.27235E-29  3.31122E-12  0.00000E+00  1.1E-07
  1.730E+02  9.96273E-01  8.98704E-29  3.20933E-12  0.00000E+00  1.1E-07
  1.735E+02  9.96786E-01  8.72190E-29  3.11465E-12  0.00000E+00  1.1E-07
  1.740E+02  9.97261E-01  8.47675E-29  3.02710E-12  0.00000E+00  1.0E-07
  1.745E+02  9.97698E-01  8.25162E-29  2.94671E-12  0.00000E+00  1.0E-07
  1.750E+02  9.98097E-01  8.04626E-29  2.87337E-12  0.00000E+00  1.1E-07
  1.755E+02  9.98459E-01  7.86077E-29  2.80713E-12  0.00000E+00  1.5E-07
  1.760E+02  9.98782E-01  7.69496E-29  2.74792E-12  0.00000E+00  1.6E-07
  1.765E+02  9.99067E-01  7.54878E-29  2.69572E-12  0.00000E+00  1.7E-07
  1.770E+02  9.99315E-01  7.42215E-29  2.65050E-12  0.00000E+00  1.3E-07
  1.775E+02  9.99524E-01  7.31523E-29  2.61232E-12  0.00000E+00  1.0E-07
  1.780E+02  9.99695E-01  7.22775E-29  2.58107E-12  0.00000E+00  1.2E-07
  1.785E+02  9.99829E-01  7.15972E-29  2.55678E-12  0.00000E+00  2.3E-07
  1.790E+02  9.99924E-01  7.11114E-29  2.53943E-12  0.00000E+00  3.3E-07
  1.795E+02  9.99981E-01  7.08208E-29  2.52906E-12  0.00000E+00  4.6E-07
  1.800E+02  1.00000E+00  7.07251E-29  2.52564E-12  0.00000E+00  2.2E-06
