 #
 # Subroutine ELSEPA. Elastic scattering of electrons and positrons
 #                    by neutral atoms and positive ions
 #
 # Projectile: electron
 # Kinetic energy = 3.70000E+06 eV = 1.35973E+05 a.u.
 #
 # WARNING: High-energy factorization with free-atom DF screening.
 #          Absorption, polarization and exchange corrections are
 #          switched off.
 #          Phase shifts are calculated for the bare nucleus.
 #          Scattering amplitudes are not evaluated.
 #
 # Element: Bk,  Z =  97,  atomic weight = 2.47000E+02 g/mol
 #
 # Nuclear model: Fermi distribution
 #                Average radius = 6.71351E-13 cm
 #                Skin thickness = 5.46000E-14 cm
 #
 # Number of electrons = 97
 #
 # Total elastic cross section = 1.19344E-17 cm**2 = 4.26184E-01 a0**2
 # 1st transport cross section = 8.99844E-22 cm**2 = 3.21340E-05 a0**2
 # 2nd transport cross section = 2.31390E-21 cm**2 = 8.26310E-05 a0**2
 #
 #
 # Differential cross section:                       MU=(1-COS(THETA))/2
 #
 #  THETA        MU          DCS          DCS        Sherman      error
 #  (deg)                 (cm**2/sr)   (a0**2/sr)    function
 #----------------------------------------------------------------------
  0.000E+00  0.00000E+00  1.92221E-12  6.86434E+04  0.00000E+00  1.0E-05
  1.000E-04  7.61557E-13  1.92220E-12  6.86430E+04  0.00000E+00  1.0E-05
  1.250E-04  1.18994E-12  1.92219E-12  6.86428E+04  0.00000E+00  1.0E-05
  1.500E-04  1.71346E-12  1.92219E-12  6.86425E+04  0.00000E+00  1.0E-05
  1.750E-04  2.33225E-12  1.92218E-12  6.86422E+04  0.00000E+00  1.0E-05
  2.000E-04  3.04617E-12  1.92217E-12  6.86418E+04  0.00000E+00  1.0E-05
  2.250E-04  3.85530E-12  1.92215E-12  6.86413E+04  0.00000E+00  1.0E-05
  2.500E-04  4.75964E-12  1.92214E-12  6.86408E+04  0.00000E+00  1.0E-05
  2.750E-04  5.75917E-12  1.92212E-12  6.86403E+04  0.00000E+00  1.0E-05
  3.000E-04  6.85391E-12  1.92211E-12  6.86397E+04  0.00000E+00  1.0E-05
  3.250E-04  8.04379E-12  1.92209E-12  6.86391E+04  0.00000E+00  1.0E-05
  3.500E-04  9.32893E-12  1.92207E-12  6.86384E+04  0.00000E+00  1.0E-05
  3.750E-04  1.07092E-11  1.92205E-12  6.86376E+04  0.00000E+00  1.0E-05
  4.000E-04  1.21847E-11  1.92203E-12  6.86368E+04  0.00000E+00  1.0E-05
  4.250E-04  1.37554E-11  1.92200E-12  6.86359E+04  0.00000E+00  1.0E-05
  4.500E-04  1.54213E-11  1.92198E-12  6.86350E+04  0.00000E+00  1.0E-05
  4.750E-04  1.71823E-11  1.92195E-12  6.86341E+04  0.00000E+00  1.0E-05
  5.000E-04  1.90386E-11  1.92192E-12  6.86331E+04  0.00000E+00  1.0E-05
  5.250E-04  2.09900E-11  1.92189E-12  6.86320E+04  0.00000E+00  1.0E-05
  5.500E-04  2.30367E-11  1.92186E-12  6.86309E+04  0.00000E+00  1.0E-05
  5.750E-04  2.51785E-11  1.92183E-12  6.86297E+04  0.00000E+00  1.0E-05
  6.000E-04  2.74156E-11  1.92179E-12  6.86285E+04  0.00000E+00  1.0E-05
  6.250E-04  2.97478E-11  1.92176E-12  6.86272E+04  0.00000E+00  1.0E-05
  6.500E-04  3.21752E-11  1.92172E-12  6.86259E+04  0.00000E+00  1.0E-05
  6.750E-04  3.46979E-11  1.92168E-12  6.86245E+04  0.00000E+00  1.0E-05
  7.000E-04  3.73157E-11  1.92164E-12  6.86231E+04  0.00000E+00  1.0E-05
  7.250E-04  4.00286E-11  1.92160E-12  6.86216E+04  0.00000E+00  1.0E-05
  7.500E-04  4.28368E-11  1.92156E-12  6.86201E+04  0.00000E+00  1.0E-05
  7.750E-04  4.57402E-11  1.92151E-12  6.86185E+04  0.00000E+00  1.0E-05
  8.000E-04  4.87388E-11  1.92147E-12  6.86169E+04  0.00000E+00  1.0E-05
  8.250E-04  5.18325E-11  1.92142E-12  6.86152E+04  0.00000E+00  1.0E-05
  8.500E-04  5.50215E-11  1.92137E-12  6.86134E+04  0.00000E+00  1.0E-05
  8.750E-04  5.83057E-11  1.92132E-12  6.86116E+04  0.00000E+00  1.0E-05
  9.000E-04  6.16850E-11  1.92127E-12  6.86098E+04  0.00000E+00  1.0E-05
  9.250E-04  6.51595E-11  1.92122E-12  6.86079E+04  0.00000E+00  1.0E-05
  9.500E-04  6.87293E-11  1.92116E-12  6.86059E+04  0.00000E+00  1.0E-05
  9.750E-04  7.23943E-11  1.92111E-12  6.86039E+04  0.00000E+00  1.0E-05
  1.000E-03  7.61544E-11  1.92105E-12  6.86019E+04  0.00000E+00  1.0E-05
  1.250E-03  1.18991E-10  1.92039E-12  6.85785E+04  0.00000E+00  1.0E-05
  1.500E-03  1.71347E-10  1.91959E-12  6.85500E+04  0.00000E+00  1.0E-05
  1.750E-03  2.33223E-10  1.91865E-12  6.85162E+04  0.00000E+00  1.0E-05
  2.000E-03  3.04617E-10  1.91756E-12  6.84773E+04  0.00000E+00  1.0E-05
  2.250E-03  3.85531E-10  1.91633E-12  6.84333E+04  0.00000E+00  1.0E-05
  2.500E-03  4.75965E-10  1.91495E-12  6.83842E+04  0.00000E+00  1.0E-05
  2.750E-03  5.75917E-10  1.91343E-12  6.83299E+04  0.00000E+00  1.0E-05
  3.000E-03  6.85389E-10  1.91177E-12  6.82705E+04  0.00000E+00  1.0E-05
  3.250E-03  8.04380E-10  1.90997E-12  6.82061E+04  0.00000E+00  1.0E-05
  3.500E-03  9.32891E-10  1.90802E-12  6.81367E+04  0.00000E+00  1.0E-05
  3.750E-03  1.07092E-09  1.90594E-12  6.80622E+04  0.00000E+00  1.0E-05
  4.000E-03  1.21847E-09  1.90371E-12  6.79828E+04  0.00000E+00  1.0E-05
  4.250E-03  1.37554E-09  1.90135E-12  6.78984E+04  0.00000E+00  1.0E-05
  4.500E-03  1.54213E-09  1.89885E-12  6.78091E+04  0.00000E+00  1.0E-05
  4.750E-03  1.71823E-09  1.89621E-12  6.77149E+04  0.00000E+00  1.0E-05
  5.000E-03  1.90386E-09  1.89344E-12  6.76159E+04  0.00000E+00  1.0E-05
  5.250E-03  2.09900E-09  1.89053E-12  6.75120E+04  0.00000E+00  1.0E-05
  5.500E-03  2.30367E-09  1.88749E-12  6.74034E+04  0.00000E+00  1.0E-05
  5.750E-03  2.51785E-09  1.88431E-12  6.72901E+04  0.00000E+00  1.0E-05
  6.000E-03  2.74156E-09  1.88101E-12  6.71720E+04  0.00000E+00  1.0E-05
  6.250E-03  2.97478E-09  1.87757E-12  6.70494E+04  0.00000E+00  1.0E-05
  6.500E-03  3.21752E-09  1.87401E-12  6.69221E+04  0.00000E+00  1.0E-05
  6.750E-03  3.46978E-09  1.87032E-12  6.67903E+04  0.00000E+00  1.0E-05
  7.000E-03  3.73156E-09  1.86650E-12  6.66540E+04  0.00000E+00  1.0E-05
  7.250E-03  4.00286E-09  1.86256E-12  6.65132E+04  0.00000E+00  1.0E-05
  7.500E-03  4.28368E-09  1.85850E-12  6.63681E+04  0.00000E+00  1.0E-05
  7.750E-03  4.57402E-09  1.85431E-12  6.62186E+04  0.00000E+00  1.0E-05
  8.000E-03  4.87388E-09  1.85000E-12  6.60648E+04  0.00000E+00  1.0E-05
  8.250E-03  5.18326E-09  1.84558E-12  6.59068E+04  0.00000E+00  1.0E-05
  8.500E-03  5.50215E-09  1.84104E-12  6.57446E+04  0.00000E+00  1.0E-05
  8.750E-03  5.83057E-09  1.83638E-12  6.55783E+04  0.00000E+00  1.0E-05
  9.000E-03  6.16850E-09  1.83161E-12  6.54080E+04  0.00000E+00  1.0E-05
  9.250E-03  6.51596E-09  1.82673E-12  6.52336E+04  0.00000E+00  1.0E-05
  9.500E-03  6.87293E-09  1.82174E-12  6.50554E+04  0.00000E+00  1.0E-05
  9.750E-03  7.23942E-09  1.81664E-12  6.48732E+04  0.00000E+00  1.0E-05
  1.000E-02  7.61544E-09  1.81143E-12  6.46873E+04  0.00000E+00  1.0E-05
  1.250E-02  1.18991E-08  1.75390E-12  6.26330E+04  0.00000E+00  1.0E-05
  1.500E-02  1.71347E-08  1.68783E-12  6.02736E+04  0.00000E+00  1.0E-05
  1.750E-02  2.33223E-08  1.61525E-12  5.76817E+04  0.00000E+00  1.0E-05
  2.000E-02  3.04617E-08  1.53817E-12  5.49291E+04  0.00000E+00  1.0E-05
  2.250E-02  3.85531E-08  1.45849E-12  5.20835E+04  0.00000E+00  1.0E-05
  2.500E-02  4.75965E-08  1.37792E-12  4.92063E+04  0.00000E+00  1.0E-05
  2.750E-02  5.75917E-08  1.29791E-12  4.63490E+04  0.00000E+00  1.0E-05
  3.000E-02  6.85389E-08  1.21964E-12  4.35541E+04  0.00000E+00  1.0E-05
  3.250E-02  8.04380E-08  1.14406E-12  4.08550E+04  0.00000E+00  1.0E-05
  3.500E-02  9.32891E-08  1.07184E-12  3.82762E+04  0.00000E+00  1.0E-05
  3.750E-02  1.07092E-07  1.00341E-12  3.58325E+04  0.00000E+00  1.0E-05
  4.000E-02  1.21847E-07  9.39029E-13  3.35333E+04  0.00000E+00  1.0E-05
  4.250E-02  1.37554E-07  8.78804E-13  3.13827E+04  0.00000E+00  1.0E-05
  4.500E-02  1.54213E-07  8.22720E-13  2.93799E+04  0.00000E+00  1.0E-05
  4.750E-02  1.71823E-07  7.70649E-13  2.75204E+04  0.00000E+00  1.0E-05
  5.000E-02  1.90386E-07  7.22429E-13  2.57984E+04  0.00000E+00  1.0E-05
  5.250E-02  2.09900E-07  6.77859E-13  2.42068E+04  0.00000E+00  1.0E-05
  5.500E-02  2.30367E-07  6.36649E-13  2.27351E+04  0.00000E+00  1.0E-05
  5.750E-02  2.51785E-07  5.98587E-13  2.13759E+04  0.00000E+00  1.0E-05
  6.000E-02  2.74156E-07  5.63440E-13  2.01208E+04  0.00000E+00  1.0E-05
  6.250E-02  2.97478E-07  5.30977E-13  1.89615E+04  0.00000E+00  1.0E-05
  6.500E-02  3.21752E-07  5.00886E-13  1.78870E+04  0.00000E+00  1.0E-05
  6.750E-02  3.46978E-07  4.73007E-13  1.68914E+04  0.00000E+00  1.0E-05
  7.000E-02  3.73156E-07  4.47168E-13  1.59687E+04  0.00000E+00  1.0E-05
  7.250E-02  4.00286E-07  4.23194E-13  1.51125E+04  0.00000E+00  1.0E-05
  7.500E-02  4.28368E-07  4.00842E-13  1.43143E+04  0.00000E+00  1.0E-05
  7.750E-02  4.57402E-07  3.79989E-13  1.35697E+04  0.00000E+00  1.0E-05
  8.000E-02  4.87388E-07  3.60551E-13  1.28755E+04  0.00000E+00  1.0E-05
  8.250E-02  5.18325E-07  3.42407E-13  1.22276E+04  0.00000E+00  1.0E-05
  8.500E-02  5.50215E-07  3.25395E-13  1.16201E+04  0.00000E+00  1.0E-05
  8.750E-02  5.83057E-07  3.09402E-13  1.10489E+04  0.00000E+00  1.0E-05
  9.000E-02  6.16850E-07  2.94410E-13  1.05136E+04  0.00000E+00  1.0E-05
  9.250E-02  6.51596E-07  2.80340E-13  1.00111E+04  0.00000E+00  1.0E-05
  9.500E-02  6.87293E-07  2.67096E-13  9.53816E+03  0.00000E+00  1.0E-05
  9.750E-02  7.23942E-07  2.54557E-13  9.09040E+03  0.00000E+00  1.0E-05
  1.000E-01  7.61543E-07  2.42752E-13  8.66883E+03  0.00000E+00  1.0E-05
  1.250E-01  1.18991E-06  1.54563E-13  5.51953E+03  0.00000E+00  1.0E-05
  1.500E-01  1.71347E-06  1.00566E-13  3.59127E+03  0.00000E+00  1.0E-05
  1.750E-01  2.33223E-06  6.88007E-14  2.45692E+03  0.00000E+00  1.0E-05
  2.000E-01  3.04617E-06  4.85654E-14  1.73430E+03  0.00000E+00  1.0E-05
  2.250E-01  3.85531E-06  3.50448E-14  1.25147E+03  0.00000E+00  1.0E-05
  2.500E-01  4.75964E-06  2.59210E-14  9.25655E+02  0.00000E+00  1.0E-05
  2.750E-01  5.75916E-06  1.96373E-14  7.01261E+02  0.00000E+00  1.0E-05
  3.000E-01  6.85388E-06  1.51768E-14  5.41975E+02  0.00000E+00  1.0E-05
  3.250E-01  8.04378E-06  1.19114E-14  4.25365E+02  0.00000E+00  1.0E-05
  3.500E-01  9.32888E-06  9.47794E-15  3.38463E+02  0.00000E+00  1.0E-05
  3.750E-01  1.07092E-05  7.65121E-15  2.73230E+02  0.00000E+00  1.0E-05
  4.000E-01  1.21846E-05  6.25491E-15  2.23367E+02  0.00000E+00  1.0E-05
  4.250E-01  1.37553E-05  5.16864E-15  1.84575E+02  0.00000E+00  1.0E-05
  4.500E-01  1.54212E-05  4.30841E-15  1.53856E+02  0.00000E+00  1.0E-05
  4.750E-01  1.71822E-05  3.62510E-15  1.29455E+02  0.00000E+00  1.0E-05
  5.000E-01  1.90385E-05  3.07307E-15  1.09741E+02  0.00000E+00  1.0E-05
  5.250E-01  2.09899E-05  2.62866E-15  9.38713E+01  0.00000E+00  1.0E-05
  5.500E-01  2.30365E-05  2.25966E-15  8.06941E+01  0.00000E+00  1.0E-05
  5.750E-01  2.51783E-05  1.95354E-15  6.97622E+01  0.00000E+00  1.0E-05
  6.000E-01  2.74153E-05  1.69762E-15  6.06231E+01  0.00000E+00  1.0E-05
  6.250E-01  2.97475E-05  1.48240E-15  5.29373E+01  0.00000E+00  1.0E-05
  6.500E-01  3.21749E-05  1.30007E-15  4.64263E+01  0.00000E+00  1.0E-05
  6.750E-01  3.46974E-05  1.14401E-15  4.08534E+01  0.00000E+00  1.0E-05
  7.000E-01  3.73152E-05  1.01069E-15  3.60924E+01  0.00000E+00  1.0E-05
  7.250E-01  4.00281E-05  8.96522E-16  3.20154E+01  0.00000E+00  1.0E-05
  7.500E-01  4.28362E-05  7.97987E-16  2.84966E+01  0.00000E+00  1.0E-05
  7.750E-01  4.57395E-05  7.12684E-16  2.54504E+01  0.00000E+00  1.0E-05
  8.000E-01  4.87380E-05  6.38609E-16  2.28051E+01  0.00000E+00  1.0E-05
  8.250E-01  5.18317E-05  5.73992E-16  2.04976E+01  0.00000E+00  1.0E-05
  8.500E-01  5.50205E-05  5.17299E-16  1.84731E+01  0.00000E+00  1.0E-05
  8.750E-01  5.83045E-05  4.67372E-16  1.66902E+01  0.00000E+00  1.0E-05
  9.000E-01  6.16838E-05  4.23381E-16  1.51192E+01  0.00000E+00  1.0E-05
  9.250E-01  6.51582E-05  3.84496E-16  1.37306E+01  0.00000E+00  1.0E-05
  9.500E-01  6.87277E-05  3.49994E-16  1.24985E+01  0.00000E+00  1.0E-05
  9.750E-01  7.23925E-05  3.19257E-16  1.14009E+01  0.00000E+00  1.0E-05
  1.000E+00  7.61524E-05  2.91869E-16  1.04228E+01  0.00000E+00  1.2E-05
  1.100E+00  9.21439E-05  2.08012E-16  7.42823E+00  0.00000E+00  9.4E-06
  1.200E+00  1.09658E-04  1.52383E-16  5.44169E+00  0.00000E+00  5.1E-06
  1.300E+00  1.28695E-04  1.14188E-16  4.07773E+00  0.00000E+00  1.0E-06
  1.400E+00  1.49255E-04  8.71796E-17  3.11324E+00  0.00000E+00  2.0E-06
  1.500E+00  1.71338E-04  6.77710E-17  2.42015E+00  0.00000E+00  3.6E-06
  1.600E+00  1.94942E-04  5.35042E-17  1.91067E+00  0.00000E+00  3.9E-06
  1.700E+00  2.20070E-04  4.28131E-17  1.52888E+00  0.00000E+00  3.1E-06
  1.800E+00  2.46720E-04  3.46608E-17  1.23776E+00  0.00000E+00  1.7E-06
  1.900E+00  2.74892E-04  2.83819E-17  1.01354E+00  0.00000E+00  2.8E-07
  2.000E+00  3.04586E-04  2.34759E-17  8.38338E-01  0.00000E+00  9.2E-07
  2.100E+00  3.35803E-04  1.95955E-17  6.99768E-01  0.00000E+00  1.6E-06
  2.200E+00  3.68542E-04  1.64824E-17  5.88596E-01  0.00000E+00  1.7E-06
  2.300E+00  4.02802E-04  1.39686E-17  4.98829E-01  0.00000E+00  1.4E-06
  2.400E+00  4.38585E-04  1.19193E-17  4.25646E-01  0.00000E+00  7.9E-07
  2.500E+00  4.75889E-04  1.02336E-17  3.65449E-01  0.00000E+00  1.0E-07
  2.600E+00  5.14715E-04  8.83376E-18  3.15459E-01  0.00000E+00  5.2E-07
  2.700E+00  5.55063E-04  7.66505E-18  2.73724E-01  0.00000E+00  8.9E-07
  2.800E+00  5.96931E-04  6.68369E-18  2.38679E-01  0.00000E+00  9.6E-07
  2.900E+00  6.40321E-04  5.85454E-18  2.09069E-01  0.00000E+00  7.7E-07
  3.000E+00  6.85233E-04  5.14903E-18  1.83875E-01  0.00000E+00  4.2E-07
  3.100E+00  7.31665E-04  4.54630E-18  1.62351E-01  0.00000E+00  1.0E-07
  3.200E+00  7.79618E-04  4.02929E-18  1.43889E-01  0.00000E+00  3.4E-07
  3.300E+00  8.29092E-04  3.58381E-18  1.27980E-01  0.00000E+00  5.5E-07
  3.400E+00  8.80086E-04  3.19795E-18  1.14201E-01  0.00000E+00  5.9E-07
  3.500E+00  9.32601E-04  2.86251E-18  1.02222E-01  0.00000E+00  4.7E-07
  3.600E+00  9.86636E-04  2.57005E-18  9.17782E-02  0.00000E+00  2.4E-07
  3.700E+00  1.04219E-03  2.31409E-18  8.26375E-02  0.00000E+00  1.0E-07
  3.800E+00  1.09927E-03  2.08926E-18  7.46088E-02  0.00000E+00  2.4E-07
  3.900E+00  1.15786E-03  1.89104E-18  6.75302E-02  0.00000E+00  3.7E-07
  4.000E+00  1.21797E-03  1.71588E-18  6.12754E-02  0.00000E+00  3.9E-07
  4.100E+00  1.27961E-03  1.56064E-18  5.57316E-02  0.00000E+00  3.1E-07
  4.200E+00  1.34276E-03  1.42266E-18  5.08040E-02  0.00000E+00  1.5E-07
  4.300E+00  1.40743E-03  1.29957E-18  4.64085E-02  0.00000E+00  1.0E-07
  4.400E+00  1.47362E-03  1.18959E-18  4.24810E-02  0.00000E+00  1.8E-07
  4.500E+00  1.54133E-03  1.09107E-18  3.89629E-02  0.00000E+00  2.6E-07
  4.600E+00  1.61056E-03  1.00260E-18  3.58036E-02  0.00000E+00  2.7E-07
  4.700E+00  1.68131E-03  9.22925E-19  3.29582E-02  0.00000E+00  2.1E-07
  4.800E+00  1.75357E-03  8.51051E-19  3.03916E-02  0.00000E+00  1.0E-07
  4.900E+00  1.82735E-03  7.86079E-19  2.80714E-02  0.00000E+00  1.0E-07
  5.000E+00  1.90265E-03  7.27226E-19  2.59697E-02  0.00000E+00  1.4E-07
  5.100E+00  1.97947E-03  6.73790E-19  2.40615E-02  0.00000E+00  2.0E-07
  5.200E+00  2.05780E-03  6.25190E-19  2.23259E-02  0.00000E+00  2.0E-07
  5.300E+00  2.13765E-03  5.80918E-19  2.07449E-02  0.00000E+00  1.5E-07
  5.400E+00  2.21902E-03  5.40516E-19  1.93022E-02  0.00000E+00  1.0E-07
  5.500E+00  2.30190E-03  5.03575E-19  1.79830E-02  0.00000E+00  1.0E-07
  5.600E+00  2.38630E-03  4.69742E-19  1.67748E-02  0.00000E+00  1.1E-07
  5.700E+00  2.47222E-03  4.38717E-19  1.56669E-02  0.00000E+00  1.5E-07
  5.800E+00  2.55965E-03  4.10224E-19  1.46494E-02  0.00000E+00  1.5E-07
  5.900E+00  2.64859E-03  3.84013E-19  1.37134E-02  0.00000E+00  1.1E-07
  6.000E+00  2.73905E-03  3.59863E-19  1.28509E-02  0.00000E+00  1.0E-07
  6.100E+00  2.83103E-03  3.37589E-19  1.20555E-02  0.00000E+00  1.0E-07
  6.200E+00  2.92452E-03  3.17020E-19  1.13210E-02  0.00000E+00  1.0E-07
  6.300E+00  3.01952E-03  2.97999E-19  1.06417E-02  0.00000E+00  1.2E-07
  6.400E+00  3.11604E-03  2.80382E-19  1.00126E-02  0.00000E+00  1.2E-07
  6.500E+00  3.21407E-03  2.64052E-19  9.42946E-03  0.00000E+00  1.0E-07
  6.600E+00  3.31362E-03  2.48898E-19  8.88831E-03  0.00000E+00  1.0E-07
  6.700E+00  3.41468E-03  2.34820E-19  8.38559E-03  0.00000E+00  1.0E-07
  6.800E+00  3.51725E-03  2.21722E-19  7.91784E-03  0.00000E+00  1.0E-07
  6.900E+00  3.62133E-03  2.09528E-19  7.48236E-03  0.00000E+00  1.0E-07
  7.000E+00  3.72692E-03  1.98163E-19  7.07653E-03  0.00000E+00  1.0E-07
  7.100E+00  3.83403E-03  1.87561E-19  6.69794E-03  0.00000E+00  1.0E-07
  7.200E+00  3.94265E-03  1.77659E-19  6.34432E-03  0.00000E+00  1.0E-07
  7.300E+00  4.05278E-03  1.68403E-19  6.01378E-03  0.00000E+00  1.0E-07
  7.400E+00  4.16442E-03  1.59744E-19  5.70457E-03  0.00000E+00  1.0E-07
  7.500E+00  4.27757E-03  1.51637E-19  5.41506E-03  0.00000E+00  1.0E-07
  7.600E+00  4.39223E-03  1.44038E-19  5.14370E-03  0.00000E+00  1.0E-07
  7.700E+00  4.50840E-03  1.36910E-19  4.88915E-03  0.00000E+00  1.0E-07
  7.800E+00  4.62608E-03  1.30219E-19  4.65021E-03  0.00000E+00  1.0E-07
  7.900E+00  4.74527E-03  1.23934E-19  4.42576E-03  0.00000E+00  1.0E-07
  8.000E+00  4.86597E-03  1.18024E-19  4.21472E-03  0.00000E+00  1.0E-07
  8.100E+00  4.98817E-03  1.12463E-19  4.01612E-03  0.00000E+00  1.0E-07
  8.200E+00  5.11188E-03  1.07227E-19  3.82913E-03  0.00000E+00  1.0E-07
  8.300E+00  5.23711E-03  1.02293E-19  3.65295E-03  0.00000E+00  1.0E-07
  8.400E+00  5.36383E-03  9.76412E-20  3.48683E-03  0.00000E+00  1.0E-07
  8.500E+00  5.49207E-03  9.32509E-20  3.33005E-03  0.00000E+00  1.0E-07
  8.600E+00  5.62181E-03  8.91059E-20  3.18203E-03  0.00000E+00  1.0E-07
  8.700E+00  5.75306E-03  8.51899E-20  3.04219E-03  0.00000E+00  1.0E-07
  8.800E+00  5.88581E-03  8.14877E-20  2.90998E-03  0.00000E+00  1.0E-07
  8.900E+00  6.02007E-03  7.79847E-20  2.78488E-03  0.00000E+00  1.0E-07
  9.000E+00  6.15583E-03  7.46690E-20  2.66648E-03  0.00000E+00  1.0E-07
  9.100E+00  6.29310E-03  7.15286E-20  2.55433E-03  0.00000E+00  1.0E-07
  9.200E+00  6.43187E-03  6.85526E-20  2.44806E-03  0.00000E+00  1.0E-07
  9.300E+00  6.57214E-03  6.57302E-20  2.34727E-03  0.00000E+00  1.0E-07
  9.400E+00  6.71392E-03  6.30525E-20  2.25164E-03  0.00000E+00  1.0E-07
  9.500E+00  6.85720E-03  6.05105E-20  2.16087E-03  0.00000E+00  1.0E-07
  9.600E+00  7.00198E-03  5.80963E-20  2.07466E-03  0.00000E+00  1.0E-07
  9.700E+00  7.14827E-03  5.58018E-20  1.99272E-03  0.00000E+00  1.0E-07
  9.800E+00  7.29605E-03  5.36201E-20  1.91481E-03  0.00000E+00  1.0E-07
  9.900E+00  7.44534E-03  5.15448E-20  1.84070E-03  0.00000E+00  1.0E-07
  1.000E+01  7.59612E-03  4.95697E-20  1.77017E-03  0.00000E+00  1.0E-07
  1.025E+01  7.97965E-03  4.50329E-20  1.60816E-03  0.00000E+00  1.0E-07
  1.050E+01  8.37255E-03  4.10071E-20  1.46439E-03  0.00000E+00  1.0E-07
  1.075E+01  8.77480E-03  3.74246E-20  1.33646E-03  0.00000E+00  1.0E-07
  1.100E+01  9.18641E-03  3.42280E-20  1.22231E-03  0.00000E+00  1.0E-07
  1.125E+01  9.60736E-03  3.13686E-20  1.12019E-03  0.00000E+00  1.0E-07
  1.150E+01  1.00376E-02  2.88044E-20  1.02862E-03  0.00000E+00  1.0E-07
  1.175E+01  1.04773E-02  2.64996E-20  9.46317E-04  0.00000E+00  1.0E-07
  1.200E+01  1.09262E-02  2.44232E-20  8.72168E-04  0.00000E+00  1.0E-07
  1.225E+01  1.13844E-02  2.25486E-20  8.05223E-04  0.00000E+00  1.0E-07
  1.250E+01  1.18520E-02  2.08525E-20  7.44658E-04  0.00000E+00  1.0E-07
  1.275E+01  1.23288E-02  1.93151E-20  6.89754E-04  0.00000E+00  1.0E-07
  1.300E+01  1.28150E-02  1.79186E-20  6.39885E-04  0.00000E+00  1.0E-07
  1.325E+01  1.33104E-02  1.66478E-20  5.94503E-04  0.00000E+00  1.0E-07
  1.350E+01  1.38150E-02  1.54895E-20  5.53141E-04  0.00000E+00  1.0E-07
  1.375E+01  1.43290E-02  1.44318E-20  5.15368E-04  0.00000E+00  1.0E-07
  1.400E+01  1.48521E-02  1.34643E-20  4.80817E-04  0.00000E+00  1.0E-07
  1.425E+01  1.53845E-02  1.25779E-20  4.49166E-04  0.00000E+00  1.0E-07
  1.450E+01  1.59262E-02  1.17647E-20  4.20125E-04  0.00000E+00  1.0E-07
  1.475E+01  1.64770E-02  1.10174E-20  3.93438E-04  0.00000E+00  1.0E-07
  1.500E+01  1.70371E-02  1.03296E-20  3.68878E-04  0.00000E+00  1.0E-07
  1.525E+01  1.76063E-02  9.69585E-21  3.46245E-04  0.00000E+00  1.0E-07
  1.550E+01  1.81848E-02  9.11102E-21  3.25361E-04  0.00000E+00  1.0E-07
  1.575E+01  1.87724E-02  8.57063E-21  3.06063E-04  0.00000E+00  1.0E-07
  1.600E+01  1.93692E-02  8.07063E-21  2.88207E-04  0.00000E+00  1.0E-07
  1.625E+01  1.99751E-02  7.60747E-21  2.71668E-04  0.00000E+00  1.0E-07
  1.650E+01  2.05901E-02  7.17794E-21  2.56329E-04  0.00000E+00  1.0E-07
  1.675E+01  2.12143E-02  6.77911E-21  2.42086E-04  0.00000E+00  1.0E-07
  1.700E+01  2.18476E-02  6.40833E-21  2.28846E-04  0.00000E+00  1.0E-07
  1.725E+01  2.24900E-02  6.06330E-21  2.16524E-04  0.00000E+00  1.0E-07
  1.750E+01  2.31415E-02  5.74188E-21  2.05046E-04  0.00000E+00  1.0E-07
  1.775E+01  2.38021E-02  5.44215E-21  1.94343E-04  0.00000E+00  1.0E-07
  1.800E+01  2.44717E-02  5.16231E-21  1.84350E-04  0.00000E+00  1.0E-07
  1.825E+01  2.51504E-02  4.90084E-21  1.75012E-04  0.00000E+00  1.0E-07
  1.850E+01  2.58382E-02  4.65629E-21  1.66279E-04  0.00000E+00  1.0E-07
  1.875E+01  2.65349E-02  4.42734E-21  1.58103E-04  0.00000E+00  1.0E-07
  1.900E+01  2.72407E-02  4.21280E-21  1.50442E-04  0.00000E+00  1.0E-07
  1.925E+01  2.79555E-02  4.01158E-21  1.43256E-04  0.00000E+00  1.0E-07
  1.950E+01  2.86793E-02  3.82271E-21  1.36511E-04  0.00000E+00  1.0E-07
  1.975E+01  2.94120E-02  3.64527E-21  1.30175E-04  0.00000E+00  1.0E-07
  2.000E+01  3.01537E-02  3.47842E-21  1.24217E-04  0.00000E+00  1.0E-07
  2.025E+01  3.09043E-02  3.32142E-21  1.18610E-04  0.00000E+00  1.0E-07
  2.050E+01  3.16639E-02  3.17357E-21  1.13330E-04  0.00000E+00  1.0E-07
  2.075E+01  3.24324E-02  3.03423E-21  1.08354E-04  0.00000E+00  1.0E-07
  2.100E+01  3.32098E-02  2.90279E-21  1.03661E-04  0.00000E+00  1.0E-07
  2.125E+01  3.39961E-02  2.77874E-21  9.92306E-05  0.00000E+00  1.0E-07
  2.150E+01  3.47912E-02  2.66157E-21  9.50463E-05  0.00000E+00  1.0E-07
  2.175E+01  3.55952E-02  2.55082E-21  9.10914E-05  0.00000E+00  1.0E-07
  2.200E+01  3.64081E-02  2.44606E-21  8.73505E-05  0.00000E+00  1.0E-07
  2.225E+01  3.72297E-02  2.34691E-21  8.38098E-05  0.00000E+00  1.0E-07
  2.250E+01  3.80602E-02  2.25301E-21  8.04565E-05  0.00000E+00  1.0E-07
  2.275E+01  3.88995E-02  2.16402E-21  7.72785E-05  0.00000E+00  1.0E-07
  2.300E+01  3.97476E-02  2.07963E-21  7.42648E-05  0.00000E+00  1.0E-07
  2.325E+01  4.06044E-02  1.99954E-21  7.14050E-05  0.00000E+00  1.0E-07
  2.350E+01  4.14700E-02  1.92351E-21  6.86897E-05  0.00000E+00  1.0E-07
  2.375E+01  4.23443E-02  1.85128E-21  6.61103E-05  0.00000E+00  1.0E-07
  2.400E+01  4.32273E-02  1.78261E-21  6.36582E-05  0.00000E+00  1.0E-07
  2.425E+01  4.41190E-02  1.71730E-21  6.13260E-05  0.00000E+00  1.0E-07
  2.450E+01  4.50194E-02  1.65515E-21  5.91065E-05  0.00000E+00  1.0E-07
  2.475E+01  4.59284E-02  1.59597E-21  5.69932E-05  0.00000E+00  1.0E-07
  2.500E+01  4.68461E-02  1.53960E-21  5.49800E-05  0.00000E+00  1.0E-07
  2.550E+01  4.87074E-02  1.43461E-21  5.12307E-05  0.00000E+00  1.0E-07
  2.600E+01  5.06030E-02  1.33903E-21  4.78175E-05  0.00000E+00  1.0E-07
  2.650E+01  5.25328E-02  1.25183E-21  4.47037E-05  0.00000E+00  1.0E-07
  2.700E+01  5.44967E-02  1.17214E-21  4.18580E-05  0.00000E+00  1.0E-07
  2.750E+01  5.64946E-02  1.09918E-21  3.92523E-05  0.00000E+00  1.0E-07
  2.800E+01  5.85262E-02  1.03225E-21  3.68622E-05  0.00000E+00  1.0E-07
  2.850E+01  6.05914E-02  9.70745E-22  3.46660E-05  0.00000E+00  1.0E-07
  2.900E+01  6.26901E-02  9.14143E-22  3.26446E-05  0.00000E+00  1.0E-07
  2.950E+01  6.48222E-02  8.61962E-22  3.07812E-05  0.00000E+00  1.0E-07
  3.000E+01  6.69873E-02  8.13783E-22  2.90607E-05  0.00000E+00  1.0E-07
  3.050E+01  6.91854E-02  7.69231E-22  2.74697E-05  0.00000E+00  1.0E-07
  3.100E+01  7.14163E-02  7.27973E-22  2.59964E-05  0.00000E+00  1.0E-07
  3.150E+01  7.36799E-02  6.89711E-22  2.46300E-05  0.00000E+00  1.0E-07
  3.200E+01  7.59760E-02  6.54178E-22  2.33611E-05  0.00000E+00  1.0E-07
  3.250E+01  7.83043E-02  6.21134E-22  2.21811E-05  0.00000E+00  1.0E-07
  3.300E+01  8.06647E-02  5.90367E-22  2.10824E-05  0.00000E+00  1.0E-07
  3.350E+01  8.30571E-02  5.61680E-22  2.00580E-05  0.00000E+00  1.0E-07
  3.400E+01  8.54812E-02  5.34903E-22  1.91017E-05  0.00000E+00  1.0E-07
  3.450E+01  8.79369E-02  5.09879E-22  1.82081E-05  0.00000E+00  1.0E-07
  3.500E+01  9.04240E-02  4.86464E-22  1.73719E-05  0.00000E+00  1.0E-07
  3.550E+01  9.29422E-02  4.64528E-22  1.65886E-05  0.00000E+00  1.0E-07
  3.600E+01  9.54915E-02  4.43958E-22  1.58540E-05  0.00000E+00  1.0E-07
  3.650E+01  9.80716E-02  4.24648E-22  1.51644E-05  0.00000E+00  1.0E-07
  3.700E+01  1.00682E-01  4.06500E-22  1.45164E-05  0.00000E+00  1.0E-07
  3.750E+01  1.03323E-01  3.89427E-22  1.39067E-05  0.00000E+00  1.0E-07
  3.800E+01  1.05995E-01  3.73350E-22  1.33326E-05  0.00000E+00  1.0E-07
  3.850E+01  1.08696E-01  3.58197E-22  1.27914E-05  0.00000E+00  1.0E-07
  3.900E+01  1.11427E-01  3.43899E-22  1.22809E-05  0.00000E+00  1.0E-07
  3.950E+01  1.14188E-01  3.30397E-22  1.17987E-05  0.00000E+00  1.0E-07
  4.000E+01  1.16978E-01  3.17635E-22  1.13429E-05  0.00000E+00  1.0E-07
  4.050E+01  1.19797E-01  3.05561E-22  1.09118E-05  0.00000E+00  1.0E-07
  4.100E+01  1.22645E-01  2.94129E-22  1.05035E-05  0.00000E+00  1.0E-07
  4.150E+01  1.25522E-01  2.83294E-22  1.01166E-05  0.00000E+00  1.0E-07
  4.200E+01  1.28428E-01  2.73019E-22  9.74968E-06  0.00000E+00  1.0E-07
  4.250E+01  1.31361E-01  2.63266E-22  9.40139E-06  0.00000E+00  1.0E-07
  4.300E+01  1.34323E-01  2.54001E-22  9.07053E-06  0.00000E+00  1.0E-07
  4.350E+01  1.37313E-01  2.45193E-22  8.75598E-06  0.00000E+00  1.0E-07
  4.400E+01  1.40330E-01  2.36813E-22  8.45674E-06  0.00000E+00  1.0E-07
  4.450E+01  1.43375E-01  2.28835E-22  8.17184E-06  0.00000E+00  1.0E-07
  4.500E+01  1.46447E-01  2.21234E-22  7.90040E-06  0.00000E+00  1.0E-07
  4.550E+01  1.49545E-01  2.13986E-22  7.64159E-06  0.00000E+00  1.0E-07
  4.600E+01  1.52671E-01  2.07072E-22  7.39468E-06  0.00000E+00  1.0E-07
  4.650E+01  1.55823E-01  2.00471E-22  7.15895E-06  0.00000E+00  1.0E-07
  4.700E+01  1.59001E-01  1.94165E-22  6.93375E-06  0.00000E+00  1.0E-07
  4.750E+01  1.62205E-01  1.88136E-22  6.71847E-06  0.00000E+00  1.0E-07
  4.800E+01  1.65435E-01  1.82370E-22  6.51256E-06  0.00000E+00  1.0E-07
  4.850E+01  1.68690E-01  1.76851E-22  6.31547E-06  0.00000E+00  1.0E-07
  4.900E+01  1.71970E-01  1.71566E-22  6.12672E-06  0.00000E+00  1.0E-07
  4.950E+01  1.75276E-01  1.66501E-22  5.94586E-06  0.00000E+00  1.0E-07
  5.000E+01  1.78606E-01  1.61645E-22  5.77244E-06  0.00000E+00  1.0E-07
  5.050E+01  1.81961E-01  1.56986E-22  5.60607E-06  0.00000E+00  1.0E-07
  5.100E+01  1.85340E-01  1.52514E-22  5.44638E-06  0.00000E+00  1.0E-07
  5.150E+01  1.88743E-01  1.48220E-22  5.29302E-06  0.00000E+00  1.0E-07
  5.200E+01  1.92169E-01  1.44093E-22  5.14566E-06  0.00000E+00  1.0E-07
  5.250E+01  1.95619E-01  1.40126E-22  5.00399E-06  0.00000E+00  1.0E-07
  5.300E+01  1.99092E-01  1.36310E-22  4.86773E-06  0.00000E+00  1.0E-07
  5.350E+01  2.02589E-01  1.32638E-22  4.73660E-06  0.00000E+00  1.0E-07
  5.400E+01  2.06107E-01  1.29103E-22  4.61035E-06  0.00000E+00  1.0E-07
  5.450E+01  2.09649E-01  1.25697E-22  4.48873E-06  0.00000E+00  1.0E-07
  5.500E+01  2.13212E-01  1.22415E-22  4.37153E-06  0.00000E+00  1.0E-07
  5.550E+01  2.16797E-01  1.19251E-22  4.25853E-06  0.00000E+00  1.0E-07
  5.600E+01  2.20404E-01  1.16199E-22  4.14954E-06  0.00000E+00  1.0E-07
  5.650E+01  2.24032E-01  1.13254E-22  4.04436E-06  0.00000E+00  1.0E-07
  5.700E+01  2.27680E-01  1.10410E-22  3.94283E-06  0.00000E+00  1.0E-07
  5.750E+01  2.31350E-01  1.07665E-22  3.84477E-06  0.00000E+00  1.0E-07
  5.800E+01  2.35040E-01  1.05011E-22  3.75003E-06  0.00000E+00  1.0E-07
  5.850E+01  2.38751E-01  1.02447E-22  3.65845E-06  0.00000E+00  1.0E-07
  5.900E+01  2.42481E-01  9.99673E-23  3.56990E-06  0.00000E+00  1.0E-07
  5.950E+01  2.46231E-01  9.75686E-23  3.48424E-06  0.00000E+00  1.0E-07
  6.000E+01  2.50000E-01  9.52473E-23  3.40134E-06  0.00000E+00  1.0E-07
  6.050E+01  2.53788E-01  9.30001E-23  3.32110E-06  0.00000E+00  1.0E-07
  6.100E+01  2.57595E-01  9.08240E-23  3.24339E-06  0.00000E+00  1.0E-07
  6.150E+01  2.61421E-01  8.87159E-23  3.16810E-06  0.00000E+00  1.0E-07
  6.200E+01  2.65264E-01  8.66731E-23  3.09515E-06  0.00000E+00  1.0E-07
  6.250E+01  2.69126E-01  8.46927E-23  3.02443E-06  0.00000E+00  1.0E-07
  6.300E+01  2.73005E-01  8.27723E-23  2.95585E-06  0.00000E+00  1.0E-07
  6.350E+01  2.76901E-01  8.09094E-23  2.88933E-06  0.00000E+00  1.0E-07
  6.400E+01  2.80814E-01  7.91017E-23  2.82477E-06  0.00000E+00  1.0E-07
  6.450E+01  2.84744E-01  7.73470E-23  2.76211E-06  0.00000E+00  1.0E-07
  6.500E+01  2.88691E-01  7.56431E-23  2.70126E-06  0.00000E+00  1.0E-07
  6.550E+01  2.92653E-01  7.39882E-23  2.64217E-06  0.00000E+00  1.0E-07
  6.600E+01  2.96632E-01  7.23804E-23  2.58475E-06  0.00000E+00  1.0E-07
  6.650E+01  3.00625E-01  7.08179E-23  2.52895E-06  0.00000E+00  1.0E-07
  6.700E+01  3.04634E-01  6.92990E-23  2.47471E-06  0.00000E+00  1.0E-07
  6.750E+01  3.08658E-01  6.78221E-23  2.42197E-06  0.00000E+00  1.0E-07
  6.800E+01  3.12697E-01  6.63855E-23  2.37067E-06  0.00000E+00  1.0E-07
  6.850E+01  3.16749E-01  6.49878E-23  2.32076E-06  0.00000E+00  1.0E-07
  6.900E+01  3.20816E-01  6.36277E-23  2.27219E-06  0.00000E+00  1.0E-07
  6.950E+01  3.24896E-01  6.23036E-23  2.22490E-06  0.00000E+00  1.0E-07
  7.000E+01  3.28990E-01  6.10144E-23  2.17886E-06  0.00000E+00  1.0E-07
  7.050E+01  3.33097E-01  5.97588E-23  2.13402E-06  0.00000E+00  1.0E-07
  7.100E+01  3.37216E-01  5.85356E-23  2.09035E-06  0.00000E+00  1.0E-07
  7.150E+01  3.41348E-01  5.73438E-23  2.04778E-06  0.00000E+00  1.0E-07
  7.200E+01  3.45492E-01  5.61822E-23  2.00630E-06  0.00000E+00  1.0E-07
  7.250E+01  3.49647E-01  5.50499E-23  1.96587E-06  0.00000E+00  1.0E-07
  7.300E+01  3.53814E-01  5.39459E-23  1.92644E-06  0.00000E+00  1.0E-07
  7.350E+01  3.57992E-01  5.28691E-23  1.88799E-06  0.00000E+00  1.0E-07
  7.400E+01  3.62181E-01  5.18186E-23  1.85048E-06  0.00000E+00  1.0E-07
  7.450E+01  3.66381E-01  5.07937E-23  1.81388E-06  0.00000E+00  1.0E-07
  7.500E+01  3.70590E-01  4.97935E-23  1.77816E-06  0.00000E+00  1.0E-07
  7.550E+01  3.74810E-01  4.88171E-23  1.74329E-06  0.00000E+00  1.0E-07
  7.600E+01  3.79039E-01  4.78639E-23  1.70925E-06  0.00000E+00  1.0E-07
  7.650E+01  3.83277E-01  4.69330E-23  1.67601E-06  0.00000E+00  1.0E-07
  7.700E+01  3.87524E-01  4.60239E-23  1.64354E-06  0.00000E+00  1.0E-07
  7.750E+01  3.91780E-01  4.51358E-23  1.61183E-06  0.00000E+00  1.0E-07
  7.800E+01  3.96044E-01  4.42681E-23  1.58084E-06  0.00000E+00  1.0E-07
  7.850E+01  4.00316E-01  4.34201E-23  1.55056E-06  0.00000E+00  1.0E-07
  7.900E+01  4.04596E-01  4.25912E-23  1.52096E-06  0.00000E+00  1.0E-07
  7.950E+01  4.08882E-01  4.17809E-23  1.49202E-06  0.00000E+00  1.0E-07
  8.000E+01  4.13176E-01  4.09886E-23  1.46373E-06  0.00000E+00  1.0E-07
  8.050E+01  4.17476E-01  4.02138E-23  1.43606E-06  0.00000E+00  1.0E-07
  8.100E+01  4.21783E-01  3.94559E-23  1.40900E-06  0.00000E+00  1.0E-07
  8.150E+01  4.26095E-01  3.87145E-23  1.38252E-06  0.00000E+00  1.0E-07
  8.200E+01  4.30413E-01  3.79891E-23  1.35662E-06  0.00000E+00  1.0E-07
  8.250E+01  4.34737E-01  3.72793E-23  1.33127E-06  0.00000E+00  1.0E-07
  8.300E+01  4.39065E-01  3.65846E-23  1.30646E-06  0.00000E+00  1.0E-07
  8.350E+01  4.43398E-01  3.59045E-23  1.28217E-06  0.00000E+00  1.0E-07
  8.400E+01  4.47736E-01  3.52387E-23  1.25840E-06  0.00000E+00  1.0E-07
  8.450E+01  4.52077E-01  3.45868E-23  1.23512E-06  0.00000E+00  1.0E-07
  8.500E+01  4.56422E-01  3.39483E-23  1.21232E-06  0.00000E+00  1.0E-07
  8.550E+01  4.60770E-01  3.33230E-23  1.18998E-06  0.00000E+00  1.0E-07
  8.600E+01  4.65122E-01  3.27104E-23  1.16811E-06  0.00000E+00  1.0E-07
  8.650E+01  4.69476E-01  3.21102E-23  1.14667E-06  0.00000E+00  1.0E-07
  8.700E+01  4.73832E-01  3.15221E-23  1.12567E-06  0.00000E+00  1.0E-07
  8.750E+01  4.78190E-01  3.09457E-23  1.10509E-06  0.00000E+00  1.0E-07
  8.800E+01  4.82550E-01  3.03809E-23  1.08492E-06  0.00000E+00  1.0E-07
  8.850E+01  4.86912E-01  2.98272E-23  1.06515E-06  0.00000E+00  1.0E-07
  8.900E+01  4.91274E-01  2.92844E-23  1.04576E-06  0.00000E+00  1.0E-07
  8.950E+01  4.95637E-01  2.87522E-23  1.02676E-06  0.00000E+00  1.0E-07
  9.000E+01  5.00000E-01  2.82303E-23  1.00812E-06  0.00000E+00  1.0E-07
  9.050E+01  5.04363E-01  2.77185E-23  9.89845E-07  0.00000E+00  1.0E-07
  9.100E+01  5.08726E-01  2.72164E-23  9.71916E-07  0.00000E+00  1.0E-07
  9.150E+01  5.13088E-01  2.67240E-23  9.54330E-07  0.00000E+00  1.0E-07
  9.200E+01  5.17450E-01  2.62408E-23  9.37076E-07  0.00000E+00  1.0E-07
  9.250E+01  5.21810E-01  2.57668E-23  9.20148E-07  0.00000E+00  1.0E-07
  9.300E+01  5.26168E-01  2.53016E-23  9.03536E-07  0.00000E+00  1.0E-07
  9.350E+01  5.30524E-01  2.48451E-23  8.87235E-07  0.00000E+00  1.0E-07
  9.400E+01  5.34878E-01  2.43971E-23  8.71237E-07  0.00000E+00  1.0E-07
  9.450E+01  5.39230E-01  2.39574E-23  8.55533E-07  0.00000E+00  1.0E-07
  9.500E+01  5.43578E-01  2.35257E-23  8.40118E-07  0.00000E+00  1.0E-07
  9.550E+01  5.47923E-01  2.31019E-23  8.24983E-07  0.00000E+00  1.0E-07
  9.600E+01  5.52264E-01  2.26858E-23  8.10123E-07  0.00000E+00  1.0E-07
  9.650E+01  5.56602E-01  2.22771E-23  7.95531E-07  0.00000E+00  1.0E-07
  9.700E+01  5.60935E-01  2.18758E-23  7.81201E-07  0.00000E+00  1.0E-07
  9.750E+01  5.65263E-01  2.14817E-23  7.67126E-07  0.00000E+00  1.0E-07
  9.800E+01  5.69587E-01  2.10946E-23  7.53302E-07  0.00000E+00  1.0E-07
  9.850E+01  5.73905E-01  2.07144E-23  7.39723E-07  0.00000E+00  1.0E-07
  9.900E+01  5.78217E-01  2.03408E-23  7.26385E-07  0.00000E+00  1.0E-07
  9.950E+01  5.82524E-01  1.99739E-23  7.13280E-07  0.00000E+00  1.0E-07
  1.000E+02  5.86824E-01  1.96133E-23  7.00405E-07  0.00000E+00  1.0E-07
  1.005E+02  5.91118E-01  1.92591E-23  6.87754E-07  0.00000E+00  1.0E-07
  1.010E+02  5.95404E-01  1.89109E-23  6.75322E-07  0.00000E+00  1.0E-07
  1.015E+02  5.99684E-01  1.85688E-23  6.63102E-07  0.00000E+00  1.0E-07
  1.020E+02  6.03956E-01  1.82325E-23  6.51093E-07  0.00000E+00  1.0E-07
  1.025E+02  6.08220E-01  1.79019E-23  6.39289E-07  0.00000E+00  1.0E-07
  1.030E+02  6.12476E-01  1.75770E-23  6.27686E-07  0.00000E+00  1.0E-07
  1.035E+02  6.16723E-01  1.72576E-23  6.16279E-07  0.00000E+00  1.0E-07
  1.040E+02  6.20961E-01  1.69436E-23  6.05067E-07  0.00000E+00  1.0E-07
  1.045E+02  6.25190E-01  1.66349E-23  5.94043E-07  0.00000E+00  1.0E-07
  1.050E+02  6.29410E-01  1.63314E-23  5.83204E-07  0.00000E+00  1.0E-07
  1.055E+02  6.33619E-01  1.60329E-23  5.72546E-07  0.00000E+00  1.0E-07
  1.060E+02  6.37819E-01  1.57395E-23  5.62066E-07  0.00000E+00  1.0E-07
  1.065E+02  6.42008E-01  1.54508E-23  5.51760E-07  0.00000E+00  1.0E-07
  1.070E+02  6.46186E-01  1.51670E-23  5.41624E-07  0.00000E+00  1.0E-07
  1.075E+02  6.50353E-01  1.48878E-23  5.31654E-07  0.00000E+00  1.0E-07
  1.080E+02  6.54508E-01  1.46133E-23  5.21849E-07  0.00000E+00  1.0E-07
  1.085E+02  6.58652E-01  1.43432E-23  5.12204E-07  0.00000E+00  1.0E-07
  1.090E+02  6.62784E-01  1.40775E-23  5.02717E-07  0.00000E+00  1.0E-07
  1.095E+02  6.66903E-01  1.38162E-23  4.93384E-07  0.00000E+00  1.0E-07
  1.100E+02  6.71010E-01  1.35591E-23  4.84204E-07  0.00000E+00  1.0E-07
  1.105E+02  6.75104E-01  1.33062E-23  4.75171E-07  0.00000E+00  1.0E-07
  1.110E+02  6.79184E-01  1.30573E-23  4.66285E-07  0.00000E+00  1.0E-07
  1.115E+02  6.83251E-01  1.28125E-23  4.57542E-07  0.00000E+00  1.0E-07
  1.120E+02  6.87303E-01  1.25716E-23  4.48940E-07  0.00000E+00  1.0E-07
  1.125E+02  6.91342E-01  1.23346E-23  4.40475E-07  0.00000E+00  1.0E-07
  1.130E+02  6.95366E-01  1.21013E-23  4.32146E-07  0.00000E+00  1.0E-07
  1.135E+02  6.99375E-01  1.18718E-23  4.23950E-07  0.00000E+00  1.0E-07
  1.140E+02  7.03368E-01  1.16459E-23  4.15884E-07  0.00000E+00  1.0E-07
  1.145E+02  7.07347E-01  1.14237E-23  4.07946E-07  0.00000E+00  1.0E-07
  1.150E+02  7.11309E-01  1.12049E-23  4.00134E-07  0.00000E+00  1.0E-07
  1.155E+02  7.15256E-01  1.09896E-23  3.92446E-07  0.00000E+00  1.0E-07
  1.160E+02  7.19186E-01  1.07777E-23  3.84880E-07  0.00000E+00  1.0E-07
  1.165E+02  7.23099E-01  1.05692E-23  3.77433E-07  0.00000E+00  1.0E-07
  1.170E+02  7.26995E-01  1.03640E-23  3.70104E-07  0.00000E+00  1.0E-07
  1.175E+02  7.30874E-01  1.01619E-23  3.62889E-07  0.00000E+00  1.0E-07
  1.180E+02  7.34736E-01  9.96310E-24  3.55789E-07  0.00000E+00  1.0E-07
  1.185E+02  7.38579E-01  9.76737E-24  3.48799E-07  0.00000E+00  1.0E-07
  1.190E+02  7.42405E-01  9.57472E-24  3.41920E-07  0.00000E+00  1.0E-07
  1.195E+02  7.46212E-01  9.38509E-24  3.35147E-07  0.00000E+00  1.0E-07
  1.200E+02  7.50000E-01  9.19842E-24  3.28481E-07  0.00000E+00  1.0E-07
  1.205E+02  7.53769E-01  9.01467E-24  3.21920E-07  0.00000E+00  1.0E-07
  1.210E+02  7.57519E-01  8.83379E-24  3.15460E-07  0.00000E+00  1.0E-07
  1.215E+02  7.61249E-01  8.65573E-24  3.09102E-07  0.00000E+00  1.0E-07
  1.220E+02  7.64960E-01  8.48045E-24  3.02843E-07  0.00000E+00  1.0E-07
  1.225E+02  7.68650E-01  8.30791E-24  2.96681E-07  0.00000E+00  1.0E-07
  1.230E+02  7.72320E-01  8.13807E-24  2.90616E-07  0.00000E+00  1.0E-07
  1.235E+02  7.75968E-01  7.97087E-24  2.84645E-07  0.00000E+00  1.0E-07
  1.240E+02  7.79596E-01  7.80628E-24  2.78767E-07  0.00000E+00  1.0E-07
  1.245E+02  7.83203E-01  7.64426E-24  2.72981E-07  0.00000E+00  1.0E-07
  1.250E+02  7.86788E-01  7.48477E-24  2.67286E-07  0.00000E+00  1.0E-07
  1.255E+02  7.90351E-01  7.32776E-24  2.61679E-07  0.00000E+00  1.0E-07
  1.260E+02  7.93893E-01  7.17321E-24  2.56160E-07  0.00000E+00  1.0E-07
  1.265E+02  7.97411E-01  7.02108E-24  2.50727E-07  0.00000E+00  1.0E-07
  1.270E+02  8.00908E-01  6.87132E-24  2.45379E-07  0.00000E+00  1.0E-07
  1.275E+02  8.04381E-01  6.72391E-24  2.40115E-07  0.00000E+00  1.0E-07
  1.280E+02  8.07831E-01  6.57881E-24  2.34934E-07  0.00000E+00  1.0E-07
  1.285E+02  8.11257E-01  6.43599E-24  2.29833E-07  0.00000E+00  1.0E-07
  1.290E+02  8.14660E-01  6.29540E-24  2.24813E-07  0.00000E+00  1.0E-07
  1.295E+02  8.18039E-01  6.15703E-24  2.19872E-07  0.00000E+00  1.0E-07
  1.300E+02  8.21394E-01  6.02084E-24  2.15008E-07  0.00000E+00  1.0E-07
  1.305E+02  8.24724E-01  5.88680E-24  2.10222E-07  0.00000E+00  1.0E-07
  1.310E+02  8.28030E-01  5.75488E-24  2.05511E-07  0.00000E+00  1.0E-07
  1.315E+02  8.31310E-01  5.62505E-24  2.00874E-07  0.00000E+00  1.0E-07
  1.320E+02  8.34565E-01  5.49729E-24  1.96312E-07  0.00000E+00  1.0E-07
  1.325E+02  8.37795E-01  5.37155E-24  1.91822E-07  0.00000E+00  1.0E-07
  1.330E+02  8.40999E-01  5.24783E-24  1.87403E-07  0.00000E+00  1.0E-07
  1.335E+02  8.44177E-01  5.12608E-24  1.83056E-07  0.00000E+00  1.0E-07
  1.340E+02  8.47329E-01  5.00629E-24  1.78778E-07  0.00000E+00  1.0E-07
  1.345E+02  8.50455E-01  4.88842E-24  1.74569E-07  0.00000E+00  1.0E-07
  1.350E+02  8.53553E-01  4.77246E-24  1.70427E-07  0.00000E+00  1.0E-07
  1.355E+02  8.56625E-01  4.65837E-24  1.66353E-07  0.00000E+00  1.0E-07
  1.360E+02  8.59670E-01  4.54614E-24  1.62346E-07  0.00000E+00  1.0E-07
  1.365E+02  8.62687E-01  4.43574E-24  1.58403E-07  0.00000E+00  1.0E-07
  1.370E+02  8.65677E-01  4.32715E-24  1.54525E-07  0.00000E+00  1.0E-07
  1.375E+02  8.68639E-01  4.22034E-24  1.50711E-07  0.00000E+00  1.0E-07
  1.380E+02  8.71572E-01  4.11530E-24  1.46960E-07  0.00000E+00  1.0E-07
  1.385E+02  8.74478E-01  4.01200E-24  1.43271E-07  0.00000E+00  1.0E-07
  1.390E+02  8.77355E-01  3.91042E-24  1.39643E-07  0.00000E+00  1.0E-07
  1.395E+02  8.80203E-01  3.81054E-24  1.36077E-07  0.00000E+00  1.0E-07
  1.400E+02  8.83022E-01  3.71234E-24  1.32570E-07  0.00000E+00  1.0E-07
  1.405E+02  8.85812E-01  3.61580E-24  1.29123E-07  0.00000E+00  1.0E-07
  1.410E+02  8.88573E-01  3.52091E-24  1.25734E-07  0.00000E+00  1.0E-07
  1.415E+02  8.91304E-01  3.42764E-24  1.22403E-07  0.00000E+00  1.0E-07
  1.420E+02  8.94005E-01  3.33597E-24  1.19130E-07  0.00000E+00  1.0E-07
  1.425E+02  8.96677E-01  3.24590E-24  1.15913E-07  0.00000E+00  1.0E-07
  1.430E+02  8.99318E-01  3.15739E-24  1.12752E-07  0.00000E+00  1.0E-07
  1.435E+02  9.01928E-01  3.07043E-24  1.09647E-07  0.00000E+00  1.0E-07
  1.440E+02  9.04508E-01  2.98501E-24  1.06597E-07  0.00000E+00  1.0E-07
  1.445E+02  9.07058E-01  2.90111E-24  1.03600E-07  0.00000E+00  1.0E-07
  1.450E+02  9.09576E-01  2.81871E-24  1.00658E-07  0.00000E+00  1.0E-07
  1.455E+02  9.12063E-01  2.73780E-24  9.77686E-08  0.00000E+00  1.0E-07
  1.460E+02  9.14519E-01  2.65836E-24  9.49318E-08  0.00000E+00  1.0E-07
  1.465E+02  9.16943E-01  2.58038E-24  9.21471E-08  0.00000E+00  1.0E-07
  1.470E+02  9.19335E-01  2.50384E-24  8.94139E-08  0.00000E+00  1.0E-07
  1.475E+02  9.21696E-01  2.42874E-24  8.67317E-08  0.00000E+00  1.0E-07
  1.480E+02  9.24024E-01  2.35504E-24  8.41001E-08  0.00000E+00  1.0E-07
  1.485E+02  9.26320E-01  2.28275E-24  8.15184E-08  0.00000E+00  1.0E-07
  1.490E+02  9.28584E-01  2.21184E-24  7.89864E-08  0.00000E+00  1.0E-07
  1.495E+02  9.30815E-01  2.14231E-24  7.65034E-08  0.00000E+00  1.0E-07
  1.500E+02  9.33013E-01  2.07415E-24  7.40691E-08  0.00000E+00  1.0E-07
  1.505E+02  9.35178E-01  2.00733E-24  7.16829E-08  0.00000E+00  1.0E-07
  1.510E+02  9.37310E-01  1.94185E-24  6.93446E-08  0.00000E+00  1.0E-07
  1.515E+02  9.39409E-01  1.87769E-24  6.70536E-08  0.00000E+00  1.0E-07
  1.520E+02  9.41474E-01  1.81485E-24  6.48095E-08  0.00000E+00  1.0E-07
  1.525E+02  9.43505E-01  1.75331E-24  6.26119E-08  0.00000E+00  1.0E-07
  1.530E+02  9.45503E-01  1.69307E-24  6.04605E-08  0.00000E+00  1.0E-07
  1.535E+02  9.47467E-01  1.63410E-24  5.83549E-08  0.00000E+00  1.0E-07
  1.540E+02  9.49397E-01  1.57641E-24  5.62946E-08  0.00000E+00  1.0E-07
  1.545E+02  9.51293E-01  1.51998E-24  5.42794E-08  0.00000E+00  1.0E-07
  1.550E+02  9.53154E-01  1.46480E-24  5.23088E-08  0.00000E+00  1.0E-07
  1.555E+02  9.54981E-01  1.41085E-24  5.03825E-08  0.00000E+00  1.0E-07
  1.560E+02  9.56773E-01  1.35815E-24  4.85003E-08  0.00000E+00  1.0E-07
  1.565E+02  9.58530E-01  1.30666E-24  4.66616E-08  0.00000E+00  1.0E-07
  1.570E+02  9.60252E-01  1.25639E-24  4.48664E-08  0.00000E+00  1.0E-07
  1.575E+02  9.61940E-01  1.20732E-24  4.31141E-08  0.00000E+00  1.0E-07
  1.580E+02  9.63592E-01  1.15945E-24  4.14046E-08  0.00000E+00  1.0E-07
  1.585E+02  9.65209E-01  1.11276E-24  3.97375E-08  0.00000E+00  1.0E-07
  1.590E+02  9.66790E-01  1.06726E-24  3.81126E-08  0.00000E+00  1.0E-07
  1.595E+02  9.68336E-01  1.02293E-24  3.65295E-08  0.00000E+00  1.0E-07
  1.600E+02  9.69846E-01  9.79764E-25  3.49880E-08  0.00000E+00  1.0E-07
  1.605E+02  9.71321E-01  9.37756E-25  3.34879E-08  0.00000E+00  1.0E-07
  1.610E+02  9.72759E-01  8.96898E-25  3.20288E-08  0.00000E+00  1.0E-07
  1.615E+02  9.74162E-01  8.57183E-25  3.06106E-08  0.00000E+00  1.0E-07
  1.620E+02  9.75528E-01  8.18606E-25  2.92329E-08  0.00000E+00  1.0E-07
  1.625E+02  9.76858E-01  7.81158E-25  2.78957E-08  0.00000E+00  1.0E-07
  1.630E+02  9.78152E-01  7.44835E-25  2.65985E-08  0.00000E+00  1.0E-07
  1.635E+02  9.79410E-01  7.09629E-25  2.53413E-08  0.00000E+00  1.0E-07
  1.640E+02  9.80631E-01  6.75535E-25  2.41238E-08  0.00000E+00  1.0E-07
  1.645E+02  9.81815E-01  6.42548E-25  2.29458E-08  0.00000E+00  1.0E-07
  1.650E+02  9.82963E-01  6.10662E-25  2.18071E-08  0.00000E+00  1.0E-07
  1.655E+02  9.84074E-01  5.79871E-25  2.07076E-08  0.00000E+00  1.0E-07
  1.660E+02  9.85148E-01  5.50170E-25  1.96469E-08  0.00000E+00  1.0E-07
  1.665E+02  9.86185E-01  5.21556E-25  1.86251E-08  0.00000E+00  1.0E-07
  1.670E+02  9.87185E-01  4.94021E-25  1.76418E-08  0.00000E+00  1.0E-07
  1.675E+02  9.88148E-01  4.67563E-25  1.66970E-08  0.00000E+00  1.0E-07
  1.680E+02  9.89074E-01  4.42177E-25  1.57904E-08  0.00000E+00  1.0E-07
  1.685E+02  9.89962E-01  4.17859E-25  1.49220E-08  0.00000E+00  1.0E-07
  1.690E+02  9.90814E-01  3.94604E-25  1.40916E-08  0.00000E+00  1.0E-07
  1.695E+02  9.91627E-01  3.72410E-25  1.32990E-08  0.00000E+00  1.0E-07
  1.700E+02  9.92404E-01  3.51271E-25  1.25441E-08  0.00000E+00  1.0E-07
  1.705E+02  9.93143E-01  3.31185E-25  1.18268E-08  0.00000E+00  1.0E-07
  1.710E+02  9.93844E-01  3.12149E-25  1.11471E-08  0.00000E+00  1.0E-07
  1.715E+02  9.94508E-01  2.94160E-25  1.05046E-08  0.00000E+00  1.0E-07
  1.720E+02  9.95134E-01  2.77213E-25  9.89947E-09  0.00000E+00  1.0E-07
  1.725E+02  9.95722E-01  2.61308E-25  9.33148E-09  0.00000E+00  1.0E-07
  1.730E+02  9.96273E-01  2.46441E-25  8.80056E-09  0.00000E+00  1.0E-07
  1.735E+02  9.96786E-01  2.32609E-25  8.30662E-09  0.00000E+00  1.0E-07
  1.740E+02  9.97261E-01  2.19811E-25  7.84960E-09  0.00000E+00  1.0E-07
  1.745E+02  9.97698E-01  2.08045E-25  7.42941E-09  0.00000E+00  1.0E-07
  1.750E+02  9.98097E-01  1.97308E-25  7.04598E-09  0.00000E+00  1.0E-07
  1.755E+02  9.98459E-01  1.87598E-25  6.69926E-09  0.00000E+00  1.0E-07
  1.760E+02  9.98782E-01  1.78915E-25  6.38918E-09  0.00000E+00  1.0E-07
  1.765E+02  9.99067E-01  1.71257E-25  6.11570E-09  0.00000E+00  1.0E-07
  1.770E+02  9.99315E-01  1.64623E-25  5.87878E-09  0.00000E+00  1.0E-07
  1.775E+02  9.99524E-01  1.59010E-25  5.67837E-09  0.00000E+00  1.0E-07
  1.780E+02  9.99695E-01  1.54420E-25  5.51444E-09  0.00000E+00  1.0E-07
  1.785E+02  9.99829E-01  1.50850E-25  5.38697E-09  0.00000E+00  1.0E-07
  1.790E+02  9.99924E-01  1.48301E-25  5.29593E-09  0.00000E+00  1.0E-07
  1.795E+02  9.99981E-01  1.46772E-25  5.24131E-09  0.00000E+00  1.0E-07
  1.800E+02  1.00000E+00  1.46262E-25  5.22311E-09  0.00000E+00  1.0E-07
