 #
 # Subroutine ELSEPA. Elastic scattering of electrons and positrons
 #                    by neutral atoms and positive ions
 #
 # Projectile: electron
 # Kinetic energy = 3.70000E+06 eV = 1.35973E+05 a.u.
 #
 # WARNING: High-energy factorization with free-atom DF screening.
 #          Absorption, polarization and exchange corrections are
 #          switched off.
 #          Phase shifts are calculated for the bare nucleus.
 #          Scattering amplitudes are not evaluated.
 #
 # Element: Cf,  Z =  98,  atomic weight = 2.51000E+02 g/mol
 #
 # Nuclear model: Fermi distribution
 #                Average radius = 6.74955E-13 cm
 #                Skin thickness = 5.46000E-14 cm
 #
 # Number of electrons = 98
 #
 # Total elastic cross section = 1.16329E-17 cm**2 = 4.15420E-01 a0**2
 # 1st transport cross section = 9.19555E-22 cm**2 = 3.28379E-05 a0**2
 # 2nd transport cross section = 2.35913E-21 cm**2 = 8.42459E-05 a0**2
 #
 #
 # Differential cross section:                       MU=(1-COS(THETA))/2
 #
 #  THETA        MU          DCS          DCS        Sherman      error
 #  (deg)                 (cm**2/sr)   (a0**2/sr)    function
 #----------------------------------------------------------------------
  0.000E+00  0.00000E+00  1.76174E-12  6.29129E+04  0.00000E+00  1.0E-05
  1.000E-04  7.61557E-13  1.76173E-12  6.29125E+04  0.00000E+00  1.0E-05
  1.250E-04  1.18994E-12  1.76172E-12  6.29123E+04  0.00000E+00  1.0E-05
  1.500E-04  1.71346E-12  1.76172E-12  6.29120E+04  0.00000E+00  1.0E-05
  1.750E-04  2.33225E-12  1.76171E-12  6.29117E+04  0.00000E+00  1.0E-05
  2.000E-04  3.04617E-12  1.76170E-12  6.29113E+04  0.00000E+00  1.0E-05
  2.250E-04  3.85530E-12  1.76168E-12  6.29109E+04  0.00000E+00  1.0E-05
  2.500E-04  4.75964E-12  1.76167E-12  6.29104E+04  0.00000E+00  1.0E-05
  2.750E-04  5.75917E-12  1.76166E-12  6.29099E+04  0.00000E+00  1.0E-05
  3.000E-04  6.85391E-12  1.76164E-12  6.29093E+04  0.00000E+00  1.0E-05
  3.250E-04  8.04379E-12  1.76162E-12  6.29087E+04  0.00000E+00  1.0E-05
  3.500E-04  9.32893E-12  1.76160E-12  6.29080E+04  0.00000E+00  1.0E-05
  3.750E-04  1.07092E-11  1.76158E-12  6.29073E+04  0.00000E+00  1.0E-05
  4.000E-04  1.21847E-11  1.76156E-12  6.29065E+04  0.00000E+00  1.0E-05
  4.250E-04  1.37554E-11  1.76154E-12  6.29056E+04  0.00000E+00  1.0E-05
  4.500E-04  1.54213E-11  1.76151E-12  6.29048E+04  0.00000E+00  1.0E-05
  4.750E-04  1.71823E-11  1.76149E-12  6.29038E+04  0.00000E+00  1.0E-05
  5.000E-04  1.90386E-11  1.76146E-12  6.29028E+04  0.00000E+00  1.0E-05
  5.250E-04  2.09900E-11  1.76143E-12  6.29018E+04  0.00000E+00  1.0E-05
  5.500E-04  2.30367E-11  1.76140E-12  6.29007E+04  0.00000E+00  1.0E-05
  5.750E-04  2.51785E-11  1.76137E-12  6.28996E+04  0.00000E+00  1.0E-05
  6.000E-04  2.74156E-11  1.76133E-12  6.28984E+04  0.00000E+00  1.0E-05
  6.250E-04  2.97478E-11  1.76130E-12  6.28972E+04  0.00000E+00  1.0E-05
  6.500E-04  3.21752E-11  1.76126E-12  6.28959E+04  0.00000E+00  1.0E-05
  6.750E-04  3.46979E-11  1.76123E-12  6.28945E+04  0.00000E+00  1.0E-05
  7.000E-04  3.73157E-11  1.76119E-12  6.28931E+04  0.00000E+00  1.0E-05
  7.250E-04  4.00286E-11  1.76115E-12  6.28917E+04  0.00000E+00  1.0E-05
  7.500E-04  4.28368E-11  1.76111E-12  6.28902E+04  0.00000E+00  1.0E-05
  7.750E-04  4.57402E-11  1.76106E-12  6.28887E+04  0.00000E+00  1.0E-05
  8.000E-04  4.87388E-11  1.76102E-12  6.28871E+04  0.00000E+00  1.0E-05
  8.250E-04  5.18325E-11  1.76097E-12  6.28854E+04  0.00000E+00  1.0E-05
  8.500E-04  5.50215E-11  1.76092E-12  6.28837E+04  0.00000E+00  1.0E-05
  8.750E-04  5.83057E-11  1.76088E-12  6.28820E+04  0.00000E+00  1.0E-05
  9.000E-04  6.16850E-11  1.76083E-12  6.28802E+04  0.00000E+00  1.0E-05
  9.250E-04  6.51595E-11  1.76077E-12  6.28784E+04  0.00000E+00  1.0E-05
  9.500E-04  6.87293E-11  1.76072E-12  6.28765E+04  0.00000E+00  1.0E-05
  9.750E-04  7.23943E-11  1.76067E-12  6.28745E+04  0.00000E+00  1.0E-05
  1.000E-03  7.61544E-11  1.76061E-12  6.28725E+04  0.00000E+00  1.0E-05
  1.250E-03  1.18991E-10  1.75997E-12  6.28498E+04  0.00000E+00  1.0E-05
  1.500E-03  1.71347E-10  1.75920E-12  6.28221E+04  0.00000E+00  1.0E-05
  1.750E-03  2.33223E-10  1.75828E-12  6.27893E+04  0.00000E+00  1.0E-05
  2.000E-03  3.04617E-10  1.75722E-12  6.27515E+04  0.00000E+00  1.0E-05
  2.250E-03  3.85531E-10  1.75602E-12  6.27087E+04  0.00000E+00  1.0E-05
  2.500E-03  4.75965E-10  1.75469E-12  6.26609E+04  0.00000E+00  1.0E-05
  2.750E-03  5.75917E-10  1.75321E-12  6.26082E+04  0.00000E+00  1.0E-05
  3.000E-03  6.85389E-10  1.75160E-12  6.25506E+04  0.00000E+00  1.0E-05
  3.250E-03  8.04380E-10  1.74984E-12  6.24881E+04  0.00000E+00  1.0E-05
  3.500E-03  9.32891E-10  1.74796E-12  6.24206E+04  0.00000E+00  1.0E-05
  3.750E-03  1.07092E-09  1.74593E-12  6.23484E+04  0.00000E+00  1.0E-05
  4.000E-03  1.21847E-09  1.74377E-12  6.22713E+04  0.00000E+00  1.0E-05
  4.250E-03  1.37554E-09  1.74148E-12  6.21894E+04  0.00000E+00  1.0E-05
  4.500E-03  1.54213E-09  1.73905E-12  6.21028E+04  0.00000E+00  1.0E-05
  4.750E-03  1.71823E-09  1.73650E-12  6.20114E+04  0.00000E+00  1.0E-05
  5.000E-03  1.90386E-09  1.73381E-12  6.19154E+04  0.00000E+00  1.0E-05
  5.250E-03  2.09900E-09  1.73099E-12  6.18148E+04  0.00000E+00  1.0E-05
  5.500E-03  2.30367E-09  1.72804E-12  6.17095E+04  0.00000E+00  1.0E-05
  5.750E-03  2.51785E-09  1.72497E-12  6.15998E+04  0.00000E+00  1.0E-05
  6.000E-03  2.74156E-09  1.72177E-12  6.14855E+04  0.00000E+00  1.0E-05
  6.250E-03  2.97478E-09  1.71844E-12  6.13667E+04  0.00000E+00  1.0E-05
  6.500E-03  3.21752E-09  1.71500E-12  6.12436E+04  0.00000E+00  1.0E-05
  6.750E-03  3.46978E-09  1.71143E-12  6.11161E+04  0.00000E+00  1.0E-05
  7.000E-03  3.73156E-09  1.70773E-12  6.09843E+04  0.00000E+00  1.0E-05
  7.250E-03  4.00286E-09  1.70393E-12  6.08483E+04  0.00000E+00  1.0E-05
  7.500E-03  4.28368E-09  1.70000E-12  6.07081E+04  0.00000E+00  1.0E-05
  7.750E-03  4.57402E-09  1.69596E-12  6.05637E+04  0.00000E+00  1.0E-05
  8.000E-03  4.87388E-09  1.69180E-12  6.04153E+04  0.00000E+00  1.0E-05
  8.250E-03  5.18326E-09  1.68753E-12  6.02628E+04  0.00000E+00  1.0E-05
  8.500E-03  5.50215E-09  1.68315E-12  6.01064E+04  0.00000E+00  1.0E-05
  8.750E-03  5.83057E-09  1.67866E-12  5.99461E+04  0.00000E+00  1.0E-05
  9.000E-03  6.16850E-09  1.67407E-12  5.97820E+04  0.00000E+00  1.0E-05
  9.250E-03  6.51596E-09  1.66936E-12  5.96140E+04  0.00000E+00  1.0E-05
  9.500E-03  6.87293E-09  1.66456E-12  5.94424E+04  0.00000E+00  1.0E-05
  9.750E-03  7.23942E-09  1.65965E-12  5.92672E+04  0.00000E+00  1.0E-05
  1.000E-02  7.61544E-09  1.65464E-12  5.90884E+04  0.00000E+00  1.0E-05
  1.250E-02  1.18991E-08  1.59951E-12  5.71195E+04  0.00000E+00  1.0E-05
  1.500E-02  1.71347E-08  1.53668E-12  5.48759E+04  0.00000E+00  1.0E-05
  1.750E-02  2.33223E-08  1.46808E-12  5.24260E+04  0.00000E+00  1.0E-05
  2.000E-02  3.04617E-08  1.39574E-12  4.98426E+04  0.00000E+00  1.0E-05
  2.250E-02  3.85531E-08  1.32166E-12  4.71974E+04  0.00000E+00  1.0E-05
  2.500E-02  4.75965E-08  1.24746E-12  4.45476E+04  0.00000E+00  1.0E-05
  2.750E-02  5.75917E-08  1.17436E-12  4.19371E+04  0.00000E+00  1.0E-05
  3.000E-02  6.85389E-08  1.10340E-12  3.94032E+04  0.00000E+00  1.0E-05
  3.250E-02  8.04380E-08  1.03549E-12  3.69782E+04  0.00000E+00  1.0E-05
  3.500E-02  9.32891E-08  9.71189E-13  3.46818E+04  0.00000E+00  1.0E-05
  3.750E-02  1.07092E-07  9.10632E-13  3.25193E+04  0.00000E+00  1.0E-05
  4.000E-02  1.21847E-07  8.53975E-13  3.04960E+04  0.00000E+00  1.0E-05
  4.250E-02  1.37554E-07  8.01272E-13  2.86139E+04  0.00000E+00  1.0E-05
  4.500E-02  1.54213E-07  7.52469E-13  2.68711E+04  0.00000E+00  1.0E-05
  4.750E-02  1.71823E-07  7.07275E-13  2.52572E+04  0.00000E+00  1.0E-05
  5.000E-02  1.90386E-07  6.65503E-13  2.37655E+04  0.00000E+00  1.0E-05
  5.250E-02  2.09900E-07  6.26939E-13  2.23884E+04  0.00000E+00  1.0E-05
  5.500E-02  2.30367E-07  5.91309E-13  2.11160E+04  0.00000E+00  1.0E-05
  5.750E-02  2.51785E-07  5.58359E-13  1.99394E+04  0.00000E+00  1.0E-05
  6.000E-02  2.74156E-07  5.27875E-13  1.88507E+04  0.00000E+00  1.0E-05
  6.250E-02  2.97478E-07  4.99649E-13  1.78428E+04  0.00000E+00  1.0E-05
  6.500E-02  3.21752E-07  4.73387E-13  1.69049E+04  0.00000E+00  1.0E-05
  6.750E-02  3.46978E-07  4.48951E-13  1.60323E+04  0.00000E+00  1.0E-05
  7.000E-02  3.73156E-07  4.26203E-13  1.52200E+04  0.00000E+00  1.0E-05
  7.250E-02  4.00286E-07  4.04994E-13  1.44626E+04  0.00000E+00  1.0E-05
  7.500E-02  4.28368E-07  3.85101E-13  1.37522E+04  0.00000E+00  1.0E-05
  7.750E-02  4.57402E-07  3.66430E-13  1.30854E+04  0.00000E+00  1.0E-05
  8.000E-02  4.87388E-07  3.48928E-13  1.24604E+04  0.00000E+00  1.0E-05
  8.250E-02  5.18325E-07  3.32499E-13  1.18738E+04  0.00000E+00  1.0E-05
  8.500E-02  5.50215E-07  3.16999E-13  1.13202E+04  0.00000E+00  1.0E-05
  8.750E-02  5.83057E-07  3.02330E-13  1.07964E+04  0.00000E+00  1.0E-05
  9.000E-02  6.16850E-07  2.88504E-13  1.03027E+04  0.00000E+00  1.0E-05
  9.250E-02  6.51596E-07  2.75461E-13  9.83688E+03  0.00000E+00  1.0E-05
  9.500E-02  6.87293E-07  2.63114E-13  9.39597E+03  0.00000E+00  1.0E-05
  9.750E-02  7.23942E-07  2.51353E-13  8.97596E+03  0.00000E+00  1.0E-05
  1.000E-01  7.61543E-07  2.40227E-13  8.57866E+03  0.00000E+00  1.0E-05
  1.250E-01  1.18991E-06  1.55345E-13  5.54748E+03  0.00000E+00  1.0E-05
  1.500E-01  1.71347E-06  1.01767E-13  3.63417E+03  0.00000E+00  1.0E-05
  1.750E-01  2.33223E-06  6.99036E-14  2.49630E+03  0.00000E+00  1.0E-05
  2.000E-01  3.04617E-06  4.94256E-14  1.76502E+03  0.00000E+00  1.0E-05
  2.250E-01  3.85531E-06  3.56671E-14  1.27370E+03  0.00000E+00  1.0E-05
  2.500E-01  4.75964E-06  2.63658E-14  9.41538E+02  0.00000E+00  1.0E-05
  2.750E-01  5.75916E-06  1.99575E-14  7.12697E+02  0.00000E+00  1.0E-05
  3.000E-01  6.85388E-06  1.54100E-14  5.50302E+02  0.00000E+00  1.0E-05
  3.250E-01  8.04378E-06  1.20839E-14  4.31525E+02  0.00000E+00  1.0E-05
  3.500E-01  9.32888E-06  9.60827E-15  3.43118E+02  0.00000E+00  1.0E-05
  3.750E-01  1.07092E-05  7.75172E-15  2.76819E+02  0.00000E+00  1.0E-05
  4.000E-01  1.21846E-05  6.33394E-15  2.26189E+02  0.00000E+00  1.0E-05
  4.250E-01  1.37553E-05  5.23198E-15  1.86837E+02  0.00000E+00  1.0E-05
  4.500E-01  1.54212E-05  4.36012E-15  1.55703E+02  0.00000E+00  1.0E-05
  4.750E-01  1.71822E-05  3.66799E-15  1.30986E+02  0.00000E+00  1.0E-05
  5.000E-01  1.90385E-05  3.10910E-15  1.11028E+02  0.00000E+00  1.0E-05
  5.250E-01  2.09899E-05  2.65944E-15  9.49702E+01  0.00000E+00  1.0E-05
  5.500E-01  2.30365E-05  2.28626E-15  8.16438E+01  0.00000E+00  1.0E-05
  5.750E-01  2.51783E-05  1.97674E-15  7.05908E+01  0.00000E+00  1.0E-05
  6.000E-01  2.74153E-05  1.71804E-15  6.13523E+01  0.00000E+00  1.0E-05
  6.250E-01  2.97475E-05  1.50050E-15  5.35840E+01  0.00000E+00  1.0E-05
  6.500E-01  3.21749E-05  1.31624E-15  4.70038E+01  0.00000E+00  1.0E-05
  6.750E-01  3.46974E-05  1.15851E-15  4.13710E+01  0.00000E+00  1.0E-05
  7.000E-01  3.73152E-05  1.02373E-15  3.65581E+01  0.00000E+00  1.0E-05
  7.250E-01  4.00281E-05  9.08296E-16  3.24358E+01  0.00000E+00  1.0E-05
  7.500E-01  4.28362E-05  8.08644E-16  2.88772E+01  0.00000E+00  1.0E-05
  7.750E-01  4.57395E-05  7.22351E-16  2.57956E+01  0.00000E+00  1.0E-05
  8.000E-01  4.87380E-05  6.47398E-16  2.31190E+01  0.00000E+00  1.0E-05
  8.250E-01  5.18317E-05  5.81999E-16  2.07836E+01  0.00000E+00  1.0E-05
  8.500E-01  5.50205E-05  5.24604E-16  1.87339E+01  0.00000E+00  1.0E-05
  8.750E-01  5.83045E-05  4.74046E-16  1.69285E+01  0.00000E+00  1.0E-05
  9.000E-01  6.16838E-05  4.29490E-16  1.53374E+01  0.00000E+00  1.0E-05
  9.250E-01  6.51582E-05  3.90098E-16  1.39306E+01  0.00000E+00  1.0E-05
  9.500E-01  6.87277E-05  3.55138E-16  1.26822E+01  0.00000E+00  1.0E-05
  9.750E-01  7.23925E-05  3.23987E-16  1.15698E+01  0.00000E+00  1.0E-05
  1.000E+00  7.61524E-05  2.96228E-16  1.05785E+01  0.00000E+00  1.3E-05
  1.100E+00  9.21439E-05  2.11207E-16  7.54235E+00  0.00000E+00  1.0E-05
  1.200E+00  1.09658E-04  1.54782E-16  5.52735E+00  0.00000E+00  5.5E-06
  1.300E+00  1.28695E-04  1.16023E-16  4.14326E+00  0.00000E+00  1.1E-06
  1.400E+00  1.49255E-04  8.86021E-17  3.16404E+00  0.00000E+00  2.1E-06
  1.500E+00  1.71338E-04  6.88888E-17  2.46006E+00  0.00000E+00  3.8E-06
  1.600E+00  1.94942E-04  5.43931E-17  1.94241E+00  0.00000E+00  4.1E-06
  1.700E+00  2.20070E-04  4.35272E-17  1.55439E+00  0.00000E+00  3.3E-06
  1.800E+00  2.46720E-04  3.52402E-17  1.25845E+00  0.00000E+00  1.9E-06
  1.900E+00  2.74892E-04  2.88573E-17  1.03051E+00  0.00000E+00  3.1E-07
  2.000E+00  3.04586E-04  2.38702E-17  8.52420E-01  0.00000E+00  9.7E-07
  2.100E+00  3.35803E-04  1.99259E-17  7.11566E-01  0.00000E+00  1.7E-06
  2.200E+00  3.68542E-04  1.67618E-17  5.98574E-01  0.00000E+00  1.9E-06
  2.300E+00  4.02802E-04  1.42070E-17  5.07342E-01  0.00000E+00  1.5E-06
  2.400E+00  4.38585E-04  1.21243E-17  4.32966E-01  0.00000E+00  8.5E-07
  2.500E+00  4.75889E-04  1.04111E-17  3.71786E-01  0.00000E+00  1.0E-07
  2.600E+00  5.14715E-04  8.98831E-18  3.20978E-01  0.00000E+00  5.5E-07
  2.700E+00  5.55063E-04  7.80033E-18  2.78555E-01  0.00000E+00  9.4E-07
  2.800E+00  5.96931E-04  6.80267E-18  2.42928E-01  0.00000E+00  1.0E-06
  2.900E+00  6.40321E-04  5.95962E-18  2.12822E-01  0.00000E+00  8.3E-07
  3.000E+00  6.85233E-04  5.24214E-18  1.87200E-01  0.00000E+00  4.5E-07
  3.100E+00  7.31665E-04  4.62907E-18  1.65307E-01  0.00000E+00  1.0E-07
  3.200E+00  7.79618E-04  4.10310E-18  1.46524E-01  0.00000E+00  3.6E-07
  3.300E+00  8.29092E-04  3.64981E-18  1.30337E-01  0.00000E+00  5.8E-07
  3.400E+00  8.80086E-04  3.25712E-18  1.16314E-01  0.00000E+00  6.3E-07
  3.500E+00  9.32601E-04  2.91569E-18  1.04121E-01  0.00000E+00  5.0E-07
  3.600E+00  9.86636E-04  2.61796E-18  9.34890E-02  0.00000E+00  2.6E-07
  3.700E+00  1.04219E-03  2.35735E-18  8.41824E-02  0.00000E+00  1.0E-07
  3.800E+00  1.09927E-03  2.12841E-18  7.60070E-02  0.00000E+00  2.5E-07
  3.900E+00  1.15786E-03  1.92654E-18  6.87981E-02  0.00000E+00  3.9E-07
  4.000E+00  1.21797E-03  1.74815E-18  6.24277E-02  0.00000E+00  4.2E-07
  4.100E+00  1.27961E-03  1.59004E-18  5.67812E-02  0.00000E+00  3.3E-07
  4.200E+00  1.34276E-03  1.44948E-18  5.17619E-02  0.00000E+00  1.6E-07
  4.300E+00  1.40743E-03  1.32410E-18  4.72843E-02  0.00000E+00  1.0E-07
  4.400E+00  1.47362E-03  1.21206E-18  4.32834E-02  0.00000E+00  1.9E-07
  4.500E+00  1.54133E-03  1.11170E-18  3.96994E-02  0.00000E+00  2.8E-07
  4.600E+00  1.61056E-03  1.02157E-18  3.64808E-02  0.00000E+00  2.9E-07
  4.700E+00  1.68131E-03  9.40393E-19  3.35820E-02  0.00000E+00  2.3E-07
  4.800E+00  1.75357E-03  8.67169E-19  3.09672E-02  0.00000E+00  1.1E-07
  4.900E+00  1.82735E-03  8.00976E-19  2.86034E-02  0.00000E+00  1.0E-07
  5.000E+00  1.90265E-03  7.41016E-19  2.64621E-02  0.00000E+00  1.4E-07
  5.100E+00  1.97947E-03  6.86574E-19  2.45180E-02  0.00000E+00  2.1E-07
  5.200E+00  2.05780E-03  6.37060E-19  2.27498E-02  0.00000E+00  2.1E-07
  5.300E+00  2.13765E-03  5.91955E-19  2.11391E-02  0.00000E+00  1.6E-07
  5.400E+00  2.21902E-03  5.50793E-19  1.96692E-02  0.00000E+00  1.0E-07
  5.500E+00  2.30190E-03  5.13157E-19  1.83252E-02  0.00000E+00  1.0E-07
  5.600E+00  2.38630E-03  4.78686E-19  1.70942E-02  0.00000E+00  1.1E-07
  5.700E+00  2.47222E-03  4.47077E-19  1.59654E-02  0.00000E+00  1.6E-07
  5.800E+00  2.55965E-03  4.18047E-19  1.49287E-02  0.00000E+00  1.6E-07
  5.900E+00  2.64859E-03  3.91342E-19  1.39751E-02  0.00000E+00  1.2E-07
  6.000E+00  2.73905E-03  3.66736E-19  1.30964E-02  0.00000E+00  1.0E-07
  6.100E+00  2.83103E-03  3.44043E-19  1.22860E-02  0.00000E+00  1.0E-07
  6.200E+00  2.92452E-03  3.23085E-19  1.15376E-02  0.00000E+00  1.0E-07
  6.300E+00  3.01952E-03  3.03705E-19  1.08455E-02  0.00000E+00  1.3E-07
  6.400E+00  3.11604E-03  2.85754E-19  1.02045E-02  0.00000E+00  1.2E-07
  6.500E+00  3.21407E-03  2.69115E-19  9.61029E-03  0.00000E+00  1.0E-07
  6.600E+00  3.31362E-03  2.53675E-19  9.05889E-03  0.00000E+00  1.0E-07
  6.700E+00  3.41468E-03  2.39330E-19  8.54663E-03  0.00000E+00  1.0E-07
  6.800E+00  3.51725E-03  2.25983E-19  8.07001E-03  0.00000E+00  1.0E-07
  6.900E+00  3.62133E-03  2.13557E-19  7.62626E-03  0.00000E+00  1.0E-07
  7.000E+00  3.72692E-03  2.01976E-19  7.21271E-03  0.00000E+00  1.0E-07
  7.100E+00  3.83403E-03  1.91173E-19  6.82691E-03  0.00000E+00  1.0E-07
  7.200E+00  3.94265E-03  1.81082E-19  6.46655E-03  0.00000E+00  1.0E-07
  7.300E+00  4.05278E-03  1.71649E-19  6.12970E-03  0.00000E+00  1.0E-07
  7.400E+00  4.16442E-03  1.62825E-19  5.81459E-03  0.00000E+00  1.0E-07
  7.500E+00  4.27757E-03  1.54563E-19  5.51953E-03  0.00000E+00  1.0E-07
  7.600E+00  4.39223E-03  1.46818E-19  5.24297E-03  0.00000E+00  1.0E-07
  7.700E+00  4.50840E-03  1.39553E-19  4.98355E-03  0.00000E+00  1.0E-07
  7.800E+00  4.62608E-03  1.32734E-19  4.74003E-03  0.00000E+00  1.0E-07
  7.900E+00  4.74527E-03  1.26328E-19  4.51126E-03  0.00000E+00  1.0E-07
  8.000E+00  4.86597E-03  1.20305E-19  4.29615E-03  0.00000E+00  1.0E-07
  8.100E+00  4.98817E-03  1.14636E-19  4.09373E-03  0.00000E+00  1.0E-07
  8.200E+00  5.11188E-03  1.09299E-19  3.90314E-03  0.00000E+00  1.0E-07
  8.300E+00  5.23711E-03  1.04270E-19  3.72356E-03  0.00000E+00  1.0E-07
  8.400E+00  5.36383E-03  9.95283E-20  3.55422E-03  0.00000E+00  1.0E-07
  8.500E+00  5.49207E-03  9.50531E-20  3.39441E-03  0.00000E+00  1.0E-07
  8.600E+00  5.62181E-03  9.08279E-20  3.24352E-03  0.00000E+00  1.0E-07
  8.700E+00  5.75306E-03  8.68359E-20  3.10097E-03  0.00000E+00  1.0E-07
  8.800E+00  5.88581E-03  8.30619E-20  2.96619E-03  0.00000E+00  1.0E-07
  8.900E+00  6.02007E-03  7.94908E-20  2.83867E-03  0.00000E+00  1.0E-07
  9.000E+00  6.15583E-03  7.61106E-20  2.71796E-03  0.00000E+00  1.0E-07
  9.100E+00  6.29310E-03  7.29092E-20  2.60364E-03  0.00000E+00  1.0E-07
  9.200E+00  6.43187E-03  6.98753E-20  2.49529E-03  0.00000E+00  1.0E-07
  9.300E+00  6.57214E-03  6.69979E-20  2.39254E-03  0.00000E+00  1.0E-07
  9.400E+00  6.71392E-03  6.42679E-20  2.29505E-03  0.00000E+00  1.0E-07
  9.500E+00  6.85720E-03  6.16763E-20  2.20250E-03  0.00000E+00  1.0E-07
  9.600E+00  7.00198E-03  5.92149E-20  2.11460E-03  0.00000E+00  1.0E-07
  9.700E+00  7.14827E-03  5.68756E-20  2.03107E-03  0.00000E+00  1.0E-07
  9.800E+00  7.29605E-03  5.46513E-20  1.95163E-03  0.00000E+00  1.0E-07
  9.900E+00  7.44534E-03  5.25354E-20  1.87607E-03  0.00000E+00  1.0E-07
  1.000E+01  7.59612E-03  5.05216E-20  1.80416E-03  0.00000E+00  1.0E-07
  1.025E+01  7.97965E-03  4.58961E-20  1.63898E-03  0.00000E+00  1.0E-07
  1.050E+01  8.37255E-03  4.17913E-20  1.49240E-03  0.00000E+00  1.0E-07
  1.075E+01  8.77480E-03  3.81386E-20  1.36195E-03  0.00000E+00  1.0E-07
  1.100E+01  9.18641E-03  3.48793E-20  1.24556E-03  0.00000E+00  1.0E-07
  1.125E+01  9.60736E-03  3.19638E-20  1.14145E-03  0.00000E+00  1.0E-07
  1.150E+01  1.00376E-02  2.93493E-20  1.04808E-03  0.00000E+00  1.0E-07
  1.175E+01  1.04773E-02  2.69993E-20  9.64163E-04  0.00000E+00  1.0E-07
  1.200E+01  1.09262E-02  2.48823E-20  8.88562E-04  0.00000E+00  1.0E-07
  1.225E+01  1.13844E-02  2.29709E-20  8.20307E-04  0.00000E+00  1.0E-07
  1.250E+01  1.18520E-02  2.12417E-20  7.58556E-04  0.00000E+00  1.0E-07
  1.275E+01  1.23288E-02  1.96742E-20  7.02580E-04  0.00000E+00  1.0E-07
  1.300E+01  1.28150E-02  1.82505E-20  6.51739E-04  0.00000E+00  1.0E-07
  1.325E+01  1.33104E-02  1.69550E-20  6.05473E-04  0.00000E+00  1.0E-07
  1.350E+01  1.38150E-02  1.57742E-20  5.63306E-04  0.00000E+00  1.0E-07
  1.375E+01  1.43290E-02  1.46959E-20  5.24800E-04  0.00000E+00  1.0E-07
  1.400E+01  1.48521E-02  1.37096E-20  4.89580E-04  0.00000E+00  1.0E-07
  1.425E+01  1.53845E-02  1.28062E-20  4.57317E-04  0.00000E+00  1.0E-07
  1.450E+01  1.59262E-02  1.19773E-20  4.27716E-04  0.00000E+00  1.0E-07
  1.475E+01  1.64770E-02  1.12156E-20  4.00515E-04  0.00000E+00  1.0E-07
  1.500E+01  1.70371E-02  1.05146E-20  3.75484E-04  0.00000E+00  1.0E-07
  1.525E+01  1.76063E-02  9.86870E-21  3.52418E-04  0.00000E+00  1.0E-07
  1.550E+01  1.81848E-02  9.27271E-21  3.31135E-04  0.00000E+00  1.0E-07
  1.575E+01  1.87724E-02  8.72203E-21  3.11469E-04  0.00000E+00  1.0E-07
  1.600E+01  1.93692E-02  8.21254E-21  2.93275E-04  0.00000E+00  1.0E-07
  1.625E+01  1.99751E-02  7.74062E-21  2.76423E-04  0.00000E+00  1.0E-07
  1.650E+01  2.05901E-02  7.30299E-21  2.60795E-04  0.00000E+00  1.0E-07
  1.675E+01  2.12143E-02  6.89666E-21  2.46284E-04  0.00000E+00  1.0E-07
  1.700E+01  2.18476E-02  6.51894E-21  2.32796E-04  0.00000E+00  1.0E-07
  1.725E+01  2.24900E-02  6.16747E-21  2.20244E-04  0.00000E+00  1.0E-07
  1.750E+01  2.31415E-02  5.84007E-21  2.08553E-04  0.00000E+00  1.0E-07
  1.775E+01  2.38021E-02  5.53478E-21  1.97651E-04  0.00000E+00  1.0E-07
  1.800E+01  2.44717E-02  5.24978E-21  1.87473E-04  0.00000E+00  1.0E-07
  1.825E+01  2.51504E-02  4.98349E-21  1.77964E-04  0.00000E+00  1.0E-07
  1.850E+01  2.58382E-02  4.73446E-21  1.69071E-04  0.00000E+00  1.0E-07
  1.875E+01  2.65349E-02  4.50134E-21  1.60746E-04  0.00000E+00  1.0E-07
  1.900E+01  2.72407E-02  4.28289E-21  1.52945E-04  0.00000E+00  1.0E-07
  1.925E+01  2.79555E-02  4.07803E-21  1.45629E-04  0.00000E+00  1.0E-07
  1.950E+01  2.86793E-02  3.88575E-21  1.38763E-04  0.00000E+00  1.0E-07
  1.975E+01  2.94120E-02  3.70513E-21  1.32312E-04  0.00000E+00  1.0E-07
  2.000E+01  3.01537E-02  3.53530E-21  1.26248E-04  0.00000E+00  1.0E-07
  2.025E+01  3.09043E-02  3.37550E-21  1.20541E-04  0.00000E+00  1.0E-07
  2.050E+01  3.16639E-02  3.22502E-21  1.15168E-04  0.00000E+00  1.0E-07
  2.075E+01  3.24324E-02  3.08322E-21  1.10104E-04  0.00000E+00  1.0E-07
  2.100E+01  3.32098E-02  2.94948E-21  1.05328E-04  0.00000E+00  1.0E-07
  2.125E+01  3.39961E-02  2.82326E-21  1.00820E-04  0.00000E+00  1.0E-07
  2.150E+01  3.47912E-02  2.70405E-21  9.65633E-05  0.00000E+00  1.0E-07
  2.175E+01  3.55952E-02  2.59138E-21  9.25398E-05  0.00000E+00  1.0E-07
  2.200E+01  3.64081E-02  2.48482E-21  8.87344E-05  0.00000E+00  1.0E-07
  2.225E+01  3.72297E-02  2.38397E-21  8.51330E-05  0.00000E+00  1.0E-07
  2.250E+01  3.80602E-02  2.28846E-21  8.17223E-05  0.00000E+00  1.0E-07
  2.275E+01  3.88995E-02  2.19795E-21  7.84903E-05  0.00000E+00  1.0E-07
  2.300E+01  3.97476E-02  2.11213E-21  7.54256E-05  0.00000E+00  1.0E-07
  2.325E+01  4.06044E-02  2.03070E-21  7.25176E-05  0.00000E+00  1.0E-07
  2.350E+01  4.14700E-02  1.95339E-21  6.97569E-05  0.00000E+00  1.0E-07
  2.375E+01  4.23443E-02  1.87996E-21  6.71344E-05  0.00000E+00  1.0E-07
  2.400E+01  4.32273E-02  1.81015E-21  6.46416E-05  0.00000E+00  1.0E-07
  2.425E+01  4.41190E-02  1.74376E-21  6.22709E-05  0.00000E+00  1.0E-07
  2.450E+01  4.50194E-02  1.68059E-21  6.00150E-05  0.00000E+00  1.0E-07
  2.475E+01  4.59284E-02  1.62045E-21  5.78671E-05  0.00000E+00  1.0E-07
  2.500E+01  4.68461E-02  1.56315E-21  5.58211E-05  0.00000E+00  1.0E-07
  2.550E+01  4.87074E-02  1.45647E-21  5.20114E-05  0.00000E+00  1.0E-07
  2.600E+01  5.06030E-02  1.35936E-21  4.85436E-05  0.00000E+00  1.0E-07
  2.650E+01  5.25328E-02  1.27079E-21  4.53806E-05  0.00000E+00  1.0E-07
  2.700E+01  5.44967E-02  1.18985E-21  4.24903E-05  0.00000E+00  1.0E-07
  2.750E+01  5.64946E-02  1.11575E-21  3.98442E-05  0.00000E+00  1.0E-07
  2.800E+01  5.85262E-02  1.04779E-21  3.74174E-05  0.00000E+00  1.0E-07
  2.850E+01  6.05914E-02  9.85359E-22  3.51878E-05  0.00000E+00  1.0E-07
  2.900E+01  6.26901E-02  9.27906E-22  3.31361E-05  0.00000E+00  1.0E-07
  2.950E+01  6.48222E-02  8.74947E-22  3.12449E-05  0.00000E+00  1.0E-07
  3.000E+01  6.69873E-02  8.26059E-22  2.94991E-05  0.00000E+00  1.0E-07
  3.050E+01  6.91854E-02  7.80856E-22  2.78849E-05  0.00000E+00  1.0E-07
  3.100E+01  7.14163E-02  7.39001E-22  2.63902E-05  0.00000E+00  1.0E-07
  3.150E+01  7.36799E-02  7.00190E-22  2.50042E-05  0.00000E+00  1.0E-07
  3.200E+01  7.59760E-02  6.64153E-22  2.37173E-05  0.00000E+00  1.0E-07
  3.250E+01  7.83043E-02  6.30644E-22  2.25207E-05  0.00000E+00  1.0E-07
  3.300E+01  8.06647E-02  5.99447E-22  2.14066E-05  0.00000E+00  1.0E-07
  3.350E+01  8.30571E-02  5.70364E-22  2.03681E-05  0.00000E+00  1.0E-07
  3.400E+01  8.54812E-02  5.43220E-22  1.93987E-05  0.00000E+00  1.0E-07
  3.450E+01  8.79369E-02  5.17854E-22  1.84929E-05  0.00000E+00  1.0E-07
  3.500E+01  9.04240E-02  4.94123E-22  1.76454E-05  0.00000E+00  1.0E-07
  3.550E+01  9.29422E-02  4.71893E-22  1.68516E-05  0.00000E+00  1.0E-07
  3.600E+01  9.54915E-02  4.51049E-22  1.61072E-05  0.00000E+00  1.0E-07
  3.650E+01  9.80716E-02  4.31483E-22  1.54085E-05  0.00000E+00  1.0E-07
  3.700E+01  1.00682E-01  4.13096E-22  1.47519E-05  0.00000E+00  1.0E-07
  3.750E+01  1.03323E-01  3.95800E-22  1.41343E-05  0.00000E+00  1.0E-07
  3.800E+01  1.05995E-01  3.79514E-22  1.35527E-05  0.00000E+00  1.0E-07
  3.850E+01  1.08696E-01  3.64164E-22  1.30045E-05  0.00000E+00  1.0E-07
  3.900E+01  1.11427E-01  3.49682E-22  1.24874E-05  0.00000E+00  1.0E-07
  3.950E+01  1.14188E-01  3.36006E-22  1.19990E-05  0.00000E+00  1.0E-07
  4.000E+01  1.16978E-01  3.23081E-22  1.15374E-05  0.00000E+00  1.0E-07
  4.050E+01  1.19797E-01  3.10853E-22  1.11008E-05  0.00000E+00  1.0E-07
  4.100E+01  1.22645E-01  2.99275E-22  1.06873E-05  0.00000E+00  1.0E-07
  4.150E+01  1.25522E-01  2.88303E-22  1.02955E-05  0.00000E+00  1.0E-07
  4.200E+01  1.28428E-01  2.77897E-22  9.92388E-06  0.00000E+00  1.0E-07
  4.250E+01  1.31361E-01  2.68020E-22  9.57118E-06  0.00000E+00  1.0E-07
  4.300E+01  1.34323E-01  2.58638E-22  9.23612E-06  0.00000E+00  1.0E-07
  4.350E+01  1.37313E-01  2.49718E-22  8.91760E-06  0.00000E+00  1.0E-07
  4.400E+01  1.40330E-01  2.41232E-22  8.61457E-06  0.00000E+00  1.0E-07
  4.450E+01  1.43375E-01  2.33153E-22  8.32606E-06  0.00000E+00  1.0E-07
  4.500E+01  1.46447E-01  2.25456E-22  8.05116E-06  0.00000E+00  1.0E-07
  4.550E+01  1.49545E-01  2.18116E-22  7.78906E-06  0.00000E+00  1.0E-07
  4.600E+01  1.52671E-01  2.11113E-22  7.53900E-06  0.00000E+00  1.0E-07
  4.650E+01  1.55823E-01  2.04428E-22  7.30026E-06  0.00000E+00  1.0E-07
  4.700E+01  1.59001E-01  1.98041E-22  7.07216E-06  0.00000E+00  1.0E-07
  4.750E+01  1.62205E-01  1.91935E-22  6.85412E-06  0.00000E+00  1.0E-07
  4.800E+01  1.65435E-01  1.86094E-22  6.64554E-06  0.00000E+00  1.0E-07
  4.850E+01  1.68690E-01  1.80503E-22  6.44589E-06  0.00000E+00  1.0E-07
  4.900E+01  1.71970E-01  1.75149E-22  6.25468E-06  0.00000E+00  1.0E-07
  4.950E+01  1.75276E-01  1.70018E-22  6.07144E-06  0.00000E+00  1.0E-07
  5.000E+01  1.78606E-01  1.65097E-22  5.89573E-06  0.00000E+00  1.0E-07
  5.050E+01  1.81961E-01  1.60376E-22  5.72715E-06  0.00000E+00  1.0E-07
  5.100E+01  1.85340E-01  1.55845E-22  5.56532E-06  0.00000E+00  1.0E-07
  5.150E+01  1.88743E-01  1.51492E-22  5.40989E-06  0.00000E+00  1.0E-07
  5.200E+01  1.92169E-01  1.47310E-22  5.26053E-06  0.00000E+00  1.0E-07
  5.250E+01  1.95619E-01  1.43288E-22  5.11692E-06  0.00000E+00  1.0E-07
  5.300E+01  1.99092E-01  1.39420E-22  4.97878E-06  0.00000E+00  1.0E-07
  5.350E+01  2.02589E-01  1.35697E-22  4.84583E-06  0.00000E+00  1.0E-07
  5.400E+01  2.06107E-01  1.32112E-22  4.71781E-06  0.00000E+00  1.0E-07
  5.450E+01  2.09649E-01  1.28658E-22  4.59447E-06  0.00000E+00  1.0E-07
  5.500E+01  2.13212E-01  1.25330E-22  4.47560E-06  0.00000E+00  1.0E-07
  5.550E+01  2.16797E-01  1.22120E-22  4.36097E-06  0.00000E+00  1.0E-07
  5.600E+01  2.20404E-01  1.19023E-22  4.25039E-06  0.00000E+00  1.0E-07
  5.650E+01  2.24032E-01  1.16035E-22  4.14367E-06  0.00000E+00  1.0E-07
  5.700E+01  2.27680E-01  1.13149E-22  4.04063E-06  0.00000E+00  1.0E-07
  5.750E+01  2.31350E-01  1.10362E-22  3.94110E-06  0.00000E+00  1.0E-07
  5.800E+01  2.35040E-01  1.07669E-22  3.84492E-06  0.00000E+00  1.0E-07
  5.850E+01  2.38751E-01  1.05065E-22  3.75194E-06  0.00000E+00  1.0E-07
  5.900E+01  2.42481E-01  1.02547E-22  3.66202E-06  0.00000E+00  1.0E-07
  5.950E+01  2.46231E-01  1.00111E-22  3.57502E-06  0.00000E+00  1.0E-07
  6.000E+01  2.50000E-01  9.77527E-23  3.49081E-06  0.00000E+00  1.0E-07
  6.050E+01  2.53788E-01  9.54696E-23  3.40928E-06  0.00000E+00  1.0E-07
  6.100E+01  2.57595E-01  9.32583E-23  3.33032E-06  0.00000E+00  1.0E-07
  6.150E+01  2.61421E-01  9.11158E-23  3.25380E-06  0.00000E+00  1.0E-07
  6.200E+01  2.65264E-01  8.90391E-23  3.17964E-06  0.00000E+00  1.0E-07
  6.250E+01  2.69126E-01  8.70256E-23  3.10774E-06  0.00000E+00  1.0E-07
  6.300E+01  2.73005E-01  8.50728E-23  3.03800E-06  0.00000E+00  1.0E-07
  6.350E+01  2.76901E-01  8.31780E-23  2.97034E-06  0.00000E+00  1.0E-07
  6.400E+01  2.80814E-01  8.13390E-23  2.90467E-06  0.00000E+00  1.0E-07
  6.450E+01  2.84744E-01  7.95535E-23  2.84091E-06  0.00000E+00  1.0E-07
  6.500E+01  2.88691E-01  7.78195E-23  2.77898E-06  0.00000E+00  1.0E-07
  6.550E+01  2.92653E-01  7.61349E-23  2.71883E-06  0.00000E+00  1.0E-07
  6.600E+01  2.96632E-01  7.44980E-23  2.66037E-06  0.00000E+00  1.0E-07
  6.650E+01  3.00625E-01  7.29068E-23  2.60355E-06  0.00000E+00  1.0E-07
  6.700E+01  3.04634E-01  7.13597E-23  2.54830E-06  0.00000E+00  1.0E-07
  6.750E+01  3.08658E-01  6.98551E-23  2.49457E-06  0.00000E+00  1.0E-07
  6.800E+01  3.12697E-01  6.83913E-23  2.44230E-06  0.00000E+00  1.0E-07
  6.850E+01  3.16749E-01  6.69668E-23  2.39143E-06  0.00000E+00  1.0E-07
  6.900E+01  3.20816E-01  6.55802E-23  2.34191E-06  0.00000E+00  1.0E-07
  6.950E+01  3.24896E-01  6.42301E-23  2.29370E-06  0.00000E+00  1.0E-07
  7.000E+01  3.28990E-01  6.29153E-23  2.24675E-06  0.00000E+00  1.0E-07
  7.050E+01  3.33097E-01  6.16344E-23  2.20101E-06  0.00000E+00  1.0E-07
  7.100E+01  3.37216E-01  6.03864E-23  2.15644E-06  0.00000E+00  1.0E-07
  7.150E+01  3.41348E-01  5.91701E-23  2.11300E-06  0.00000E+00  1.0E-07
  7.200E+01  3.45492E-01  5.79844E-23  2.07066E-06  0.00000E+00  1.0E-07
  7.250E+01  3.49647E-01  5.68283E-23  2.02938E-06  0.00000E+00  1.0E-07
  7.300E+01  3.53814E-01  5.57008E-23  1.98911E-06  0.00000E+00  1.0E-07
  7.350E+01  3.57992E-01  5.46008E-23  1.94983E-06  0.00000E+00  1.0E-07
  7.400E+01  3.62181E-01  5.35276E-23  1.91151E-06  0.00000E+00  1.0E-07
  7.450E+01  3.66381E-01  5.24802E-23  1.87410E-06  0.00000E+00  1.0E-07
  7.500E+01  3.70590E-01  5.14577E-23  1.83759E-06  0.00000E+00  1.0E-07
  7.550E+01  3.74810E-01  5.04595E-23  1.80194E-06  0.00000E+00  1.0E-07
  7.600E+01  3.79039E-01  4.94846E-23  1.76713E-06  0.00000E+00  1.0E-07
  7.650E+01  3.83277E-01  4.85324E-23  1.73312E-06  0.00000E+00  1.0E-07
  7.700E+01  3.87524E-01  4.76022E-23  1.69991E-06  0.00000E+00  1.0E-07
  7.750E+01  3.91780E-01  4.66934E-23  1.66745E-06  0.00000E+00  1.0E-07
  7.800E+01  3.96044E-01  4.58051E-23  1.63573E-06  0.00000E+00  1.0E-07
  7.850E+01  4.00316E-01  4.49369E-23  1.60472E-06  0.00000E+00  1.0E-07
  7.900E+01  4.04596E-01  4.40880E-23  1.57441E-06  0.00000E+00  1.0E-07
  7.950E+01  4.08882E-01  4.32580E-23  1.54477E-06  0.00000E+00  1.0E-07
  8.000E+01  4.13176E-01  4.24462E-23  1.51578E-06  0.00000E+00  1.0E-07
  8.050E+01  4.17476E-01  4.16521E-23  1.48742E-06  0.00000E+00  1.0E-07
  8.100E+01  4.21783E-01  4.08752E-23  1.45968E-06  0.00000E+00  1.0E-07
  8.150E+01  4.26095E-01  4.01150E-23  1.43253E-06  0.00000E+00  1.0E-07
  8.200E+01  4.30413E-01  3.93710E-23  1.40596E-06  0.00000E+00  1.0E-07
  8.250E+01  4.34737E-01  3.86428E-23  1.37996E-06  0.00000E+00  1.0E-07
  8.300E+01  4.39065E-01  3.79299E-23  1.35450E-06  0.00000E+00  1.0E-07
  8.350E+01  4.43398E-01  3.72320E-23  1.32958E-06  0.00000E+00  1.0E-07
  8.400E+01  4.47736E-01  3.65485E-23  1.30517E-06  0.00000E+00  1.0E-07
  8.450E+01  4.52077E-01  3.58790E-23  1.28126E-06  0.00000E+00  1.0E-07
  8.500E+01  4.56422E-01  3.52233E-23  1.25785E-06  0.00000E+00  1.0E-07
  8.550E+01  4.60770E-01  3.45808E-23  1.23490E-06  0.00000E+00  1.0E-07
  8.600E+01  4.65122E-01  3.39513E-23  1.21242E-06  0.00000E+00  1.0E-07
  8.650E+01  4.69476E-01  3.33345E-23  1.19040E-06  0.00000E+00  1.0E-07
  8.700E+01  4.73832E-01  3.27298E-23  1.16880E-06  0.00000E+00  1.0E-07
  8.750E+01  4.78190E-01  3.21372E-23  1.14764E-06  0.00000E+00  1.0E-07
  8.800E+01  4.82550E-01  3.15562E-23  1.12689E-06  0.00000E+00  1.0E-07
  8.850E+01  4.86912E-01  3.09866E-23  1.10655E-06  0.00000E+00  1.0E-07
  8.900E+01  4.91274E-01  3.04280E-23  1.08660E-06  0.00000E+00  1.0E-07
  8.950E+01  4.95637E-01  2.98802E-23  1.06704E-06  0.00000E+00  1.0E-07
  9.000E+01  5.00000E-01  2.93429E-23  1.04785E-06  0.00000E+00  1.0E-07
  9.050E+01  5.04363E-01  2.88158E-23  1.02903E-06  0.00000E+00  1.0E-07
  9.100E+01  5.08726E-01  2.82987E-23  1.01057E-06  0.00000E+00  1.0E-07
  9.150E+01  5.13088E-01  2.77913E-23  9.92447E-07  0.00000E+00  1.0E-07
  9.200E+01  5.17450E-01  2.72935E-23  9.74667E-07  0.00000E+00  1.0E-07
  9.250E+01  5.21810E-01  2.68048E-23  9.57218E-07  0.00000E+00  1.0E-07
  9.300E+01  5.26168E-01  2.63253E-23  9.40092E-07  0.00000E+00  1.0E-07
  9.350E+01  5.30524E-01  2.58545E-23  9.23282E-07  0.00000E+00  1.0E-07
  9.400E+01  5.34878E-01  2.53924E-23  9.06780E-07  0.00000E+00  1.0E-07
  9.450E+01  5.39230E-01  2.49387E-23  8.90579E-07  0.00000E+00  1.0E-07
  9.500E+01  5.43578E-01  2.44933E-23  8.74671E-07  0.00000E+00  1.0E-07
  9.550E+01  5.47923E-01  2.40558E-23  8.59049E-07  0.00000E+00  1.0E-07
  9.600E+01  5.52264E-01  2.36262E-23  8.43707E-07  0.00000E+00  1.0E-07
  9.650E+01  5.56602E-01  2.32042E-23  8.28639E-07  0.00000E+00  1.0E-07
  9.700E+01  5.60935E-01  2.27898E-23  8.13837E-07  0.00000E+00  1.0E-07
  9.750E+01  5.65263E-01  2.23826E-23  7.99296E-07  0.00000E+00  1.0E-07
  9.800E+01  5.69587E-01  2.19826E-23  7.85011E-07  0.00000E+00  1.0E-07
  9.850E+01  5.73905E-01  2.15895E-23  7.70976E-07  0.00000E+00  1.0E-07
  9.900E+01  5.78217E-01  2.12034E-23  7.57186E-07  0.00000E+00  1.0E-07
  9.950E+01  5.82524E-01  2.08239E-23  7.43636E-07  0.00000E+00  1.0E-07
  1.000E+02  5.86824E-01  2.04510E-23  7.30319E-07  0.00000E+00  1.0E-07
  1.005E+02  5.91118E-01  2.00845E-23  7.17231E-07  0.00000E+00  1.0E-07
  1.010E+02  5.95404E-01  1.97243E-23  7.04367E-07  0.00000E+00  1.0E-07
  1.015E+02  5.99684E-01  1.93702E-23  6.91721E-07  0.00000E+00  1.0E-07
  1.020E+02  6.03956E-01  1.90220E-23  6.79289E-07  0.00000E+00  1.0E-07
  1.025E+02  6.08220E-01  1.86798E-23  6.67066E-07  0.00000E+00  1.0E-07
  1.030E+02  6.12476E-01  1.83433E-23  6.55050E-07  0.00000E+00  1.0E-07
  1.035E+02  6.16723E-01  1.80124E-23  6.43235E-07  0.00000E+00  1.0E-07
  1.040E+02  6.20961E-01  1.76871E-23  6.31617E-07  0.00000E+00  1.0E-07
  1.045E+02  6.25190E-01  1.73672E-23  6.20193E-07  0.00000E+00  1.0E-07
  1.050E+02  6.29410E-01  1.70526E-23  6.08959E-07  0.00000E+00  1.0E-07
  1.055E+02  6.33619E-01  1.67432E-23  5.97909E-07  0.00000E+00  1.0E-07
  1.060E+02  6.37819E-01  1.64388E-23  5.87042E-07  0.00000E+00  1.0E-07
  1.065E+02  6.42008E-01  1.61395E-23  5.76352E-07  0.00000E+00  1.0E-07
  1.070E+02  6.46186E-01  1.58450E-23  5.65837E-07  0.00000E+00  1.0E-07
  1.075E+02  6.50353E-01  1.55554E-23  5.55493E-07  0.00000E+00  1.0E-07
  1.080E+02  6.54508E-01  1.52704E-23  5.45316E-07  0.00000E+00  1.0E-07
  1.085E+02  6.58652E-01  1.49901E-23  5.35305E-07  0.00000E+00  1.0E-07
  1.090E+02  6.62784E-01  1.47142E-23  5.25455E-07  0.00000E+00  1.0E-07
  1.095E+02  6.66903E-01  1.44428E-23  5.15763E-07  0.00000E+00  1.0E-07
  1.100E+02  6.71010E-01  1.41758E-23  5.06228E-07  0.00000E+00  1.0E-07
  1.105E+02  6.75104E-01  1.39131E-23  4.96844E-07  0.00000E+00  1.0E-07
  1.110E+02  6.79184E-01  1.36545E-23  4.87611E-07  0.00000E+00  1.0E-07
  1.115E+02  6.83251E-01  1.34001E-23  4.78525E-07  0.00000E+00  1.0E-07
  1.120E+02  6.87303E-01  1.31496E-23  4.69582E-07  0.00000E+00  1.0E-07
  1.125E+02  6.91342E-01  1.29032E-23  4.60782E-07  0.00000E+00  1.0E-07
  1.130E+02  6.95366E-01  1.26607E-23  4.52120E-07  0.00000E+00  1.0E-07
  1.135E+02  6.99375E-01  1.24219E-23  4.43596E-07  0.00000E+00  1.0E-07
  1.140E+02  7.03368E-01  1.21870E-23  4.35205E-07  0.00000E+00  1.0E-07
  1.145E+02  7.07347E-01  1.19557E-23  4.26946E-07  0.00000E+00  1.0E-07
  1.150E+02  7.11309E-01  1.17280E-23  4.18816E-07  0.00000E+00  1.0E-07
  1.155E+02  7.15256E-01  1.15040E-23  4.10814E-07  0.00000E+00  1.0E-07
  1.160E+02  7.19186E-01  1.12834E-23  4.02937E-07  0.00000E+00  1.0E-07
  1.165E+02  7.23099E-01  1.10662E-23  3.95183E-07  0.00000E+00  1.0E-07
  1.170E+02  7.26995E-01  1.08525E-23  3.87549E-07  0.00000E+00  1.0E-07
  1.175E+02  7.30874E-01  1.06421E-23  3.80035E-07  0.00000E+00  1.0E-07
  1.180E+02  7.34736E-01  1.04349E-23  3.72637E-07  0.00000E+00  1.0E-07
  1.185E+02  7.38579E-01  1.02309E-23  3.65354E-07  0.00000E+00  1.0E-07
  1.190E+02  7.42405E-01  1.00302E-23  3.58184E-07  0.00000E+00  1.0E-07
  1.195E+02  7.46212E-01  9.83249E-24  3.51124E-07  0.00000E+00  1.0E-07
  1.200E+02  7.50000E-01  9.63787E-24  3.44175E-07  0.00000E+00  1.0E-07
  1.205E+02  7.53769E-01  9.44626E-24  3.37332E-07  0.00000E+00  1.0E-07
  1.210E+02  7.57519E-01  9.25762E-24  3.30596E-07  0.00000E+00  1.0E-07
  1.215E+02  7.61249E-01  9.07189E-24  3.23963E-07  0.00000E+00  1.0E-07
  1.220E+02  7.64960E-01  8.88902E-24  3.17433E-07  0.00000E+00  1.0E-07
  1.225E+02  7.68650E-01  8.70898E-24  3.11003E-07  0.00000E+00  1.0E-07
  1.230E+02  7.72320E-01  8.53172E-24  3.04673E-07  0.00000E+00  1.0E-07
  1.235E+02  7.75968E-01  8.35720E-24  2.98441E-07  0.00000E+00  1.0E-07
  1.240E+02  7.79596E-01  8.18537E-24  2.92305E-07  0.00000E+00  1.0E-07
  1.245E+02  7.83203E-01  8.01619E-24  2.86263E-07  0.00000E+00  1.0E-07
  1.250E+02  7.86788E-01  7.84963E-24  2.80315E-07  0.00000E+00  1.0E-07
  1.255E+02  7.90351E-01  7.68564E-24  2.74459E-07  0.00000E+00  1.0E-07
  1.260E+02  7.93893E-01  7.52419E-24  2.68694E-07  0.00000E+00  1.0E-07
  1.265E+02  7.97411E-01  7.36523E-24  2.63017E-07  0.00000E+00  1.0E-07
  1.270E+02  8.00908E-01  7.20874E-24  2.57429E-07  0.00000E+00  1.0E-07
  1.275E+02  8.04381E-01  7.05467E-24  2.51927E-07  0.00000E+00  1.0E-07
  1.280E+02  8.07831E-01  6.90299E-24  2.46510E-07  0.00000E+00  1.0E-07
  1.285E+02  8.11257E-01  6.75367E-24  2.41178E-07  0.00000E+00  1.0E-07
  1.290E+02  8.14660E-01  6.60667E-24  2.35929E-07  0.00000E+00  1.0E-07
  1.295E+02  8.18039E-01  6.46197E-24  2.30761E-07  0.00000E+00  1.0E-07
  1.300E+02  8.21394E-01  6.31952E-24  2.25674E-07  0.00000E+00  1.0E-07
  1.305E+02  8.24724E-01  6.17930E-24  2.20667E-07  0.00000E+00  1.0E-07
  1.310E+02  8.28030E-01  6.04128E-24  2.15738E-07  0.00000E+00  1.0E-07
  1.315E+02  8.31310E-01  5.90542E-24  2.10886E-07  0.00000E+00  1.0E-07
  1.320E+02  8.34565E-01  5.77171E-24  2.06111E-07  0.00000E+00  1.0E-07
  1.325E+02  8.37795E-01  5.64010E-24  2.01412E-07  0.00000E+00  1.0E-07
  1.330E+02  8.40999E-01  5.51057E-24  1.96786E-07  0.00000E+00  1.0E-07
  1.335E+02  8.44177E-01  5.38311E-24  1.92234E-07  0.00000E+00  1.0E-07
  1.340E+02  8.47329E-01  5.25766E-24  1.87755E-07  0.00000E+00  1.0E-07
  1.345E+02  8.50455E-01  5.13422E-24  1.83346E-07  0.00000E+00  1.0E-07
  1.350E+02  8.53553E-01  5.01276E-24  1.79009E-07  0.00000E+00  1.0E-07
  1.355E+02  8.56625E-01  4.89325E-24  1.74741E-07  0.00000E+00  1.0E-07
  1.360E+02  8.59670E-01  4.77566E-24  1.70542E-07  0.00000E+00  1.0E-07
  1.365E+02  8.62687E-01  4.65998E-24  1.66411E-07  0.00000E+00  1.0E-07
  1.370E+02  8.65677E-01  4.54618E-24  1.62347E-07  0.00000E+00  1.0E-07
  1.375E+02  8.68639E-01  4.43423E-24  1.58349E-07  0.00000E+00  1.0E-07
  1.380E+02  8.71572E-01  4.32412E-24  1.54417E-07  0.00000E+00  1.0E-07
  1.385E+02  8.74478E-01  4.21583E-24  1.50550E-07  0.00000E+00  1.0E-07
  1.390E+02  8.77355E-01  4.10932E-24  1.46746E-07  0.00000E+00  1.0E-07
  1.395E+02  8.80203E-01  4.00458E-24  1.43006E-07  0.00000E+00  1.0E-07
  1.400E+02  8.83022E-01  3.90160E-24  1.39329E-07  0.00000E+00  1.0E-07
  1.405E+02  8.85812E-01  3.80034E-24  1.35713E-07  0.00000E+00  1.0E-07
  1.410E+02  8.88573E-01  3.70080E-24  1.32158E-07  0.00000E+00  1.0E-07
  1.415E+02  8.91304E-01  3.60295E-24  1.28664E-07  0.00000E+00  1.0E-07
  1.420E+02  8.94005E-01  3.50677E-24  1.25229E-07  0.00000E+00  1.0E-07
  1.425E+02  8.96677E-01  3.41224E-24  1.21853E-07  0.00000E+00  1.0E-07
  1.430E+02  8.99318E-01  3.31935E-24  1.18536E-07  0.00000E+00  1.0E-07
  1.435E+02  9.01928E-01  3.22808E-24  1.15277E-07  0.00000E+00  1.0E-07
  1.440E+02  9.04508E-01  3.13842E-24  1.12075E-07  0.00000E+00  1.0E-07
  1.445E+02  9.07058E-01  3.05033E-24  1.08929E-07  0.00000E+00  1.0E-07
  1.450E+02  9.09576E-01  2.96382E-24  1.05840E-07  0.00000E+00  1.0E-07
  1.455E+02  9.12063E-01  2.87886E-24  1.02806E-07  0.00000E+00  1.0E-07
  1.460E+02  9.14519E-01  2.79544E-24  9.98270E-08  0.00000E+00  1.0E-07
  1.465E+02  9.16943E-01  2.71354E-24  9.69023E-08  0.00000E+00  1.0E-07
  1.470E+02  9.19335E-01  2.63315E-24  9.40314E-08  0.00000E+00  1.0E-07
  1.475E+02  9.21696E-01  2.55425E-24  9.12139E-08  0.00000E+00  1.0E-07
  1.480E+02  9.24024E-01  2.47683E-24  8.84491E-08  0.00000E+00  1.0E-07
  1.485E+02  9.26320E-01  2.40087E-24  8.57367E-08  0.00000E+00  1.0E-07
  1.490E+02  9.28584E-01  2.32637E-24  8.30761E-08  0.00000E+00  1.0E-07
  1.495E+02  9.30815E-01  2.25330E-24  8.04668E-08  0.00000E+00  1.0E-07
  1.500E+02  9.33013E-01  2.18166E-24  7.79084E-08  0.00000E+00  1.0E-07
  1.505E+02  9.35178E-01  2.11143E-24  7.54004E-08  0.00000E+00  1.0E-07
  1.510E+02  9.37310E-01  2.04260E-24  7.29424E-08  0.00000E+00  1.0E-07
  1.515E+02  9.39409E-01  1.97515E-24  7.05340E-08  0.00000E+00  1.0E-07
  1.520E+02  9.41474E-01  1.90909E-24  6.81747E-08  0.00000E+00  1.0E-07
  1.525E+02  9.43505E-01  1.84439E-24  6.58642E-08  0.00000E+00  1.0E-07
  1.530E+02  9.45503E-01  1.78104E-24  6.36020E-08  0.00000E+00  1.0E-07
  1.535E+02  9.47467E-01  1.71903E-24  6.13877E-08  0.00000E+00  1.0E-07
  1.540E+02  9.49397E-01  1.65836E-24  5.92209E-08  0.00000E+00  1.0E-07
  1.545E+02  9.51293E-01  1.59900E-24  5.71014E-08  0.00000E+00  1.0E-07
  1.550E+02  9.53154E-01  1.54096E-24  5.50287E-08  0.00000E+00  1.0E-07
  1.555E+02  9.54981E-01  1.48422E-24  5.30024E-08  0.00000E+00  1.0E-07
  1.560E+02  9.56773E-01  1.42877E-24  5.10222E-08  0.00000E+00  1.0E-07
  1.565E+02  9.58530E-01  1.37460E-24  4.90879E-08  0.00000E+00  1.0E-07
  1.570E+02  9.60252E-01  1.32171E-24  4.71990E-08  0.00000E+00  1.0E-07
  1.575E+02  9.61940E-01  1.27008E-24  4.53553E-08  0.00000E+00  1.0E-07
  1.580E+02  9.63592E-01  1.21970E-24  4.35563E-08  0.00000E+00  1.0E-07
  1.585E+02  9.65209E-01  1.17057E-24  4.18020E-08  0.00000E+00  1.0E-07
  1.590E+02  9.66790E-01  1.12269E-24  4.00918E-08  0.00000E+00  1.0E-07
  1.595E+02  9.68336E-01  1.07603E-24  3.84256E-08  0.00000E+00  1.0E-07
  1.600E+02  9.69846E-01  1.03059E-24  3.68031E-08  0.00000E+00  1.0E-07
  1.605E+02  9.71321E-01  9.86374E-25  3.52240E-08  0.00000E+00  1.0E-07
  1.610E+02  9.72759E-01  9.43363E-25  3.36881E-08  0.00000E+00  1.0E-07
  1.615E+02  9.74162E-01  9.01554E-25  3.21951E-08  0.00000E+00  1.0E-07
  1.620E+02  9.75528E-01  8.60939E-25  3.07447E-08  0.00000E+00  1.0E-07
  1.625E+02  9.76858E-01  8.21512E-25  2.93367E-08  0.00000E+00  1.0E-07
  1.630E+02  9.78152E-01  7.83267E-25  2.79710E-08  0.00000E+00  1.0E-07
  1.635E+02  9.79410E-01  7.46196E-25  2.66472E-08  0.00000E+00  1.0E-07
  1.640E+02  9.80631E-01  7.10295E-25  2.53651E-08  0.00000E+00  1.0E-07
  1.645E+02  9.81815E-01  6.75557E-25  2.41246E-08  0.00000E+00  1.0E-07
  1.650E+02  9.82963E-01  6.41977E-25  2.29254E-08  0.00000E+00  1.0E-07
  1.655E+02  9.84074E-01  6.09549E-25  2.17674E-08  0.00000E+00  1.0E-07
  1.660E+02  9.85148E-01  5.78268E-25  2.06503E-08  0.00000E+00  1.0E-07
  1.665E+02  9.86185E-01  5.48129E-25  1.95740E-08  0.00000E+00  1.0E-07
  1.670E+02  9.87185E-01  5.19127E-25  1.85384E-08  0.00000E+00  1.0E-07
  1.675E+02  9.88148E-01  4.91257E-25  1.75431E-08  0.00000E+00  1.0E-07
  1.680E+02  9.89074E-01  4.64516E-25  1.65882E-08  0.00000E+00  1.0E-07
  1.685E+02  9.89962E-01  4.38899E-25  1.56734E-08  0.00000E+00  1.0E-07
  1.690E+02  9.90814E-01  4.14401E-25  1.47985E-08  0.00000E+00  1.0E-07
  1.695E+02  9.91627E-01  3.91019E-25  1.39635E-08  0.00000E+00  1.0E-07
  1.700E+02  9.92404E-01  3.68749E-25  1.31683E-08  0.00000E+00  1.0E-07
  1.705E+02  9.93143E-01  3.47587E-25  1.24126E-08  0.00000E+00  1.0E-07
  1.710E+02  9.93844E-01  3.27531E-25  1.16963E-08  0.00000E+00  1.0E-07
  1.715E+02  9.94508E-01  3.08577E-25  1.10195E-08  0.00000E+00  1.0E-07
  1.720E+02  9.95134E-01  2.90722E-25  1.03819E-08  0.00000E+00  1.0E-07
  1.725E+02  9.95722E-01  2.73962E-25  9.78338E-09  0.00000E+00  1.0E-07
  1.730E+02  9.96273E-01  2.58297E-25  9.22395E-09  0.00000E+00  1.0E-07
  1.735E+02  9.96786E-01  2.43722E-25  8.70349E-09  0.00000E+00  1.0E-07
  1.740E+02  9.97261E-01  2.30237E-25  8.22190E-09  0.00000E+00  1.0E-07
  1.745E+02  9.97698E-01  2.17838E-25  7.77912E-09  0.00000E+00  1.0E-07
  1.750E+02  9.98097E-01  2.06523E-25  7.37508E-09  0.00000E+00  1.0E-07
  1.755E+02  9.98459E-01  1.96292E-25  7.00970E-09  0.00000E+00  1.0E-07
  1.760E+02  9.98782E-01  1.87141E-25  6.68294E-09  0.00000E+00  1.0E-07
  1.765E+02  9.99067E-01  1.79071E-25  6.39475E-09  0.00000E+00  1.0E-07
  1.770E+02  9.99315E-01  1.72079E-25  6.14507E-09  0.00000E+00  1.0E-07
  1.775E+02  9.99524E-01  1.66165E-25  5.93387E-09  0.00000E+00  1.0E-07
  1.780E+02  9.99695E-01  1.61328E-25  5.76111E-09  0.00000E+00  1.0E-07
  1.785E+02  9.99829E-01  1.57566E-25  5.62678E-09  0.00000E+00  1.0E-07
  1.790E+02  9.99924E-01  1.54879E-25  5.53084E-09  0.00000E+00  1.0E-07
  1.795E+02  9.99981E-01  1.53267E-25  5.47328E-09  0.00000E+00  1.0E-07
  1.800E+02  1.00000E+00  1.52730E-25  5.45409E-09  0.00000E+00  1.0E-07
