 #
 # Subroutine ELSEPA. Elastic scattering of electrons and positrons
 #                    by neutral atoms and positive ions
 #
 # Projectile: electron
 # Kinetic energy = 3.70000E+06 eV = 1.35973E+05 a.u.
 #
 # WARNING: High-energy factorization with free-atom DF screening.
 #          Absorption, polarization and exchange corrections are
 #          switched off.
 #          Phase shifts are calculated for the bare nucleus.
 #          Scattering amplitudes are not evaluated.
 #
 # Element: Co,  Z =  27,  atomic weight = 5.89332E+01 g/mol
 #
 # Nuclear model: Fermi distribution
 #                Average radius = 4.16393E-13 cm
 #                Skin thickness = 5.46000E-14 cm
 #
 # Number of electrons = 27
 #
 # Total elastic cross section = 1.99608E-18 cm**2 = 7.12812E-02 a0**2
 # 1st transport cross section = 6.30482E-23 cm**2 = 2.25149E-06 a0**2
 # 2nd transport cross section = 1.78383E-22 cm**2 = 6.37018E-06 a0**2
 #
 #
 # Differential cross section:                       MU=(1-COS(THETA))/2
 #
 #  THETA        MU          DCS          DCS        Sherman      error
 #  (deg)                 (cm**2/sr)   (a0**2/sr)    function
 #----------------------------------------------------------------------
  0.000E+00  0.00000E+00  3.15392E-13  1.12629E+04  0.00000E+00  1.0E-05
  1.000E-04  7.61557E-13  3.15391E-13  1.12628E+04  0.00000E+00  1.0E-05
  1.250E-04  1.18994E-12  3.15390E-13  1.12628E+04  0.00000E+00  1.0E-05
  1.500E-04  1.71346E-12  3.15389E-13  1.12627E+04  0.00000E+00  1.0E-05
  1.750E-04  2.33225E-12  3.15387E-13  1.12627E+04  0.00000E+00  1.0E-05
  2.000E-04  3.04617E-12  3.15386E-13  1.12626E+04  0.00000E+00  1.0E-05
  2.250E-04  3.85530E-12  3.15384E-13  1.12626E+04  0.00000E+00  1.0E-05
  2.500E-04  4.75964E-12  3.15383E-13  1.12625E+04  0.00000E+00  1.0E-05
  2.750E-04  5.75917E-12  3.15381E-13  1.12624E+04  0.00000E+00  1.0E-05
  3.000E-04  6.85391E-12  3.15378E-13  1.12624E+04  0.00000E+00  1.0E-05
  3.250E-04  8.04379E-12  3.15376E-13  1.12623E+04  0.00000E+00  1.0E-05
  3.500E-04  9.32893E-12  3.15373E-13  1.12622E+04  0.00000E+00  1.0E-05
  3.750E-04  1.07092E-11  3.15371E-13  1.12621E+04  0.00000E+00  1.0E-05
  4.000E-04  1.21847E-11  3.15368E-13  1.12620E+04  0.00000E+00  1.0E-05
  4.250E-04  1.37554E-11  3.15365E-13  1.12619E+04  0.00000E+00  1.0E-05
  4.500E-04  1.54213E-11  3.15361E-13  1.12618E+04  0.00000E+00  1.0E-05
  4.750E-04  1.71823E-11  3.15358E-13  1.12616E+04  0.00000E+00  1.0E-05
  5.000E-04  1.90386E-11  3.15354E-13  1.12615E+04  0.00000E+00  1.0E-05
  5.250E-04  2.09900E-11  3.15350E-13  1.12614E+04  0.00000E+00  1.0E-05
  5.500E-04  2.30367E-11  3.15346E-13  1.12612E+04  0.00000E+00  1.0E-05
  5.750E-04  2.51785E-11  3.15342E-13  1.12611E+04  0.00000E+00  1.0E-05
  6.000E-04  2.74156E-11  3.15337E-13  1.12609E+04  0.00000E+00  1.0E-05
  6.250E-04  2.97478E-11  3.15332E-13  1.12607E+04  0.00000E+00  1.0E-05
  6.500E-04  3.21752E-11  3.15328E-13  1.12606E+04  0.00000E+00  1.0E-05
  6.750E-04  3.46979E-11  3.15322E-13  1.12604E+04  0.00000E+00  1.0E-05
  7.000E-04  3.73157E-11  3.15317E-13  1.12602E+04  0.00000E+00  1.0E-05
  7.250E-04  4.00286E-11  3.15312E-13  1.12600E+04  0.00000E+00  1.0E-05
  7.500E-04  4.28368E-11  3.15306E-13  1.12598E+04  0.00000E+00  1.0E-05
  7.750E-04  4.57402E-11  3.15300E-13  1.12596E+04  0.00000E+00  1.0E-05
  8.000E-04  4.87388E-11  3.15294E-13  1.12594E+04  0.00000E+00  1.0E-05
  8.250E-04  5.18325E-11  3.15288E-13  1.12591E+04  0.00000E+00  1.0E-05
  8.500E-04  5.50215E-11  3.15282E-13  1.12589E+04  0.00000E+00  1.0E-05
  8.750E-04  5.83057E-11  3.15275E-13  1.12587E+04  0.00000E+00  1.0E-05
  9.000E-04  6.16850E-11  3.15268E-13  1.12584E+04  0.00000E+00  1.0E-05
  9.250E-04  6.51595E-11  3.15261E-13  1.12582E+04  0.00000E+00  1.0E-05
  9.500E-04  6.87293E-11  3.15254E-13  1.12579E+04  0.00000E+00  1.0E-05
  9.750E-04  7.23943E-11  3.15247E-13  1.12577E+04  0.00000E+00  1.0E-05
  1.000E-03  7.61544E-11  3.15239E-13  1.12574E+04  0.00000E+00  1.0E-05
  1.250E-03  1.18991E-10  3.15153E-13  1.12543E+04  0.00000E+00  1.0E-05
  1.500E-03  1.71347E-10  3.15048E-13  1.12506E+04  0.00000E+00  1.0E-05
  1.750E-03  2.33223E-10  3.14923E-13  1.12461E+04  0.00000E+00  1.0E-05
  2.000E-03  3.04617E-10  3.14780E-13  1.12410E+04  0.00000E+00  1.0E-05
  2.250E-03  3.85531E-10  3.14617E-13  1.12352E+04  0.00000E+00  1.0E-05
  2.500E-03  4.75965E-10  3.14436E-13  1.12287E+04  0.00000E+00  1.0E-05
  2.750E-03  5.75917E-10  3.14235E-13  1.12216E+04  0.00000E+00  1.0E-05
  3.000E-03  6.85389E-10  3.14016E-13  1.12137E+04  0.00000E+00  1.0E-05
  3.250E-03  8.04380E-10  3.13778E-13  1.12052E+04  0.00000E+00  1.0E-05
  3.500E-03  9.32891E-10  3.13522E-13  1.11961E+04  0.00000E+00  1.0E-05
  3.750E-03  1.07092E-09  3.13246E-13  1.11862E+04  0.00000E+00  1.0E-05
  4.000E-03  1.21847E-09  3.12953E-13  1.11757E+04  0.00000E+00  1.0E-05
  4.250E-03  1.37554E-09  3.12640E-13  1.11646E+04  0.00000E+00  1.0E-05
  4.500E-03  1.54213E-09  3.12309E-13  1.11528E+04  0.00000E+00  1.0E-05
  4.750E-03  1.71823E-09  3.11960E-13  1.11403E+04  0.00000E+00  1.0E-05
  5.000E-03  1.90386E-09  3.11593E-13  1.11272E+04  0.00000E+00  1.0E-05
  5.250E-03  2.09900E-09  3.11208E-13  1.11134E+04  0.00000E+00  1.0E-05
  5.500E-03  2.30367E-09  3.10805E-13  1.10990E+04  0.00000E+00  1.0E-05
  5.750E-03  2.51785E-09  3.10384E-13  1.10840E+04  0.00000E+00  1.0E-05
  6.000E-03  2.74156E-09  3.09945E-13  1.10683E+04  0.00000E+00  1.0E-05
  6.250E-03  2.97478E-09  3.09489E-13  1.10520E+04  0.00000E+00  1.0E-05
  6.500E-03  3.21752E-09  3.09015E-13  1.10351E+04  0.00000E+00  1.0E-05
  6.750E-03  3.46978E-09  3.08524E-13  1.10176E+04  0.00000E+00  1.0E-05
  7.000E-03  3.73156E-09  3.08015E-13  1.09994E+04  0.00000E+00  1.0E-05
  7.250E-03  4.00286E-09  3.07490E-13  1.09807E+04  0.00000E+00  1.0E-05
  7.500E-03  4.28368E-09  3.06947E-13  1.09613E+04  0.00000E+00  1.0E-05
  7.750E-03  4.57402E-09  3.06388E-13  1.09413E+04  0.00000E+00  1.0E-05
  8.000E-03  4.87388E-09  3.05813E-13  1.09208E+04  0.00000E+00  1.0E-05
  8.250E-03  5.18326E-09  3.05221E-13  1.08996E+04  0.00000E+00  1.0E-05
  8.500E-03  5.50215E-09  3.04612E-13  1.08779E+04  0.00000E+00  1.0E-05
  8.750E-03  5.83057E-09  3.03988E-13  1.08556E+04  0.00000E+00  1.0E-05
  9.000E-03  6.16850E-09  3.03348E-13  1.08327E+04  0.00000E+00  1.0E-05
  9.250E-03  6.51596E-09  3.02691E-13  1.08093E+04  0.00000E+00  1.0E-05
  9.500E-03  6.87293E-09  3.02020E-13  1.07853E+04  0.00000E+00  1.0E-05
  9.750E-03  7.23942E-09  3.01333E-13  1.07608E+04  0.00000E+00  1.0E-05
  1.000E-02  7.61544E-09  3.00631E-13  1.07357E+04  0.00000E+00  1.0E-05
  1.250E-02  1.18991E-08  2.92817E-13  1.04567E+04  0.00000E+00  1.0E-05
  1.500E-02  1.71347E-08  2.83683E-13  1.01305E+04  0.00000E+00  1.0E-05
  1.750E-02  2.33223E-08  2.73506E-13  9.76708E+03  0.00000E+00  1.0E-05
  2.000E-02  3.04617E-08  2.62516E-13  9.37462E+03  0.00000E+00  1.0E-05
  2.250E-02  3.85531E-08  2.50901E-13  8.95985E+03  0.00000E+00  1.0E-05
  2.500E-02  4.75965E-08  2.38892E-13  8.53099E+03  0.00000E+00  1.0E-05
  2.750E-02  5.75917E-08  2.26727E-13  8.09656E+03  0.00000E+00  1.0E-05
  3.000E-02  6.85389E-08  2.14587E-13  7.66304E+03  0.00000E+00  1.0E-05
  3.250E-02  8.04380E-08  2.02591E-13  7.23466E+03  0.00000E+00  1.0E-05
  3.500E-02  9.32891E-08  1.90853E-13  6.81550E+03  0.00000E+00  1.0E-05
  3.750E-02  1.07092E-07  1.79523E-13  6.41088E+03  0.00000E+00  1.0E-05
  4.000E-02  1.21847E-07  1.68671E-13  6.02336E+03  0.00000E+00  1.0E-05
  4.250E-02  1.37554E-07  1.58334E-13  5.65421E+03  0.00000E+00  1.0E-05
  4.500E-02  1.54213E-07  1.48513E-13  5.30351E+03  0.00000E+00  1.0E-05
  4.750E-02  1.71823E-07  1.39274E-13  4.97357E+03  0.00000E+00  1.0E-05
  5.000E-02  1.90386E-07  1.30615E-13  4.66435E+03  0.00000E+00  1.0E-05
  5.250E-02  2.09900E-07  1.22524E-13  4.37542E+03  0.00000E+00  1.0E-05
  5.500E-02  2.30367E-07  1.14949E-13  4.10489E+03  0.00000E+00  1.0E-05
  5.750E-02  2.51785E-07  1.07907E-13  3.85344E+03  0.00000E+00  1.0E-05
  6.000E-02  2.74156E-07  1.01371E-13  3.62004E+03  0.00000E+00  1.0E-05
  6.250E-02  2.97478E-07  9.53103E-14  3.40359E+03  0.00000E+00  1.0E-05
  6.500E-02  3.21752E-07  8.96725E-14  3.20226E+03  0.00000E+00  1.0E-05
  6.750E-02  3.46978E-07  8.44463E-14  3.01563E+03  0.00000E+00  1.0E-05
  7.000E-02  3.73156E-07  7.96057E-14  2.84277E+03  0.00000E+00  1.0E-05
  7.250E-02  4.00286E-07  7.51209E-14  2.68262E+03  0.00000E+00  1.0E-05
  7.500E-02  4.28368E-07  7.09517E-14  2.53373E+03  0.00000E+00  1.0E-05
  7.750E-02  4.57402E-07  6.70778E-14  2.39539E+03  0.00000E+00  1.0E-05
  8.000E-02  4.87388E-07  6.34822E-14  2.26699E+03  0.00000E+00  1.0E-05
  8.250E-02  5.18325E-07  6.01417E-14  2.14770E+03  0.00000E+00  1.0E-05
  8.500E-02  5.50215E-07  5.70281E-14  2.03651E+03  0.00000E+00  1.0E-05
  8.750E-02  5.83057E-07  5.41204E-14  1.93267E+03  0.00000E+00  1.0E-05
  9.000E-02  6.16850E-07  5.14101E-14  1.83589E+03  0.00000E+00  1.0E-05
  9.250E-02  6.51596E-07  4.88810E-14  1.74557E+03  0.00000E+00  1.0E-05
  9.500E-02  6.87293E-07  4.65148E-14  1.66107E+03  0.00000E+00  1.0E-05
  9.750E-02  7.23942E-07  4.42910E-14  1.58166E+03  0.00000E+00  1.0E-05
  1.000E-01  7.61543E-07  4.22081E-14  1.50728E+03  0.00000E+00  1.0E-05
  1.250E-01  1.18991E-06  2.69826E-14  9.63565E+02  0.00000E+00  1.0E-05
  1.500E-01  1.71347E-06  1.77520E-14  6.33935E+02  0.00000E+00  1.0E-05
  1.750E-01  2.33223E-06  1.22082E-14  4.35961E+02  0.00000E+00  1.0E-05
  2.000E-01  3.04617E-06  8.58588E-15  3.06607E+02  0.00000E+00  1.0E-05
  2.250E-01  3.85531E-06  6.08831E-15  2.17417E+02  0.00000E+00  1.0E-05
  2.500E-01  4.75964E-06  4.38543E-15  1.56607E+02  0.00000E+00  1.0E-05
  2.750E-01  5.75916E-06  3.21961E-15  1.14974E+02  0.00000E+00  1.0E-05
  3.000E-01  6.85388E-06  2.40394E-15  8.58462E+01  0.00000E+00  1.0E-05
  3.250E-01  8.04378E-06  1.82139E-15  6.50430E+01  0.00000E+00  1.0E-05
  3.500E-01  9.32888E-06  1.40159E-15  5.00515E+01  0.00000E+00  1.0E-05
  3.750E-01  1.07092E-05  1.09636E-15  3.91518E+01  0.00000E+00  1.0E-05
  4.000E-01  1.21846E-05  8.70499E-16  3.10861E+01  0.00000E+00  1.0E-05
  4.250E-01  1.37553E-05  7.00661E-16  2.50211E+01  0.00000E+00  1.0E-05
  4.500E-01  1.54212E-05  5.71024E-16  2.03916E+01  0.00000E+00  1.0E-05
  4.750E-01  1.71822E-05  4.70884E-16  1.68156E+01  0.00000E+00  1.0E-05
  5.000E-01  1.90385E-05  3.92419E-16  1.40135E+01  0.00000E+00  1.0E-05
  5.250E-01  2.09899E-05  3.30220E-16  1.17924E+01  0.00000E+00  1.0E-05
  5.500E-01  2.30365E-05  2.80133E-16  1.00037E+01  0.00000E+00  1.0E-05
  5.750E-01  2.51783E-05  2.39457E-16  8.55118E+00  0.00000E+00  1.0E-05
  6.000E-01  2.74153E-05  2.06093E-16  7.35973E+00  0.00000E+00  1.0E-05
  6.250E-01  2.97475E-05  1.78478E-16  6.37356E+00  0.00000E+00  1.0E-05
  6.500E-01  3.21749E-05  1.55362E-16  5.54808E+00  0.00000E+00  1.0E-05
  6.750E-01  3.46974E-05  1.35901E-16  4.85310E+00  0.00000E+00  1.0E-05
  7.000E-01  3.73152E-05  1.19426E-16  4.26478E+00  0.00000E+00  1.0E-05
  7.250E-01  4.00281E-05  1.05394E-16  3.76370E+00  0.00000E+00  1.0E-05
  7.500E-01  4.28362E-05  9.33421E-17  3.33331E+00  0.00000E+00  1.0E-05
  7.750E-01  4.57395E-05  8.29495E-17  2.96218E+00  0.00000E+00  1.0E-05
  8.000E-01  4.87380E-05  7.39591E-17  2.64113E+00  0.00000E+00  1.0E-05
  8.250E-01  5.18317E-05  6.61459E-17  2.36211E+00  0.00000E+00  1.0E-05
  8.500E-01  5.50205E-05  5.93165E-17  2.11823E+00  0.00000E+00  1.0E-05
  8.750E-01  5.83045E-05  5.33241E-17  1.90424E+00  0.00000E+00  1.0E-05
  9.000E-01  6.16838E-05  4.80610E-17  1.71629E+00  0.00000E+00  1.0E-05
  9.250E-01  6.51582E-05  4.34232E-17  1.55067E+00  0.00000E+00  1.0E-05
  9.500E-01  6.87277E-05  3.93209E-17  1.40417E+00  0.00000E+00  1.0E-05
  9.750E-01  7.23925E-05  3.56773E-17  1.27406E+00  0.00000E+00  1.0E-05
  1.000E+00  7.61524E-05  3.24412E-17  1.15850E+00  0.00000E+00  2.3E-06
  1.100E+00  9.21439E-05  2.26090E-17  8.07381E-01  0.00000E+00  1.8E-06
  1.200E+00  1.09658E-04  1.61989E-17  5.78475E-01  0.00000E+00  9.7E-07
  1.300E+00  1.28695E-04  1.18909E-17  4.24631E-01  0.00000E+00  2.1E-07
  1.400E+00  1.49255E-04  8.91450E-18  3.18343E-01  0.00000E+00  3.8E-07
  1.500E+00  1.71338E-04  6.81501E-18  2.43368E-01  0.00000E+00  6.8E-07
  1.600E+00  1.94942E-04  5.29897E-18  1.89230E-01  0.00000E+00  7.2E-07
  1.700E+00  2.20070E-04  4.18243E-18  1.49357E-01  0.00000E+00  5.8E-07
  1.800E+00  2.46720E-04  3.34561E-18  1.19474E-01  0.00000E+00  3.3E-07
  1.900E+00  2.74892E-04  2.70886E-18  9.67352E-02  0.00000E+00  1.0E-07
  2.000E+00  3.04586E-04  2.21735E-18  7.91831E-02  0.00000E+00  1.7E-07
  2.100E+00  3.35803E-04  1.83296E-18  6.54560E-02  0.00000E+00  3.0E-07
  2.200E+00  3.68542E-04  1.52856E-18  5.45858E-02  0.00000E+00  3.3E-07
  2.300E+00  4.02802E-04  1.28510E-18  4.58918E-02  0.00000E+00  2.7E-07
  2.400E+00  4.38585E-04  1.08846E-18  3.88695E-02  0.00000E+00  1.5E-07
  2.500E+00  4.75889E-04  9.28194E-19  3.31464E-02  0.00000E+00  1.0E-07
  2.600E+00  5.14715E-04  7.96397E-19  2.84398E-02  0.00000E+00  1.0E-07
  2.700E+00  5.55063E-04  6.87259E-19  2.45425E-02  0.00000E+00  1.7E-07
  2.800E+00  5.96931E-04  5.96252E-19  2.12926E-02  0.00000E+00  1.8E-07
  2.900E+00  6.40321E-04  5.19865E-19  1.85647E-02  0.00000E+00  1.5E-07
  3.000E+00  6.85233E-04  4.55332E-19  1.62602E-02  0.00000E+00  1.0E-07
  3.100E+00  7.31665E-04  4.00518E-19  1.43028E-02  0.00000E+00  1.0E-07
  3.200E+00  7.79618E-04  3.53728E-19  1.26318E-02  0.00000E+00  1.0E-07
  3.300E+00  8.29092E-04  3.13586E-19  1.11984E-02  0.00000E+00  1.0E-07
  3.400E+00  8.80086E-04  2.78981E-19  9.96260E-03  0.00000E+00  1.1E-07
  3.500E+00  9.32601E-04  2.49017E-19  8.89257E-03  0.00000E+00  1.0E-07
  3.600E+00  9.86636E-04  2.22976E-19  7.96262E-03  0.00000E+00  1.0E-07
  3.700E+00  1.04219E-03  2.00256E-19  7.15126E-03  0.00000E+00  1.0E-07
  3.800E+00  1.09927E-03  1.80357E-19  6.44067E-03  0.00000E+00  1.0E-07
  3.900E+00  1.15786E-03  1.62866E-19  5.81604E-03  0.00000E+00  1.0E-07
  4.000E+00  1.21797E-03  1.47446E-19  5.26541E-03  0.00000E+00  1.0E-07
  4.100E+00  1.27961E-03  1.33811E-19  4.77848E-03  0.00000E+00  1.0E-07
  4.200E+00  1.34276E-03  1.21717E-19  4.34660E-03  0.00000E+00  1.0E-07
  4.300E+00  1.40743E-03  1.10956E-19  3.96231E-03  0.00000E+00  1.0E-07
  4.400E+00  1.47362E-03  1.01360E-19  3.61962E-03  0.00000E+00  1.0E-07
  4.500E+00  1.54133E-03  9.27794E-20  3.31321E-03  0.00000E+00  1.0E-07
  4.600E+00  1.61056E-03  8.50888E-20  3.03858E-03  0.00000E+00  1.0E-07
  4.700E+00  1.68131E-03  7.81776E-20  2.79177E-03  0.00000E+00  1.0E-07
  4.800E+00  1.75357E-03  7.19545E-20  2.56954E-03  0.00000E+00  1.0E-07
  4.900E+00  1.82735E-03  6.63390E-20  2.36901E-03  0.00000E+00  1.0E-07
  5.000E+00  1.90265E-03  6.12613E-20  2.18768E-03  0.00000E+00  1.0E-07
  5.100E+00  1.97947E-03  5.66600E-20  2.02336E-03  0.00000E+00  1.0E-07
  5.200E+00  2.05780E-03  5.24827E-20  1.87419E-03  0.00000E+00  1.0E-07
  5.300E+00  2.13765E-03  4.86839E-20  1.73853E-03  0.00000E+00  1.0E-07
  5.400E+00  2.21902E-03  4.52231E-20  1.61495E-03  0.00000E+00  1.0E-07
  5.500E+00  2.30190E-03  4.20644E-20  1.50215E-03  0.00000E+00  1.0E-07
  5.600E+00  2.38630E-03  3.91769E-20  1.39903E-03  0.00000E+00  1.0E-07
  5.700E+00  2.47222E-03  3.65332E-20  1.30462E-03  0.00000E+00  1.0E-07
  5.800E+00  2.55965E-03  3.41092E-20  1.21806E-03  0.00000E+00  1.0E-07
  5.900E+00  2.64859E-03  3.18830E-20  1.13856E-03  0.00000E+00  1.0E-07
  6.000E+00  2.73905E-03  2.98356E-20  1.06545E-03  0.00000E+00  1.0E-07
  6.100E+00  2.83103E-03  2.79503E-20  9.98122E-04  0.00000E+00  1.0E-07
  6.200E+00  2.92452E-03  2.62117E-20  9.36038E-04  0.00000E+00  1.0E-07
  6.300E+00  3.01952E-03  2.46065E-20  8.78714E-04  0.00000E+00  1.0E-07
  6.400E+00  3.11604E-03  2.31223E-20  8.25713E-04  0.00000E+00  1.0E-07
  6.500E+00  3.21407E-03  2.17486E-20  7.76657E-04  0.00000E+00  1.0E-07
  6.600E+00  3.31362E-03  2.04756E-20  7.31197E-04  0.00000E+00  1.0E-07
  6.700E+00  3.41468E-03  1.92946E-20  6.89022E-04  0.00000E+00  1.0E-07
  6.800E+00  3.51725E-03  1.81976E-20  6.49847E-04  0.00000E+00  1.0E-07
  6.900E+00  3.62133E-03  1.71776E-20  6.13422E-04  0.00000E+00  1.0E-07
  7.000E+00  3.72692E-03  1.62282E-20  5.79519E-04  0.00000E+00  1.0E-07
  7.100E+00  3.83403E-03  1.53437E-20  5.47932E-04  0.00000E+00  1.0E-07
  7.200E+00  3.94265E-03  1.45187E-20  5.18471E-04  0.00000E+00  1.0E-07
  7.300E+00  4.05278E-03  1.37485E-20  4.90968E-04  0.00000E+00  1.0E-07
  7.400E+00  4.16442E-03  1.30289E-20  4.65269E-04  0.00000E+00  1.0E-07
  7.500E+00  4.27757E-03  1.23558E-20  4.41234E-04  0.00000E+00  1.0E-07
  7.600E+00  4.39223E-03  1.17257E-20  4.18734E-04  0.00000E+00  1.0E-07
  7.700E+00  4.50840E-03  1.11354E-20  3.97653E-04  0.00000E+00  1.0E-07
  7.800E+00  4.62608E-03  1.05819E-20  3.77885E-04  0.00000E+00  1.0E-07
  7.900E+00  4.74527E-03  1.00624E-20  3.59335E-04  0.00000E+00  1.0E-07
  8.000E+00  4.86597E-03  9.57448E-21  3.41911E-04  0.00000E+00  1.0E-07
  8.100E+00  4.98817E-03  9.11586E-21  3.25533E-04  0.00000E+00  1.0E-07
  8.200E+00  5.11188E-03  8.68445E-21  3.10127E-04  0.00000E+00  1.0E-07
  8.300E+00  5.23711E-03  8.27833E-21  2.95625E-04  0.00000E+00  1.0E-07
  8.400E+00  5.36383E-03  7.89575E-21  2.81962E-04  0.00000E+00  1.0E-07
  8.500E+00  5.49207E-03  7.53506E-21  2.69082E-04  0.00000E+00  1.0E-07
  8.600E+00  5.62181E-03  7.19480E-21  2.56931E-04  0.00000E+00  1.0E-07
  8.700E+00  5.75306E-03  6.87359E-21  2.45460E-04  0.00000E+00  1.0E-07
  8.800E+00  5.88581E-03  6.57017E-21  2.34625E-04  0.00000E+00  1.0E-07
  8.900E+00  6.02007E-03  6.28335E-21  2.24382E-04  0.00000E+00  1.0E-07
  9.000E+00  6.15583E-03  6.01206E-21  2.14694E-04  0.00000E+00  1.0E-07
  9.100E+00  6.29310E-03  5.75530E-21  2.05525E-04  0.00000E+00  1.0E-07
  9.200E+00  6.43187E-03  5.51215E-21  1.96842E-04  0.00000E+00  1.0E-07
  9.300E+00  6.57214E-03  5.28174E-21  1.88614E-04  0.00000E+00  1.0E-07
  9.400E+00  6.71392E-03  5.06329E-21  1.80813E-04  0.00000E+00  1.0E-07
  9.500E+00  6.85720E-03  4.85606E-21  1.73413E-04  0.00000E+00  1.0E-07
  9.600E+00  7.00198E-03  4.65935E-21  1.66389E-04  0.00000E+00  1.0E-07
  9.700E+00  7.14827E-03  4.47254E-21  1.59717E-04  0.00000E+00  1.0E-07
  9.800E+00  7.29605E-03  4.29503E-21  1.53378E-04  0.00000E+00  1.0E-07
  9.900E+00  7.44534E-03  4.12627E-21  1.47352E-04  0.00000E+00  1.0E-07
  1.000E+01  7.59612E-03  3.96575E-21  1.41620E-04  0.00000E+00  1.0E-07
  1.025E+01  7.97965E-03  3.59743E-21  1.28466E-04  0.00000E+00  1.0E-07
  1.050E+01  8.37255E-03  3.27103E-21  1.16811E-04  0.00000E+00  1.0E-07
  1.075E+01  8.77480E-03  2.98095E-21  1.06452E-04  0.00000E+00  1.0E-07
  1.100E+01  9.18641E-03  2.72245E-21  9.72203E-05  0.00000E+00  1.0E-07
  1.125E+01  9.60736E-03  2.49147E-21  8.89719E-05  0.00000E+00  1.0E-07
  1.150E+01  1.00376E-02  2.28456E-21  8.15833E-05  0.00000E+00  1.0E-07
  1.175E+01  1.04773E-02  2.09878E-21  7.49489E-05  0.00000E+00  1.0E-07
  1.200E+01  1.09262E-02  1.93158E-21  6.89781E-05  0.00000E+00  1.0E-07
  1.225E+01  1.13844E-02  1.78077E-21  6.35926E-05  0.00000E+00  1.0E-07
  1.250E+01  1.18520E-02  1.64446E-21  5.87247E-05  0.00000E+00  1.0E-07
  1.275E+01  1.23288E-02  1.52099E-21  5.43157E-05  0.00000E+00  1.0E-07
  1.300E+01  1.28150E-02  1.40895E-21  5.03146E-05  0.00000E+00  1.0E-07
  1.325E+01  1.33104E-02  1.30708E-21  4.66767E-05  0.00000E+00  1.0E-07
  1.350E+01  1.38150E-02  1.21429E-21  4.33633E-05  0.00000E+00  1.0E-07
  1.375E+01  1.43290E-02  1.12963E-21  4.03399E-05  0.00000E+00  1.0E-07
  1.400E+01  1.48521E-02  1.05226E-21  3.75767E-05  0.00000E+00  1.0E-07
  1.425E+01  1.53845E-02  9.81421E-22  3.50472E-05  0.00000E+00  1.0E-07
  1.450E+01  1.59262E-02  9.16476E-22  3.27279E-05  0.00000E+00  1.0E-07
  1.475E+01  1.64770E-02  8.56839E-22  3.05983E-05  0.00000E+00  1.0E-07
  1.500E+01  1.70371E-02  8.01997E-22  2.86398E-05  0.00000E+00  1.0E-07
  1.525E+01  1.76063E-02  7.51495E-22  2.68364E-05  0.00000E+00  1.0E-07
  1.550E+01  1.81848E-02  7.04924E-22  2.51733E-05  0.00000E+00  1.0E-07
  1.575E+01  1.87724E-02  6.61923E-22  2.36377E-05  0.00000E+00  1.0E-07
  1.600E+01  1.93692E-02  6.22167E-22  2.22180E-05  0.00000E+00  1.0E-07
  1.625E+01  1.99751E-02  5.85365E-22  2.09038E-05  0.00000E+00  1.0E-07
  1.650E+01  2.05901E-02  5.51258E-22  1.96858E-05  0.00000E+00  1.0E-07
  1.675E+01  2.12143E-02  5.19612E-22  1.85557E-05  0.00000E+00  1.0E-07
  1.700E+01  2.18476E-02  4.90215E-22  1.75059E-05  0.00000E+00  1.0E-07
  1.725E+01  2.24900E-02  4.62878E-22  1.65297E-05  0.00000E+00  1.0E-07
  1.750E+01  2.31415E-02  4.37430E-22  1.56209E-05  0.00000E+00  1.0E-07
  1.775E+01  2.38021E-02  4.13715E-22  1.47740E-05  0.00000E+00  1.0E-07
  1.800E+01  2.44717E-02  3.91594E-22  1.39841E-05  0.00000E+00  1.0E-07
  1.825E+01  2.51504E-02  3.70939E-22  1.32465E-05  0.00000E+00  1.0E-07
  1.850E+01  2.58382E-02  3.51635E-22  1.25571E-05  0.00000E+00  1.0E-07
  1.875E+01  2.65349E-02  3.33577E-22  1.19122E-05  0.00000E+00  1.0E-07
  1.900E+01  2.72407E-02  3.16669E-22  1.13084E-05  0.00000E+00  1.0E-07
  1.925E+01  2.79555E-02  3.00824E-22  1.07426E-05  0.00000E+00  1.0E-07
  1.950E+01  2.86793E-02  2.85963E-22  1.02119E-05  0.00000E+00  1.0E-07
  1.975E+01  2.94120E-02  2.72012E-22  9.71374E-06  0.00000E+00  1.0E-07
  2.000E+01  3.01537E-02  2.58907E-22  9.24573E-06  0.00000E+00  1.0E-07
  2.025E+01  3.09043E-02  2.46585E-22  8.80571E-06  0.00000E+00  1.0E-07
  2.050E+01  3.16639E-02  2.34991E-22  8.39168E-06  0.00000E+00  1.0E-07
  2.075E+01  3.24324E-02  2.24074E-22  8.00182E-06  0.00000E+00  1.0E-07
  2.100E+01  3.32098E-02  2.13787E-22  7.63446E-06  0.00000E+00  1.0E-07
  2.125E+01  3.39961E-02  2.04086E-22  7.28804E-06  0.00000E+00  1.0E-07
  2.150E+01  3.47912E-02  1.94932E-22  6.96114E-06  0.00000E+00  1.0E-07
  2.175E+01  3.55952E-02  1.86288E-22  6.65245E-06  0.00000E+00  1.0E-07
  2.200E+01  3.64081E-02  1.78120E-22  6.36077E-06  0.00000E+00  1.0E-07
  2.225E+01  3.72297E-02  1.70397E-22  6.08498E-06  0.00000E+00  1.0E-07
  2.250E+01  3.80602E-02  1.63090E-22  5.82404E-06  0.00000E+00  1.0E-07
  2.275E+01  3.88995E-02  1.56172E-22  5.57701E-06  0.00000E+00  1.0E-07
  2.300E+01  3.97476E-02  1.49619E-22  5.34300E-06  0.00000E+00  1.0E-07
  2.325E+01  4.06044E-02  1.43408E-22  5.12119E-06  0.00000E+00  1.0E-07
  2.350E+01  4.14700E-02  1.37517E-22  4.91082E-06  0.00000E+00  1.0E-07
  2.375E+01  4.23443E-02  1.31927E-22  4.71120E-06  0.00000E+00  1.0E-07
  2.400E+01  4.32273E-02  1.26619E-22  4.52166E-06  0.00000E+00  1.0E-07
  2.425E+01  4.41190E-02  1.21577E-22  4.34160E-06  0.00000E+00  1.0E-07
  2.450E+01  4.50194E-02  1.16785E-22  4.17046E-06  0.00000E+00  1.0E-07
  2.475E+01  4.59284E-02  1.12227E-22  4.00770E-06  0.00000E+00  1.0E-07
  2.500E+01  4.68461E-02  1.07891E-22  3.85284E-06  0.00000E+00  1.0E-07
  2.550E+01  4.87074E-02  9.98305E-23  3.56501E-06  0.00000E+00  1.0E-07
  2.600E+01  5.06030E-02  9.25122E-23  3.30367E-06  0.00000E+00  1.0E-07
  2.650E+01  5.25328E-02  8.58549E-23  3.06593E-06  0.00000E+00  1.0E-07
  2.700E+01  5.44967E-02  7.97879E-23  2.84928E-06  0.00000E+00  1.0E-07
  2.750E+01  5.64946E-02  7.42494E-23  2.65150E-06  0.00000E+00  1.0E-07
  2.800E+01  5.85262E-02  6.91849E-23  2.47064E-06  0.00000E+00  1.0E-07
  2.850E+01  6.05914E-02  6.45462E-23  2.30499E-06  0.00000E+00  1.0E-07
  2.900E+01  6.26901E-02  6.02911E-23  2.15303E-06  0.00000E+00  1.0E-07
  2.950E+01  6.48222E-02  5.63818E-23  2.01343E-06  0.00000E+00  1.0E-07
  3.000E+01  6.69873E-02  5.27852E-23  1.88499E-06  0.00000E+00  1.0E-07
  3.050E+01  6.91854E-02  4.94716E-23  1.76666E-06  0.00000E+00  1.0E-07
  3.100E+01  7.14163E-02  4.64145E-23  1.65749E-06  0.00000E+00  1.0E-07
  3.150E+01  7.36799E-02  4.35905E-23  1.55664E-06  0.00000E+00  1.0E-07
  3.200E+01  7.59760E-02  4.09784E-23  1.46336E-06  0.00000E+00  1.0E-07
  3.250E+01  7.83043E-02  3.85593E-23  1.37698E-06  0.00000E+00  1.0E-07
  3.300E+01  8.06647E-02  3.63164E-23  1.29688E-06  0.00000E+00  1.0E-07
  3.350E+01  8.30571E-02  3.42344E-23  1.22253E-06  0.00000E+00  1.0E-07
  3.400E+01  8.54812E-02  3.22997E-23  1.15344E-06  0.00000E+00  1.0E-07
  3.450E+01  8.79369E-02  3.04998E-23  1.08917E-06  0.00000E+00  1.0E-07
  3.500E+01  9.04240E-02  2.88235E-23  1.02931E-06  0.00000E+00  1.0E-07
  3.550E+01  9.29422E-02  2.72609E-23  9.73503E-07  0.00000E+00  1.0E-07
  3.600E+01  9.54915E-02  2.58027E-23  9.21430E-07  0.00000E+00  1.0E-07
  3.650E+01  9.80716E-02  2.44406E-23  8.72791E-07  0.00000E+00  1.0E-07
  3.700E+01  1.00682E-01  2.31672E-23  8.27315E-07  0.00000E+00  1.0E-07
  3.750E+01  1.03323E-01  2.19755E-23  7.84760E-07  0.00000E+00  1.0E-07
  3.800E+01  1.05995E-01  2.08594E-23  7.44902E-07  0.00000E+00  1.0E-07
  3.850E+01  1.08696E-01  1.98131E-23  7.07538E-07  0.00000E+00  1.0E-07
  3.900E+01  1.11427E-01  1.88314E-23  6.72482E-07  0.00000E+00  1.0E-07
  3.950E+01  1.14188E-01  1.79097E-23  6.39565E-07  0.00000E+00  1.0E-07
  4.000E+01  1.16978E-01  1.70434E-23  6.08632E-07  0.00000E+00  1.0E-07
  4.050E+01  1.19797E-01  1.62288E-23  5.79540E-07  0.00000E+00  1.0E-07
  4.100E+01  1.22645E-01  1.54620E-23  5.52159E-07  0.00000E+00  1.0E-07
  4.150E+01  1.25522E-01  1.47399E-23  5.26370E-07  0.00000E+00  1.0E-07
  4.200E+01  1.28428E-01  1.40592E-23  5.02062E-07  0.00000E+00  1.0E-07
  4.250E+01  1.31361E-01  1.34171E-23  4.79134E-07  0.00000E+00  1.0E-07
  4.300E+01  1.34323E-01  1.28111E-23  4.57493E-07  0.00000E+00  1.0E-07
  4.350E+01  1.37313E-01  1.22387E-23  4.37053E-07  0.00000E+00  1.0E-07
  4.400E+01  1.40330E-01  1.16977E-23  4.17734E-07  0.00000E+00  1.0E-07
  4.450E+01  1.43375E-01  1.11861E-23  3.99464E-07  0.00000E+00  1.0E-07
  4.500E+01  1.46447E-01  1.07020E-23  3.82175E-07  0.00000E+00  1.0E-07
  4.550E+01  1.49545E-01  1.02436E-23  3.65804E-07  0.00000E+00  1.0E-07
  4.600E+01  1.52671E-01  9.80920E-24  3.50293E-07  0.00000E+00  1.0E-07
  4.650E+01  1.55823E-01  9.39743E-24  3.35588E-07  0.00000E+00  1.0E-07
  4.700E+01  1.59001E-01  9.00684E-24  3.21640E-07  0.00000E+00  1.0E-07
  4.750E+01  1.62205E-01  8.63613E-24  3.08402E-07  0.00000E+00  1.0E-07
  4.800E+01  1.65435E-01  8.28410E-24  2.95831E-07  0.00000E+00  1.0E-07
  4.850E+01  1.68690E-01  7.94965E-24  2.83887E-07  0.00000E+00  1.0E-07
  4.900E+01  1.71970E-01  7.63170E-24  2.72533E-07  0.00000E+00  1.0E-07
  4.950E+01  1.75276E-01  7.32930E-24  2.61734E-07  0.00000E+00  1.0E-07
  5.000E+01  1.78606E-01  7.04155E-24  2.51458E-07  0.00000E+00  1.0E-07
  5.050E+01  1.81961E-01  6.76759E-24  2.41675E-07  0.00000E+00  1.0E-07
  5.100E+01  1.85340E-01  6.50665E-24  2.32357E-07  0.00000E+00  1.0E-07
  5.150E+01  1.88743E-01  6.25798E-24  2.23476E-07  0.00000E+00  1.0E-07
  5.200E+01  1.92169E-01  6.02090E-24  2.15010E-07  0.00000E+00  1.0E-07
  5.250E+01  1.95619E-01  5.79477E-24  2.06935E-07  0.00000E+00  1.0E-07
  5.300E+01  1.99092E-01  5.57898E-24  1.99229E-07  0.00000E+00  1.0E-07
  5.350E+01  2.02589E-01  5.37297E-24  1.91872E-07  0.00000E+00  1.0E-07
  5.400E+01  2.06107E-01  5.17622E-24  1.84846E-07  0.00000E+00  1.0E-07
  5.450E+01  2.09649E-01  4.98823E-24  1.78133E-07  0.00000E+00  1.0E-07
  5.500E+01  2.13212E-01  4.80854E-24  1.71716E-07  0.00000E+00  1.0E-07
  5.550E+01  2.16797E-01  4.63671E-24  1.65580E-07  0.00000E+00  1.0E-07
  5.600E+01  2.20404E-01  4.47232E-24  1.59710E-07  0.00000E+00  1.0E-07
  5.650E+01  2.24032E-01  4.31501E-24  1.54092E-07  0.00000E+00  1.0E-07
  5.700E+01  2.27680E-01  4.16440E-24  1.48713E-07  0.00000E+00  1.0E-07
  5.750E+01  2.31350E-01  4.02015E-24  1.43562E-07  0.00000E+00  1.0E-07
  5.800E+01  2.35040E-01  3.88196E-24  1.38627E-07  0.00000E+00  1.0E-07
  5.850E+01  2.38751E-01  3.74950E-24  1.33897E-07  0.00000E+00  1.0E-07
  5.900E+01  2.42481E-01  3.62251E-24  1.29362E-07  0.00000E+00  1.0E-07
  5.950E+01  2.46231E-01  3.50071E-24  1.25013E-07  0.00000E+00  1.0E-07
  6.000E+01  2.50000E-01  3.38386E-24  1.20840E-07  0.00000E+00  1.0E-07
  6.050E+01  2.53788E-01  3.27170E-24  1.16835E-07  0.00000E+00  1.0E-07
  6.100E+01  2.57595E-01  3.16403E-24  1.12989E-07  0.00000E+00  1.0E-07
  6.150E+01  2.61421E-01  3.06061E-24  1.09296E-07  0.00000E+00  1.0E-07
  6.200E+01  2.65264E-01  2.96127E-24  1.05749E-07  0.00000E+00  1.0E-07
  6.250E+01  2.69126E-01  2.86579E-24  1.02339E-07  0.00000E+00  1.0E-07
  6.300E+01  2.73005E-01  2.77401E-24  9.90619E-08  0.00000E+00  1.0E-07
  6.350E+01  2.76901E-01  2.68576E-24  9.59103E-08  0.00000E+00  1.0E-07
  6.400E+01  2.80814E-01  2.60087E-24  9.28789E-08  0.00000E+00  1.0E-07
  6.450E+01  2.84744E-01  2.51920E-24  8.99622E-08  0.00000E+00  1.0E-07
  6.500E+01  2.88691E-01  2.44059E-24  8.71551E-08  0.00000E+00  1.0E-07
  6.550E+01  2.92653E-01  2.36492E-24  8.44527E-08  0.00000E+00  1.0E-07
  6.600E+01  2.96632E-01  2.29204E-24  8.18503E-08  0.00000E+00  1.0E-07
  6.650E+01  3.00625E-01  2.22184E-24  7.93435E-08  0.00000E+00  1.0E-07
  6.700E+01  3.04634E-01  2.15421E-24  7.69282E-08  0.00000E+00  1.0E-07
  6.750E+01  3.08658E-01  2.08902E-24  7.46004E-08  0.00000E+00  1.0E-07
  6.800E+01  3.12697E-01  2.02618E-24  7.23564E-08  0.00000E+00  1.0E-07
  6.850E+01  3.16749E-01  1.96559E-24  7.01925E-08  0.00000E+00  1.0E-07
  6.900E+01  3.20816E-01  1.90715E-24  6.81054E-08  0.00000E+00  1.0E-07
  6.950E+01  3.24896E-01  1.85076E-24  6.60919E-08  0.00000E+00  1.0E-07
  7.000E+01  3.28990E-01  1.79635E-24  6.41489E-08  0.00000E+00  1.0E-07
  7.050E+01  3.33097E-01  1.74383E-24  6.22734E-08  0.00000E+00  1.0E-07
  7.100E+01  3.37216E-01  1.69313E-24  6.04627E-08  0.00000E+00  1.0E-07
  7.150E+01  3.41348E-01  1.64416E-24  5.87141E-08  0.00000E+00  1.0E-07
  7.200E+01  3.45492E-01  1.59687E-24  5.70251E-08  0.00000E+00  1.0E-07
  7.250E+01  3.49647E-01  1.55117E-24  5.53933E-08  0.00000E+00  1.0E-07
  7.300E+01  3.53814E-01  1.50701E-24  5.38164E-08  0.00000E+00  1.0E-07
  7.350E+01  3.57992E-01  1.46433E-24  5.22922E-08  0.00000E+00  1.0E-07
  7.400E+01  3.62181E-01  1.42307E-24  5.08186E-08  0.00000E+00  1.0E-07
  7.450E+01  3.66381E-01  1.38316E-24  4.93937E-08  0.00000E+00  1.0E-07
  7.500E+01  3.70590E-01  1.34457E-24  4.80155E-08  0.00000E+00  1.0E-07
  7.550E+01  3.74810E-01  1.30724E-24  4.66822E-08  0.00000E+00  1.0E-07
  7.600E+01  3.79039E-01  1.27111E-24  4.53921E-08  0.00000E+00  1.0E-07
  7.650E+01  3.83277E-01  1.23615E-24  4.41436E-08  0.00000E+00  1.0E-07
  7.700E+01  3.87524E-01  1.20230E-24  4.29350E-08  0.00000E+00  1.0E-07
  7.750E+01  3.91780E-01  1.16954E-24  4.17649E-08  0.00000E+00  1.0E-07
  7.800E+01  3.96044E-01  1.13780E-24  4.06317E-08  0.00000E+00  1.0E-07
  7.850E+01  4.00316E-01  1.10707E-24  3.95342E-08  0.00000E+00  1.0E-07
  7.900E+01  4.04596E-01  1.07730E-24  3.84710E-08  0.00000E+00  1.0E-07
  7.950E+01  4.08882E-01  1.04845E-24  3.74408E-08  0.00000E+00  1.0E-07
  8.000E+01  4.13176E-01  1.02049E-24  3.64424E-08  0.00000E+00  1.0E-07
  8.050E+01  4.17476E-01  9.93392E-25  3.54747E-08  0.00000E+00  1.0E-07
  8.100E+01  4.21783E-01  9.67121E-25  3.45365E-08  0.00000E+00  1.0E-07
  8.150E+01  4.26095E-01  9.41648E-25  3.36268E-08  0.00000E+00  1.0E-07
  8.200E+01  4.30413E-01  9.16943E-25  3.27446E-08  0.00000E+00  1.0E-07
  8.250E+01  4.34737E-01  8.92981E-25  3.18889E-08  0.00000E+00  1.0E-07
  8.300E+01  4.39065E-01  8.69733E-25  3.10587E-08  0.00000E+00  1.0E-07
  8.350E+01  4.43398E-01  8.47176E-25  3.02532E-08  0.00000E+00  1.0E-07
  8.400E+01  4.47736E-01  8.25285E-25  2.94715E-08  0.00000E+00  1.0E-07
  8.450E+01  4.52077E-01  8.04038E-25  2.87127E-08  0.00000E+00  1.0E-07
  8.500E+01  4.56422E-01  7.83411E-25  2.79761E-08  0.00000E+00  1.0E-07
  8.550E+01  4.60770E-01  7.63383E-25  2.72609E-08  0.00000E+00  1.0E-07
  8.600E+01  4.65122E-01  7.43935E-25  2.65664E-08  0.00000E+00  1.0E-07
  8.650E+01  4.69476E-01  7.25046E-25  2.58919E-08  0.00000E+00  1.0E-07
  8.700E+01  4.73832E-01  7.06698E-25  2.52366E-08  0.00000E+00  1.0E-07
  8.750E+01  4.78190E-01  6.88871E-25  2.46000E-08  0.00000E+00  1.0E-07
  8.800E+01  4.82550E-01  6.71550E-25  2.39815E-08  0.00000E+00  1.0E-07
  8.850E+01  4.86912E-01  6.54716E-25  2.33803E-08  0.00000E+00  1.0E-07
  8.900E+01  4.91274E-01  6.38354E-25  2.27960E-08  0.00000E+00  1.0E-07
  8.950E+01  4.95637E-01  6.22449E-25  2.22280E-08  0.00000E+00  1.0E-07
  9.000E+01  5.00000E-01  6.06985E-25  2.16758E-08  0.00000E+00  1.0E-07
  9.050E+01  5.04363E-01  5.91948E-25  2.11388E-08  0.00000E+00  1.0E-07
  9.100E+01  5.08726E-01  5.77324E-25  2.06166E-08  0.00000E+00  1.0E-07
  9.150E+01  5.13088E-01  5.63101E-25  2.01087E-08  0.00000E+00  1.0E-07
  9.200E+01  5.17450E-01  5.49264E-25  1.96146E-08  0.00000E+00  1.0E-07
  9.250E+01  5.21810E-01  5.35803E-25  1.91339E-08  0.00000E+00  1.0E-07
  9.300E+01  5.26168E-01  5.22704E-25  1.86661E-08  0.00000E+00  1.0E-07
  9.350E+01  5.30524E-01  5.09957E-25  1.82109E-08  0.00000E+00  1.0E-07
  9.400E+01  5.34878E-01  4.97550E-25  1.77678E-08  0.00000E+00  1.0E-07
  9.450E+01  5.39230E-01  4.85473E-25  1.73366E-08  0.00000E+00  1.0E-07
  9.500E+01  5.43578E-01  4.73716E-25  1.69167E-08  0.00000E+00  1.0E-07
  9.550E+01  5.47923E-01  4.62268E-25  1.65079E-08  0.00000E+00  1.0E-07
  9.600E+01  5.52264E-01  4.51121E-25  1.61098E-08  0.00000E+00  1.0E-07
  9.650E+01  5.56602E-01  4.40265E-25  1.57221E-08  0.00000E+00  1.0E-07
  9.700E+01  5.60935E-01  4.29691E-25  1.53445E-08  0.00000E+00  1.0E-07
  9.750E+01  5.65263E-01  4.19390E-25  1.49767E-08  0.00000E+00  1.0E-07
  9.800E+01  5.69587E-01  4.09356E-25  1.46184E-08  0.00000E+00  1.0E-07
  9.850E+01  5.73905E-01  3.99578E-25  1.42692E-08  0.00000E+00  1.0E-07
  9.900E+01  5.78217E-01  3.90051E-25  1.39290E-08  0.00000E+00  1.0E-07
  9.950E+01  5.82524E-01  3.80765E-25  1.35974E-08  0.00000E+00  1.0E-07
  1.000E+02  5.86824E-01  3.71715E-25  1.32742E-08  0.00000E+00  1.0E-07
  1.005E+02  5.91118E-01  3.62894E-25  1.29592E-08  0.00000E+00  1.0E-07
  1.010E+02  5.95404E-01  3.54294E-25  1.26521E-08  0.00000E+00  1.0E-07
  1.015E+02  5.99684E-01  3.45909E-25  1.23526E-08  0.00000E+00  1.0E-07
  1.020E+02  6.03956E-01  3.37733E-25  1.20607E-08  0.00000E+00  1.0E-07
  1.025E+02  6.08220E-01  3.29761E-25  1.17760E-08  0.00000E+00  1.0E-07
  1.030E+02  6.12476E-01  3.21985E-25  1.14983E-08  0.00000E+00  1.0E-07
  1.035E+02  6.16723E-01  3.14401E-25  1.12275E-08  0.00000E+00  1.0E-07
  1.040E+02  6.20961E-01  3.07003E-25  1.09633E-08  0.00000E+00  1.0E-07
  1.045E+02  6.25190E-01  2.99785E-25  1.07055E-08  0.00000E+00  1.0E-07
  1.050E+02  6.29410E-01  2.92744E-25  1.04541E-08  0.00000E+00  1.0E-07
  1.055E+02  6.33619E-01  2.85873E-25  1.02087E-08  0.00000E+00  1.0E-07
  1.060E+02  6.37819E-01  2.79168E-25  9.96927E-09  0.00000E+00  1.0E-07
  1.065E+02  6.42008E-01  2.72625E-25  9.73561E-09  0.00000E+00  1.0E-07
  1.070E+02  6.46186E-01  2.66238E-25  9.50754E-09  0.00000E+00  1.0E-07
  1.075E+02  6.50353E-01  2.60004E-25  9.28493E-09  0.00000E+00  1.0E-07
  1.080E+02  6.54508E-01  2.53919E-25  9.06762E-09  0.00000E+00  1.0E-07
  1.085E+02  6.58652E-01  2.47978E-25  8.85546E-09  0.00000E+00  1.0E-07
  1.090E+02  6.62784E-01  2.42178E-25  8.64833E-09  0.00000E+00  1.0E-07
  1.095E+02  6.66903E-01  2.36514E-25  8.44607E-09  0.00000E+00  1.0E-07
  1.100E+02  6.71010E-01  2.30983E-25  8.24857E-09  0.00000E+00  1.0E-07
  1.105E+02  6.75104E-01  2.25582E-25  8.05569E-09  0.00000E+00  1.0E-07
  1.110E+02  6.79184E-01  2.20307E-25  7.86731E-09  0.00000E+00  1.0E-07
  1.115E+02  6.83251E-01  2.15154E-25  7.68331E-09  0.00000E+00  1.0E-07
  1.120E+02  6.87303E-01  2.10121E-25  7.50357E-09  0.00000E+00  1.0E-07
  1.125E+02  6.91342E-01  2.05205E-25  7.32799E-09  0.00000E+00  1.0E-07
  1.130E+02  6.95366E-01  2.00401E-25  7.15645E-09  0.00000E+00  1.0E-07
  1.135E+02  6.99375E-01  1.95708E-25  6.98886E-09  0.00000E+00  1.0E-07
  1.140E+02  7.03368E-01  1.91122E-25  6.82510E-09  0.00000E+00  1.0E-07
  1.145E+02  7.07347E-01  1.86641E-25  6.66507E-09  0.00000E+00  1.0E-07
  1.150E+02  7.11309E-01  1.82262E-25  6.50869E-09  0.00000E+00  1.0E-07
  1.155E+02  7.15256E-01  1.77982E-25  6.35586E-09  0.00000E+00  1.0E-07
  1.160E+02  7.19186E-01  1.73799E-25  6.20649E-09  0.00000E+00  1.0E-07
  1.165E+02  7.23099E-01  1.69711E-25  6.06049E-09  0.00000E+00  1.0E-07
  1.170E+02  7.26995E-01  1.65715E-25  5.91778E-09  0.00000E+00  1.0E-07
  1.175E+02  7.30874E-01  1.61808E-25  5.77826E-09  0.00000E+00  1.0E-07
  1.180E+02  7.34736E-01  1.57989E-25  5.64187E-09  0.00000E+00  1.0E-07
  1.185E+02  7.38579E-01  1.54255E-25  5.50853E-09  0.00000E+00  1.0E-07
  1.190E+02  7.42405E-01  1.50604E-25  5.37816E-09  0.00000E+00  1.0E-07
  1.195E+02  7.46212E-01  1.47034E-25  5.25068E-09  0.00000E+00  1.0E-07
  1.200E+02  7.50000E-01  1.43543E-25  5.12603E-09  0.00000E+00  1.0E-07
  1.205E+02  7.53769E-01  1.40130E-25  5.00414E-09  0.00000E+00  1.0E-07
  1.210E+02  7.57519E-01  1.36792E-25  4.88493E-09  0.00000E+00  1.0E-07
  1.215E+02  7.61249E-01  1.33527E-25  4.76835E-09  0.00000E+00  1.0E-07
  1.220E+02  7.64960E-01  1.30335E-25  4.65433E-09  0.00000E+00  1.0E-07
  1.225E+02  7.68650E-01  1.27212E-25  4.54281E-09  0.00000E+00  1.0E-07
  1.230E+02  7.72320E-01  1.24157E-25  4.43373E-09  0.00000E+00  1.0E-07
  1.235E+02  7.75968E-01  1.21169E-25  4.32703E-09  0.00000E+00  1.0E-07
  1.240E+02  7.79596E-01  1.18246E-25  4.22266E-09  0.00000E+00  1.0E-07
  1.245E+02  7.83203E-01  1.15387E-25  4.12056E-09  0.00000E+00  1.0E-07
  1.250E+02  7.86788E-01  1.12590E-25  4.02067E-09  0.00000E+00  1.0E-07
  1.255E+02  7.90351E-01  1.09854E-25  3.92295E-09  0.00000E+00  1.0E-07
  1.260E+02  7.93893E-01  1.07177E-25  3.82735E-09  0.00000E+00  1.0E-07
  1.265E+02  7.97411E-01  1.04557E-25  3.73381E-09  0.00000E+00  1.0E-07
  1.270E+02  8.00908E-01  1.01994E-25  3.64229E-09  0.00000E+00  1.0E-07
  1.275E+02  8.04381E-01  9.94869E-26  3.55274E-09  0.00000E+00  1.0E-07
  1.280E+02  8.07831E-01  9.70333E-26  3.46512E-09  0.00000E+00  1.0E-07
  1.285E+02  8.11257E-01  9.46325E-26  3.37939E-09  0.00000E+00  1.0E-07
  1.290E+02  8.14660E-01  9.22832E-26  3.29549E-09  0.00000E+00  1.0E-07
  1.295E+02  8.18039E-01  8.99843E-26  3.21340E-09  0.00000E+00  1.0E-07
  1.300E+02  8.21394E-01  8.77347E-26  3.13306E-09  0.00000E+00  1.0E-07
  1.305E+02  8.24724E-01  8.55333E-26  3.05445E-09  0.00000E+00  1.0E-07
  1.310E+02  8.28030E-01  8.33790E-26  2.97752E-09  0.00000E+00  1.0E-07
  1.315E+02  8.31310E-01  8.12708E-26  2.90223E-09  0.00000E+00  1.0E-07
  1.320E+02  8.34565E-01  7.92077E-26  2.82856E-09  0.00000E+00  1.0E-07
  1.325E+02  8.37795E-01  7.71886E-26  2.75646E-09  0.00000E+00  1.0E-07
  1.330E+02  8.40999E-01  7.52127E-26  2.68589E-09  0.00000E+00  1.0E-07
  1.335E+02  8.44177E-01  7.32790E-26  2.61684E-09  0.00000E+00  1.0E-07
  1.340E+02  8.47329E-01  7.13866E-26  2.54926E-09  0.00000E+00  1.0E-07
  1.345E+02  8.50455E-01  6.95346E-26  2.48312E-09  0.00000E+00  1.0E-07
  1.350E+02  8.53553E-01  6.77221E-26  2.41840E-09  0.00000E+00  1.0E-07
  1.355E+02  8.56625E-01  6.59484E-26  2.35506E-09  0.00000E+00  1.0E-07
  1.360E+02  8.59670E-01  6.42127E-26  2.29308E-09  0.00000E+00  1.0E-07
  1.365E+02  8.62687E-01  6.25140E-26  2.23242E-09  0.00000E+00  1.0E-07
  1.370E+02  8.65677E-01  6.08517E-26  2.17305E-09  0.00000E+00  1.0E-07
  1.375E+02  8.68639E-01  5.92250E-26  2.11496E-09  0.00000E+00  1.0E-07
  1.380E+02  8.71572E-01  5.76332E-26  2.05812E-09  0.00000E+00  1.0E-07
  1.385E+02  8.74478E-01  5.60756E-26  2.00250E-09  0.00000E+00  1.0E-07
  1.390E+02  8.77355E-01  5.45514E-26  1.94807E-09  0.00000E+00  1.0E-07
  1.395E+02  8.80203E-01  5.30601E-26  1.89481E-09  0.00000E+00  1.0E-07
  1.400E+02  8.83022E-01  5.16009E-26  1.84270E-09  0.00000E+00  1.0E-07
  1.405E+02  8.85812E-01  5.01732E-26  1.79172E-09  0.00000E+00  1.0E-07
  1.410E+02  8.88573E-01  4.87765E-26  1.74184E-09  0.00000E+00  1.0E-07
  1.415E+02  8.91304E-01  4.74100E-26  1.69304E-09  0.00000E+00  1.0E-07
  1.420E+02  8.94005E-01  4.60732E-26  1.64530E-09  0.00000E+00  1.0E-07
  1.425E+02  8.96677E-01  4.47656E-26  1.59861E-09  0.00000E+00  1.0E-07
  1.430E+02  8.99318E-01  4.34865E-26  1.55293E-09  0.00000E+00  1.0E-07
  1.435E+02  9.01928E-01  4.22355E-26  1.50826E-09  0.00000E+00  1.0E-07
  1.440E+02  9.04508E-01  4.10119E-26  1.46456E-09  0.00000E+00  1.0E-07
  1.445E+02  9.07058E-01  3.98154E-26  1.42183E-09  0.00000E+00  1.0E-07
  1.450E+02  9.09576E-01  3.86453E-26  1.38005E-09  0.00000E+00  1.0E-07
  1.455E+02  9.12063E-01  3.75013E-26  1.33919E-09  0.00000E+00  1.0E-07
  1.460E+02  9.14519E-01  3.63827E-26  1.29925E-09  0.00000E+00  1.0E-07
  1.465E+02  9.16943E-01  3.52892E-26  1.26020E-09  0.00000E+00  1.0E-07
  1.470E+02  9.19335E-01  3.42204E-26  1.22203E-09  0.00000E+00  1.0E-07
  1.475E+02  9.21696E-01  3.31757E-26  1.18473E-09  0.00000E+00  1.0E-07
  1.480E+02  9.24024E-01  3.21548E-26  1.14827E-09  0.00000E+00  1.0E-07
  1.485E+02  9.26320E-01  3.11571E-26  1.11264E-09  0.00000E+00  1.0E-07
  1.490E+02  9.28584E-01  3.01825E-26  1.07784E-09  0.00000E+00  1.0E-07
  1.495E+02  9.30815E-01  2.92303E-26  1.04383E-09  0.00000E+00  1.0E-07
  1.500E+02  9.33013E-01  2.83003E-26  1.01062E-09  0.00000E+00  1.0E-07
  1.505E+02  9.35178E-01  2.73921E-26  9.78190E-10  0.00000E+00  1.0E-07
  1.510E+02  9.37310E-01  2.65053E-26  9.46522E-10  0.00000E+00  1.0E-07
  1.515E+02  9.39409E-01  2.56396E-26  9.15606E-10  0.00000E+00  1.0E-07
  1.520E+02  9.41474E-01  2.47946E-26  8.85431E-10  0.00000E+00  1.0E-07
  1.525E+02  9.43505E-01  2.39700E-26  8.55983E-10  0.00000E+00  1.0E-07
  1.530E+02  9.45503E-01  2.31654E-26  8.27252E-10  0.00000E+00  1.0E-07
  1.535E+02  9.47467E-01  2.23806E-26  7.99227E-10  0.00000E+00  1.0E-07
  1.540E+02  9.49397E-01  2.16153E-26  7.71896E-10  0.00000E+00  1.0E-07
  1.545E+02  9.51293E-01  2.08691E-26  7.45249E-10  0.00000E+00  1.0E-07
  1.550E+02  9.53154E-01  2.01418E-26  7.19275E-10  0.00000E+00  1.0E-07
  1.555E+02  9.54981E-01  1.94330E-26  6.93965E-10  0.00000E+00  1.0E-07
  1.560E+02  9.56773E-01  1.87425E-26  6.69308E-10  0.00000E+00  1.0E-07
  1.565E+02  9.58530E-01  1.80701E-26  6.45296E-10  0.00000E+00  1.0E-07
  1.570E+02  9.60252E-01  1.74155E-26  6.21919E-10  0.00000E+00  1.0E-07
  1.575E+02  9.61940E-01  1.67784E-26  5.99168E-10  0.00000E+00  1.0E-07
  1.580E+02  9.63592E-01  1.61586E-26  5.77034E-10  0.00000E+00  1.0E-07
  1.585E+02  9.65209E-01  1.55559E-26  5.55510E-10  0.00000E+00  1.0E-07
  1.590E+02  9.66790E-01  1.49699E-26  5.34586E-10  0.00000E+00  1.0E-07
  1.595E+02  9.68336E-01  1.44006E-26  5.14256E-10  0.00000E+00  1.0E-07
  1.600E+02  9.69846E-01  1.38477E-26  4.94511E-10  0.00000E+00  1.0E-07
  1.605E+02  9.71321E-01  1.33110E-26  4.75344E-10  0.00000E+00  1.0E-07
  1.610E+02  9.72759E-01  1.27903E-26  4.56748E-10  0.00000E+00  1.0E-07
  1.615E+02  9.74162E-01  1.22853E-26  4.38716E-10  0.00000E+00  1.0E-07
  1.620E+02  9.75528E-01  1.17960E-26  4.21241E-10  0.00000E+00  1.0E-07
  1.625E+02  9.76858E-01  1.13220E-26  4.04317E-10  0.00000E+00  1.0E-07
  1.630E+02  9.78152E-01  1.08634E-26  3.87937E-10  0.00000E+00  1.0E-07
  1.635E+02  9.79410E-01  1.04198E-26  3.72096E-10  0.00000E+00  1.0E-07
  1.640E+02  9.80631E-01  9.99107E-27  3.56788E-10  0.00000E+00  1.0E-07
  1.645E+02  9.81815E-01  9.57714E-27  3.42006E-10  0.00000E+00  1.0E-07
  1.650E+02  9.82963E-01  9.17781E-27  3.27746E-10  0.00000E+00  1.0E-07
  1.655E+02  9.84074E-01  8.79294E-27  3.14002E-10  0.00000E+00  1.0E-07
  1.660E+02  9.85148E-01  8.42239E-27  3.00769E-10  0.00000E+00  1.0E-07
  1.665E+02  9.86185E-01  8.06602E-27  2.88043E-10  0.00000E+00  1.0E-07
  1.670E+02  9.87185E-01  7.72370E-27  2.75818E-10  0.00000E+00  1.0E-07
  1.675E+02  9.88148E-01  7.39531E-27  2.64091E-10  0.00000E+00  1.0E-07
  1.680E+02  9.89074E-01  7.08073E-27  2.52858E-10  0.00000E+00  1.0E-07
  1.685E+02  9.89962E-01  6.77984E-27  2.42113E-10  0.00000E+00  1.0E-07
  1.690E+02  9.90814E-01  6.49254E-27  2.31853E-10  0.00000E+00  1.0E-07
  1.695E+02  9.91627E-01  6.21872E-27  2.22075E-10  0.00000E+00  1.0E-07
  1.700E+02  9.92404E-01  5.95829E-27  2.12774E-10  0.00000E+00  1.0E-07
  1.705E+02  9.93143E-01  5.71114E-27  2.03948E-10  0.00000E+00  1.0E-07
  1.710E+02  9.93844E-01  5.47719E-27  1.95594E-10  0.00000E+00  1.0E-07
  1.715E+02  9.94508E-01  5.25636E-27  1.87708E-10  0.00000E+00  1.0E-07
  1.720E+02  9.95134E-01  5.04857E-27  1.80288E-10  0.00000E+00  1.0E-07
  1.725E+02  9.95722E-01  4.85374E-27  1.73330E-10  0.00000E+00  1.0E-07
  1.730E+02  9.96273E-01  4.67180E-27  1.66833E-10  0.00000E+00  1.0E-07
  1.735E+02  9.96786E-01  4.50269E-27  1.60794E-10  0.00000E+00  1.0E-07
  1.740E+02  9.97261E-01  4.34634E-27  1.55211E-10  0.00000E+00  1.0E-07
  1.745E+02  9.97698E-01  4.20271E-27  1.50082E-10  0.00000E+00  1.0E-07
  1.750E+02  9.98097E-01  4.07174E-27  1.45404E-10  0.00000E+00  1.0E-07
  1.755E+02  9.98459E-01  3.95338E-27  1.41178E-10  0.00000E+00  1.0E-07
  1.760E+02  9.98782E-01  3.84760E-27  1.37400E-10  0.00000E+00  1.0E-07
  1.765E+02  9.99067E-01  3.75434E-27  1.34070E-10  0.00000E+00  1.0E-07
  1.770E+02  9.99315E-01  3.67359E-27  1.31186E-10  0.00000E+00  1.0E-07
  1.775E+02  9.99524E-01  3.60531E-27  1.28748E-10  0.00000E+00  1.0E-07
  1.780E+02  9.99695E-01  3.54948E-27  1.26754E-10  0.00000E+00  1.0E-07
  1.785E+02  9.99829E-01  3.50607E-27  1.25204E-10  0.00000E+00  1.0E-07
  1.790E+02  9.99924E-01  3.47508E-27  1.24097E-10  0.00000E+00  1.0E-07
  1.795E+02  9.99981E-01  3.45649E-27  1.23434E-10  0.00000E+00  1.0E-07
  1.800E+02  1.00000E+00  3.45029E-27  1.23212E-10  0.00000E+00  1.0E-07
