 #
 # Subroutine ELSEPA. Elastic scattering of electrons and positrons
 #                    by neutral atoms and positive ions
 #
 # Projectile: electron
 # Kinetic energy = 3.70000E+06 eV = 1.35973E+05 a.u.
 #
 # WARNING: High-energy factorization with free-atom DF screening.
 #          Absorption, polarization and exchange corrections are
 #          switched off.
 #          Phase shifts are calculated for the bare nucleus.
 #          Scattering amplitudes are not evaluated.
 #
 # Element: Cr,  Z =  24,  atomic weight = 5.19961E+01 g/mol
 #
 # Nuclear model: Fermi distribution
 #                Average radius = 3.99369E-13 cm
 #                Skin thickness = 5.46000E-14 cm
 #
 # Number of electrons = 24
 #
 # Total elastic cross section = 1.81813E-18 cm**2 = 6.49267E-02 a0**2
 # 1st transport cross section = 4.98793E-23 cm**2 = 1.78122E-06 a0**2
 # 2nd transport cross section = 1.41409E-22 cm**2 = 5.04981E-06 a0**2
 #
 #
 # Differential cross section:                       MU=(1-COS(THETA))/2
 #
 #  THETA        MU          DCS          DCS        Sherman      error
 #  (deg)                 (cm**2/sr)   (a0**2/sr)    function
 #----------------------------------------------------------------------
  0.000E+00  0.00000E+00  3.27810E-13  1.17063E+04  0.00000E+00  1.0E-05
  1.000E-04  7.61557E-13  3.27808E-13  1.17062E+04  0.00000E+00  1.0E-05
  1.250E-04  1.18994E-12  3.27807E-13  1.17062E+04  0.00000E+00  1.0E-05
  1.500E-04  1.71346E-12  3.27806E-13  1.17062E+04  0.00000E+00  1.0E-05
  1.750E-04  2.33225E-12  3.27804E-13  1.17061E+04  0.00000E+00  1.0E-05
  2.000E-04  3.04617E-12  3.27802E-13  1.17060E+04  0.00000E+00  1.0E-05
  2.250E-04  3.85530E-12  3.27800E-13  1.17060E+04  0.00000E+00  1.0E-05
  2.500E-04  4.75964E-12  3.27798E-13  1.17059E+04  0.00000E+00  1.0E-05
  2.750E-04  5.75917E-12  3.27795E-13  1.17058E+04  0.00000E+00  1.0E-05
  3.000E-04  6.85391E-12  3.27793E-13  1.17057E+04  0.00000E+00  1.0E-05
  3.250E-04  8.04379E-12  3.27790E-13  1.17056E+04  0.00000E+00  1.0E-05
  3.500E-04  9.32893E-12  3.27786E-13  1.17055E+04  0.00000E+00  1.0E-05
  3.750E-04  1.07092E-11  3.27783E-13  1.17053E+04  0.00000E+00  1.0E-05
  4.000E-04  1.21847E-11  3.27779E-13  1.17052E+04  0.00000E+00  1.0E-05
  4.250E-04  1.37554E-11  3.27775E-13  1.17051E+04  0.00000E+00  1.0E-05
  4.500E-04  1.54213E-11  3.27771E-13  1.17049E+04  0.00000E+00  1.0E-05
  4.750E-04  1.71823E-11  3.27766E-13  1.17047E+04  0.00000E+00  1.0E-05
  5.000E-04  1.90386E-11  3.27761E-13  1.17046E+04  0.00000E+00  1.0E-05
  5.250E-04  2.09900E-11  3.27757E-13  1.17044E+04  0.00000E+00  1.0E-05
  5.500E-04  2.30367E-11  3.27751E-13  1.17042E+04  0.00000E+00  1.0E-05
  5.750E-04  2.51785E-11  3.27746E-13  1.17040E+04  0.00000E+00  1.0E-05
  6.000E-04  2.74156E-11  3.27740E-13  1.17038E+04  0.00000E+00  1.0E-05
  6.250E-04  2.97478E-11  3.27734E-13  1.17036E+04  0.00000E+00  1.0E-05
  6.500E-04  3.21752E-11  3.27728E-13  1.17034E+04  0.00000E+00  1.0E-05
  6.750E-04  3.46979E-11  3.27721E-13  1.17031E+04  0.00000E+00  1.0E-05
  7.000E-04  3.73157E-11  3.27715E-13  1.17029E+04  0.00000E+00  1.0E-05
  7.250E-04  4.00286E-11  3.27708E-13  1.17027E+04  0.00000E+00  1.0E-05
  7.500E-04  4.28368E-11  3.27701E-13  1.17024E+04  0.00000E+00  1.0E-05
  7.750E-04  4.57402E-11  3.27693E-13  1.17021E+04  0.00000E+00  1.0E-05
  8.000E-04  4.87388E-11  3.27685E-13  1.17019E+04  0.00000E+00  1.0E-05
  8.250E-04  5.18325E-11  3.27678E-13  1.17016E+04  0.00000E+00  1.0E-05
  8.500E-04  5.50215E-11  3.27669E-13  1.17013E+04  0.00000E+00  1.0E-05
  8.750E-04  5.83057E-11  3.27661E-13  1.17010E+04  0.00000E+00  1.0E-05
  9.000E-04  6.16850E-11  3.27652E-13  1.17007E+04  0.00000E+00  1.0E-05
  9.250E-04  6.51595E-11  3.27643E-13  1.17004E+04  0.00000E+00  1.0E-05
  9.500E-04  6.87293E-11  3.27634E-13  1.17000E+04  0.00000E+00  1.0E-05
  9.750E-04  7.23943E-11  3.27625E-13  1.16997E+04  0.00000E+00  1.0E-05
  1.000E-03  7.61544E-11  3.27615E-13  1.16994E+04  0.00000E+00  1.0E-05
  1.250E-03  1.18991E-10  3.27506E-13  1.16954E+04  0.00000E+00  1.0E-05
  1.500E-03  1.71347E-10  3.27372E-13  1.16907E+04  0.00000E+00  1.0E-05
  1.750E-03  2.33223E-10  3.27214E-13  1.16850E+04  0.00000E+00  1.0E-05
  2.000E-03  3.04617E-10  3.27031E-13  1.16785E+04  0.00000E+00  1.0E-05
  2.250E-03  3.85531E-10  3.26825E-13  1.16711E+04  0.00000E+00  1.0E-05
  2.500E-03  4.75965E-10  3.26595E-13  1.16629E+04  0.00000E+00  1.0E-05
  2.750E-03  5.75917E-10  3.26340E-13  1.16538E+04  0.00000E+00  1.0E-05
  3.000E-03  6.85389E-10  3.26062E-13  1.16439E+04  0.00000E+00  1.0E-05
  3.250E-03  8.04380E-10  3.25760E-13  1.16331E+04  0.00000E+00  1.0E-05
  3.500E-03  9.32891E-10  3.25435E-13  1.16215E+04  0.00000E+00  1.0E-05
  3.750E-03  1.07092E-09  3.25086E-13  1.16090E+04  0.00000E+00  1.0E-05
  4.000E-03  1.21847E-09  3.24713E-13  1.15957E+04  0.00000E+00  1.0E-05
  4.250E-03  1.37554E-09  3.24318E-13  1.15816E+04  0.00000E+00  1.0E-05
  4.500E-03  1.54213E-09  3.23899E-13  1.15666E+04  0.00000E+00  1.0E-05
  4.750E-03  1.71823E-09  3.23457E-13  1.15509E+04  0.00000E+00  1.0E-05
  5.000E-03  1.90386E-09  3.22993E-13  1.15343E+04  0.00000E+00  1.0E-05
  5.250E-03  2.09900E-09  3.22506E-13  1.15169E+04  0.00000E+00  1.0E-05
  5.500E-03  2.30367E-09  3.21997E-13  1.14987E+04  0.00000E+00  1.0E-05
  5.750E-03  2.51785E-09  3.21465E-13  1.14797E+04  0.00000E+00  1.0E-05
  6.000E-03  2.74156E-09  3.20912E-13  1.14600E+04  0.00000E+00  1.0E-05
  6.250E-03  2.97478E-09  3.20336E-13  1.14394E+04  0.00000E+00  1.0E-05
  6.500E-03  3.21752E-09  3.19739E-13  1.14181E+04  0.00000E+00  1.0E-05
  6.750E-03  3.46978E-09  3.19121E-13  1.13960E+04  0.00000E+00  1.0E-05
  7.000E-03  3.73156E-09  3.18482E-13  1.13732E+04  0.00000E+00  1.0E-05
  7.250E-03  4.00286E-09  3.17822E-13  1.13496E+04  0.00000E+00  1.0E-05
  7.500E-03  4.28368E-09  3.17141E-13  1.13253E+04  0.00000E+00  1.0E-05
  7.750E-03  4.57402E-09  3.16439E-13  1.13003E+04  0.00000E+00  1.0E-05
  8.000E-03  4.87388E-09  3.15718E-13  1.12745E+04  0.00000E+00  1.0E-05
  8.250E-03  5.18326E-09  3.14976E-13  1.12480E+04  0.00000E+00  1.0E-05
  8.500E-03  5.50215E-09  3.14215E-13  1.12208E+04  0.00000E+00  1.0E-05
  8.750E-03  5.83057E-09  3.13435E-13  1.11930E+04  0.00000E+00  1.0E-05
  9.000E-03  6.16850E-09  3.12635E-13  1.11644E+04  0.00000E+00  1.0E-05
  9.250E-03  6.51596E-09  3.11817E-13  1.11352E+04  0.00000E+00  1.0E-05
  9.500E-03  6.87293E-09  3.10980E-13  1.11053E+04  0.00000E+00  1.0E-05
  9.750E-03  7.23942E-09  3.10125E-13  1.10748E+04  0.00000E+00  1.0E-05
  1.000E-02  7.61544E-09  3.09252E-13  1.10436E+04  0.00000E+00  1.0E-05
  1.250E-02  1.18991E-08  2.99600E-13  1.06989E+04  0.00000E+00  1.0E-05
  1.500E-02  1.71347E-08  2.88499E-13  1.03025E+04  0.00000E+00  1.0E-05
  1.750E-02  2.33223E-08  2.76288E-13  9.86642E+03  0.00000E+00  1.0E-05
  2.000E-02  3.04617E-08  2.63300E-13  9.40261E+03  0.00000E+00  1.0E-05
  2.250E-02  3.85531E-08  2.49845E-13  8.92211E+03  0.00000E+00  1.0E-05
  2.500E-02  4.75965E-08  2.36208E-13  8.43513E+03  0.00000E+00  1.0E-05
  2.750E-02  5.75917E-08  2.22636E-13  7.95048E+03  0.00000E+00  1.0E-05
  3.000E-02  6.85389E-08  2.09330E-13  7.47531E+03  0.00000E+00  1.0E-05
  3.250E-02  8.04380E-08  1.96444E-13  7.01515E+03  0.00000E+00  1.0E-05
  3.500E-02  9.32891E-08  1.84093E-13  6.57409E+03  0.00000E+00  1.0E-05
  3.750E-02  1.07092E-07  1.72359E-13  6.15506E+03  0.00000E+00  1.0E-05
  4.000E-02  1.21847E-07  1.61290E-13  5.75976E+03  0.00000E+00  1.0E-05
  4.250E-02  1.37554E-07  1.50906E-13  5.38896E+03  0.00000E+00  1.0E-05
  4.500E-02  1.54213E-07  1.41203E-13  5.04246E+03  0.00000E+00  1.0E-05
  4.750E-02  1.71823E-07  1.32174E-13  4.72001E+03  0.00000E+00  1.0E-05
  5.000E-02  1.90386E-07  1.23794E-13  4.42076E+03  0.00000E+00  1.0E-05
  5.250E-02  2.09900E-07  1.16032E-13  4.14360E+03  0.00000E+00  1.0E-05
  5.500E-02  2.30367E-07  1.08837E-13  3.88664E+03  0.00000E+00  1.0E-05
  5.750E-02  2.51785E-07  1.02183E-13  3.64901E+03  0.00000E+00  1.0E-05
  6.000E-02  2.74156E-07  9.60314E-14  3.42934E+03  0.00000E+00  1.0E-05
  6.250E-02  2.97478E-07  9.03454E-14  3.22629E+03  0.00000E+00  1.0E-05
  6.500E-02  3.21752E-07  8.50705E-14  3.03792E+03  0.00000E+00  1.0E-05
  6.750E-02  3.46978E-07  8.01834E-14  2.86340E+03  0.00000E+00  1.0E-05
  7.000E-02  3.73156E-07  7.56558E-14  2.70172E+03  0.00000E+00  1.0E-05
  7.250E-02  4.00286E-07  7.14574E-14  2.55179E+03  0.00000E+00  1.0E-05
  7.500E-02  4.28368E-07  6.75468E-14  2.41214E+03  0.00000E+00  1.0E-05
  7.750E-02  4.57402E-07  6.39035E-14  2.28203E+03  0.00000E+00  1.0E-05
  8.000E-02  4.87388E-07  6.05123E-14  2.16093E+03  0.00000E+00  1.0E-05
  8.250E-02  5.18325E-07  5.73523E-14  2.04809E+03  0.00000E+00  1.0E-05
  8.500E-02  5.50215E-07  5.43955E-14  1.94250E+03  0.00000E+00  1.0E-05
  8.750E-02  5.83057E-07  5.16218E-14  1.84345E+03  0.00000E+00  1.0E-05
  9.000E-02  6.16850E-07  4.90273E-14  1.75080E+03  0.00000E+00  1.0E-05
  9.250E-02  6.51596E-07  4.65975E-14  1.66403E+03  0.00000E+00  1.0E-05
  9.500E-02  6.87293E-07  4.43154E-14  1.58253E+03  0.00000E+00  1.0E-05
  9.750E-02  7.23942E-07  4.21603E-14  1.50557E+03  0.00000E+00  1.0E-05
  1.000E-01  7.61543E-07  4.01354E-14  1.43326E+03  0.00000E+00  1.0E-05
  1.250E-01  1.18991E-06  2.51377E-14  8.97684E+02  0.00000E+00  1.0E-05
  1.500E-01  1.71347E-06  1.60024E-14  5.71455E+02  0.00000E+00  1.0E-05
  1.750E-01  2.33223E-06  1.06403E-14  3.79971E+02  0.00000E+00  1.0E-05
  2.000E-01  3.04617E-06  7.23879E-15  2.58502E+02  0.00000E+00  1.0E-05
  2.250E-01  3.85531E-06  4.99211E-15  1.78272E+02  0.00000E+00  1.0E-05
  2.500E-01  4.75964E-06  3.52130E-15  1.25748E+02  0.00000E+00  1.0E-05
  2.750E-01  5.75916E-06  2.54591E-15  9.09161E+01  0.00000E+00  1.0E-05
  3.000E-01  6.85388E-06  1.88235E-15  6.72199E+01  0.00000E+00  1.0E-05
  3.250E-01  8.04378E-06  1.42055E-15  5.07287E+01  0.00000E+00  1.0E-05
  3.500E-01  9.32888E-06  1.09369E-15  3.90563E+01  0.00000E+00  1.0E-05
  3.750E-01  1.07092E-05  8.58050E-16  3.06415E+01  0.00000E+00  1.0E-05
  4.000E-01  1.21846E-05  6.84549E-16  2.44457E+01  0.00000E+00  1.0E-05
  4.250E-01  1.37553E-05  5.54283E-16  1.97938E+01  0.00000E+00  1.0E-05
  4.500E-01  1.54212E-05  4.54531E-16  1.62316E+01  0.00000E+00  1.0E-05
  4.750E-01  1.71822E-05  3.77041E-16  1.34644E+01  0.00000E+00  1.0E-05
  5.000E-01  1.90385E-05  3.15924E-16  1.12818E+01  0.00000E+00  1.0E-05
  5.250E-01  2.09899E-05  2.67109E-16  9.53863E+00  0.00000E+00  1.0E-05
  5.500E-01  2.30365E-05  2.27398E-16  8.12055E+00  0.00000E+00  1.0E-05
  5.750E-01  2.51783E-05  1.94917E-16  6.96062E+00  0.00000E+00  1.0E-05
  6.000E-01  2.74153E-05  1.68096E-16  6.00280E+00  0.00000E+00  1.0E-05
  6.250E-01  2.97475E-05  1.45757E-16  5.20509E+00  0.00000E+00  1.0E-05
  6.500E-01  3.21749E-05  1.26929E-16  4.53273E+00  0.00000E+00  1.0E-05
  6.750E-01  3.46974E-05  1.11014E-16  3.96438E+00  0.00000E+00  1.0E-05
  7.000E-01  3.73152E-05  9.74996E-17  3.48177E+00  0.00000E+00  1.0E-05
  7.250E-01  4.00281E-05  8.59607E-17  3.06971E+00  0.00000E+00  1.0E-05
  7.500E-01  4.28362E-05  7.60291E-17  2.71505E+00  0.00000E+00  1.0E-05
  7.750E-01  4.57395E-05  6.74587E-17  2.40899E+00  0.00000E+00  1.0E-05
  8.000E-01  4.87380E-05  6.00452E-17  2.14425E+00  0.00000E+00  1.0E-05
  8.250E-01  5.18317E-05  5.36056E-17  1.91429E+00  0.00000E+00  1.0E-05
  8.500E-01  5.50205E-05  4.79823E-17  1.71348E+00  0.00000E+00  1.0E-05
  8.750E-01  5.83045E-05  4.30558E-17  1.53755E+00  0.00000E+00  1.0E-05
  9.000E-01  6.16838E-05  3.87361E-17  1.38329E+00  0.00000E+00  1.0E-05
  9.250E-01  6.51582E-05  3.49364E-17  1.24760E+00  0.00000E+00  1.0E-05
  9.500E-01  6.87277E-05  3.15822E-17  1.12782E+00  0.00000E+00  1.0E-05
  9.750E-01  7.23925E-05  2.86105E-17  1.02170E+00  0.00000E+00  1.0E-05
  1.000E+00  7.61524E-05  2.59765E-17  9.27637E-01  0.00000E+00  3.4E-06
  1.100E+00  9.21439E-05  1.80142E-17  6.43298E-01  0.00000E+00  2.5E-06
  1.200E+00  1.09658E-04  1.28640E-17  4.59383E-01  0.00000E+00  1.3E-06
  1.300E+00  1.28695E-04  9.42439E-18  3.36551E-01  0.00000E+00  2.1E-07
  1.400E+00  1.49255E-04  7.05959E-18  2.52103E-01  0.00000E+00  6.3E-07
  1.500E+00  1.71338E-04  5.39506E-18  1.92661E-01  0.00000E+00  1.0E-06
  1.600E+00  1.94942E-04  4.19519E-18  1.49813E-01  0.00000E+00  1.0E-06
  1.700E+00  2.20070E-04  3.31238E-18  1.18287E-01  0.00000E+00  8.1E-07
  1.800E+00  2.46720E-04  2.65086E-18  9.46639E-02  0.00000E+00  4.3E-07
  1.900E+00  2.74892E-04  2.14736E-18  7.66838E-02  0.00000E+00  1.0E-07
  2.000E+00  3.04586E-04  1.75854E-18  6.27987E-02  0.00000E+00  3.0E-07
  2.100E+00  3.35803E-04  1.45429E-18  5.19336E-02  0.00000E+00  4.6E-07
  2.200E+00  3.68542E-04  1.21316E-18  4.33227E-02  0.00000E+00  4.7E-07
  2.300E+00  4.02802E-04  1.02019E-18  3.64317E-02  0.00000E+00  3.7E-07
  2.400E+00  4.38585E-04  8.64246E-19  3.08628E-02  0.00000E+00  1.9E-07
  2.500E+00  4.75889E-04  7.37083E-19  2.63217E-02  0.00000E+00  1.0E-07
  2.600E+00  5.14715E-04  6.32450E-19  2.25852E-02  0.00000E+00  1.8E-07
  2.700E+00  5.55063E-04  5.45774E-19  1.94900E-02  0.00000E+00  2.6E-07
  2.800E+00  5.96931E-04  4.73479E-19  1.69082E-02  0.00000E+00  2.6E-07
  2.900E+00  6.40321E-04  4.12784E-19  1.47408E-02  0.00000E+00  2.0E-07
  3.000E+00  6.85233E-04  3.61497E-19  1.29093E-02  0.00000E+00  1.0E-07
  3.100E+00  7.31665E-04  3.17930E-19  1.13535E-02  0.00000E+00  1.0E-07
  3.200E+00  7.79618E-04  2.80739E-19  1.00254E-02  0.00000E+00  1.2E-07
  3.300E+00  8.29092E-04  2.48834E-19  8.88601E-03  0.00000E+00  1.6E-07
  3.400E+00  8.80086E-04  2.21329E-19  7.90381E-03  0.00000E+00  1.6E-07
  3.500E+00  9.32601E-04  1.97515E-19  7.05340E-03  0.00000E+00  1.2E-07
  3.600E+00  9.86636E-04  1.76821E-19  6.31439E-03  0.00000E+00  1.0E-07
  3.700E+00  1.04219E-03  1.58768E-19  5.66972E-03  0.00000E+00  1.0E-07
  3.800E+00  1.09927E-03  1.42960E-19  5.10519E-03  0.00000E+00  1.0E-07
  3.900E+00  1.15786E-03  1.29066E-19  4.60904E-03  0.00000E+00  1.1E-07
  4.000E+00  1.21797E-03  1.16821E-19  4.17175E-03  0.00000E+00  1.0E-07
  4.100E+00  1.27961E-03  1.05994E-19  3.78512E-03  0.00000E+00  1.0E-07
  4.200E+00  1.34276E-03  9.63931E-20  3.44226E-03  0.00000E+00  1.0E-07
  4.300E+00  1.40743E-03  8.78521E-20  3.13725E-03  0.00000E+00  1.0E-07
  4.400E+00  1.47362E-03  8.02369E-20  2.86531E-03  0.00000E+00  1.0E-07
  4.500E+00  1.54133E-03  7.34295E-20  2.62221E-03  0.00000E+00  1.0E-07
  4.600E+00  1.61056E-03  6.73291E-20  2.40437E-03  0.00000E+00  1.0E-07
  4.700E+00  1.68131E-03  6.18482E-20  2.20864E-03  0.00000E+00  1.0E-07
  4.800E+00  1.75357E-03  5.69140E-20  2.03244E-03  0.00000E+00  1.0E-07
  4.900E+00  1.82735E-03  5.24625E-20  1.87347E-03  0.00000E+00  1.0E-07
  5.000E+00  1.90265E-03  4.84380E-20  1.72975E-03  0.00000E+00  1.0E-07
  5.100E+00  1.97947E-03  4.47918E-20  1.59955E-03  0.00000E+00  1.0E-07
  5.200E+00  2.05780E-03  4.14824E-20  1.48136E-03  0.00000E+00  1.0E-07
  5.300E+00  2.13765E-03  3.84733E-20  1.37391E-03  0.00000E+00  1.0E-07
  5.400E+00  2.21902E-03  3.57325E-20  1.27603E-03  0.00000E+00  1.0E-07
  5.500E+00  2.30190E-03  3.32314E-20  1.18671E-03  0.00000E+00  1.0E-07
  5.600E+00  2.38630E-03  3.09454E-20  1.10508E-03  0.00000E+00  1.0E-07
  5.700E+00  2.47222E-03  2.88528E-20  1.03035E-03  0.00000E+00  1.0E-07
  5.800E+00  2.55965E-03  2.69344E-20  9.61844E-04  0.00000E+00  1.0E-07
  5.900E+00  2.64859E-03  2.51729E-20  8.98940E-04  0.00000E+00  1.0E-07
  6.000E+00  2.73905E-03  2.35531E-20  8.41097E-04  0.00000E+00  1.0E-07
  6.100E+00  2.83103E-03  2.20617E-20  7.87838E-04  0.00000E+00  1.0E-07
  6.200E+00  2.92452E-03  2.06867E-20  7.38735E-04  0.00000E+00  1.0E-07
  6.300E+00  3.01952E-03  1.94173E-20  6.93404E-04  0.00000E+00  1.0E-07
  6.400E+00  3.11604E-03  1.82438E-20  6.51498E-04  0.00000E+00  1.0E-07
  6.500E+00  3.21407E-03  1.71578E-20  6.12716E-04  0.00000E+00  1.0E-07
  6.600E+00  3.31362E-03  1.61515E-20  5.76782E-04  0.00000E+00  1.0E-07
  6.700E+00  3.41468E-03  1.52181E-20  5.43448E-04  0.00000E+00  1.0E-07
  6.800E+00  3.51725E-03  1.43512E-20  5.12490E-04  0.00000E+00  1.0E-07
  6.900E+00  3.62133E-03  1.35452E-20  4.83709E-04  0.00000E+00  1.0E-07
  7.000E+00  3.72692E-03  1.27952E-20  4.56924E-04  0.00000E+00  1.0E-07
  7.100E+00  3.83403E-03  1.20964E-20  4.31972E-04  0.00000E+00  1.0E-07
  7.200E+00  3.94265E-03  1.14448E-20  4.08702E-04  0.00000E+00  1.0E-07
  7.300E+00  4.05278E-03  1.08366E-20  3.86981E-04  0.00000E+00  1.0E-07
  7.400E+00  4.16442E-03  1.02683E-20  3.66686E-04  0.00000E+00  1.0E-07
  7.500E+00  4.27757E-03  9.73682E-21  3.47708E-04  0.00000E+00  1.0E-07
  7.600E+00  4.39223E-03  9.23938E-21  3.29944E-04  0.00000E+00  1.0E-07
  7.700E+00  4.50840E-03  8.77336E-21  3.13302E-04  0.00000E+00  1.0E-07
  7.800E+00  4.62608E-03  8.33643E-21  2.97699E-04  0.00000E+00  1.0E-07
  7.900E+00  4.74527E-03  7.92642E-21  2.83058E-04  0.00000E+00  1.0E-07
  8.000E+00  4.86597E-03  7.54137E-21  2.69307E-04  0.00000E+00  1.0E-07
  8.100E+00  4.98817E-03  7.17946E-21  2.56383E-04  0.00000E+00  1.0E-07
  8.200E+00  5.11188E-03  6.83906E-21  2.44227E-04  0.00000E+00  1.0E-07
  8.300E+00  5.23711E-03  6.51865E-21  2.32785E-04  0.00000E+00  1.0E-07
  8.400E+00  5.36383E-03  6.21683E-21  2.22007E-04  0.00000E+00  1.0E-07
  8.500E+00  5.49207E-03  5.93232E-21  2.11847E-04  0.00000E+00  1.0E-07
  8.600E+00  5.62181E-03  5.66394E-21  2.02263E-04  0.00000E+00  1.0E-07
  8.700E+00  5.75306E-03  5.41060E-21  1.93216E-04  0.00000E+00  1.0E-07
  8.800E+00  5.88581E-03  5.17132E-21  1.84671E-04  0.00000E+00  1.0E-07
  8.900E+00  6.02007E-03  4.94514E-21  1.76594E-04  0.00000E+00  1.0E-07
  9.000E+00  6.15583E-03  4.73123E-21  1.68955E-04  0.00000E+00  1.0E-07
  9.100E+00  6.29310E-03  4.52880E-21  1.61726E-04  0.00000E+00  1.0E-07
  9.200E+00  6.43187E-03  4.33711E-21  1.54881E-04  0.00000E+00  1.0E-07
  9.300E+00  6.57214E-03  4.15548E-21  1.48395E-04  0.00000E+00  1.0E-07
  9.400E+00  6.71392E-03  3.98329E-21  1.42246E-04  0.00000E+00  1.0E-07
  9.500E+00  6.85720E-03  3.81995E-21  1.36413E-04  0.00000E+00  1.0E-07
  9.600E+00  7.00198E-03  3.66492E-21  1.30877E-04  0.00000E+00  1.0E-07
  9.700E+00  7.14827E-03  3.51770E-21  1.25619E-04  0.00000E+00  1.0E-07
  9.800E+00  7.29605E-03  3.37783E-21  1.20624E-04  0.00000E+00  1.0E-07
  9.900E+00  7.44534E-03  3.24485E-21  1.15876E-04  0.00000E+00  1.0E-07
  1.000E+01  7.59612E-03  3.11838E-21  1.11359E-04  0.00000E+00  1.0E-07
  1.025E+01  7.97965E-03  2.82821E-21  1.00997E-04  0.00000E+00  1.0E-07
  1.050E+01  8.37255E-03  2.57112E-21  9.18164E-05  0.00000E+00  1.0E-07
  1.075E+01  8.77480E-03  2.34268E-21  8.36586E-05  0.00000E+00  1.0E-07
  1.100E+01  9.18641E-03  2.13913E-21  7.63897E-05  0.00000E+00  1.0E-07
  1.125E+01  9.60736E-03  1.95729E-21  6.98960E-05  0.00000E+00  1.0E-07
  1.150E+01  1.00376E-02  1.79442E-21  6.40800E-05  0.00000E+00  1.0E-07
  1.175E+01  1.04773E-02  1.64821E-21  5.88585E-05  0.00000E+00  1.0E-07
  1.200E+01  1.09262E-02  1.51664E-21  5.41600E-05  0.00000E+00  1.0E-07
  1.225E+01  1.13844E-02  1.39798E-21  4.99227E-05  0.00000E+00  1.0E-07
  1.250E+01  1.18520E-02  1.29074E-21  4.60932E-05  0.00000E+00  1.0E-07
  1.275E+01  1.23288E-02  1.19363E-21  4.26252E-05  0.00000E+00  1.0E-07
  1.300E+01  1.28150E-02  1.10551E-21  3.94785E-05  0.00000E+00  1.0E-07
  1.325E+01  1.33104E-02  1.02541E-21  3.66179E-05  0.00000E+00  1.0E-07
  1.350E+01  1.38150E-02  9.52454E-22  3.40128E-05  0.00000E+00  1.0E-07
  1.375E+01  1.43290E-02  8.85900E-22  3.16360E-05  0.00000E+00  1.0E-07
  1.400E+01  1.48521E-02  8.25079E-22  2.94641E-05  0.00000E+00  1.0E-07
  1.425E+01  1.53845E-02  7.69409E-22  2.74761E-05  0.00000E+00  1.0E-07
  1.450E+01  1.59262E-02  7.18374E-22  2.56536E-05  0.00000E+00  1.0E-07
  1.475E+01  1.64770E-02  6.71518E-22  2.39803E-05  0.00000E+00  1.0E-07
  1.500E+01  1.70371E-02  6.28434E-22  2.24418E-05  0.00000E+00  1.0E-07
  1.525E+01  1.76063E-02  5.88764E-22  2.10252E-05  0.00000E+00  1.0E-07
  1.550E+01  1.81848E-02  5.52188E-22  1.97190E-05  0.00000E+00  1.0E-07
  1.575E+01  1.87724E-02  5.18420E-22  1.85131E-05  0.00000E+00  1.0E-07
  1.600E+01  1.93692E-02  4.87203E-22  1.73984E-05  0.00000E+00  1.0E-07
  1.625E+01  1.99751E-02  4.58311E-22  1.63666E-05  0.00000E+00  1.0E-07
  1.650E+01  2.05901E-02  4.31538E-22  1.54105E-05  0.00000E+00  1.0E-07
  1.675E+01  2.12143E-02  4.06699E-22  1.45235E-05  0.00000E+00  1.0E-07
  1.700E+01  2.18476E-02  3.83628E-22  1.36996E-05  0.00000E+00  1.0E-07
  1.725E+01  2.24900E-02  3.62177E-22  1.29336E-05  0.00000E+00  1.0E-07
  1.750E+01  2.31415E-02  3.42211E-22  1.22206E-05  0.00000E+00  1.0E-07
  1.775E+01  2.38021E-02  3.23607E-22  1.15562E-05  0.00000E+00  1.0E-07
  1.800E+01  2.44717E-02  3.06255E-22  1.09366E-05  0.00000E+00  1.0E-07
  1.825E+01  2.51504E-02  2.90056E-22  1.03581E-05  0.00000E+00  1.0E-07
  1.850E+01  2.58382E-02  2.74918E-22  9.81748E-06  0.00000E+00  1.0E-07
  1.875E+01  2.65349E-02  2.60758E-22  9.31184E-06  0.00000E+00  1.0E-07
  1.900E+01  2.72407E-02  2.47502E-22  8.83846E-06  0.00000E+00  1.0E-07
  1.925E+01  2.79555E-02  2.35081E-22  8.39490E-06  0.00000E+00  1.0E-07
  1.950E+01  2.86793E-02  2.23433E-22  7.97893E-06  0.00000E+00  1.0E-07
  1.975E+01  2.94120E-02  2.12500E-22  7.58851E-06  0.00000E+00  1.0E-07
  2.000E+01  3.01537E-02  2.02230E-22  7.22177E-06  0.00000E+00  1.0E-07
  2.025E+01  3.09043E-02  1.92576E-22  6.87701E-06  0.00000E+00  1.0E-07
  2.050E+01  3.16639E-02  1.83493E-22  6.55265E-06  0.00000E+00  1.0E-07
  2.075E+01  3.24324E-02  1.74941E-22  6.24727E-06  0.00000E+00  1.0E-07
  2.100E+01  3.32098E-02  1.66884E-22  5.95954E-06  0.00000E+00  1.0E-07
  2.125E+01  3.39961E-02  1.59287E-22  5.68824E-06  0.00000E+00  1.0E-07
  2.150E+01  3.47912E-02  1.52119E-22  5.43227E-06  0.00000E+00  1.0E-07
  2.175E+01  3.55952E-02  1.45351E-22  5.19058E-06  0.00000E+00  1.0E-07
  2.200E+01  3.64081E-02  1.38957E-22  4.96224E-06  0.00000E+00  1.0E-07
  2.225E+01  3.72297E-02  1.32912E-22  4.74636E-06  0.00000E+00  1.0E-07
  2.250E+01  3.80602E-02  1.27193E-22  4.54214E-06  0.00000E+00  1.0E-07
  2.275E+01  3.88995E-02  1.21779E-22  4.34882E-06  0.00000E+00  1.0E-07
  2.300E+01  3.97476E-02  1.16652E-22  4.16572E-06  0.00000E+00  1.0E-07
  2.325E+01  4.06044E-02  1.11792E-22  3.99218E-06  0.00000E+00  1.0E-07
  2.350E+01  4.14700E-02  1.07184E-22  3.82762E-06  0.00000E+00  1.0E-07
  2.375E+01  4.23443E-02  1.02812E-22  3.67147E-06  0.00000E+00  1.0E-07
  2.400E+01  4.32273E-02  9.86608E-23  3.52324E-06  0.00000E+00  1.0E-07
  2.425E+01  4.41190E-02  9.47178E-23  3.38244E-06  0.00000E+00  1.0E-07
  2.450E+01  4.50194E-02  9.09705E-23  3.24862E-06  0.00000E+00  1.0E-07
  2.475E+01  4.59284E-02  8.74073E-23  3.12137E-06  0.00000E+00  1.0E-07
  2.500E+01  4.68461E-02  8.40174E-23  3.00031E-06  0.00000E+00  1.0E-07
  2.550E+01  4.87074E-02  7.77179E-23  2.77535E-06  0.00000E+00  1.0E-07
  2.600E+01  5.06030E-02  7.19994E-23  2.57115E-06  0.00000E+00  1.0E-07
  2.650E+01  5.25328E-02  6.67987E-23  2.38542E-06  0.00000E+00  1.0E-07
  2.700E+01  5.44967E-02  6.20603E-23  2.21621E-06  0.00000E+00  1.0E-07
  2.750E+01  5.64946E-02  5.77356E-23  2.06178E-06  0.00000E+00  1.0E-07
  2.800E+01  5.85262E-02  5.37819E-23  1.92059E-06  0.00000E+00  1.0E-07
  2.850E+01  6.05914E-02  5.01616E-23  1.79130E-06  0.00000E+00  1.0E-07
  2.900E+01  6.26901E-02  4.68414E-23  1.67274E-06  0.00000E+00  1.0E-07
  2.950E+01  6.48222E-02  4.37919E-23  1.56384E-06  0.00000E+00  1.0E-07
  3.000E+01  6.69873E-02  4.09868E-23  1.46367E-06  0.00000E+00  1.0E-07
  3.050E+01  6.91854E-02  3.84030E-23  1.37140E-06  0.00000E+00  1.0E-07
  3.100E+01  7.14163E-02  3.60199E-23  1.28629E-06  0.00000E+00  1.0E-07
  3.150E+01  7.36799E-02  3.38189E-23  1.20770E-06  0.00000E+00  1.0E-07
  3.200E+01  7.59760E-02  3.17836E-23  1.13501E-06  0.00000E+00  1.0E-07
  3.250E+01  7.83043E-02  2.98991E-23  1.06772E-06  0.00000E+00  1.0E-07
  3.300E+01  8.06647E-02  2.81523E-23  1.00534E-06  0.00000E+00  1.0E-07
  3.350E+01  8.30571E-02  2.65311E-23  9.47443E-07  0.00000E+00  1.0E-07
  3.400E+01  8.54812E-02  2.50249E-23  8.93657E-07  0.00000E+00  1.0E-07
  3.450E+01  8.79369E-02  2.36241E-23  8.43631E-07  0.00000E+00  1.0E-07
  3.500E+01  9.04240E-02  2.23198E-23  7.97053E-07  0.00000E+00  1.0E-07
  3.550E+01  9.29422E-02  2.11041E-23  7.53641E-07  0.00000E+00  1.0E-07
  3.600E+01  9.54915E-02  1.99700E-23  7.13140E-07  0.00000E+00  1.0E-07
  3.650E+01  9.80716E-02  1.89108E-23  6.75318E-07  0.00000E+00  1.0E-07
  3.700E+01  1.00682E-01  1.79208E-23  6.39965E-07  0.00000E+00  1.0E-07
  3.750E+01  1.03323E-01  1.69946E-23  6.06889E-07  0.00000E+00  1.0E-07
  3.800E+01  1.05995E-01  1.61273E-23  5.75917E-07  0.00000E+00  1.0E-07
  3.850E+01  1.08696E-01  1.53144E-23  5.46888E-07  0.00000E+00  1.0E-07
  3.900E+01  1.11427E-01  1.45520E-23  5.19660E-07  0.00000E+00  1.0E-07
  3.950E+01  1.14188E-01  1.38362E-23  4.94098E-07  0.00000E+00  1.0E-07
  4.000E+01  1.16978E-01  1.31636E-23  4.70082E-07  0.00000E+00  1.0E-07
  4.050E+01  1.19797E-01  1.25313E-23  4.47501E-07  0.00000E+00  1.0E-07
  4.100E+01  1.22645E-01  1.19363E-23  4.26252E-07  0.00000E+00  1.0E-07
  4.150E+01  1.25522E-01  1.13759E-23  4.06242E-07  0.00000E+00  1.0E-07
  4.200E+01  1.28428E-01  1.08479E-23  3.87387E-07  0.00000E+00  1.0E-07
  4.250E+01  1.31361E-01  1.03500E-23  3.69605E-07  0.00000E+00  1.0E-07
  4.300E+01  1.34323E-01  9.88012E-24  3.52825E-07  0.00000E+00  1.0E-07
  4.350E+01  1.37313E-01  9.43641E-24  3.36980E-07  0.00000E+00  1.0E-07
  4.400E+01  1.40330E-01  9.01715E-24  3.22008E-07  0.00000E+00  1.0E-07
  4.450E+01  1.43375E-01  8.62072E-24  3.07852E-07  0.00000E+00  1.0E-07
  4.500E+01  1.46447E-01  8.24565E-24  2.94458E-07  0.00000E+00  1.0E-07
  4.550E+01  1.49545E-01  7.89058E-24  2.81778E-07  0.00000E+00  1.0E-07
  4.600E+01  1.52671E-01  7.55423E-24  2.69766E-07  0.00000E+00  1.0E-07
  4.650E+01  1.55823E-01  7.23543E-24  2.58382E-07  0.00000E+00  1.0E-07
  4.700E+01  1.59001E-01  6.93310E-24  2.47585E-07  0.00000E+00  1.0E-07
  4.750E+01  1.62205E-01  6.64622E-24  2.37341E-07  0.00000E+00  1.0E-07
  4.800E+01  1.65435E-01  6.37385E-24  2.27614E-07  0.00000E+00  1.0E-07
  4.850E+01  1.68690E-01  6.11513E-24  2.18375E-07  0.00000E+00  1.0E-07
  4.900E+01  1.71970E-01  5.86923E-24  2.09594E-07  0.00000E+00  1.0E-07
  4.950E+01  1.75276E-01  5.63541E-24  2.01244E-07  0.00000E+00  1.0E-07
  5.000E+01  1.78606E-01  5.41295E-24  1.93300E-07  0.00000E+00  1.0E-07
  5.050E+01  1.81961E-01  5.20121E-24  1.85738E-07  0.00000E+00  1.0E-07
  5.100E+01  1.85340E-01  4.99956E-24  1.78538E-07  0.00000E+00  1.0E-07
  5.150E+01  1.88743E-01  4.80744E-24  1.71677E-07  0.00000E+00  1.0E-07
  5.200E+01  1.92169E-01  4.62431E-24  1.65137E-07  0.00000E+00  1.0E-07
  5.250E+01  1.95619E-01  4.44967E-24  1.58901E-07  0.00000E+00  1.0E-07
  5.300E+01  1.99092E-01  4.28306E-24  1.52951E-07  0.00000E+00  1.0E-07
  5.350E+01  2.02589E-01  4.12403E-24  1.47272E-07  0.00000E+00  1.0E-07
  5.400E+01  2.06107E-01  3.97218E-24  1.41849E-07  0.00000E+00  1.0E-07
  5.450E+01  2.09649E-01  3.82711E-24  1.36669E-07  0.00000E+00  1.0E-07
  5.500E+01  2.13212E-01  3.68848E-24  1.31718E-07  0.00000E+00  1.0E-07
  5.550E+01  2.16797E-01  3.55593E-24  1.26985E-07  0.00000E+00  1.0E-07
  5.600E+01  2.20404E-01  3.42916E-24  1.22457E-07  0.00000E+00  1.0E-07
  5.650E+01  2.24032E-01  3.30786E-24  1.18126E-07  0.00000E+00  1.0E-07
  5.700E+01  2.27680E-01  3.19176E-24  1.13980E-07  0.00000E+00  1.0E-07
  5.750E+01  2.31350E-01  3.08058E-24  1.10010E-07  0.00000E+00  1.0E-07
  5.800E+01  2.35040E-01  2.97409E-24  1.06207E-07  0.00000E+00  1.0E-07
  5.850E+01  2.38751E-01  2.87204E-24  1.02562E-07  0.00000E+00  1.0E-07
  5.900E+01  2.42481E-01  2.77422E-24  9.90692E-08  0.00000E+00  1.0E-07
  5.950E+01  2.46231E-01  2.68042E-24  9.57194E-08  0.00000E+00  1.0E-07
  6.000E+01  2.50000E-01  2.59044E-24  9.25062E-08  0.00000E+00  1.0E-07
  6.050E+01  2.53788E-01  2.50409E-24  8.94228E-08  0.00000E+00  1.0E-07
  6.100E+01  2.57595E-01  2.42121E-24  8.64631E-08  0.00000E+00  1.0E-07
  6.150E+01  2.61421E-01  2.34163E-24  8.36212E-08  0.00000E+00  1.0E-07
  6.200E+01  2.65264E-01  2.26519E-24  8.08915E-08  0.00000E+00  1.0E-07
  6.250E+01  2.69126E-01  2.19175E-24  7.82688E-08  0.00000E+00  1.0E-07
  6.300E+01  2.73005E-01  2.12116E-24  7.57480E-08  0.00000E+00  1.0E-07
  6.350E+01  2.76901E-01  2.05330E-24  7.33246E-08  0.00000E+00  1.0E-07
  6.400E+01  2.80814E-01  1.98803E-24  7.09939E-08  0.00000E+00  1.0E-07
  6.450E+01  2.84744E-01  1.92525E-24  6.87519E-08  0.00000E+00  1.0E-07
  6.500E+01  2.88691E-01  1.86484E-24  6.65945E-08  0.00000E+00  1.0E-07
  6.550E+01  2.92653E-01  1.80668E-24  6.45179E-08  0.00000E+00  1.0E-07
  6.600E+01  2.96632E-01  1.75070E-24  6.25185E-08  0.00000E+00  1.0E-07
  6.650E+01  3.00625E-01  1.69678E-24  6.05930E-08  0.00000E+00  1.0E-07
  6.700E+01  3.04634E-01  1.64483E-24  5.87381E-08  0.00000E+00  1.0E-07
  6.750E+01  3.08658E-01  1.59478E-24  5.69507E-08  0.00000E+00  1.0E-07
  6.800E+01  3.12697E-01  1.54654E-24  5.52280E-08  0.00000E+00  1.0E-07
  6.850E+01  3.16749E-01  1.50003E-24  5.35671E-08  0.00000E+00  1.0E-07
  6.900E+01  3.20816E-01  1.45518E-24  5.19654E-08  0.00000E+00  1.0E-07
  6.950E+01  3.24896E-01  1.41192E-24  5.04205E-08  0.00000E+00  1.0E-07
  7.000E+01  3.28990E-01  1.37018E-24  4.89299E-08  0.00000E+00  1.0E-07
  7.050E+01  3.33097E-01  1.32989E-24  4.74913E-08  0.00000E+00  1.0E-07
  7.100E+01  3.37216E-01  1.29101E-24  4.61027E-08  0.00000E+00  1.0E-07
  7.150E+01  3.41348E-01  1.25346E-24  4.47620E-08  0.00000E+00  1.0E-07
  7.200E+01  3.45492E-01  1.21720E-24  4.34672E-08  0.00000E+00  1.0E-07
  7.250E+01  3.49647E-01  1.18218E-24  4.22164E-08  0.00000E+00  1.0E-07
  7.300E+01  3.53814E-01  1.14834E-24  4.10080E-08  0.00000E+00  1.0E-07
  7.350E+01  3.57992E-01  1.11564E-24  3.98401E-08  0.00000E+00  1.0E-07
  7.400E+01  3.62181E-01  1.08403E-24  3.87113E-08  0.00000E+00  1.0E-07
  7.450E+01  3.66381E-01  1.05346E-24  3.76198E-08  0.00000E+00  1.0E-07
  7.500E+01  3.70590E-01  1.02391E-24  3.65644E-08  0.00000E+00  1.0E-07
  7.550E+01  3.74810E-01  9.95320E-25  3.55435E-08  0.00000E+00  1.0E-07
  7.600E+01  3.79039E-01  9.67663E-25  3.45559E-08  0.00000E+00  1.0E-07
  7.650E+01  3.83277E-01  9.40902E-25  3.36002E-08  0.00000E+00  1.0E-07
  7.700E+01  3.87524E-01  9.15001E-25  3.26753E-08  0.00000E+00  1.0E-07
  7.750E+01  3.91780E-01  8.89929E-25  3.17799E-08  0.00000E+00  1.0E-07
  7.800E+01  3.96044E-01  8.65654E-25  3.09130E-08  0.00000E+00  1.0E-07
  7.850E+01  4.00316E-01  8.42145E-25  3.00735E-08  0.00000E+00  1.0E-07
  7.900E+01  4.04596E-01  8.19375E-25  2.92604E-08  0.00000E+00  1.0E-07
  7.950E+01  4.08882E-01  7.97316E-25  2.84727E-08  0.00000E+00  1.0E-07
  8.000E+01  4.13176E-01  7.75942E-25  2.77094E-08  0.00000E+00  1.0E-07
  8.050E+01  4.17476E-01  7.55227E-25  2.69697E-08  0.00000E+00  1.0E-07
  8.100E+01  4.21783E-01  7.35149E-25  2.62526E-08  0.00000E+00  1.0E-07
  8.150E+01  4.26095E-01  7.15683E-25  2.55575E-08  0.00000E+00  1.0E-07
  8.200E+01  4.30413E-01  6.96808E-25  2.48835E-08  0.00000E+00  1.0E-07
  8.250E+01  4.34737E-01  6.78503E-25  2.42298E-08  0.00000E+00  1.0E-07
  8.300E+01  4.39065E-01  6.60747E-25  2.35957E-08  0.00000E+00  1.0E-07
  8.350E+01  4.43398E-01  6.43521E-25  2.29806E-08  0.00000E+00  1.0E-07
  8.400E+01  4.47736E-01  6.26807E-25  2.23837E-08  0.00000E+00  1.0E-07
  8.450E+01  4.52077E-01  6.10586E-25  2.18044E-08  0.00000E+00  1.0E-07
  8.500E+01  4.56422E-01  5.94842E-25  2.12422E-08  0.00000E+00  1.0E-07
  8.550E+01  4.60770E-01  5.79557E-25  2.06964E-08  0.00000E+00  1.0E-07
  8.600E+01  4.65122E-01  5.64717E-25  2.01664E-08  0.00000E+00  1.0E-07
  8.650E+01  4.69476E-01  5.50306E-25  1.96518E-08  0.00000E+00  1.0E-07
  8.700E+01  4.73832E-01  5.36309E-25  1.91519E-08  0.00000E+00  1.0E-07
  8.750E+01  4.78190E-01  5.22713E-25  1.86664E-08  0.00000E+00  1.0E-07
  8.800E+01  4.82550E-01  5.09504E-25  1.81947E-08  0.00000E+00  1.0E-07
  8.850E+01  4.86912E-01  4.96669E-25  1.77364E-08  0.00000E+00  1.0E-07
  8.900E+01  4.91274E-01  4.84196E-25  1.72909E-08  0.00000E+00  1.0E-07
  8.950E+01  4.95637E-01  4.72072E-25  1.68580E-08  0.00000E+00  1.0E-07
  9.000E+01  5.00000E-01  4.60287E-25  1.64371E-08  0.00000E+00  1.0E-07
  9.050E+01  5.04363E-01  4.48829E-25  1.60280E-08  0.00000E+00  1.0E-07
  9.100E+01  5.08726E-01  4.37687E-25  1.56301E-08  0.00000E+00  1.0E-07
  9.150E+01  5.13088E-01  4.26852E-25  1.52432E-08  0.00000E+00  1.0E-07
  9.200E+01  5.17450E-01  4.16314E-25  1.48668E-08  0.00000E+00  1.0E-07
  9.250E+01  5.21810E-01  4.06062E-25  1.45007E-08  0.00000E+00  1.0E-07
  9.300E+01  5.26168E-01  3.96088E-25  1.41446E-08  0.00000E+00  1.0E-07
  9.350E+01  5.30524E-01  3.86384E-25  1.37980E-08  0.00000E+00  1.0E-07
  9.400E+01  5.34878E-01  3.76940E-25  1.34608E-08  0.00000E+00  1.0E-07
  9.450E+01  5.39230E-01  3.67748E-25  1.31325E-08  0.00000E+00  1.0E-07
  9.500E+01  5.43578E-01  3.58801E-25  1.28130E-08  0.00000E+00  1.0E-07
  9.550E+01  5.47923E-01  3.50091E-25  1.25020E-08  0.00000E+00  1.0E-07
  9.600E+01  5.52264E-01  3.41611E-25  1.21992E-08  0.00000E+00  1.0E-07
  9.650E+01  5.56602E-01  3.33353E-25  1.19043E-08  0.00000E+00  1.0E-07
  9.700E+01  5.60935E-01  3.25312E-25  1.16171E-08  0.00000E+00  1.0E-07
  9.750E+01  5.65263E-01  3.17479E-25  1.13374E-08  0.00000E+00  1.0E-07
  9.800E+01  5.69587E-01  3.09849E-25  1.10649E-08  0.00000E+00  1.0E-07
  9.850E+01  5.73905E-01  3.02417E-25  1.07995E-08  0.00000E+00  1.0E-07
  9.900E+01  5.78217E-01  2.95175E-25  1.05409E-08  0.00000E+00  1.0E-07
  9.950E+01  5.82524E-01  2.88118E-25  1.02889E-08  0.00000E+00  1.0E-07
  1.000E+02  5.86824E-01  2.81241E-25  1.00433E-08  0.00000E+00  1.0E-07
  1.005E+02  5.91118E-01  2.74539E-25  9.80396E-09  0.00000E+00  1.0E-07
  1.010E+02  5.95404E-01  2.68006E-25  9.57066E-09  0.00000E+00  1.0E-07
  1.015E+02  5.99684E-01  2.61637E-25  9.34322E-09  0.00000E+00  1.0E-07
  1.020E+02  6.03956E-01  2.55428E-25  9.12149E-09  0.00000E+00  1.0E-07
  1.025E+02  6.08220E-01  2.49374E-25  8.90529E-09  0.00000E+00  1.0E-07
  1.030E+02  6.12476E-01  2.43470E-25  8.69447E-09  0.00000E+00  1.0E-07
  1.035E+02  6.16723E-01  2.37712E-25  8.48886E-09  0.00000E+00  1.0E-07
  1.040E+02  6.20961E-01  2.32097E-25  8.28833E-09  0.00000E+00  1.0E-07
  1.045E+02  6.25190E-01  2.26619E-25  8.09272E-09  0.00000E+00  1.0E-07
  1.050E+02  6.29410E-01  2.21276E-25  7.90190E-09  0.00000E+00  1.0E-07
  1.055E+02  6.33619E-01  2.16063E-25  7.71574E-09  0.00000E+00  1.0E-07
  1.060E+02  6.37819E-01  2.10976E-25  7.53409E-09  0.00000E+00  1.0E-07
  1.065E+02  6.42008E-01  2.06013E-25  7.35684E-09  0.00000E+00  1.0E-07
  1.070E+02  6.46186E-01  2.01169E-25  7.18387E-09  0.00000E+00  1.0E-07
  1.075E+02  6.50353E-01  1.96442E-25  7.01506E-09  0.00000E+00  1.0E-07
  1.080E+02  6.54508E-01  1.91827E-25  6.85028E-09  0.00000E+00  1.0E-07
  1.085E+02  6.58652E-01  1.87323E-25  6.68944E-09  0.00000E+00  1.0E-07
  1.090E+02  6.62784E-01  1.82926E-25  6.53242E-09  0.00000E+00  1.0E-07
  1.095E+02  6.66903E-01  1.78634E-25  6.37912E-09  0.00000E+00  1.0E-07
  1.100E+02  6.71010E-01  1.74442E-25  6.22944E-09  0.00000E+00  1.0E-07
  1.105E+02  6.75104E-01  1.70349E-25  6.08329E-09  0.00000E+00  1.0E-07
  1.110E+02  6.79184E-01  1.66353E-25  5.94056E-09  0.00000E+00  1.0E-07
  1.115E+02  6.83251E-01  1.62449E-25  5.80117E-09  0.00000E+00  1.0E-07
  1.120E+02  6.87303E-01  1.58637E-25  5.66502E-09  0.00000E+00  1.0E-07
  1.125E+02  6.91342E-01  1.54913E-25  5.53204E-09  0.00000E+00  1.0E-07
  1.130E+02  6.95366E-01  1.51275E-25  5.40214E-09  0.00000E+00  1.0E-07
  1.135E+02  6.99375E-01  1.47722E-25  5.27524E-09  0.00000E+00  1.0E-07
  1.140E+02  7.03368E-01  1.44250E-25  5.15126E-09  0.00000E+00  1.0E-07
  1.145E+02  7.07347E-01  1.40858E-25  5.03012E-09  0.00000E+00  1.0E-07
  1.150E+02  7.11309E-01  1.37543E-25  4.91176E-09  0.00000E+00  1.0E-07
  1.155E+02  7.15256E-01  1.34304E-25  4.79609E-09  0.00000E+00  1.0E-07
  1.160E+02  7.19186E-01  1.31139E-25  4.68306E-09  0.00000E+00  1.0E-07
  1.165E+02  7.23099E-01  1.28046E-25  4.57259E-09  0.00000E+00  1.0E-07
  1.170E+02  7.26995E-01  1.25022E-25  4.46462E-09  0.00000E+00  1.0E-07
  1.175E+02  7.30874E-01  1.22067E-25  4.35909E-09  0.00000E+00  1.0E-07
  1.180E+02  7.34736E-01  1.19178E-25  4.25593E-09  0.00000E+00  1.0E-07
  1.185E+02  7.38579E-01  1.16354E-25  4.15508E-09  0.00000E+00  1.0E-07
  1.190E+02  7.42405E-01  1.13593E-25  4.05650E-09  0.00000E+00  1.0E-07
  1.195E+02  7.46212E-01  1.10894E-25  3.96011E-09  0.00000E+00  1.0E-07
  1.200E+02  7.50000E-01  1.08255E-25  3.86587E-09  0.00000E+00  1.0E-07
  1.205E+02  7.53769E-01  1.05675E-25  3.77373E-09  0.00000E+00  1.0E-07
  1.210E+02  7.57519E-01  1.03152E-25  3.68363E-09  0.00000E+00  1.0E-07
  1.215E+02  7.61249E-01  1.00685E-25  3.59552E-09  0.00000E+00  1.0E-07
  1.220E+02  7.64960E-01  9.82722E-26  3.50936E-09  0.00000E+00  1.0E-07
  1.225E+02  7.68650E-01  9.59126E-26  3.42510E-09  0.00000E+00  1.0E-07
  1.230E+02  7.72320E-01  9.36049E-26  3.34269E-09  0.00000E+00  1.0E-07
  1.235E+02  7.75968E-01  9.13478E-26  3.26209E-09  0.00000E+00  1.0E-07
  1.240E+02  7.79596E-01  8.91401E-26  3.18325E-09  0.00000E+00  1.0E-07
  1.245E+02  7.83203E-01  8.69808E-26  3.10614E-09  0.00000E+00  1.0E-07
  1.250E+02  7.86788E-01  8.48685E-26  3.03071E-09  0.00000E+00  1.0E-07
  1.255E+02  7.90351E-01  8.28023E-26  2.95692E-09  0.00000E+00  1.0E-07
  1.260E+02  7.93893E-01  8.07809E-26  2.88474E-09  0.00000E+00  1.0E-07
  1.265E+02  7.97411E-01  7.88035E-26  2.81413E-09  0.00000E+00  1.0E-07
  1.270E+02  8.00908E-01  7.68690E-26  2.74504E-09  0.00000E+00  1.0E-07
  1.275E+02  8.04381E-01  7.49764E-26  2.67746E-09  0.00000E+00  1.0E-07
  1.280E+02  8.07831E-01  7.31247E-26  2.61133E-09  0.00000E+00  1.0E-07
  1.285E+02  8.11257E-01  7.13130E-26  2.54663E-09  0.00000E+00  1.0E-07
  1.290E+02  8.14660E-01  6.95404E-26  2.48333E-09  0.00000E+00  1.0E-07
  1.295E+02  8.18039E-01  6.78060E-26  2.42140E-09  0.00000E+00  1.0E-07
  1.300E+02  8.21394E-01  6.61089E-26  2.36079E-09  0.00000E+00  1.0E-07
  1.305E+02  8.24724E-01  6.44484E-26  2.30149E-09  0.00000E+00  1.0E-07
  1.310E+02  8.28030E-01  6.28236E-26  2.24347E-09  0.00000E+00  1.0E-07
  1.315E+02  8.31310E-01  6.12337E-26  2.18669E-09  0.00000E+00  1.0E-07
  1.320E+02  8.34565E-01  5.96779E-26  2.13114E-09  0.00000E+00  1.0E-07
  1.325E+02  8.37795E-01  5.81555E-26  2.07677E-09  0.00000E+00  1.0E-07
  1.330E+02  8.40999E-01  5.66658E-26  2.02357E-09  0.00000E+00  1.0E-07
  1.335E+02  8.44177E-01  5.52080E-26  1.97152E-09  0.00000E+00  1.0E-07
  1.340E+02  8.47329E-01  5.37816E-26  1.92057E-09  0.00000E+00  1.0E-07
  1.345E+02  8.50455E-01  5.23857E-26  1.87073E-09  0.00000E+00  1.0E-07
  1.350E+02  8.53553E-01  5.10198E-26  1.82195E-09  0.00000E+00  1.0E-07
  1.355E+02  8.56625E-01  4.96831E-26  1.77422E-09  0.00000E+00  1.0E-07
  1.360E+02  8.59670E-01  4.83752E-26  1.72751E-09  0.00000E+00  1.0E-07
  1.365E+02  8.62687E-01  4.70954E-26  1.68181E-09  0.00000E+00  1.0E-07
  1.370E+02  8.65677E-01  4.58431E-26  1.63709E-09  0.00000E+00  1.0E-07
  1.375E+02  8.68639E-01  4.46177E-26  1.59333E-09  0.00000E+00  1.0E-07
  1.380E+02  8.71572E-01  4.34187E-26  1.55051E-09  0.00000E+00  1.0E-07
  1.385E+02  8.74478E-01  4.22455E-26  1.50861E-09  0.00000E+00  1.0E-07
  1.390E+02  8.77355E-01  4.10977E-26  1.46762E-09  0.00000E+00  1.0E-07
  1.395E+02  8.80203E-01  3.99746E-26  1.42752E-09  0.00000E+00  1.0E-07
  1.400E+02  8.83022E-01  3.88759E-26  1.38828E-09  0.00000E+00  1.0E-07
  1.405E+02  8.85812E-01  3.78010E-26  1.34990E-09  0.00000E+00  1.0E-07
  1.410E+02  8.88573E-01  3.67494E-26  1.31235E-09  0.00000E+00  1.0E-07
  1.415E+02  8.91304E-01  3.57208E-26  1.27561E-09  0.00000E+00  1.0E-07
  1.420E+02  8.94005E-01  3.47145E-26  1.23968E-09  0.00000E+00  1.0E-07
  1.425E+02  8.96677E-01  3.37303E-26  1.20453E-09  0.00000E+00  1.0E-07
  1.430E+02  8.99318E-01  3.27677E-26  1.17016E-09  0.00000E+00  1.0E-07
  1.435E+02  9.01928E-01  3.18262E-26  1.13654E-09  0.00000E+00  1.0E-07
  1.440E+02  9.04508E-01  3.09056E-26  1.10366E-09  0.00000E+00  1.0E-07
  1.445E+02  9.07058E-01  3.00052E-26  1.07151E-09  0.00000E+00  1.0E-07
  1.450E+02  9.09576E-01  2.91249E-26  1.04007E-09  0.00000E+00  1.0E-07
  1.455E+02  9.12063E-01  2.82642E-26  1.00933E-09  0.00000E+00  1.0E-07
  1.460E+02  9.14519E-01  2.74228E-26  9.79287E-10  0.00000E+00  1.0E-07
  1.465E+02  9.16943E-01  2.66003E-26  9.49915E-10  0.00000E+00  1.0E-07
  1.470E+02  9.19335E-01  2.57964E-26  9.21206E-10  0.00000E+00  1.0E-07
  1.475E+02  9.21696E-01  2.50107E-26  8.93148E-10  0.00000E+00  1.0E-07
  1.480E+02  9.24024E-01  2.42429E-26  8.65730E-10  0.00000E+00  1.0E-07
  1.485E+02  9.26320E-01  2.34927E-26  8.38940E-10  0.00000E+00  1.0E-07
  1.490E+02  9.28584E-01  2.27598E-26  8.12768E-10  0.00000E+00  1.0E-07
  1.495E+02  9.30815E-01  2.20439E-26  7.87203E-10  0.00000E+00  1.0E-07
  1.500E+02  9.33013E-01  2.13447E-26  7.62234E-10  0.00000E+00  1.0E-07
  1.505E+02  9.35178E-01  2.06620E-26  7.37852E-10  0.00000E+00  1.0E-07
  1.510E+02  9.37310E-01  1.99953E-26  7.14047E-10  0.00000E+00  1.0E-07
  1.515E+02  9.39409E-01  1.93446E-26  6.90808E-10  0.00000E+00  1.0E-07
  1.520E+02  9.41474E-01  1.87095E-26  6.68127E-10  0.00000E+00  1.0E-07
  1.525E+02  9.43505E-01  1.80897E-26  6.45995E-10  0.00000E+00  1.0E-07
  1.530E+02  9.45503E-01  1.74851E-26  6.24403E-10  0.00000E+00  1.0E-07
  1.535E+02  9.47467E-01  1.68953E-26  6.03342E-10  0.00000E+00  1.0E-07
  1.540E+02  9.49397E-01  1.63202E-26  5.82804E-10  0.00000E+00  1.0E-07
  1.545E+02  9.51293E-01  1.57595E-26  5.62781E-10  0.00000E+00  1.0E-07
  1.550E+02  9.53154E-01  1.52130E-26  5.43266E-10  0.00000E+00  1.0E-07
  1.555E+02  9.54981E-01  1.46805E-26  5.24250E-10  0.00000E+00  1.0E-07
  1.560E+02  9.56773E-01  1.41618E-26  5.05726E-10  0.00000E+00  1.0E-07
  1.565E+02  9.58530E-01  1.36566E-26  4.87687E-10  0.00000E+00  1.0E-07
  1.570E+02  9.60252E-01  1.31649E-26  4.70126E-10  0.00000E+00  1.0E-07
  1.575E+02  9.61940E-01  1.26863E-26  4.53037E-10  0.00000E+00  1.0E-07
  1.580E+02  9.63592E-01  1.22208E-26  4.36412E-10  0.00000E+00  1.0E-07
  1.585E+02  9.65209E-01  1.17681E-26  4.20246E-10  0.00000E+00  1.0E-07
  1.590E+02  9.66790E-01  1.13280E-26  4.04531E-10  0.00000E+00  1.0E-07
  1.595E+02  9.68336E-01  1.09005E-26  3.89263E-10  0.00000E+00  1.0E-07
  1.600E+02  9.69846E-01  1.04853E-26  3.74435E-10  0.00000E+00  1.0E-07
  1.605E+02  9.71321E-01  1.00822E-26  3.60042E-10  0.00000E+00  1.0E-07
  1.610E+02  9.72759E-01  9.69118E-27  3.46078E-10  0.00000E+00  1.0E-07
  1.615E+02  9.74162E-01  9.31203E-27  3.32539E-10  0.00000E+00  1.0E-07
  1.620E+02  9.75528E-01  8.94462E-27  3.19418E-10  0.00000E+00  1.0E-07
  1.625E+02  9.76858E-01  8.58879E-27  3.06711E-10  0.00000E+00  1.0E-07
  1.630E+02  9.78152E-01  8.24443E-27  2.94414E-10  0.00000E+00  1.0E-07
  1.635E+02  9.79410E-01  7.91140E-27  2.82521E-10  0.00000E+00  1.0E-07
  1.640E+02  9.80631E-01  7.58958E-27  2.71029E-10  0.00000E+00  1.0E-07
  1.645E+02  9.81815E-01  7.27885E-27  2.59932E-10  0.00000E+00  1.0E-07
  1.650E+02  9.82963E-01  6.97909E-27  2.49228E-10  0.00000E+00  1.0E-07
  1.655E+02  9.84074E-01  6.69020E-27  2.38911E-10  0.00000E+00  1.0E-07
  1.660E+02  9.85148E-01  6.41206E-27  2.28979E-10  0.00000E+00  1.0E-07
  1.665E+02  9.86185E-01  6.14457E-27  2.19427E-10  0.00000E+00  1.0E-07
  1.670E+02  9.87185E-01  5.88764E-27  2.10252E-10  0.00000E+00  1.0E-07
  1.675E+02  9.88148E-01  5.64117E-27  2.01450E-10  0.00000E+00  1.0E-07
  1.680E+02  9.89074E-01  5.40508E-27  1.93019E-10  0.00000E+00  1.0E-07
  1.685E+02  9.89962E-01  5.17926E-27  1.84955E-10  0.00000E+00  1.0E-07
  1.690E+02  9.90814E-01  4.96365E-27  1.77255E-10  0.00000E+00  1.0E-07
  1.695E+02  9.91627E-01  4.75816E-27  1.69917E-10  0.00000E+00  1.0E-07
  1.700E+02  9.92404E-01  4.56272E-27  1.62938E-10  0.00000E+00  1.0E-07
  1.705E+02  9.93143E-01  4.37726E-27  1.56315E-10  0.00000E+00  1.0E-07
  1.710E+02  9.93844E-01  4.20170E-27  1.50046E-10  0.00000E+00  1.0E-07
  1.715E+02  9.94508E-01  4.03600E-27  1.44128E-10  0.00000E+00  1.0E-07
  1.720E+02  9.95134E-01  3.88007E-27  1.38560E-10  0.00000E+00  1.0E-07
  1.725E+02  9.95722E-01  3.73388E-27  1.33339E-10  0.00000E+00  1.0E-07
  1.730E+02  9.96273E-01  3.59737E-27  1.28464E-10  0.00000E+00  1.0E-07
  1.735E+02  9.96786E-01  3.47048E-27  1.23933E-10  0.00000E+00  1.0E-07
  1.740E+02  9.97261E-01  3.35317E-27  1.19744E-10  0.00000E+00  1.0E-07
  1.745E+02  9.97698E-01  3.24540E-27  1.15895E-10  0.00000E+00  1.0E-07
  1.750E+02  9.98097E-01  3.14714E-27  1.12386E-10  0.00000E+00  1.0E-07
  1.755E+02  9.98459E-01  3.05833E-27  1.09215E-10  0.00000E+00  1.0E-07
  1.760E+02  9.98782E-01  2.97896E-27  1.06381E-10  0.00000E+00  1.0E-07
  1.765E+02  9.99067E-01  2.90900E-27  1.03882E-10  0.00000E+00  1.0E-07
  1.770E+02  9.99315E-01  2.84841E-27  1.01719E-10  0.00000E+00  1.0E-07
  1.775E+02  9.99524E-01  2.79719E-27  9.98893E-11  0.00000E+00  1.0E-07
  1.780E+02  9.99695E-01  2.75530E-27  9.83935E-11  0.00000E+00  1.0E-07
  1.785E+02  9.99829E-01  2.72273E-27  9.72306E-11  0.00000E+00  1.0E-07
  1.790E+02  9.99924E-01  2.69948E-27  9.64003E-11  0.00000E+00  1.0E-07
  1.795E+02  9.99981E-01  2.68553E-27  9.59021E-11  0.00000E+00  1.0E-07
  1.800E+02  1.00000E+00  2.68089E-27  9.57362E-11  0.00000E+00  1.0E-07
