 #
 # Subroutine ELSEPA. Elastic scattering of electrons and positrons
 #                    by neutral atoms and positive ions
 #
 # Projectile: electron
 # Kinetic energy = 3.70000E+06 eV = 1.35973E+05 a.u.
 #
 # WARNING: High-energy factorization with free-atom DF screening.
 #          Absorption, polarization and exchange corrections are
 #          switched off.
 #          Phase shifts are calculated for the bare nucleus.
 #          Scattering amplitudes are not evaluated.
 #
 # Element: Cu,  Z =  29,  atomic weight = 6.35460E+01 g/mol
 #
 # Nuclear model: Fermi distribution
 #                Average radius = 4.26986E-13 cm
 #                Skin thickness = 5.46000E-14 cm
 #
 # Number of electrons = 29
 #
 # Total elastic cross section = 1.86911E-18 cm**2 = 6.67471E-02 a0**2
 # 1st transport cross section = 7.25899E-23 cm**2 = 2.59223E-06 a0**2
 # 2nd transport cross section = 2.05072E-22 cm**2 = 7.32326E-06 a0**2
 #
 #
 # Differential cross section:                       MU=(1-COS(THETA))/2
 #
 #  THETA        MU          DCS          DCS        Sherman      error
 #  (deg)                 (cm**2/sr)   (a0**2/sr)    function
 #----------------------------------------------------------------------
  0.000E+00  0.00000E+00  2.09935E-13  7.49691E+03  0.00000E+00  1.0E-05
  1.000E-04  7.61557E-13  2.09934E-13  7.49688E+03  0.00000E+00  1.0E-05
  1.250E-04  1.18994E-12  2.09933E-13  7.49686E+03  0.00000E+00  1.0E-05
  1.500E-04  1.71346E-12  2.09933E-13  7.49684E+03  0.00000E+00  1.0E-05
  1.750E-04  2.33225E-12  2.09932E-13  7.49681E+03  0.00000E+00  1.0E-05
  2.000E-04  3.04617E-12  2.09931E-13  7.49678E+03  0.00000E+00  1.0E-05
  2.250E-04  3.85530E-12  2.09930E-13  7.49675E+03  0.00000E+00  1.0E-05
  2.500E-04  4.75964E-12  2.09929E-13  7.49671E+03  0.00000E+00  1.0E-05
  2.750E-04  5.75917E-12  2.09928E-13  7.49667E+03  0.00000E+00  1.0E-05
  3.000E-04  6.85391E-12  2.09927E-13  7.49662E+03  0.00000E+00  1.0E-05
  3.250E-04  8.04379E-12  2.09925E-13  7.49657E+03  0.00000E+00  1.0E-05
  3.500E-04  9.32893E-12  2.09924E-13  7.49652E+03  0.00000E+00  1.0E-05
  3.750E-04  1.07092E-11  2.09922E-13  7.49646E+03  0.00000E+00  1.0E-05
  4.000E-04  1.21847E-11  2.09921E-13  7.49640E+03  0.00000E+00  1.0E-05
  4.250E-04  1.37554E-11  2.09919E-13  7.49634E+03  0.00000E+00  1.0E-05
  4.500E-04  1.54213E-11  2.09917E-13  7.49627E+03  0.00000E+00  1.0E-05
  4.750E-04  1.71823E-11  2.09915E-13  7.49620E+03  0.00000E+00  1.0E-05
  5.000E-04  1.90386E-11  2.09913E-13  7.49612E+03  0.00000E+00  1.0E-05
  5.250E-04  2.09900E-11  2.09910E-13  7.49604E+03  0.00000E+00  1.0E-05
  5.500E-04  2.30367E-11  2.09908E-13  7.49595E+03  0.00000E+00  1.0E-05
  5.750E-04  2.51785E-11  2.09906E-13  7.49586E+03  0.00000E+00  1.0E-05
  6.000E-04  2.74156E-11  2.09903E-13  7.49577E+03  0.00000E+00  1.0E-05
  6.250E-04  2.97478E-11  2.09900E-13  7.49567E+03  0.00000E+00  1.0E-05
  6.500E-04  3.21752E-11  2.09897E-13  7.49557E+03  0.00000E+00  1.0E-05
  6.750E-04  3.46979E-11  2.09894E-13  7.49547E+03  0.00000E+00  1.0E-05
  7.000E-04  3.73157E-11  2.09891E-13  7.49536E+03  0.00000E+00  1.0E-05
  7.250E-04  4.00286E-11  2.09888E-13  7.49525E+03  0.00000E+00  1.0E-05
  7.500E-04  4.28368E-11  2.09885E-13  7.49513E+03  0.00000E+00  1.0E-05
  7.750E-04  4.57402E-11  2.09882E-13  7.49501E+03  0.00000E+00  1.0E-05
  8.000E-04  4.87388E-11  2.09878E-13  7.49488E+03  0.00000E+00  1.0E-05
  8.250E-04  5.18325E-11  2.09875E-13  7.49476E+03  0.00000E+00  1.0E-05
  8.500E-04  5.50215E-11  2.09871E-13  7.49462E+03  0.00000E+00  1.0E-05
  8.750E-04  5.83057E-11  2.09867E-13  7.49449E+03  0.00000E+00  1.0E-05
  9.000E-04  6.16850E-11  2.09863E-13  7.49435E+03  0.00000E+00  1.0E-05
  9.250E-04  6.51595E-11  2.09859E-13  7.49420E+03  0.00000E+00  1.0E-05
  9.500E-04  6.87293E-11  2.09855E-13  7.49405E+03  0.00000E+00  1.0E-05
  9.750E-04  7.23943E-11  2.09851E-13  7.49390E+03  0.00000E+00  1.0E-05
  1.000E-03  7.61544E-11  2.09846E-13  7.49374E+03  0.00000E+00  1.0E-05
  1.250E-03  1.18991E-10  2.09796E-13  7.49196E+03  0.00000E+00  1.0E-05
  1.500E-03  1.71347E-10  2.09735E-13  7.48979E+03  0.00000E+00  1.0E-05
  1.750E-03  2.33223E-10  2.09664E-13  7.48722E+03  0.00000E+00  1.0E-05
  2.000E-03  3.04617E-10  2.09581E-13  7.48426E+03  0.00000E+00  1.0E-05
  2.250E-03  3.85531E-10  2.09487E-13  7.48090E+03  0.00000E+00  1.0E-05
  2.500E-03  4.75965E-10  2.09382E-13  7.47715E+03  0.00000E+00  1.0E-05
  2.750E-03  5.75917E-10  2.09266E-13  7.47302E+03  0.00000E+00  1.0E-05
  3.000E-03  6.85389E-10  2.09139E-13  7.46849E+03  0.00000E+00  1.0E-05
  3.250E-03  8.04380E-10  2.09001E-13  7.46357E+03  0.00000E+00  1.0E-05
  3.500E-03  9.32891E-10  2.08853E-13  7.45827E+03  0.00000E+00  1.0E-05
  3.750E-03  1.07092E-09  2.08694E-13  7.45259E+03  0.00000E+00  1.0E-05
  4.000E-03  1.21847E-09  2.08524E-13  7.44652E+03  0.00000E+00  1.0E-05
  4.250E-03  1.37554E-09  2.08343E-13  7.44007E+03  0.00000E+00  1.0E-05
  4.500E-03  1.54213E-09  2.08152E-13  7.43323E+03  0.00000E+00  1.0E-05
  4.750E-03  1.71823E-09  2.07950E-13  7.42603E+03  0.00000E+00  1.0E-05
  5.000E-03  1.90386E-09  2.07738E-13  7.41844E+03  0.00000E+00  1.0E-05
  5.250E-03  2.09900E-09  2.07515E-13  7.41049E+03  0.00000E+00  1.0E-05
  5.500E-03  2.30367E-09  2.07282E-13  7.40216E+03  0.00000E+00  1.0E-05
  5.750E-03  2.51785E-09  2.07038E-13  7.39346E+03  0.00000E+00  1.0E-05
  6.000E-03  2.74156E-09  2.06784E-13  7.38440E+03  0.00000E+00  1.0E-05
  6.250E-03  2.97478E-09  2.06520E-13  7.37497E+03  0.00000E+00  1.0E-05
  6.500E-03  3.21752E-09  2.06246E-13  7.36519E+03  0.00000E+00  1.0E-05
  6.750E-03  3.46978E-09  2.05962E-13  7.35504E+03  0.00000E+00  1.0E-05
  7.000E-03  3.73156E-09  2.05668E-13  7.34455E+03  0.00000E+00  1.0E-05
  7.250E-03  4.00286E-09  2.05364E-13  7.33370E+03  0.00000E+00  1.0E-05
  7.500E-03  4.28368E-09  2.05051E-13  7.32250E+03  0.00000E+00  1.0E-05
  7.750E-03  4.57402E-09  2.04727E-13  7.31095E+03  0.00000E+00  1.0E-05
  8.000E-03  4.87388E-09  2.04395E-13  7.29906E+03  0.00000E+00  1.0E-05
  8.250E-03  5.18326E-09  2.04052E-13  7.28684E+03  0.00000E+00  1.0E-05
  8.500E-03  5.50215E-09  2.03700E-13  7.27428E+03  0.00000E+00  1.0E-05
  8.750E-03  5.83057E-09  2.03339E-13  7.26138E+03  0.00000E+00  1.0E-05
  9.000E-03  6.16850E-09  2.02969E-13  7.24816E+03  0.00000E+00  1.0E-05
  9.250E-03  6.51596E-09  2.02590E-13  7.23461E+03  0.00000E+00  1.0E-05
  9.500E-03  6.87293E-09  2.02201E-13  7.22075E+03  0.00000E+00  1.0E-05
  9.750E-03  7.23942E-09  2.01804E-13  7.20656E+03  0.00000E+00  1.0E-05
  1.000E-02  7.61544E-09  2.01398E-13  7.19206E+03  0.00000E+00  1.0E-05
  1.250E-02  1.18991E-08  1.96881E-13  7.03073E+03  0.00000E+00  1.0E-05
  1.500E-02  1.71347E-08  1.91603E-13  6.84226E+03  0.00000E+00  1.0E-05
  1.750E-02  2.33223E-08  1.85718E-13  6.63212E+03  0.00000E+00  1.0E-05
  2.000E-02  3.04617E-08  1.79359E-13  6.40502E+03  0.00000E+00  1.0E-05
  2.250E-02  3.85531E-08  1.72634E-13  6.16487E+03  0.00000E+00  1.0E-05
  2.500E-02  4.75965E-08  1.65672E-13  5.91624E+03  0.00000E+00  1.0E-05
  2.750E-02  5.75917E-08  1.58603E-13  5.66380E+03  0.00000E+00  1.0E-05
  3.000E-02  6.85389E-08  1.51528E-13  5.41116E+03  0.00000E+00  1.0E-05
  3.250E-02  8.04380E-08  1.44514E-13  5.16068E+03  0.00000E+00  1.0E-05
  3.500E-02  9.32891E-08  1.37620E-13  4.91451E+03  0.00000E+00  1.0E-05
  3.750E-02  1.07092E-07  1.30929E-13  4.67557E+03  0.00000E+00  1.0E-05
  4.000E-02  1.21847E-07  1.24481E-13  4.44531E+03  0.00000E+00  1.0E-05
  4.250E-02  1.37554E-07  1.18296E-13  4.22441E+03  0.00000E+00  1.0E-05
  4.500E-02  1.54213E-07  1.12367E-13  4.01270E+03  0.00000E+00  1.0E-05
  4.750E-02  1.71823E-07  1.06738E-13  3.81169E+03  0.00000E+00  1.0E-05
  5.000E-02  1.90386E-07  1.01411E-13  3.62146E+03  0.00000E+00  1.0E-05
  5.250E-02  2.09900E-07  9.63817E-14  3.44185E+03  0.00000E+00  1.0E-05
  5.500E-02  2.30367E-07  9.16084E-14  3.27140E+03  0.00000E+00  1.0E-05
  5.750E-02  2.51785E-07  8.71171E-14  3.11101E+03  0.00000E+00  1.0E-05
  6.000E-02  2.74156E-07  8.28950E-14  2.96023E+03  0.00000E+00  1.0E-05
  6.250E-02  2.97478E-07  7.89282E-14  2.81858E+03  0.00000E+00  1.0E-05
  6.500E-02  3.21752E-07  7.51776E-14  2.68464E+03  0.00000E+00  1.0E-05
  6.750E-02  3.46978E-07  7.16492E-14  2.55864E+03  0.00000E+00  1.0E-05
  7.000E-02  3.73156E-07  6.83342E-14  2.44026E+03  0.00000E+00  1.0E-05
  7.250E-02  4.00286E-07  6.52183E-14  2.32899E+03  0.00000E+00  1.0E-05
  7.500E-02  4.28368E-07  6.22718E-14  2.22377E+03  0.00000E+00  1.0E-05
  7.750E-02  4.57402E-07  5.94896E-14  2.12441E+03  0.00000E+00  1.0E-05
  8.000E-02  4.87388E-07  5.68694E-14  2.03084E+03  0.00000E+00  1.0E-05
  8.250E-02  5.18325E-07  5.44000E-14  1.94266E+03  0.00000E+00  1.0E-05
  8.500E-02  5.50215E-07  5.20613E-14  1.85914E+03  0.00000E+00  1.0E-05
  8.750E-02  5.83057E-07  4.98412E-14  1.77986E+03  0.00000E+00  1.0E-05
  9.000E-02  6.16850E-07  4.77435E-14  1.70495E+03  0.00000E+00  1.0E-05
  9.250E-02  6.51596E-07  4.57599E-14  1.63412E+03  0.00000E+00  1.0E-05
  9.500E-02  6.87293E-07  4.38782E-14  1.56692E+03  0.00000E+00  1.0E-05
  9.750E-02  7.23942E-07  4.20819E-14  1.50277E+03  0.00000E+00  1.0E-05
  1.000E-01  7.61543E-07  4.03793E-14  1.44197E+03  0.00000E+00  1.0E-05
  1.250E-01  1.18991E-06  2.72153E-14  9.71876E+02  0.00000E+00  1.0E-05
  1.500E-01  1.71347E-06  1.84931E-14  6.60401E+02  0.00000E+00  1.0E-05
  1.750E-01  2.33223E-06  1.30454E-14  4.65859E+02  0.00000E+00  1.0E-05
  2.000E-01  3.04617E-06  9.36145E-15  3.34304E+02  0.00000E+00  1.0E-05
  2.250E-01  3.85531E-06  6.74708E-15  2.40943E+02  0.00000E+00  1.0E-05
  2.500E-01  4.75964E-06  4.92493E-15  1.75872E+02  0.00000E+00  1.0E-05
  2.750E-01  5.75916E-06  3.65548E-15  1.30540E+02  0.00000E+00  1.0E-05
  3.000E-01  6.85388E-06  2.75314E-15  9.83163E+01  0.00000E+00  1.0E-05
  3.250E-01  8.04378E-06  2.09845E-15  7.49372E+01  0.00000E+00  1.0E-05
  3.500E-01  9.32888E-06  1.62037E-15  5.78644E+01  0.00000E+00  1.0E-05
  3.750E-01  1.07092E-05  1.26981E-15  4.53457E+01  0.00000E+00  1.0E-05
  4.000E-01  1.21846E-05  1.00860E-15  3.60178E+01  0.00000E+00  1.0E-05
  4.250E-01  1.37553E-05  8.11103E-16  2.89650E+01  0.00000E+00  1.0E-05
  4.500E-01  1.54212E-05  6.59809E-16  2.35622E+01  0.00000E+00  1.0E-05
  4.750E-01  1.71822E-05  5.42872E-16  1.93863E+01  0.00000E+00  1.0E-05
  5.000E-01  1.90385E-05  4.51267E-16  1.61151E+01  0.00000E+00  1.0E-05
  5.250E-01  2.09899E-05  3.78758E-16  1.35257E+01  0.00000E+00  1.0E-05
  5.500E-01  2.30365E-05  3.20532E-16  1.14464E+01  0.00000E+00  1.0E-05
  5.750E-01  2.51783E-05  2.73384E-16  9.76270E+00  0.00000E+00  1.0E-05
  6.000E-01  2.74153E-05  2.34828E-16  8.38587E+00  0.00000E+00  1.0E-05
  6.250E-01  2.97475E-05  2.03018E-16  7.24990E+00  0.00000E+00  1.0E-05
  6.500E-01  3.21749E-05  1.76502E-16  6.30298E+00  0.00000E+00  1.0E-05
  6.750E-01  3.46974E-05  1.54244E-16  5.50817E+00  0.00000E+00  1.0E-05
  7.000E-01  3.73152E-05  1.35453E-16  4.83712E+00  0.00000E+00  1.0E-05
  7.250E-01  4.00281E-05  1.19489E-16  4.26702E+00  0.00000E+00  1.0E-05
  7.500E-01  4.28362E-05  1.05814E-16  3.77867E+00  0.00000E+00  1.0E-05
  7.750E-01  4.57395E-05  9.40442E-17  3.35838E+00  0.00000E+00  1.0E-05
  8.000E-01  4.87380E-05  8.38757E-17  2.99525E+00  0.00000E+00  1.0E-05
  8.250E-01  5.18317E-05  7.50475E-17  2.68000E+00  0.00000E+00  1.0E-05
  8.500E-01  5.50205E-05  6.73376E-17  2.40467E+00  0.00000E+00  1.0E-05
  8.750E-01  5.83045E-05  6.05757E-17  2.16320E+00  0.00000E+00  1.0E-05
  9.000E-01  6.16838E-05  5.46369E-17  1.95112E+00  0.00000E+00  1.0E-05
  9.250E-01  6.51582E-05  4.94030E-17  1.76421E+00  0.00000E+00  1.0E-05
  9.500E-01  6.87277E-05  4.47720E-17  1.59884E+00  0.00000E+00  1.0E-05
  9.750E-01  7.23925E-05  4.06568E-17  1.45188E+00  0.00000E+00  1.0E-05
  1.000E+00  7.61524E-05  3.69993E-17  1.32127E+00  0.00000E+00  2.7E-06
  1.100E+00  9.21439E-05  2.58657E-17  9.23681E-01  0.00000E+00  2.1E-06
  1.200E+00  1.09658E-04  1.85795E-17  6.63485E-01  0.00000E+00  1.2E-06
  1.300E+00  1.28695E-04  1.36638E-17  4.87943E-01  0.00000E+00  3.0E-07
  1.400E+00  1.49255E-04  1.02554E-17  3.66226E-01  0.00000E+00  4.0E-07
  1.500E+00  1.71338E-04  7.84625E-18  2.80195E-01  0.00000E+00  7.6E-07
  1.600E+00  1.94942E-04  6.10349E-18  2.17960E-01  0.00000E+00  8.3E-07
  1.700E+00  2.20070E-04  4.81817E-18  1.72060E-01  0.00000E+00  6.8E-07
  1.800E+00  2.46720E-04  3.85399E-18  1.37628E-01  0.00000E+00  4.1E-07
  1.900E+00  2.74892E-04  3.12010E-18  1.11421E-01  0.00000E+00  1.1E-07
  2.000E+00  3.04586E-04  2.55353E-18  9.11882E-02  0.00000E+00  1.8E-07
  2.100E+00  3.35803E-04  2.11043E-18  7.53649E-02  0.00000E+00  3.4E-07
  2.200E+00  3.68542E-04  1.75962E-18  6.28371E-02  0.00000E+00  3.8E-07
  2.300E+00  4.02802E-04  1.47910E-18  5.28198E-02  0.00000E+00  3.2E-07
  2.400E+00  4.38585E-04  1.25259E-18  4.47306E-02  0.00000E+00  1.9E-07
  2.500E+00  4.75889E-04  1.06802E-18  3.81397E-02  0.00000E+00  1.0E-07
  2.600E+00  5.14715E-04  9.16290E-19  3.27213E-02  0.00000E+00  1.0E-07
  2.700E+00  5.55063E-04  7.90677E-19  2.82356E-02  0.00000E+00  1.8E-07
  2.800E+00  5.96931E-04  6.85953E-19  2.44958E-02  0.00000E+00  2.1E-07
  2.900E+00  6.40321E-04  5.98069E-19  2.13574E-02  0.00000E+00  1.8E-07
  3.000E+00  6.85233E-04  5.23837E-19  1.87066E-02  0.00000E+00  1.1E-07
  3.100E+00  7.31665E-04  4.60794E-19  1.64553E-02  0.00000E+00  1.0E-07
  3.200E+00  7.79618E-04  4.06984E-19  1.45337E-02  0.00000E+00  1.0E-07
  3.300E+00  8.29092E-04  3.60824E-19  1.28853E-02  0.00000E+00  1.1E-07
  3.400E+00  8.80086E-04  3.21032E-19  1.14643E-02  0.00000E+00  1.3E-07
  3.500E+00  9.32601E-04  2.86579E-19  1.02339E-02  0.00000E+00  1.1E-07
  3.600E+00  9.86636E-04  2.56635E-19  9.16460E-03  0.00000E+00  1.0E-07
  3.700E+00  1.04219E-03  2.30510E-19  8.23165E-03  0.00000E+00  1.0E-07
  3.800E+00  1.09927E-03  2.07628E-19  7.41453E-03  0.00000E+00  1.0E-07
  3.900E+00  1.15786E-03  1.87514E-19  6.69623E-03  0.00000E+00  1.0E-07
  4.000E+00  1.21797E-03  1.69781E-19  6.06299E-03  0.00000E+00  1.0E-07
  4.100E+00  1.27961E-03  1.54099E-19  5.50298E-03  0.00000E+00  1.0E-07
  4.200E+00  1.34276E-03  1.40188E-19  5.00622E-03  0.00000E+00  1.0E-07
  4.300E+00  1.40743E-03  1.27810E-19  4.56417E-03  0.00000E+00  1.0E-07
  4.400E+00  1.47362E-03  1.16770E-19  4.16993E-03  0.00000E+00  1.0E-07
  4.500E+00  1.54133E-03  1.06898E-19  3.81740E-03  0.00000E+00  1.0E-07
  4.600E+00  1.61056E-03  9.80491E-20  3.50140E-03  0.00000E+00  1.0E-07
  4.700E+00  1.68131E-03  9.00959E-20  3.21738E-03  0.00000E+00  1.0E-07
  4.800E+00  1.75357E-03  8.29337E-20  2.96161E-03  0.00000E+00  1.0E-07
  4.900E+00  1.82735E-03  7.64702E-20  2.73080E-03  0.00000E+00  1.0E-07
  5.000E+00  1.90265E-03  7.06251E-20  2.52207E-03  0.00000E+00  1.0E-07
  5.100E+00  1.97947E-03  6.53277E-20  2.33289E-03  0.00000E+00  1.0E-07
  5.200E+00  2.05780E-03  6.05180E-20  2.16114E-03  0.00000E+00  1.0E-07
  5.300E+00  2.13765E-03  5.61436E-20  2.00493E-03  0.00000E+00  1.0E-07
  5.400E+00  2.21902E-03  5.21580E-20  1.86260E-03  0.00000E+00  1.0E-07
  5.500E+00  2.30190E-03  4.85199E-20  1.73268E-03  0.00000E+00  1.0E-07
  5.600E+00  2.38630E-03  4.51938E-20  1.61390E-03  0.00000E+00  1.0E-07
  5.700E+00  2.47222E-03  4.21482E-20  1.50514E-03  0.00000E+00  1.0E-07
  5.800E+00  2.55965E-03  3.93554E-20  1.40541E-03  0.00000E+00  1.0E-07
  5.900E+00  2.64859E-03  3.67904E-20  1.31381E-03  0.00000E+00  1.0E-07
  6.000E+00  2.73905E-03  3.44310E-20  1.22955E-03  0.00000E+00  1.0E-07
  6.100E+00  2.83103E-03  3.22582E-20  1.15196E-03  0.00000E+00  1.0E-07
  6.200E+00  2.92452E-03  3.02544E-20  1.08040E-03  0.00000E+00  1.0E-07
  6.300E+00  3.01952E-03  2.84041E-20  1.01433E-03  0.00000E+00  1.0E-07
  6.400E+00  3.11604E-03  2.66931E-20  9.53228E-04  0.00000E+00  1.0E-07
  6.500E+00  3.21407E-03  2.51093E-20  8.96670E-04  0.00000E+00  1.0E-07
  6.600E+00  3.31362E-03  2.36416E-20  8.44255E-04  0.00000E+00  1.0E-07
  6.700E+00  3.41468E-03  2.22797E-20  7.95623E-04  0.00000E+00  1.0E-07
  6.800E+00  3.51725E-03  2.10146E-20  7.50445E-04  0.00000E+00  1.0E-07
  6.900E+00  3.62133E-03  1.98382E-20  7.08437E-04  0.00000E+00  1.0E-07
  7.000E+00  3.72692E-03  1.87433E-20  6.69334E-04  0.00000E+00  1.0E-07
  7.100E+00  3.83403E-03  1.77230E-20  6.32898E-04  0.00000E+00  1.0E-07
  7.200E+00  3.94265E-03  1.67713E-20  5.98913E-04  0.00000E+00  1.0E-07
  7.300E+00  4.05278E-03  1.58827E-20  5.67183E-04  0.00000E+00  1.0E-07
  7.400E+00  4.16442E-03  1.50525E-20  5.37533E-04  0.00000E+00  1.0E-07
  7.500E+00  4.27757E-03  1.42759E-20  5.09800E-04  0.00000E+00  1.0E-07
  7.600E+00  4.39223E-03  1.35488E-20  4.83837E-04  0.00000E+00  1.0E-07
  7.700E+00  4.50840E-03  1.28676E-20  4.59509E-04  0.00000E+00  1.0E-07
  7.800E+00  4.62608E-03  1.22287E-20  4.36696E-04  0.00000E+00  1.0E-07
  7.900E+00  4.74527E-03  1.16292E-20  4.15286E-04  0.00000E+00  1.0E-07
  8.000E+00  4.86597E-03  1.10660E-20  3.95175E-04  0.00000E+00  1.0E-07
  8.100E+00  4.98817E-03  1.05366E-20  3.76270E-04  0.00000E+00  1.0E-07
  8.200E+00  5.11188E-03  1.00386E-20  3.58485E-04  0.00000E+00  1.0E-07
  8.300E+00  5.23711E-03  9.56976E-21  3.41743E-04  0.00000E+00  1.0E-07
  8.400E+00  5.36383E-03  9.12806E-21  3.25969E-04  0.00000E+00  1.0E-07
  8.500E+00  5.49207E-03  8.71161E-21  3.11097E-04  0.00000E+00  1.0E-07
  8.600E+00  5.62181E-03  8.31872E-21  2.97067E-04  0.00000E+00  1.0E-07
  8.700E+00  5.75306E-03  7.94781E-21  2.83821E-04  0.00000E+00  1.0E-07
  8.800E+00  5.88581E-03  7.59742E-21  2.71309E-04  0.00000E+00  1.0E-07
  8.900E+00  6.02007E-03  7.26617E-21  2.59480E-04  0.00000E+00  1.0E-07
  9.000E+00  6.15583E-03  6.95285E-21  2.48291E-04  0.00000E+00  1.0E-07
  9.100E+00  6.29310E-03  6.65629E-21  2.37701E-04  0.00000E+00  1.0E-07
  9.200E+00  6.43187E-03  6.37544E-21  2.27671E-04  0.00000E+00  1.0E-07
  9.300E+00  6.57214E-03  6.10929E-21  2.18167E-04  0.00000E+00  1.0E-07
  9.400E+00  6.71392E-03  5.85694E-21  2.09155E-04  0.00000E+00  1.0E-07
  9.500E+00  6.85720E-03  5.61753E-21  2.00606E-04  0.00000E+00  1.0E-07
  9.600E+00  7.00198E-03  5.39028E-21  1.92490E-04  0.00000E+00  1.0E-07
  9.700E+00  7.14827E-03  5.17444E-21  1.84783E-04  0.00000E+00  1.0E-07
  9.800E+00  7.29605E-03  4.96934E-21  1.77458E-04  0.00000E+00  1.0E-07
  9.900E+00  7.44534E-03  4.77434E-21  1.70495E-04  0.00000E+00  1.0E-07
  1.000E+01  7.59612E-03  4.58886E-21  1.63871E-04  0.00000E+00  1.0E-07
  1.025E+01  7.97965E-03  4.16320E-21  1.48671E-04  0.00000E+00  1.0E-07
  1.050E+01  8.37255E-03  3.78596E-21  1.35199E-04  0.00000E+00  1.0E-07
  1.075E+01  8.77480E-03  3.45066E-21  1.23225E-04  0.00000E+00  1.0E-07
  1.100E+01  9.18641E-03  3.15182E-21  1.12553E-04  0.00000E+00  1.0E-07
  1.125E+01  9.60736E-03  2.88477E-21  1.03017E-04  0.00000E+00  1.0E-07
  1.150E+01  1.00376E-02  2.64553E-21  9.44736E-05  0.00000E+00  1.0E-07
  1.175E+01  1.04773E-02  2.43069E-21  8.68016E-05  0.00000E+00  1.0E-07
  1.200E+01  1.09262E-02  2.23732E-21  7.98962E-05  0.00000E+00  1.0E-07
  1.225E+01  1.13844E-02  2.06289E-21  7.36670E-05  0.00000E+00  1.0E-07
  1.250E+01  1.18520E-02  1.90520E-21  6.80360E-05  0.00000E+00  1.0E-07
  1.275E+01  1.23288E-02  1.76237E-21  6.29354E-05  0.00000E+00  1.0E-07
  1.300E+01  1.28150E-02  1.63274E-21  5.83061E-05  0.00000E+00  1.0E-07
  1.325E+01  1.33104E-02  1.51486E-21  5.40968E-05  0.00000E+00  1.0E-07
  1.350E+01  1.38150E-02  1.40749E-21  5.02624E-05  0.00000E+00  1.0E-07
  1.375E+01  1.43290E-02  1.30951E-21  4.67634E-05  0.00000E+00  1.0E-07
  1.400E+01  1.48521E-02  1.21995E-21  4.35652E-05  0.00000E+00  1.0E-07
  1.425E+01  1.53845E-02  1.13796E-21  4.06372E-05  0.00000E+00  1.0E-07
  1.450E+01  1.59262E-02  1.06277E-21  3.79523E-05  0.00000E+00  1.0E-07
  1.475E+01  1.64770E-02  9.93730E-22  3.54867E-05  0.00000E+00  1.0E-07
  1.500E+01  1.70371E-02  9.30231E-22  3.32192E-05  0.00000E+00  1.0E-07
  1.525E+01  1.76063E-02  8.71751E-22  3.11308E-05  0.00000E+00  1.0E-07
  1.550E+01  1.81848E-02  8.17820E-22  2.92049E-05  0.00000E+00  1.0E-07
  1.575E+01  1.87724E-02  7.68018E-22  2.74264E-05  0.00000E+00  1.0E-07
  1.600E+01  1.93692E-02  7.21969E-22  2.57820E-05  0.00000E+00  1.0E-07
  1.625E+01  1.99751E-02  6.79340E-22  2.42597E-05  0.00000E+00  1.0E-07
  1.650E+01  2.05901E-02  6.39828E-22  2.28487E-05  0.00000E+00  1.0E-07
  1.675E+01  2.12143E-02  6.03163E-22  2.15394E-05  0.00000E+00  1.0E-07
  1.700E+01  2.18476E-02  5.69102E-22  2.03230E-05  0.00000E+00  1.0E-07
  1.725E+01  2.24900E-02  5.37425E-22  1.91918E-05  0.00000E+00  1.0E-07
  1.750E+01  2.31415E-02  5.07934E-22  1.81386E-05  0.00000E+00  1.0E-07
  1.775E+01  2.38021E-02  4.80449E-22  1.71572E-05  0.00000E+00  1.0E-07
  1.800E+01  2.44717E-02  4.54809E-22  1.62415E-05  0.00000E+00  1.0E-07
  1.825E+01  2.51504E-02  4.30867E-22  1.53865E-05  0.00000E+00  1.0E-07
  1.850E+01  2.58382E-02  4.08488E-22  1.45874E-05  0.00000E+00  1.0E-07
  1.875E+01  2.65349E-02  3.87552E-22  1.38397E-05  0.00000E+00  1.0E-07
  1.900E+01  2.72407E-02  3.67948E-22  1.31397E-05  0.00000E+00  1.0E-07
  1.925E+01  2.79555E-02  3.49575E-22  1.24835E-05  0.00000E+00  1.0E-07
  1.950E+01  2.86793E-02  3.32341E-22  1.18681E-05  0.00000E+00  1.0E-07
  1.975E+01  2.94120E-02  3.16162E-22  1.12904E-05  0.00000E+00  1.0E-07
  2.000E+01  3.01537E-02  3.00961E-22  1.07475E-05  0.00000E+00  1.0E-07
  2.025E+01  3.09043E-02  2.86669E-22  1.02371E-05  0.00000E+00  1.0E-07
  2.050E+01  3.16639E-02  2.73219E-22  9.75683E-06  0.00000E+00  1.0E-07
  2.075E+01  3.24324E-02  2.60554E-22  9.30454E-06  0.00000E+00  1.0E-07
  2.100E+01  3.32098E-02  2.48618E-22  8.87831E-06  0.00000E+00  1.0E-07
  2.125E+01  3.39961E-02  2.37362E-22  8.47634E-06  0.00000E+00  1.0E-07
  2.150E+01  3.47912E-02  2.26739E-22  8.09699E-06  0.00000E+00  1.0E-07
  2.175E+01  3.55952E-02  2.16707E-22  7.73876E-06  0.00000E+00  1.0E-07
  2.200E+01  3.64081E-02  2.07227E-22  7.40022E-06  0.00000E+00  1.0E-07
  2.225E+01  3.72297E-02  1.98263E-22  7.08010E-06  0.00000E+00  1.0E-07
  2.250E+01  3.80602E-02  1.89781E-22  6.77720E-06  0.00000E+00  1.0E-07
  2.275E+01  3.88995E-02  1.81750E-22  6.49042E-06  0.00000E+00  1.0E-07
  2.300E+01  3.97476E-02  1.74142E-22  6.21873E-06  0.00000E+00  1.0E-07
  2.325E+01  4.06044E-02  1.66930E-22  5.96118E-06  0.00000E+00  1.0E-07
  2.350E+01  4.14700E-02  1.60090E-22  5.71691E-06  0.00000E+00  1.0E-07
  2.375E+01  4.23443E-02  1.53598E-22  5.48508E-06  0.00000E+00  1.0E-07
  2.400E+01  4.32273E-02  1.47434E-22  5.26496E-06  0.00000E+00  1.0E-07
  2.425E+01  4.41190E-02  1.41577E-22  5.05582E-06  0.00000E+00  1.0E-07
  2.450E+01  4.50194E-02  1.36010E-22  4.85702E-06  0.00000E+00  1.0E-07
  2.475E+01  4.59284E-02  1.30716E-22  4.66795E-06  0.00000E+00  1.0E-07
  2.500E+01  4.68461E-02  1.25678E-22  4.48804E-06  0.00000E+00  1.0E-07
  2.550E+01  4.87074E-02  1.16313E-22  4.15360E-06  0.00000E+00  1.0E-07
  2.600E+01  5.06030E-02  1.07808E-22  3.84989E-06  0.00000E+00  1.0E-07
  2.650E+01  5.25328E-02  1.00070E-22  3.57357E-06  0.00000E+00  1.0E-07
  2.700E+01  5.44967E-02  9.30175E-23  3.32171E-06  0.00000E+00  1.0E-07
  2.750E+01  5.64946E-02  8.65780E-23  3.09176E-06  0.00000E+00  1.0E-07
  2.800E+01  5.85262E-02  8.06886E-23  2.88144E-06  0.00000E+00  1.0E-07
  2.850E+01  6.05914E-02  7.52936E-23  2.68878E-06  0.00000E+00  1.0E-07
  2.900E+01  6.26901E-02  7.03438E-23  2.51202E-06  0.00000E+00  1.0E-07
  2.950E+01  6.48222E-02  6.57957E-23  2.34961E-06  0.00000E+00  1.0E-07
  3.000E+01  6.69873E-02  6.16107E-23  2.20016E-06  0.00000E+00  1.0E-07
  3.050E+01  6.91854E-02  5.77542E-23  2.06244E-06  0.00000E+00  1.0E-07
  3.100E+01  7.14163E-02  5.41958E-23  1.93537E-06  0.00000E+00  1.0E-07
  3.150E+01  7.36799E-02  5.09082E-23  1.81796E-06  0.00000E+00  1.0E-07
  3.200E+01  7.59760E-02  4.78667E-23  1.70935E-06  0.00000E+00  1.0E-07
  3.250E+01  7.83043E-02  4.50497E-23  1.60875E-06  0.00000E+00  1.0E-07
  3.300E+01  8.06647E-02  4.24373E-23  1.51546E-06  0.00000E+00  1.0E-07
  3.350E+01  8.30571E-02  4.00120E-23  1.42885E-06  0.00000E+00  1.0E-07
  3.400E+01  8.54812E-02  3.77578E-23  1.34835E-06  0.00000E+00  1.0E-07
  3.450E+01  8.79369E-02  3.56604E-23  1.27345E-06  0.00000E+00  1.0E-07
  3.500E+01  9.04240E-02  3.37068E-23  1.20369E-06  0.00000E+00  1.0E-07
  3.550E+01  9.29422E-02  3.18853E-23  1.13864E-06  0.00000E+00  1.0E-07
  3.600E+01  9.54915E-02  3.01853E-23  1.07793E-06  0.00000E+00  1.0E-07
  3.650E+01  9.80716E-02  2.85971E-23  1.02122E-06  0.00000E+00  1.0E-07
  3.700E+01  1.00682E-01  2.71120E-23  9.68188E-07  0.00000E+00  1.0E-07
  3.750E+01  1.03323E-01  2.57221E-23  9.18553E-07  0.00000E+00  1.0E-07
  3.800E+01  1.05995E-01  2.44201E-23  8.72057E-07  0.00000E+00  1.0E-07
  3.850E+01  1.08696E-01  2.31993E-23  8.28463E-07  0.00000E+00  1.0E-07
  3.900E+01  1.11427E-01  2.20538E-23  7.87556E-07  0.00000E+00  1.0E-07
  3.950E+01  1.14188E-01  2.09780E-23  7.49138E-07  0.00000E+00  1.0E-07
  4.000E+01  1.16978E-01  1.99669E-23  7.13031E-07  0.00000E+00  1.0E-07
  4.050E+01  1.19797E-01  1.90158E-23  6.79067E-07  0.00000E+00  1.0E-07
  4.100E+01  1.22645E-01  1.81206E-23  6.47097E-07  0.00000E+00  1.0E-07
  4.150E+01  1.25522E-01  1.72772E-23  6.16980E-07  0.00000E+00  1.0E-07
  4.200E+01  1.28428E-01  1.64822E-23  5.88588E-07  0.00000E+00  1.0E-07
  4.250E+01  1.31361E-01  1.57321E-23  5.61805E-07  0.00000E+00  1.0E-07
  4.300E+01  1.34323E-01  1.50241E-23  5.36521E-07  0.00000E+00  1.0E-07
  4.350E+01  1.37313E-01  1.43553E-23  5.12637E-07  0.00000E+00  1.0E-07
  4.400E+01  1.40330E-01  1.37231E-23  4.90059E-07  0.00000E+00  1.0E-07
  4.450E+01  1.43375E-01  1.31251E-23  4.68705E-07  0.00000E+00  1.0E-07
  4.500E+01  1.46447E-01  1.25591E-23  4.48493E-07  0.00000E+00  1.0E-07
  4.550E+01  1.49545E-01  1.20231E-23  4.29352E-07  0.00000E+00  1.0E-07
  4.600E+01  1.52671E-01  1.15152E-23  4.11214E-07  0.00000E+00  1.0E-07
  4.650E+01  1.55823E-01  1.10336E-23  3.94016E-07  0.00000E+00  1.0E-07
  4.700E+01  1.59001E-01  1.05767E-23  3.77700E-07  0.00000E+00  1.0E-07
  4.750E+01  1.62205E-01  1.01430E-23  3.62213E-07  0.00000E+00  1.0E-07
  4.800E+01  1.65435E-01  9.73110E-24  3.47504E-07  0.00000E+00  1.0E-07
  4.850E+01  1.68690E-01  9.33971E-24  3.33527E-07  0.00000E+00  1.0E-07
  4.900E+01  1.71970E-01  8.96758E-24  3.20238E-07  0.00000E+00  1.0E-07
  4.950E+01  1.75276E-01  8.61360E-24  3.07597E-07  0.00000E+00  1.0E-07
  5.000E+01  1.78606E-01  8.27672E-24  2.95567E-07  0.00000E+00  1.0E-07
  5.050E+01  1.81961E-01  7.95594E-24  2.84112E-07  0.00000E+00  1.0E-07
  5.100E+01  1.85340E-01  7.65035E-24  2.73199E-07  0.00000E+00  1.0E-07
  5.150E+01  1.88743E-01  7.35910E-24  2.62798E-07  0.00000E+00  1.0E-07
  5.200E+01  1.92169E-01  7.08139E-24  2.52881E-07  0.00000E+00  1.0E-07
  5.250E+01  1.95619E-01  6.81646E-24  2.43420E-07  0.00000E+00  1.0E-07
  5.300E+01  1.99092E-01  6.56361E-24  2.34391E-07  0.00000E+00  1.0E-07
  5.350E+01  2.02589E-01  6.32219E-24  2.25769E-07  0.00000E+00  1.0E-07
  5.400E+01  2.06107E-01  6.09158E-24  2.17534E-07  0.00000E+00  1.0E-07
  5.450E+01  2.09649E-01  5.87121E-24  2.09665E-07  0.00000E+00  1.0E-07
  5.500E+01  2.13212E-01  5.66054E-24  2.02142E-07  0.00000E+00  1.0E-07
  5.550E+01  2.16797E-01  5.45905E-24  1.94946E-07  0.00000E+00  1.0E-07
  5.600E+01  2.20404E-01  5.26628E-24  1.88062E-07  0.00000E+00  1.0E-07
  5.650E+01  2.24032E-01  5.08177E-24  1.81473E-07  0.00000E+00  1.0E-07
  5.700E+01  2.27680E-01  4.90509E-24  1.75164E-07  0.00000E+00  1.0E-07
  5.750E+01  2.31350E-01  4.73587E-24  1.69121E-07  0.00000E+00  1.0E-07
  5.800E+01  2.35040E-01  4.57371E-24  1.63330E-07  0.00000E+00  1.0E-07
  5.850E+01  2.38751E-01  4.41827E-24  1.57779E-07  0.00000E+00  1.0E-07
  5.900E+01  2.42481E-01  4.26922E-24  1.52457E-07  0.00000E+00  1.0E-07
  5.950E+01  2.46231E-01  4.12625E-24  1.47351E-07  0.00000E+00  1.0E-07
  6.000E+01  2.50000E-01  3.98906E-24  1.42452E-07  0.00000E+00  1.0E-07
  6.050E+01  2.53788E-01  3.85737E-24  1.37749E-07  0.00000E+00  1.0E-07
  6.100E+01  2.57595E-01  3.73092E-24  1.33234E-07  0.00000E+00  1.0E-07
  6.150E+01  2.61421E-01  3.60947E-24  1.28897E-07  0.00000E+00  1.0E-07
  6.200E+01  2.65264E-01  3.49277E-24  1.24729E-07  0.00000E+00  1.0E-07
  6.250E+01  2.69126E-01  3.38061E-24  1.20724E-07  0.00000E+00  1.0E-07
  6.300E+01  2.73005E-01  3.27278E-24  1.16873E-07  0.00000E+00  1.0E-07
  6.350E+01  2.76901E-01  3.16907E-24  1.13170E-07  0.00000E+00  1.0E-07
  6.400E+01  2.80814E-01  3.06931E-24  1.09607E-07  0.00000E+00  1.0E-07
  6.450E+01  2.84744E-01  2.97331E-24  1.06179E-07  0.00000E+00  1.0E-07
  6.500E+01  2.88691E-01  2.88090E-24  1.02879E-07  0.00000E+00  1.0E-07
  6.550E+01  2.92653E-01  2.79193E-24  9.97015E-08  0.00000E+00  1.0E-07
  6.600E+01  2.96632E-01  2.70624E-24  9.66414E-08  0.00000E+00  1.0E-07
  6.650E+01  3.00625E-01  2.62368E-24  9.36934E-08  0.00000E+00  1.0E-07
  6.700E+01  3.04634E-01  2.54413E-24  9.08526E-08  0.00000E+00  1.0E-07
  6.750E+01  3.08658E-01  2.46746E-24  8.81144E-08  0.00000E+00  1.0E-07
  6.800E+01  3.12697E-01  2.39353E-24  8.54744E-08  0.00000E+00  1.0E-07
  6.850E+01  3.16749E-01  2.32223E-24  8.29284E-08  0.00000E+00  1.0E-07
  6.900E+01  3.20816E-01  2.25346E-24  8.04724E-08  0.00000E+00  1.0E-07
  6.950E+01  3.24896E-01  2.18710E-24  7.81026E-08  0.00000E+00  1.0E-07
  7.000E+01  3.28990E-01  2.12305E-24  7.58156E-08  0.00000E+00  1.0E-07
  7.050E+01  3.33097E-01  2.06123E-24  7.36078E-08  0.00000E+00  1.0E-07
  7.100E+01  3.37216E-01  2.00153E-24  7.14759E-08  0.00000E+00  1.0E-07
  7.150E+01  3.41348E-01  1.94387E-24  6.94170E-08  0.00000E+00  1.0E-07
  7.200E+01  3.45492E-01  1.88817E-24  6.74279E-08  0.00000E+00  1.0E-07
  7.250E+01  3.49647E-01  1.83436E-24  6.55060E-08  0.00000E+00  1.0E-07
  7.300E+01  3.53814E-01  1.78234E-24  6.36485E-08  0.00000E+00  1.0E-07
  7.350E+01  3.57992E-01  1.73206E-24  6.18529E-08  0.00000E+00  1.0E-07
  7.400E+01  3.62181E-01  1.68344E-24  6.01167E-08  0.00000E+00  1.0E-07
  7.450E+01  3.66381E-01  1.63642E-24  5.84376E-08  0.00000E+00  1.0E-07
  7.500E+01  3.70590E-01  1.59094E-24  5.68134E-08  0.00000E+00  1.0E-07
  7.550E+01  3.74810E-01  1.54693E-24  5.52419E-08  0.00000E+00  1.0E-07
  7.600E+01  3.79039E-01  1.50435E-24  5.37212E-08  0.00000E+00  1.0E-07
  7.650E+01  3.83277E-01  1.46313E-24  5.22493E-08  0.00000E+00  1.0E-07
  7.700E+01  3.87524E-01  1.42322E-24  5.08243E-08  0.00000E+00  1.0E-07
  7.750E+01  3.91780E-01  1.38459E-24  4.94444E-08  0.00000E+00  1.0E-07
  7.800E+01  3.96044E-01  1.34716E-24  4.81081E-08  0.00000E+00  1.0E-07
  7.850E+01  4.00316E-01  1.31091E-24  4.68135E-08  0.00000E+00  1.0E-07
  7.900E+01  4.04596E-01  1.27579E-24  4.55593E-08  0.00000E+00  1.0E-07
  7.950E+01  4.08882E-01  1.24176E-24  4.43439E-08  0.00000E+00  1.0E-07
  8.000E+01  4.13176E-01  1.20877E-24  4.31659E-08  0.00000E+00  1.0E-07
  8.050E+01  4.17476E-01  1.17679E-24  4.20240E-08  0.00000E+00  1.0E-07
  8.100E+01  4.21783E-01  1.14579E-24  4.09168E-08  0.00000E+00  1.0E-07
  8.150E+01  4.26095E-01  1.11572E-24  3.98431E-08  0.00000E+00  1.0E-07
  8.200E+01  4.30413E-01  1.08656E-24  3.88017E-08  0.00000E+00  1.0E-07
  8.250E+01  4.34737E-01  1.05827E-24  3.77915E-08  0.00000E+00  1.0E-07
  8.300E+01  4.39065E-01  1.03082E-24  3.68113E-08  0.00000E+00  1.0E-07
  8.350E+01  4.43398E-01  1.00418E-24  3.58601E-08  0.00000E+00  1.0E-07
  8.400E+01  4.47736E-01  9.78331E-25  3.49368E-08  0.00000E+00  1.0E-07
  8.450E+01  4.52077E-01  9.53235E-25  3.40406E-08  0.00000E+00  1.0E-07
  8.500E+01  4.56422E-01  9.28869E-25  3.31705E-08  0.00000E+00  1.0E-07
  8.550E+01  4.60770E-01  9.05210E-25  3.23256E-08  0.00000E+00  1.0E-07
  8.600E+01  4.65122E-01  8.82231E-25  3.15051E-08  0.00000E+00  1.0E-07
  8.650E+01  4.69476E-01  8.59912E-25  3.07080E-08  0.00000E+00  1.0E-07
  8.700E+01  4.73832E-01  8.38228E-25  2.99337E-08  0.00000E+00  1.0E-07
  8.750E+01  4.78190E-01  8.17159E-25  2.91813E-08  0.00000E+00  1.0E-07
  8.800E+01  4.82550E-01  7.96684E-25  2.84501E-08  0.00000E+00  1.0E-07
  8.850E+01  4.86912E-01  7.76784E-25  2.77395E-08  0.00000E+00  1.0E-07
  8.900E+01  4.91274E-01  7.57439E-25  2.70487E-08  0.00000E+00  1.0E-07
  8.950E+01  4.95637E-01  7.38632E-25  2.63770E-08  0.00000E+00  1.0E-07
  9.000E+01  5.00000E-01  7.20345E-25  2.57240E-08  0.00000E+00  1.0E-07
  9.050E+01  5.04363E-01  7.02562E-25  2.50889E-08  0.00000E+00  1.0E-07
  9.100E+01  5.08726E-01  6.85265E-25  2.44713E-08  0.00000E+00  1.0E-07
  9.150E+01  5.13088E-01  6.68440E-25  2.38704E-08  0.00000E+00  1.0E-07
  9.200E+01  5.17450E-01  6.52071E-25  2.32859E-08  0.00000E+00  1.0E-07
  9.250E+01  5.21810E-01  6.36143E-25  2.27171E-08  0.00000E+00  1.0E-07
  9.300E+01  5.26168E-01  6.20644E-25  2.21636E-08  0.00000E+00  1.0E-07
  9.350E+01  5.30524E-01  6.05558E-25  2.16249E-08  0.00000E+00  1.0E-07
  9.400E+01  5.34878E-01  5.90874E-25  2.11005E-08  0.00000E+00  1.0E-07
  9.450E+01  5.39230E-01  5.76579E-25  2.05900E-08  0.00000E+00  1.0E-07
  9.500E+01  5.43578E-01  5.62660E-25  2.00930E-08  0.00000E+00  1.0E-07
  9.550E+01  5.47923E-01  5.49107E-25  1.96090E-08  0.00000E+00  1.0E-07
  9.600E+01  5.52264E-01  5.35908E-25  1.91376E-08  0.00000E+00  1.0E-07
  9.650E+01  5.56602E-01  5.23053E-25  1.86786E-08  0.00000E+00  1.0E-07
  9.700E+01  5.60935E-01  5.10531E-25  1.82314E-08  0.00000E+00  1.0E-07
  9.750E+01  5.65263E-01  4.98332E-25  1.77957E-08  0.00000E+00  1.0E-07
  9.800E+01  5.69587E-01  4.86445E-25  1.73713E-08  0.00000E+00  1.0E-07
  9.850E+01  5.73905E-01  4.74863E-25  1.69577E-08  0.00000E+00  1.0E-07
  9.900E+01  5.78217E-01  4.63575E-25  1.65546E-08  0.00000E+00  1.0E-07
  9.950E+01  5.82524E-01  4.52573E-25  1.61617E-08  0.00000E+00  1.0E-07
  1.000E+02  5.86824E-01  4.41849E-25  1.57787E-08  0.00000E+00  1.0E-07
  1.005E+02  5.91118E-01  4.31394E-25  1.54054E-08  0.00000E+00  1.0E-07
  1.010E+02  5.95404E-01  4.21202E-25  1.50414E-08  0.00000E+00  1.0E-07
  1.015E+02  5.99684E-01  4.11263E-25  1.46865E-08  0.00000E+00  1.0E-07
  1.020E+02  6.03956E-01  4.01571E-25  1.43403E-08  0.00000E+00  1.0E-07
  1.025E+02  6.08220E-01  3.92118E-25  1.40028E-08  0.00000E+00  1.0E-07
  1.030E+02  6.12476E-01  3.82899E-25  1.36736E-08  0.00000E+00  1.0E-07
  1.035E+02  6.16723E-01  3.73905E-25  1.33524E-08  0.00000E+00  1.0E-07
  1.040E+02  6.20961E-01  3.65132E-25  1.30391E-08  0.00000E+00  1.0E-07
  1.045E+02  6.25190E-01  3.56572E-25  1.27334E-08  0.00000E+00  1.0E-07
  1.050E+02  6.29410E-01  3.48219E-25  1.24351E-08  0.00000E+00  1.0E-07
  1.055E+02  6.33619E-01  3.40069E-25  1.21441E-08  0.00000E+00  1.0E-07
  1.060E+02  6.37819E-01  3.32114E-25  1.18600E-08  0.00000E+00  1.0E-07
  1.065E+02  6.42008E-01  3.24351E-25  1.15828E-08  0.00000E+00  1.0E-07
  1.070E+02  6.46186E-01  3.16773E-25  1.13122E-08  0.00000E+00  1.0E-07
  1.075E+02  6.50353E-01  3.09375E-25  1.10480E-08  0.00000E+00  1.0E-07
  1.080E+02  6.54508E-01  3.02153E-25  1.07901E-08  0.00000E+00  1.0E-07
  1.085E+02  6.58652E-01  2.95101E-25  1.05383E-08  0.00000E+00  1.0E-07
  1.090E+02  6.62784E-01  2.88216E-25  1.02924E-08  0.00000E+00  1.0E-07
  1.095E+02  6.66903E-01  2.81492E-25  1.00523E-08  0.00000E+00  1.0E-07
  1.100E+02  6.71010E-01  2.74926E-25  9.81779E-09  0.00000E+00  1.0E-07
  1.105E+02  6.75104E-01  2.68513E-25  9.58877E-09  0.00000E+00  1.0E-07
  1.110E+02  6.79184E-01  2.62249E-25  9.36507E-09  0.00000E+00  1.0E-07
  1.115E+02  6.83251E-01  2.56130E-25  9.14656E-09  0.00000E+00  1.0E-07
  1.120E+02  6.87303E-01  2.50152E-25  8.93309E-09  0.00000E+00  1.0E-07
  1.125E+02  6.91342E-01  2.44312E-25  8.72454E-09  0.00000E+00  1.0E-07
  1.130E+02  6.95366E-01  2.38606E-25  8.52077E-09  0.00000E+00  1.0E-07
  1.135E+02  6.99375E-01  2.33030E-25  8.32167E-09  0.00000E+00  1.0E-07
  1.140E+02  7.03368E-01  2.27582E-25  8.12711E-09  0.00000E+00  1.0E-07
  1.145E+02  7.07347E-01  2.22258E-25  7.93697E-09  0.00000E+00  1.0E-07
  1.150E+02  7.11309E-01  2.17054E-25  7.75114E-09  0.00000E+00  1.0E-07
  1.155E+02  7.15256E-01  2.11968E-25  7.56952E-09  0.00000E+00  1.0E-07
  1.160E+02  7.19186E-01  2.06997E-25  7.39199E-09  0.00000E+00  1.0E-07
  1.165E+02  7.23099E-01  2.02137E-25  7.21845E-09  0.00000E+00  1.0E-07
  1.170E+02  7.26995E-01  1.97387E-25  7.04880E-09  0.00000E+00  1.0E-07
  1.175E+02  7.30874E-01  1.92742E-25  6.88295E-09  0.00000E+00  1.0E-07
  1.180E+02  7.34736E-01  1.88201E-25  6.72079E-09  0.00000E+00  1.0E-07
  1.185E+02  7.38579E-01  1.83762E-25  6.56225E-09  0.00000E+00  1.0E-07
  1.190E+02  7.42405E-01  1.79420E-25  6.40722E-09  0.00000E+00  1.0E-07
  1.195E+02  7.46212E-01  1.75175E-25  6.25563E-09  0.00000E+00  1.0E-07
  1.200E+02  7.50000E-01  1.71024E-25  6.10738E-09  0.00000E+00  1.0E-07
  1.205E+02  7.53769E-01  1.66964E-25  5.96240E-09  0.00000E+00  1.0E-07
  1.210E+02  7.57519E-01  1.62993E-25  5.82060E-09  0.00000E+00  1.0E-07
  1.215E+02  7.61249E-01  1.59110E-25  5.68192E-09  0.00000E+00  1.0E-07
  1.220E+02  7.64960E-01  1.55311E-25  5.54627E-09  0.00000E+00  1.0E-07
  1.225E+02  7.68650E-01  1.51596E-25  5.41359E-09  0.00000E+00  1.0E-07
  1.230E+02  7.72320E-01  1.47961E-25  5.28380E-09  0.00000E+00  1.0E-07
  1.235E+02  7.75968E-01  1.44406E-25  5.15683E-09  0.00000E+00  1.0E-07
  1.240E+02  7.79596E-01  1.40928E-25  5.03262E-09  0.00000E+00  1.0E-07
  1.245E+02  7.83203E-01  1.37525E-25  4.91110E-09  0.00000E+00  1.0E-07
  1.250E+02  7.86788E-01  1.34196E-25  4.79221E-09  0.00000E+00  1.0E-07
  1.255E+02  7.90351E-01  1.30938E-25  4.67589E-09  0.00000E+00  1.0E-07
  1.260E+02  7.93893E-01  1.27751E-25  4.56208E-09  0.00000E+00  1.0E-07
  1.265E+02  7.97411E-01  1.24633E-25  4.45072E-09  0.00000E+00  1.0E-07
  1.270E+02  8.00908E-01  1.21582E-25  4.34176E-09  0.00000E+00  1.0E-07
  1.275E+02  8.04381E-01  1.18596E-25  4.23513E-09  0.00000E+00  1.0E-07
  1.280E+02  8.07831E-01  1.15674E-25  4.13080E-09  0.00000E+00  1.0E-07
  1.285E+02  8.11257E-01  1.12815E-25  4.02870E-09  0.00000E+00  1.0E-07
  1.290E+02  8.14660E-01  1.10017E-25  3.92878E-09  0.00000E+00  1.0E-07
  1.295E+02  8.18039E-01  1.07279E-25  3.83101E-09  0.00000E+00  1.0E-07
  1.300E+02  8.21394E-01  1.04600E-25  3.73532E-09  0.00000E+00  1.0E-07
  1.305E+02  8.24724E-01  1.01977E-25  3.64167E-09  0.00000E+00  1.0E-07
  1.310E+02  8.28030E-01  9.94108E-26  3.55002E-09  0.00000E+00  1.0E-07
  1.315E+02  8.31310E-01  9.68991E-26  3.46033E-09  0.00000E+00  1.0E-07
  1.320E+02  8.34565E-01  9.44409E-26  3.37254E-09  0.00000E+00  1.0E-07
  1.325E+02  8.37795E-01  9.20351E-26  3.28663E-09  0.00000E+00  1.0E-07
  1.330E+02  8.40999E-01  8.96805E-26  3.20255E-09  0.00000E+00  1.0E-07
  1.335E+02  8.44177E-01  8.73760E-26  3.12026E-09  0.00000E+00  1.0E-07
  1.340E+02  8.47329E-01  8.51207E-26  3.03971E-09  0.00000E+00  1.0E-07
  1.345E+02  8.50455E-01  8.29133E-26  2.96089E-09  0.00000E+00  1.0E-07
  1.350E+02  8.53553E-01  8.07530E-26  2.88374E-09  0.00000E+00  1.0E-07
  1.355E+02  8.56625E-01  7.86387E-26  2.80824E-09  0.00000E+00  1.0E-07
  1.360E+02  8.59670E-01  7.65694E-26  2.73434E-09  0.00000E+00  1.0E-07
  1.365E+02  8.62687E-01  7.45443E-26  2.66202E-09  0.00000E+00  1.0E-07
  1.370E+02  8.65677E-01  7.25624E-26  2.59125E-09  0.00000E+00  1.0E-07
  1.375E+02  8.68639E-01  7.06228E-26  2.52199E-09  0.00000E+00  1.0E-07
  1.380E+02  8.71572E-01  6.87247E-26  2.45420E-09  0.00000E+00  1.0E-07
  1.385E+02  8.74478E-01  6.68672E-26  2.38787E-09  0.00000E+00  1.0E-07
  1.390E+02  8.77355E-01  6.50496E-26  2.32296E-09  0.00000E+00  1.0E-07
  1.395E+02  8.80203E-01  6.32709E-26  2.25945E-09  0.00000E+00  1.0E-07
  1.400E+02  8.83022E-01  6.15305E-26  2.19730E-09  0.00000E+00  1.0E-07
  1.405E+02  8.85812E-01  5.98276E-26  2.13648E-09  0.00000E+00  1.0E-07
  1.410E+02  8.88573E-01  5.81615E-26  2.07698E-09  0.00000E+00  1.0E-07
  1.415E+02  8.91304E-01  5.65314E-26  2.01877E-09  0.00000E+00  1.0E-07
  1.420E+02  8.94005E-01  5.49366E-26  1.96182E-09  0.00000E+00  1.0E-07
  1.425E+02  8.96677E-01  5.33765E-26  1.90611E-09  0.00000E+00  1.0E-07
  1.430E+02  8.99318E-01  5.18504E-26  1.85161E-09  0.00000E+00  1.0E-07
  1.435E+02  9.01928E-01  5.03576E-26  1.79830E-09  0.00000E+00  1.0E-07
  1.440E+02  9.04508E-01  4.88976E-26  1.74617E-09  0.00000E+00  1.0E-07
  1.445E+02  9.07058E-01  4.74697E-26  1.69517E-09  0.00000E+00  1.0E-07
  1.450E+02  9.09576E-01  4.60734E-26  1.64531E-09  0.00000E+00  1.0E-07
  1.455E+02  9.12063E-01  4.47080E-26  1.59655E-09  0.00000E+00  1.0E-07
  1.460E+02  9.14519E-01  4.33729E-26  1.54888E-09  0.00000E+00  1.0E-07
  1.465E+02  9.16943E-01  4.20678E-26  1.50227E-09  0.00000E+00  1.0E-07
  1.470E+02  9.19335E-01  4.07919E-26  1.45671E-09  0.00000E+00  1.0E-07
  1.475E+02  9.21696E-01  3.95448E-26  1.41217E-09  0.00000E+00  1.0E-07
  1.480E+02  9.24024E-01  3.83261E-26  1.36865E-09  0.00000E+00  1.0E-07
  1.485E+02  9.26320E-01  3.71351E-26  1.32612E-09  0.00000E+00  1.0E-07
  1.490E+02  9.28584E-01  3.59714E-26  1.28456E-09  0.00000E+00  1.0E-07
  1.495E+02  9.30815E-01  3.48346E-26  1.24397E-09  0.00000E+00  1.0E-07
  1.500E+02  9.33013E-01  3.37242E-26  1.20431E-09  0.00000E+00  1.0E-07
  1.505E+02  9.35178E-01  3.26397E-26  1.16558E-09  0.00000E+00  1.0E-07
  1.510E+02  9.37310E-01  3.15807E-26  1.12777E-09  0.00000E+00  1.0E-07
  1.515E+02  9.39409E-01  3.05469E-26  1.09085E-09  0.00000E+00  1.0E-07
  1.520E+02  9.41474E-01  2.95378E-26  1.05481E-09  0.00000E+00  1.0E-07
  1.525E+02  9.43505E-01  2.85529E-26  1.01964E-09  0.00000E+00  1.0E-07
  1.530E+02  9.45503E-01  2.75920E-26  9.85329E-10  0.00000E+00  1.0E-07
  1.535E+02  9.47467E-01  2.66547E-26  9.51856E-10  0.00000E+00  1.0E-07
  1.540E+02  9.49397E-01  2.57405E-26  9.19210E-10  0.00000E+00  1.0E-07
  1.545E+02  9.51293E-01  2.48492E-26  8.87381E-10  0.00000E+00  1.0E-07
  1.550E+02  9.53154E-01  2.39803E-26  8.56354E-10  0.00000E+00  1.0E-07
  1.555E+02  9.54981E-01  2.31337E-26  8.26118E-10  0.00000E+00  1.0E-07
  1.560E+02  9.56773E-01  2.23088E-26  7.96663E-10  0.00000E+00  1.0E-07
  1.565E+02  9.58530E-01  2.15055E-26  7.67975E-10  0.00000E+00  1.0E-07
  1.570E+02  9.60252E-01  2.07234E-26  7.40046E-10  0.00000E+00  1.0E-07
  1.575E+02  9.61940E-01  1.99622E-26  7.12863E-10  0.00000E+00  1.0E-07
  1.580E+02  9.63592E-01  1.92217E-26  6.86418E-10  0.00000E+00  1.0E-07
  1.585E+02  9.65209E-01  1.85015E-26  6.60699E-10  0.00000E+00  1.0E-07
  1.590E+02  9.66790E-01  1.78013E-26  6.35697E-10  0.00000E+00  1.0E-07
  1.595E+02  9.68336E-01  1.71210E-26  6.11404E-10  0.00000E+00  1.0E-07
  1.600E+02  9.69846E-01  1.64603E-26  5.87809E-10  0.00000E+00  1.0E-07
  1.605E+02  9.71321E-01  1.58189E-26  5.64904E-10  0.00000E+00  1.0E-07
  1.610E+02  9.72759E-01  1.51966E-26  5.42680E-10  0.00000E+00  1.0E-07
  1.615E+02  9.74162E-01  1.45931E-26  5.21130E-10  0.00000E+00  1.0E-07
  1.620E+02  9.75528E-01  1.40083E-26  5.00245E-10  0.00000E+00  1.0E-07
  1.625E+02  9.76858E-01  1.34419E-26  4.80018E-10  0.00000E+00  1.0E-07
  1.630E+02  9.78152E-01  1.28936E-26  4.60440E-10  0.00000E+00  1.0E-07
  1.635E+02  9.79410E-01  1.23634E-26  4.41506E-10  0.00000E+00  1.0E-07
  1.640E+02  9.80631E-01  1.18510E-26  4.23208E-10  0.00000E+00  1.0E-07
  1.645E+02  9.81815E-01  1.13563E-26  4.05539E-10  0.00000E+00  1.0E-07
  1.650E+02  9.82963E-01  1.08789E-26  3.88494E-10  0.00000E+00  1.0E-07
  1.655E+02  9.84074E-01  1.04189E-26  3.72064E-10  0.00000E+00  1.0E-07
  1.660E+02  9.85148E-01  9.97591E-27  3.56246E-10  0.00000E+00  1.0E-07
  1.665E+02  9.86185E-01  9.54989E-27  3.41033E-10  0.00000E+00  1.0E-07
  1.670E+02  9.87185E-01  9.14067E-27  3.26419E-10  0.00000E+00  1.0E-07
  1.675E+02  9.88148E-01  8.74808E-27  3.12400E-10  0.00000E+00  1.0E-07
  1.680E+02  9.89074E-01  8.37200E-27  2.98970E-10  0.00000E+00  1.0E-07
  1.685E+02  9.89962E-01  8.01228E-27  2.86124E-10  0.00000E+00  1.0E-07
  1.690E+02  9.90814E-01  7.66880E-27  2.73858E-10  0.00000E+00  1.0E-07
  1.695E+02  9.91627E-01  7.34142E-27  2.62167E-10  0.00000E+00  1.0E-07
  1.700E+02  9.92404E-01  7.03005E-27  2.51047E-10  0.00000E+00  1.0E-07
  1.705E+02  9.93143E-01  6.73455E-27  2.40495E-10  0.00000E+00  1.0E-07
  1.710E+02  9.93844E-01  6.45484E-27  2.30506E-10  0.00000E+00  1.0E-07
  1.715E+02  9.94508E-01  6.19080E-27  2.21077E-10  0.00000E+00  1.0E-07
  1.720E+02  9.95134E-01  5.94235E-27  2.12205E-10  0.00000E+00  1.0E-07
  1.725E+02  9.95722E-01  5.70939E-27  2.03886E-10  0.00000E+00  1.0E-07
  1.730E+02  9.96273E-01  5.49184E-27  1.96117E-10  0.00000E+00  1.0E-07
  1.735E+02  9.96786E-01  5.28964E-27  1.88896E-10  0.00000E+00  1.0E-07
  1.740E+02  9.97261E-01  5.10269E-27  1.82220E-10  0.00000E+00  1.0E-07
  1.745E+02  9.97698E-01  4.93094E-27  1.76087E-10  0.00000E+00  1.0E-07
  1.750E+02  9.98097E-01  4.77433E-27  1.70495E-10  0.00000E+00  1.0E-07
  1.755E+02  9.98459E-01  4.63281E-27  1.65441E-10  0.00000E+00  1.0E-07
  1.760E+02  9.98782E-01  4.50631E-27  1.60923E-10  0.00000E+00  1.0E-07
  1.765E+02  9.99067E-01  4.39480E-27  1.56941E-10  0.00000E+00  1.0E-07
  1.770E+02  9.99315E-01  4.29824E-27  1.53493E-10  0.00000E+00  1.0E-07
  1.775E+02  9.99524E-01  4.21659E-27  1.50577E-10  0.00000E+00  1.0E-07
  1.780E+02  9.99695E-01  4.14982E-27  1.48193E-10  0.00000E+00  1.0E-07
  1.785E+02  9.99829E-01  4.09792E-27  1.46339E-10  0.00000E+00  1.0E-07
  1.790E+02  9.99924E-01  4.06086E-27  1.45016E-10  0.00000E+00  1.0E-07
  1.795E+02  9.99981E-01  4.03863E-27  1.44222E-10  0.00000E+00  1.0E-07
  1.800E+02  1.00000E+00  4.03122E-27  1.43957E-10  0.00000E+00  1.7E-07
