 #
 # Subroutine ELSEPA. Elastic scattering of electrons and positrons
 #                    by neutral atoms and positive ions
 #
 # Projectile: electron
 # Kinetic energy = 3.70000E+06 eV = 1.35973E+05 a.u.
 #
 # WARNING: High-energy factorization with free-atom DF screening.
 #          Absorption, polarization and exchange corrections are
 #          switched off.
 #          Phase shifts are calculated for the bare nucleus.
 #          Scattering amplitudes are not evaluated.
 #
 # Element: Dy,  Z =  66,  atomic weight = 1.62500E+02 g/mol
 #
 # Nuclear model: Fermi distribution
 #                Average radius = 5.83895E-13 cm
 #                Skin thickness = 5.46000E-14 cm
 #
 # Number of electrons = 66
 #
 # Total elastic cross section = 7.23207E-18 cm**2 = 2.58262E-01 a0**2
 # 1st transport cross section = 3.94889E-22 cm**2 = 1.41017E-05 a0**2
 # 2nd transport cross section = 1.07547E-21 cm**2 = 3.84056E-05 a0**2
 #
 #
 # Differential cross section:                       MU=(1-COS(THETA))/2
 #
 #  THETA        MU          DCS          DCS        Sherman      error
 #  (deg)                 (cm**2/sr)   (a0**2/sr)    function
 #----------------------------------------------------------------------
  0.000E+00  0.00000E+00  1.38987E-12  4.96332E+04  0.00000E+00  1.0E-05
  1.000E-04  7.61557E-13  1.38986E-12  4.96328E+04  0.00000E+00  1.0E-05
  1.250E-04  1.18994E-12  1.38985E-12  4.96326E+04  0.00000E+00  1.0E-05
  1.500E-04  1.71346E-12  1.38985E-12  4.96323E+04  0.00000E+00  1.0E-05
  1.750E-04  2.33225E-12  1.38984E-12  4.96319E+04  0.00000E+00  1.0E-05
  2.000E-04  3.04617E-12  1.38983E-12  4.96316E+04  0.00000E+00  1.0E-05
  2.250E-04  3.85530E-12  1.38981E-12  4.96311E+04  0.00000E+00  1.0E-05
  2.500E-04  4.75964E-12  1.38980E-12  4.96307E+04  0.00000E+00  1.0E-05
  2.750E-04  5.75917E-12  1.38978E-12  4.96301E+04  0.00000E+00  1.0E-05
  3.000E-04  6.85391E-12  1.38977E-12  4.96295E+04  0.00000E+00  1.0E-05
  3.250E-04  8.04379E-12  1.38975E-12  4.96289E+04  0.00000E+00  1.0E-05
  3.500E-04  9.32893E-12  1.38973E-12  4.96282E+04  0.00000E+00  1.0E-05
  3.750E-04  1.07092E-11  1.38971E-12  4.96275E+04  0.00000E+00  1.0E-05
  4.000E-04  1.21847E-11  1.38969E-12  4.96267E+04  0.00000E+00  1.0E-05
  4.250E-04  1.37554E-11  1.38967E-12  4.96259E+04  0.00000E+00  1.0E-05
  4.500E-04  1.54213E-11  1.38964E-12  4.96250E+04  0.00000E+00  1.0E-05
  4.750E-04  1.71823E-11  1.38961E-12  4.96240E+04  0.00000E+00  1.0E-05
  5.000E-04  1.90386E-11  1.38959E-12  4.96231E+04  0.00000E+00  1.0E-05
  5.250E-04  2.09900E-11  1.38956E-12  4.96220E+04  0.00000E+00  1.0E-05
  5.500E-04  2.30367E-11  1.38953E-12  4.96209E+04  0.00000E+00  1.0E-05
  5.750E-04  2.51785E-11  1.38950E-12  4.96198E+04  0.00000E+00  1.0E-05
  6.000E-04  2.74156E-11  1.38946E-12  4.96186E+04  0.00000E+00  1.0E-05
  6.250E-04  2.97478E-11  1.38943E-12  4.96173E+04  0.00000E+00  1.0E-05
  6.500E-04  3.21752E-11  1.38939E-12  4.96160E+04  0.00000E+00  1.0E-05
  6.750E-04  3.46979E-11  1.38935E-12  4.96147E+04  0.00000E+00  1.0E-05
  7.000E-04  3.73157E-11  1.38931E-12  4.96133E+04  0.00000E+00  1.0E-05
  7.250E-04  4.00286E-11  1.38927E-12  4.96119E+04  0.00000E+00  1.0E-05
  7.500E-04  4.28368E-11  1.38923E-12  4.96104E+04  0.00000E+00  1.0E-05
  7.750E-04  4.57402E-11  1.38919E-12  4.96088E+04  0.00000E+00  1.0E-05
  8.000E-04  4.87388E-11  1.38914E-12  4.96072E+04  0.00000E+00  1.0E-05
  8.250E-04  5.18325E-11  1.38910E-12  4.96056E+04  0.00000E+00  1.0E-05
  8.500E-04  5.50215E-11  1.38905E-12  4.96039E+04  0.00000E+00  1.0E-05
  8.750E-04  5.83057E-11  1.38900E-12  4.96021E+04  0.00000E+00  1.0E-05
  9.000E-04  6.16850E-11  1.38895E-12  4.96003E+04  0.00000E+00  1.0E-05
  9.250E-04  6.51595E-11  1.38890E-12  4.95985E+04  0.00000E+00  1.0E-05
  9.500E-04  6.87293E-11  1.38885E-12  4.95966E+04  0.00000E+00  1.0E-05
  9.750E-04  7.23943E-11  1.38879E-12  4.95946E+04  0.00000E+00  1.0E-05
  1.000E-03  7.61544E-11  1.38873E-12  4.95926E+04  0.00000E+00  1.0E-05
  1.250E-03  1.18991E-10  1.38810E-12  4.95698E+04  0.00000E+00  1.0E-05
  1.500E-03  1.71347E-10  1.38732E-12  4.95419E+04  0.00000E+00  1.0E-05
  1.750E-03  2.33223E-10  1.38639E-12  4.95090E+04  0.00000E+00  1.0E-05
  2.000E-03  3.04617E-10  1.38533E-12  4.94711E+04  0.00000E+00  1.0E-05
  2.250E-03  3.85531E-10  1.38413E-12  4.94281E+04  0.00000E+00  1.0E-05
  2.500E-03  4.75965E-10  1.38279E-12  4.93802E+04  0.00000E+00  1.0E-05
  2.750E-03  5.75917E-10  1.38131E-12  4.93274E+04  0.00000E+00  1.0E-05
  3.000E-03  6.85389E-10  1.37969E-12  4.92696E+04  0.00000E+00  1.0E-05
  3.250E-03  8.04380E-10  1.37793E-12  4.92069E+04  0.00000E+00  1.0E-05
  3.500E-03  9.32891E-10  1.37604E-12  4.91393E+04  0.00000E+00  1.0E-05
  3.750E-03  1.07092E-09  1.37401E-12  4.90669E+04  0.00000E+00  1.0E-05
  4.000E-03  1.21847E-09  1.37185E-12  4.89897E+04  0.00000E+00  1.0E-05
  4.250E-03  1.37554E-09  1.36956E-12  4.89078E+04  0.00000E+00  1.0E-05
  4.500E-03  1.54213E-09  1.36713E-12  4.88211E+04  0.00000E+00  1.0E-05
  4.750E-03  1.71823E-09  1.36457E-12  4.87298E+04  0.00000E+00  1.0E-05
  5.000E-03  1.90386E-09  1.36188E-12  4.86338E+04  0.00000E+00  1.0E-05
  5.250E-03  2.09900E-09  1.35907E-12  4.85332E+04  0.00000E+00  1.0E-05
  5.500E-03  2.30367E-09  1.35613E-12  4.84281E+04  0.00000E+00  1.0E-05
  5.750E-03  2.51785E-09  1.35306E-12  4.83186E+04  0.00000E+00  1.0E-05
  6.000E-03  2.74156E-09  1.34987E-12  4.82046E+04  0.00000E+00  1.0E-05
  6.250E-03  2.97478E-09  1.34655E-12  4.80862E+04  0.00000E+00  1.0E-05
  6.500E-03  3.21752E-09  1.34312E-12  4.79635E+04  0.00000E+00  1.0E-05
  6.750E-03  3.46978E-09  1.33956E-12  4.78366E+04  0.00000E+00  1.0E-05
  7.000E-03  3.73156E-09  1.33589E-12  4.77055E+04  0.00000E+00  1.0E-05
  7.250E-03  4.00286E-09  1.33210E-12  4.75702E+04  0.00000E+00  1.0E-05
  7.500E-03  4.28368E-09  1.32820E-12  4.74309E+04  0.00000E+00  1.0E-05
  7.750E-03  4.57402E-09  1.32419E-12  4.72875E+04  0.00000E+00  1.0E-05
  8.000E-03  4.87388E-09  1.32006E-12  4.71403E+04  0.00000E+00  1.0E-05
  8.250E-03  5.18326E-09  1.31583E-12  4.69891E+04  0.00000E+00  1.0E-05
  8.500E-03  5.50215E-09  1.31149E-12  4.68342E+04  0.00000E+00  1.0E-05
  8.750E-03  5.83057E-09  1.30705E-12  4.66755E+04  0.00000E+00  1.0E-05
  9.000E-03  6.16850E-09  1.30250E-12  4.65132E+04  0.00000E+00  1.0E-05
  9.250E-03  6.51596E-09  1.29786E-12  4.63473E+04  0.00000E+00  1.0E-05
  9.500E-03  6.87293E-09  1.29311E-12  4.61779E+04  0.00000E+00  1.0E-05
  9.750E-03  7.23942E-09  1.28827E-12  4.60051E+04  0.00000E+00  1.0E-05
  1.000E-02  7.61544E-09  1.28334E-12  4.58289E+04  0.00000E+00  1.0E-05
  1.250E-02  1.18991E-08  1.22932E-12  4.38999E+04  0.00000E+00  1.0E-05
  1.500E-02  1.71347E-08  1.16858E-12  4.17308E+04  0.00000E+00  1.0E-05
  1.750E-02  2.33223E-08  1.10305E-12  3.93907E+04  0.00000E+00  1.0E-05
  2.000E-02  3.04617E-08  1.03492E-12  3.69576E+04  0.00000E+00  1.0E-05
  2.250E-02  3.85531E-08  9.66408E-13  3.45110E+04  0.00000E+00  1.0E-05
  2.500E-02  4.75965E-08  8.99068E-13  3.21063E+04  0.00000E+00  1.0E-05
  2.750E-02  5.75917E-08  8.33915E-13  2.97797E+04  0.00000E+00  1.0E-05
  3.000E-02  6.85389E-08  7.71854E-13  2.75634E+04  0.00000E+00  1.0E-05
  3.250E-02  8.04380E-08  7.13731E-13  2.54878E+04  0.00000E+00  1.0E-05
  3.500E-02  9.32891E-08  6.59958E-13  2.35675E+04  0.00000E+00  1.0E-05
  3.750E-02  1.07092E-07  6.10325E-13  2.17951E+04  0.00000E+00  1.0E-05
  4.000E-02  1.21847E-07  5.64817E-13  2.01700E+04  0.00000E+00  1.0E-05
  4.250E-02  1.37554E-07  5.23386E-13  1.86905E+04  0.00000E+00  1.0E-05
  4.500E-02  1.54213E-07  4.85958E-13  1.73539E+04  0.00000E+00  1.0E-05
  4.750E-02  1.71823E-07  4.51960E-13  1.61398E+04  0.00000E+00  1.0E-05
  5.000E-02  1.90386E-07  4.21124E-13  1.50386E+04  0.00000E+00  1.0E-05
  5.250E-02  2.09900E-07  3.93183E-13  1.40408E+04  0.00000E+00  1.0E-05
  5.500E-02  2.30367E-07  3.67968E-13  1.31404E+04  0.00000E+00  1.0E-05
  5.750E-02  2.51785E-07  3.45030E-13  1.23213E+04  0.00000E+00  1.0E-05
  6.000E-02  2.74156E-07  3.24142E-13  1.15753E+04  0.00000E+00  1.0E-05
  6.250E-02  2.97478E-07  3.05092E-13  1.08950E+04  0.00000E+00  1.0E-05
  6.500E-02  3.21752E-07  2.87688E-13  1.02735E+04  0.00000E+00  1.0E-05
  6.750E-02  3.46978E-07  2.71711E-13  9.70299E+03  0.00000E+00  1.0E-05
  7.000E-02  3.73156E-07  2.57012E-13  9.17808E+03  0.00000E+00  1.0E-05
  7.250E-02  4.00286E-07  2.43460E-13  8.69410E+03  0.00000E+00  1.0E-05
  7.500E-02  4.28368E-07  2.30904E-13  8.24573E+03  0.00000E+00  1.0E-05
  7.750E-02  4.57402E-07  2.19237E-13  7.82910E+03  0.00000E+00  1.0E-05
  8.000E-02  4.87388E-07  2.08387E-13  7.44164E+03  0.00000E+00  1.0E-05
  8.250E-02  5.18325E-07  1.98277E-13  7.08059E+03  0.00000E+00  1.0E-05
  8.500E-02  5.50215E-07  1.88809E-13  6.74249E+03  0.00000E+00  1.0E-05
  8.750E-02  5.83057E-07  1.79910E-13  6.42469E+03  0.00000E+00  1.0E-05
  9.000E-02  6.16850E-07  1.71563E-13  6.12661E+03  0.00000E+00  1.0E-05
  9.250E-02  6.51596E-07  1.63721E-13  5.84659E+03  0.00000E+00  1.0E-05
  9.500E-02  6.87293E-07  1.56330E-13  5.58263E+03  0.00000E+00  1.0E-05
  9.750E-02  7.23942E-07  1.49318E-13  5.33224E+03  0.00000E+00  1.0E-05
  1.000E-01  7.61543E-07  1.42703E-13  5.09601E+03  0.00000E+00  1.0E-05
  1.250E-01  1.18991E-06  9.26569E-14  3.30884E+03  0.00000E+00  1.0E-05
  1.500E-01  1.71347E-06  6.12097E-14  2.18584E+03  0.00000E+00  1.0E-05
  1.750E-01  2.33223E-06  4.24335E-14  1.51533E+03  0.00000E+00  1.0E-05
  2.000E-01  3.04617E-06  3.03002E-14  1.08204E+03  0.00000E+00  1.0E-05
  2.250E-01  3.85531E-06  2.20728E-14  7.88233E+02  0.00000E+00  1.0E-05
  2.500E-01  4.75964E-06  1.64379E-14  5.87009E+02  0.00000E+00  1.0E-05
  2.750E-01  5.75916E-06  1.25049E-14  4.46558E+02  0.00000E+00  1.0E-05
  3.000E-01  6.85388E-06  9.67654E-15  3.45556E+02  0.00000E+00  1.0E-05
  3.250E-01  8.04378E-06  7.57604E-15  2.70545E+02  0.00000E+00  1.0E-05
  3.500E-01  9.32888E-06  5.99162E-15  2.13965E+02  0.00000E+00  1.0E-05
  3.750E-01  1.07092E-05  4.79583E-15  1.71262E+02  0.00000E+00  1.0E-05
  4.000E-01  1.21846E-05  3.87947E-15  1.38538E+02  0.00000E+00  1.0E-05
  4.250E-01  1.37553E-05  3.16687E-15  1.13091E+02  0.00000E+00  1.0E-05
  4.500E-01  1.54212E-05  2.60575E-15  9.30531E+01  0.00000E+00  1.0E-05
  4.750E-01  1.71822E-05  2.16431E-15  7.72889E+01  0.00000E+00  1.0E-05
  5.000E-01  1.90385E-05  1.81240E-15  6.47219E+01  0.00000E+00  1.0E-05
  5.250E-01  2.09899E-05  1.53154E-15  5.46924E+01  0.00000E+00  1.0E-05
  5.500E-01  2.30365E-05  1.30294E-15  4.65288E+01  0.00000E+00  1.0E-05
  5.750E-01  2.51783E-05  1.11631E-15  3.98641E+01  0.00000E+00  1.0E-05
  6.000E-01  2.74153E-05  9.62639E-16  3.43765E+01  0.00000E+00  1.0E-05
  6.250E-01  2.97475E-05  8.35199E-16  2.98255E+01  0.00000E+00  1.0E-05
  6.500E-01  3.21749E-05  7.28751E-16  2.60242E+01  0.00000E+00  1.0E-05
  6.750E-01  3.46974E-05  6.38881E-16  2.28149E+01  0.00000E+00  1.0E-05
  7.000E-01  3.73152E-05  5.62814E-16  2.00985E+01  0.00000E+00  1.0E-05
  7.250E-01  4.00281E-05  4.98125E-16  1.77884E+01  0.00000E+00  1.0E-05
  7.500E-01  4.28362E-05  4.42655E-16  1.58075E+01  0.00000E+00  1.0E-05
  7.750E-01  4.57395E-05  3.94832E-16  1.40997E+01  0.00000E+00  1.0E-05
  8.000E-01  4.87380E-05  3.53414E-16  1.26207E+01  0.00000E+00  1.0E-05
  8.250E-01  5.18317E-05  3.17356E-16  1.13330E+01  0.00000E+00  1.0E-05
  8.500E-01  5.50205E-05  2.85761E-16  1.02047E+01  0.00000E+00  1.0E-05
  8.750E-01  5.83045E-05  2.57949E-16  9.21153E+00  0.00000E+00  1.0E-05
  9.000E-01  6.16838E-05  2.33446E-16  8.33651E+00  0.00000E+00  1.0E-05
  9.250E-01  6.51582E-05  2.11786E-16  7.56300E+00  0.00000E+00  1.0E-05
  9.500E-01  6.87277E-05  1.92561E-16  6.87646E+00  0.00000E+00  1.0E-05
  9.750E-01  7.23925E-05  1.75420E-16  6.26437E+00  0.00000E+00  1.0E-05
  1.000E+00  7.61524E-05  1.60145E-16  5.71888E+00  0.00000E+00  7.7E-06
  1.100E+00  9.21439E-05  1.13337E-16  4.04733E+00  0.00000E+00  5.8E-06
  1.200E+00  1.09658E-04  8.23655E-17  2.94133E+00  0.00000E+00  3.2E-06
  1.300E+00  1.28695E-04  6.12324E-17  2.18665E+00  0.00000E+00  6.3E-07
  1.400E+00  1.49255E-04  4.64136E-17  1.65746E+00  0.00000E+00  1.2E-06
  1.500E+00  1.71338E-04  3.58471E-17  1.28012E+00  0.00000E+00  2.2E-06
  1.600E+00  1.94942E-04  2.81320E-17  1.00461E+00  0.00000E+00  2.4E-06
  1.700E+00  2.20070E-04  2.23872E-17  7.99461E-01  0.00000E+00  1.9E-06
  1.800E+00  2.46720E-04  1.80353E-17  6.44052E-01  0.00000E+00  1.1E-06
  1.900E+00  2.74892E-04  1.46968E-17  5.24833E-01  0.00000E+00  1.7E-07
  2.000E+00  3.04586E-04  1.21002E-17  4.32105E-01  0.00000E+00  5.7E-07
  2.100E+00  3.35803E-04  1.00551E-17  3.59074E-01  0.00000E+00  1.0E-06
  2.200E+00  3.68542E-04  8.42298E-18  3.00790E-01  0.00000E+00  1.1E-06
  2.300E+00  4.02802E-04  7.11063E-18  2.53925E-01  0.00000E+00  8.8E-07
  2.400E+00  4.38585E-04  6.04531E-18  2.15882E-01  0.00000E+00  4.9E-07
  2.500E+00  4.75889E-04  5.17303E-18  1.84732E-01  0.00000E+00  1.0E-07
  2.600E+00  5.14715E-04  4.45206E-18  1.58986E-01  0.00000E+00  3.3E-07
  2.700E+00  5.55063E-04  3.85276E-18  1.37585E-01  0.00000E+00  5.5E-07
  2.800E+00  5.96931E-04  3.35134E-18  1.19678E-01  0.00000E+00  5.9E-07
  2.900E+00  6.40321E-04  2.92911E-18  1.04601E-01  0.00000E+00  4.8E-07
  3.000E+00  6.85233E-04  2.57120E-18  9.18192E-02  0.00000E+00  2.6E-07
  3.100E+00  7.31665E-04  2.26633E-18  8.09320E-02  0.00000E+00  1.0E-07
  3.200E+00  7.79618E-04  2.00545E-18  7.16158E-02  0.00000E+00  2.1E-07
  3.300E+00  8.29092E-04  1.78113E-18  6.36052E-02  0.00000E+00  3.4E-07
  3.400E+00  8.80086E-04  1.58728E-18  5.66829E-02  0.00000E+00  3.6E-07
  3.500E+00  9.32601E-04  1.41907E-18  5.06758E-02  0.00000E+00  2.9E-07
  3.600E+00  9.86636E-04  1.27261E-18  4.54456E-02  0.00000E+00  1.5E-07
  3.700E+00  1.04219E-03  1.14460E-18  4.08745E-02  0.00000E+00  1.0E-07
  3.800E+00  1.09927E-03  1.03230E-18  3.68642E-02  0.00000E+00  1.5E-07
  3.900E+00  1.15786E-03  9.33415E-19  3.33328E-02  0.00000E+00  2.3E-07
  4.000E+00  1.21797E-03  8.46120E-19  3.02155E-02  0.00000E+00  2.4E-07
  4.100E+00  1.27961E-03  7.68821E-19  2.74551E-02  0.00000E+00  1.9E-07
  4.200E+00  1.34276E-03  7.00170E-19  2.50035E-02  0.00000E+00  1.0E-07
  4.300E+00  1.40743E-03  6.38997E-19  2.28190E-02  0.00000E+00  1.0E-07
  4.400E+00  1.47362E-03  5.84383E-19  2.08687E-02  0.00000E+00  1.1E-07
  4.500E+00  1.54133E-03  5.35500E-19  1.91230E-02  0.00000E+00  1.6E-07
  4.600E+00  1.61056E-03  4.91639E-19  1.75567E-02  0.00000E+00  1.7E-07
  4.700E+00  1.68131E-03  4.52177E-19  1.61475E-02  0.00000E+00  1.3E-07
  4.800E+00  1.75357E-03  4.16609E-19  1.48774E-02  0.00000E+00  1.0E-07
  4.900E+00  1.82735E-03  3.84485E-19  1.37302E-02  0.00000E+00  1.0E-07
  5.000E+00  1.90265E-03  3.55411E-19  1.26919E-02  0.00000E+00  1.0E-07
  5.100E+00  1.97947E-03  3.29039E-19  1.17502E-02  0.00000E+00  1.2E-07
  5.200E+00  2.05780E-03  3.05076E-19  1.08945E-02  0.00000E+00  1.2E-07
  5.300E+00  2.13765E-03  2.83267E-19  1.01156E-02  0.00000E+00  1.0E-07
  5.400E+00  2.21902E-03  2.63382E-19  9.40553E-03  0.00000E+00  1.0E-07
  5.500E+00  2.30190E-03  2.45218E-19  8.75688E-03  0.00000E+00  1.0E-07
  5.600E+00  2.38630E-03  2.28599E-19  8.16340E-03  0.00000E+00  1.0E-07
  5.700E+00  2.47222E-03  2.13372E-19  7.61965E-03  0.00000E+00  1.0E-07
  5.800E+00  2.55965E-03  1.99400E-19  7.12070E-03  0.00000E+00  1.0E-07
  5.900E+00  2.64859E-03  1.86559E-19  6.66214E-03  0.00000E+00  1.0E-07
  6.000E+00  2.73905E-03  1.74739E-19  6.24005E-03  0.00000E+00  1.0E-07
  6.100E+00  2.83103E-03  1.63847E-19  5.85109E-03  0.00000E+00  1.0E-07
  6.200E+00  2.92452E-03  1.53796E-19  5.49217E-03  0.00000E+00  1.0E-07
  6.300E+00  3.01952E-03  1.44510E-19  5.16053E-03  0.00000E+00  1.0E-07
  6.400E+00  3.11604E-03  1.35916E-19  4.85366E-03  0.00000E+00  1.0E-07
  6.500E+00  3.21407E-03  1.27957E-19  4.56944E-03  0.00000E+00  1.0E-07
  6.600E+00  3.31362E-03  1.20577E-19  4.30587E-03  0.00000E+00  1.0E-07
  6.700E+00  3.41468E-03  1.13724E-19  4.06117E-03  0.00000E+00  1.0E-07
  6.800E+00  3.51725E-03  1.07355E-19  3.83371E-03  0.00000E+00  1.0E-07
  6.900E+00  3.62133E-03  1.01428E-19  3.62207E-03  0.00000E+00  1.0E-07
  7.000E+00  3.72692E-03  9.59086E-20  3.42496E-03  0.00000E+00  1.0E-07
  7.100E+00  3.83403E-03  9.07623E-20  3.24118E-03  0.00000E+00  1.0E-07
  7.200E+00  3.94265E-03  8.59588E-20  3.06965E-03  0.00000E+00  1.0E-07
  7.300E+00  4.05278E-03  8.14715E-20  2.90940E-03  0.00000E+00  1.0E-07
  7.400E+00  4.16442E-03  7.72758E-20  2.75957E-03  0.00000E+00  1.0E-07
  7.500E+00  4.27757E-03  7.33490E-20  2.61934E-03  0.00000E+00  1.0E-07
  7.600E+00  4.39223E-03  6.96704E-20  2.48798E-03  0.00000E+00  1.0E-07
  7.700E+00  4.50840E-03  6.62215E-20  2.36481E-03  0.00000E+00  1.0E-07
  7.800E+00  4.62608E-03  6.29853E-20  2.24925E-03  0.00000E+00  1.0E-07
  7.900E+00  4.74527E-03  5.99463E-20  2.14072E-03  0.00000E+00  1.0E-07
  8.000E+00  4.86597E-03  5.70899E-20  2.03872E-03  0.00000E+00  1.0E-07
  8.100E+00  4.98817E-03  5.44031E-20  1.94277E-03  0.00000E+00  1.0E-07
  8.200E+00  5.11188E-03  5.18741E-20  1.85246E-03  0.00000E+00  1.0E-07
  8.300E+00  5.23711E-03  4.94918E-20  1.76738E-03  0.00000E+00  1.0E-07
  8.400E+00  5.36383E-03  4.72460E-20  1.68718E-03  0.00000E+00  1.0E-07
  8.500E+00  5.49207E-03  4.51272E-20  1.61152E-03  0.00000E+00  1.0E-07
  8.600E+00  5.62181E-03  4.31271E-20  1.54010E-03  0.00000E+00  1.0E-07
  8.700E+00  5.75306E-03  4.12378E-20  1.47263E-03  0.00000E+00  1.0E-07
  8.800E+00  5.88581E-03  3.94519E-20  1.40885E-03  0.00000E+00  1.0E-07
  8.900E+00  6.02007E-03  3.77625E-20  1.34852E-03  0.00000E+00  1.0E-07
  9.000E+00  6.15583E-03  3.61635E-20  1.29142E-03  0.00000E+00  1.0E-07
  9.100E+00  6.29310E-03  3.46492E-20  1.23735E-03  0.00000E+00  1.0E-07
  9.200E+00  6.43187E-03  3.32143E-20  1.18610E-03  0.00000E+00  1.0E-07
  9.300E+00  6.57214E-03  3.18536E-20  1.13751E-03  0.00000E+00  1.0E-07
  9.400E+00  6.71392E-03  3.05626E-20  1.09141E-03  0.00000E+00  1.0E-07
  9.500E+00  6.85720E-03  2.93371E-20  1.04765E-03  0.00000E+00  1.0E-07
  9.600E+00  7.00198E-03  2.81732E-20  1.00608E-03  0.00000E+00  1.0E-07
  9.700E+00  7.14827E-03  2.70670E-20  9.66582E-04  0.00000E+00  1.0E-07
  9.800E+00  7.29605E-03  2.60152E-20  9.29021E-04  0.00000E+00  1.0E-07
  9.900E+00  7.44534E-03  2.50147E-20  8.93289E-04  0.00000E+00  1.0E-07
  1.000E+01  7.59612E-03  2.40623E-20  8.59282E-04  0.00000E+00  1.0E-07
  1.025E+01  7.97965E-03  2.18746E-20  7.81157E-04  0.00000E+00  1.0E-07
  1.050E+01  8.37255E-03  1.99328E-20  7.11813E-04  0.00000E+00  1.0E-07
  1.075E+01  8.77480E-03  1.82043E-20  6.50086E-04  0.00000E+00  1.0E-07
  1.100E+01  9.18641E-03  1.66614E-20  5.94988E-04  0.00000E+00  1.0E-07
  1.125E+01  9.60736E-03  1.52806E-20  5.45679E-04  0.00000E+00  1.0E-07
  1.150E+01  1.00376E-02  1.40417E-20  5.01439E-04  0.00000E+00  1.0E-07
  1.175E+01  1.04773E-02  1.29276E-20  4.61653E-04  0.00000E+00  1.0E-07
  1.200E+01  1.09262E-02  1.19233E-20  4.25789E-04  0.00000E+00  1.0E-07
  1.225E+01  1.13844E-02  1.10160E-20  3.93390E-04  0.00000E+00  1.0E-07
  1.250E+01  1.18520E-02  1.01947E-20  3.64059E-04  0.00000E+00  1.0E-07
  1.275E+01  1.23288E-02  9.44962E-21  3.37452E-04  0.00000E+00  1.0E-07
  1.300E+01  1.28150E-02  8.77242E-21  3.13269E-04  0.00000E+00  1.0E-07
  1.325E+01  1.33104E-02  8.15571E-21  2.91246E-04  0.00000E+00  1.0E-07
  1.350E+01  1.38150E-02  7.59318E-21  2.71157E-04  0.00000E+00  1.0E-07
  1.375E+01  1.43290E-02  7.07909E-21  2.52799E-04  0.00000E+00  1.0E-07
  1.400E+01  1.48521E-02  6.60850E-21  2.35994E-04  0.00000E+00  1.0E-07
  1.425E+01  1.53845E-02  6.17706E-21  2.20587E-04  0.00000E+00  1.0E-07
  1.450E+01  1.59262E-02  5.78089E-21  2.06439E-04  0.00000E+00  1.0E-07
  1.475E+01  1.64770E-02  5.41654E-21  1.93428E-04  0.00000E+00  1.0E-07
  1.500E+01  1.70371E-02  5.08096E-21  1.81444E-04  0.00000E+00  1.0E-07
  1.525E+01  1.76063E-02  4.77146E-21  1.70392E-04  0.00000E+00  1.0E-07
  1.550E+01  1.81848E-02  4.48564E-21  1.60185E-04  0.00000E+00  1.0E-07
  1.575E+01  1.87724E-02  4.22132E-21  1.50746E-04  0.00000E+00  1.0E-07
  1.600E+01  1.93692E-02  3.97655E-21  1.42005E-04  0.00000E+00  1.0E-07
  1.625E+01  1.99751E-02  3.74965E-21  1.33902E-04  0.00000E+00  1.0E-07
  1.650E+01  2.05901E-02  3.53903E-21  1.26381E-04  0.00000E+00  1.0E-07
  1.675E+01  2.12143E-02  3.34332E-21  1.19392E-04  0.00000E+00  1.0E-07
  1.700E+01  2.18476E-02  3.16122E-21  1.12889E-04  0.00000E+00  1.0E-07
  1.725E+01  2.24900E-02  2.99164E-21  1.06833E-04  0.00000E+00  1.0E-07
  1.750E+01  2.31415E-02  2.83353E-21  1.01187E-04  0.00000E+00  1.0E-07
  1.775E+01  2.38021E-02  2.68596E-21  9.59175E-05  0.00000E+00  1.0E-07
  1.800E+01  2.44717E-02  2.54810E-21  9.09941E-05  0.00000E+00  1.0E-07
  1.825E+01  2.51504E-02  2.41917E-21  8.63901E-05  0.00000E+00  1.0E-07
  1.850E+01  2.58382E-02  2.29849E-21  8.20807E-05  0.00000E+00  1.0E-07
  1.875E+01  2.65349E-02  2.18543E-21  7.80432E-05  0.00000E+00  1.0E-07
  1.900E+01  2.72407E-02  2.07940E-21  7.42567E-05  0.00000E+00  1.0E-07
  1.925E+01  2.79555E-02  1.97988E-21  7.07029E-05  0.00000E+00  1.0E-07
  1.950E+01  2.86793E-02  1.88640E-21  6.73646E-05  0.00000E+00  1.0E-07
  1.975E+01  2.94120E-02  1.79851E-21  6.42261E-05  0.00000E+00  1.0E-07
  2.000E+01  3.01537E-02  1.71581E-21  6.12728E-05  0.00000E+00  1.0E-07
  2.025E+01  3.09043E-02  1.63794E-21  5.84919E-05  0.00000E+00  1.0E-07
  2.050E+01  3.16639E-02  1.56455E-21  5.58711E-05  0.00000E+00  1.0E-07
  2.075E+01  3.24324E-02  1.49534E-21  5.33995E-05  0.00000E+00  1.0E-07
  2.100E+01  3.32098E-02  1.43001E-21  5.10667E-05  0.00000E+00  1.0E-07
  2.125E+01  3.39961E-02  1.36832E-21  4.88635E-05  0.00000E+00  1.0E-07
  2.150E+01  3.47912E-02  1.31000E-21  4.67811E-05  0.00000E+00  1.0E-07
  2.175E+01  3.55952E-02  1.25485E-21  4.48116E-05  0.00000E+00  1.0E-07
  2.200E+01  3.64081E-02  1.20266E-21  4.29476E-05  0.00000E+00  1.0E-07
  2.225E+01  3.72297E-02  1.15322E-21  4.11823E-05  0.00000E+00  1.0E-07
  2.250E+01  3.80602E-02  1.10638E-21  3.95094E-05  0.00000E+00  1.0E-07
  2.275E+01  3.88995E-02  1.06196E-21  3.79231E-05  0.00000E+00  1.0E-07
  2.300E+01  3.97476E-02  1.01981E-21  3.64180E-05  0.00000E+00  1.0E-07
  2.325E+01  4.06044E-02  9.79792E-22  3.49890E-05  0.00000E+00  1.0E-07
  2.350E+01  4.14700E-02  9.41780E-22  3.36316E-05  0.00000E+00  1.0E-07
  2.375E+01  4.23443E-02  9.05650E-22  3.23413E-05  0.00000E+00  1.0E-07
  2.400E+01  4.32273E-02  8.71288E-22  3.11143E-05  0.00000E+00  1.0E-07
  2.425E+01  4.41190E-02  8.38592E-22  2.99466E-05  0.00000E+00  1.0E-07
  2.450E+01  4.50194E-02  8.07462E-22  2.88350E-05  0.00000E+00  1.0E-07
  2.475E+01  4.59284E-02  7.77810E-22  2.77761E-05  0.00000E+00  1.0E-07
  2.500E+01  4.68461E-02  7.49549E-22  2.67669E-05  0.00000E+00  1.0E-07
  2.550E+01  4.87074E-02  6.96892E-22  2.48865E-05  0.00000E+00  1.0E-07
  2.600E+01  5.06030E-02  6.48921E-22  2.31734E-05  0.00000E+00  1.0E-07
  2.650E+01  5.25328E-02  6.05135E-22  2.16098E-05  0.00000E+00  1.0E-07
  2.700E+01  5.44967E-02  5.65097E-22  2.01800E-05  0.00000E+00  1.0E-07
  2.750E+01  5.64946E-02  5.28421E-22  1.88703E-05  0.00000E+00  1.0E-07
  2.800E+01  5.85262E-02  4.94770E-22  1.76685E-05  0.00000E+00  1.0E-07
  2.850E+01  6.05914E-02  4.63841E-22  1.65641E-05  0.00000E+00  1.0E-07
  2.900E+01  6.26901E-02  4.35372E-22  1.55474E-05  0.00000E+00  1.0E-07
  2.950E+01  6.48222E-02  4.09125E-22  1.46101E-05  0.00000E+00  1.0E-07
  3.000E+01  6.69873E-02  3.84893E-22  1.37448E-05  0.00000E+00  1.0E-07
  3.050E+01  6.91854E-02  3.62489E-22  1.29447E-05  0.00000E+00  1.0E-07
  3.100E+01  7.14163E-02  3.41747E-22  1.22040E-05  0.00000E+00  1.0E-07
  3.150E+01  7.36799E-02  3.22518E-22  1.15173E-05  0.00000E+00  1.0E-07
  3.200E+01  7.59760E-02  3.04668E-22  1.08799E-05  0.00000E+00  1.0E-07
  3.250E+01  7.83043E-02  2.88079E-22  1.02875E-05  0.00000E+00  1.0E-07
  3.300E+01  8.06647E-02  2.72643E-22  9.73625E-06  0.00000E+00  1.0E-07
  3.350E+01  8.30571E-02  2.58262E-22  9.22269E-06  0.00000E+00  1.0E-07
  3.400E+01  8.54812E-02  2.44849E-22  8.74372E-06  0.00000E+00  1.0E-07
  3.450E+01  8.79369E-02  2.32326E-22  8.29651E-06  0.00000E+00  1.0E-07
  3.500E+01  9.04240E-02  2.20621E-22  7.87852E-06  0.00000E+00  1.0E-07
  3.550E+01  9.29422E-02  2.09669E-22  7.48743E-06  0.00000E+00  1.0E-07
  3.600E+01  9.54915E-02  1.99412E-22  7.12114E-06  0.00000E+00  1.0E-07
  3.650E+01  9.80716E-02  1.89796E-22  6.77776E-06  0.00000E+00  1.0E-07
  3.700E+01  1.00682E-01  1.80773E-22  6.45552E-06  0.00000E+00  1.0E-07
  3.750E+01  1.03323E-01  1.72298E-22  6.15286E-06  0.00000E+00  1.0E-07
  3.800E+01  1.05995E-01  1.64330E-22  5.86833E-06  0.00000E+00  1.0E-07
  3.850E+01  1.08696E-01  1.56833E-22  5.60061E-06  0.00000E+00  1.0E-07
  3.900E+01  1.11427E-01  1.49773E-22  5.34849E-06  0.00000E+00  1.0E-07
  3.950E+01  1.14188E-01  1.43119E-22  5.11087E-06  0.00000E+00  1.0E-07
  4.000E+01  1.16978E-01  1.36843E-22  4.88674E-06  0.00000E+00  1.0E-07
  4.050E+01  1.19797E-01  1.30918E-22  4.67516E-06  0.00000E+00  1.0E-07
  4.100E+01  1.22645E-01  1.25321E-22  4.47528E-06  0.00000E+00  1.0E-07
  4.150E+01  1.25522E-01  1.20029E-22  4.28631E-06  0.00000E+00  1.0E-07
  4.200E+01  1.28428E-01  1.15022E-22  4.10752E-06  0.00000E+00  1.0E-07
  4.250E+01  1.31361E-01  1.10282E-22  3.93824E-06  0.00000E+00  1.0E-07
  4.300E+01  1.34323E-01  1.05791E-22  3.77787E-06  0.00000E+00  1.0E-07
  4.350E+01  1.37313E-01  1.01533E-22  3.62582E-06  0.00000E+00  1.0E-07
  4.400E+01  1.40330E-01  9.74937E-23  3.48156E-06  0.00000E+00  1.0E-07
  4.450E+01  1.43375E-01  9.36591E-23  3.34463E-06  0.00000E+00  1.0E-07
  4.500E+01  1.46447E-01  9.00166E-23  3.21455E-06  0.00000E+00  1.0E-07
  4.550E+01  1.49545E-01  8.65544E-23  3.09091E-06  0.00000E+00  1.0E-07
  4.600E+01  1.52671E-01  8.32617E-23  2.97333E-06  0.00000E+00  1.0E-07
  4.650E+01  1.55823E-01  8.01283E-23  2.86144E-06  0.00000E+00  1.0E-07
  4.700E+01  1.59001E-01  7.71448E-23  2.75489E-06  0.00000E+00  1.0E-07
  4.750E+01  1.62205E-01  7.43024E-23  2.65339E-06  0.00000E+00  1.0E-07
  4.800E+01  1.65435E-01  7.15930E-23  2.55663E-06  0.00000E+00  1.0E-07
  4.850E+01  1.68690E-01  6.90089E-23  2.46435E-06  0.00000E+00  1.0E-07
  4.900E+01  1.71970E-01  6.65431E-23  2.37630E-06  0.00000E+00  1.0E-07
  4.950E+01  1.75276E-01  6.41890E-23  2.29223E-06  0.00000E+00  1.0E-07
  5.000E+01  1.78606E-01  6.19403E-23  2.21193E-06  0.00000E+00  1.0E-07
  5.050E+01  1.81961E-01  5.97914E-23  2.13519E-06  0.00000E+00  1.0E-07
  5.100E+01  1.85340E-01  5.77368E-23  2.06182E-06  0.00000E+00  1.0E-07
  5.150E+01  1.88743E-01  5.57714E-23  1.99163E-06  0.00000E+00  1.0E-07
  5.200E+01  1.92169E-01  5.38904E-23  1.92446E-06  0.00000E+00  1.0E-07
  5.250E+01  1.95619E-01  5.20895E-23  1.86015E-06  0.00000E+00  1.0E-07
  5.300E+01  1.99092E-01  5.03644E-23  1.79855E-06  0.00000E+00  1.0E-07
  5.350E+01  2.02589E-01  4.87113E-23  1.73951E-06  0.00000E+00  1.0E-07
  5.400E+01  2.06107E-01  4.71265E-23  1.68292E-06  0.00000E+00  1.0E-07
  5.450E+01  2.09649E-01  4.56065E-23  1.62864E-06  0.00000E+00  1.0E-07
  5.500E+01  2.13212E-01  4.41481E-23  1.57656E-06  0.00000E+00  1.0E-07
  5.550E+01  2.16797E-01  4.27482E-23  1.52657E-06  0.00000E+00  1.0E-07
  5.600E+01  2.20404E-01  4.14040E-23  1.47856E-06  0.00000E+00  1.0E-07
  5.650E+01  2.24032E-01  4.01127E-23  1.43245E-06  0.00000E+00  1.0E-07
  5.700E+01  2.27680E-01  3.88718E-23  1.38814E-06  0.00000E+00  1.0E-07
  5.750E+01  2.31350E-01  3.76788E-23  1.34553E-06  0.00000E+00  1.0E-07
  5.800E+01  2.35040E-01  3.65316E-23  1.30457E-06  0.00000E+00  1.0E-07
  5.850E+01  2.38751E-01  3.54279E-23  1.26515E-06  0.00000E+00  1.0E-07
  5.900E+01  2.42481E-01  3.43657E-23  1.22722E-06  0.00000E+00  1.0E-07
  5.950E+01  2.46231E-01  3.33432E-23  1.19071E-06  0.00000E+00  1.0E-07
  6.000E+01  2.50000E-01  3.23584E-23  1.15554E-06  0.00000E+00  1.0E-07
  6.050E+01  2.53788E-01  3.14098E-23  1.12167E-06  0.00000E+00  1.0E-07
  6.100E+01  2.57595E-01  3.04957E-23  1.08902E-06  0.00000E+00  1.0E-07
  6.150E+01  2.61421E-01  2.96145E-23  1.05755E-06  0.00000E+00  1.0E-07
  6.200E+01  2.65264E-01  2.87647E-23  1.02721E-06  0.00000E+00  1.0E-07
  6.250E+01  2.69126E-01  2.79451E-23  9.97937E-07  0.00000E+00  1.0E-07
  6.300E+01  2.73005E-01  2.71542E-23  9.69695E-07  0.00000E+00  1.0E-07
  6.350E+01  2.76901E-01  2.63909E-23  9.42438E-07  0.00000E+00  1.0E-07
  6.400E+01  2.80814E-01  2.56541E-23  9.16123E-07  0.00000E+00  1.0E-07
  6.450E+01  2.84744E-01  2.49424E-23  8.90711E-07  0.00000E+00  1.0E-07
  6.500E+01  2.88691E-01  2.42550E-23  8.66163E-07  0.00000E+00  1.0E-07
  6.550E+01  2.92653E-01  2.35908E-23  8.42444E-07  0.00000E+00  1.0E-07
  6.600E+01  2.96632E-01  2.29489E-23  8.19519E-07  0.00000E+00  1.0E-07
  6.650E+01  3.00625E-01  2.23282E-23  7.97355E-07  0.00000E+00  1.0E-07
  6.700E+01  3.04634E-01  2.17280E-23  7.75922E-07  0.00000E+00  1.0E-07
  6.750E+01  3.08658E-01  2.11475E-23  7.55190E-07  0.00000E+00  1.0E-07
  6.800E+01  3.12697E-01  2.05858E-23  7.35131E-07  0.00000E+00  1.0E-07
  6.850E+01  3.16749E-01  2.00421E-23  7.15718E-07  0.00000E+00  1.0E-07
  6.900E+01  3.20816E-01  1.95159E-23  6.96926E-07  0.00000E+00  1.0E-07
  6.950E+01  3.24896E-01  1.90064E-23  6.78731E-07  0.00000E+00  1.0E-07
  7.000E+01  3.28990E-01  1.85130E-23  6.61110E-07  0.00000E+00  1.0E-07
  7.050E+01  3.33097E-01  1.80350E-23  6.44040E-07  0.00000E+00  1.0E-07
  7.100E+01  3.37216E-01  1.75718E-23  6.27500E-07  0.00000E+00  1.0E-07
  7.150E+01  3.41348E-01  1.71229E-23  6.11470E-07  0.00000E+00  1.0E-07
  7.200E+01  3.45492E-01  1.66878E-23  5.95931E-07  0.00000E+00  1.0E-07
  7.250E+01  3.49647E-01  1.62659E-23  5.80864E-07  0.00000E+00  1.0E-07
  7.300E+01  3.53814E-01  1.58567E-23  5.66253E-07  0.00000E+00  1.0E-07
  7.350E+01  3.57992E-01  1.54598E-23  5.52079E-07  0.00000E+00  1.0E-07
  7.400E+01  3.62181E-01  1.50747E-23  5.38328E-07  0.00000E+00  1.0E-07
  7.450E+01  3.66381E-01  1.47010E-23  5.24983E-07  0.00000E+00  1.0E-07
  7.500E+01  3.70590E-01  1.43383E-23  5.12031E-07  0.00000E+00  1.0E-07
  7.550E+01  3.74810E-01  1.39862E-23  4.99456E-07  0.00000E+00  1.0E-07
  7.600E+01  3.79039E-01  1.36443E-23  4.87247E-07  0.00000E+00  1.0E-07
  7.650E+01  3.83277E-01  1.33122E-23  4.75389E-07  0.00000E+00  1.0E-07
  7.700E+01  3.87524E-01  1.29897E-23  4.63870E-07  0.00000E+00  1.0E-07
  7.750E+01  3.91780E-01  1.26763E-23  4.52679E-07  0.00000E+00  1.0E-07
  7.800E+01  3.96044E-01  1.23718E-23  4.41803E-07  0.00000E+00  1.0E-07
  7.850E+01  4.00316E-01  1.20758E-23  4.31233E-07  0.00000E+00  1.0E-07
  7.900E+01  4.04596E-01  1.17880E-23  4.20958E-07  0.00000E+00  1.0E-07
  7.950E+01  4.08882E-01  1.15083E-23  4.10968E-07  0.00000E+00  1.0E-07
  8.000E+01  4.13176E-01  1.12362E-23  4.01253E-07  0.00000E+00  1.0E-07
  8.050E+01  4.17476E-01  1.09716E-23  3.91804E-07  0.00000E+00  1.0E-07
  8.100E+01  4.21783E-01  1.07142E-23  3.82612E-07  0.00000E+00  1.0E-07
  8.150E+01  4.26095E-01  1.04638E-23  3.73669E-07  0.00000E+00  1.0E-07
  8.200E+01  4.30413E-01  1.02201E-23  3.64966E-07  0.00000E+00  1.0E-07
  8.250E+01  4.34737E-01  9.98291E-24  3.56496E-07  0.00000E+00  1.0E-07
  8.300E+01  4.39065E-01  9.75202E-24  3.48251E-07  0.00000E+00  1.0E-07
  8.350E+01  4.43398E-01  9.52724E-24  3.40224E-07  0.00000E+00  1.0E-07
  8.400E+01  4.47736E-01  9.30835E-24  3.32407E-07  0.00000E+00  1.0E-07
  8.450E+01  4.52077E-01  9.09518E-24  3.24795E-07  0.00000E+00  1.0E-07
  8.500E+01  4.56422E-01  8.88755E-24  3.17380E-07  0.00000E+00  1.0E-07
  8.550E+01  4.60770E-01  8.68528E-24  3.10157E-07  0.00000E+00  1.0E-07
  8.600E+01  4.65122E-01  8.48821E-24  3.03119E-07  0.00000E+00  1.0E-07
  8.650E+01  4.69476E-01  8.29616E-24  2.96261E-07  0.00000E+00  1.0E-07
  8.700E+01  4.73832E-01  8.10899E-24  2.89577E-07  0.00000E+00  1.0E-07
  8.750E+01  4.78190E-01  7.92655E-24  2.83062E-07  0.00000E+00  1.0E-07
  8.800E+01  4.82550E-01  7.74869E-24  2.76711E-07  0.00000E+00  1.0E-07
  8.850E+01  4.86912E-01  7.57528E-24  2.70518E-07  0.00000E+00  1.0E-07
  8.900E+01  4.91274E-01  7.40617E-24  2.64479E-07  0.00000E+00  1.0E-07
  8.950E+01  4.95637E-01  7.24124E-24  2.58589E-07  0.00000E+00  1.0E-07
  9.000E+01  5.00000E-01  7.08037E-24  2.52845E-07  0.00000E+00  1.0E-07
  9.050E+01  5.04363E-01  6.92344E-24  2.47240E-07  0.00000E+00  1.0E-07
  9.100E+01  5.08726E-01  6.77032E-24  2.41773E-07  0.00000E+00  1.0E-07
  9.150E+01  5.13088E-01  6.62092E-24  2.36437E-07  0.00000E+00  1.0E-07
  9.200E+01  5.17450E-01  6.47511E-24  2.31230E-07  0.00000E+00  1.0E-07
  9.250E+01  5.21810E-01  6.33280E-24  2.26149E-07  0.00000E+00  1.0E-07
  9.300E+01  5.26168E-01  6.19389E-24  2.21188E-07  0.00000E+00  1.0E-07
  9.350E+01  5.30524E-01  6.05827E-24  2.16345E-07  0.00000E+00  1.0E-07
  9.400E+01  5.34878E-01  5.92586E-24  2.11616E-07  0.00000E+00  1.0E-07
  9.450E+01  5.39230E-01  5.79656E-24  2.06999E-07  0.00000E+00  1.0E-07
  9.500E+01  5.43578E-01  5.67028E-24  2.02489E-07  0.00000E+00  1.0E-07
  9.550E+01  5.47923E-01  5.54695E-24  1.98085E-07  0.00000E+00  1.0E-07
  9.600E+01  5.52264E-01  5.42647E-24  1.93783E-07  0.00000E+00  1.0E-07
  9.650E+01  5.56602E-01  5.30878E-24  1.89580E-07  0.00000E+00  1.0E-07
  9.700E+01  5.60935E-01  5.19379E-24  1.85474E-07  0.00000E+00  1.0E-07
  9.750E+01  5.65263E-01  5.08143E-24  1.81461E-07  0.00000E+00  1.0E-07
  9.800E+01  5.69587E-01  4.97163E-24  1.77540E-07  0.00000E+00  1.0E-07
  9.850E+01  5.73905E-01  4.86432E-24  1.73708E-07  0.00000E+00  1.0E-07
  9.900E+01  5.78217E-01  4.75943E-24  1.69962E-07  0.00000E+00  1.0E-07
  9.950E+01  5.82524E-01  4.65689E-24  1.66301E-07  0.00000E+00  1.0E-07
  1.000E+02  5.86824E-01  4.55665E-24  1.62721E-07  0.00000E+00  1.0E-07
  1.005E+02  5.91118E-01  4.45864E-24  1.59221E-07  0.00000E+00  1.0E-07
  1.010E+02  5.95404E-01  4.36281E-24  1.55799E-07  0.00000E+00  1.0E-07
  1.015E+02  5.99684E-01  4.26909E-24  1.52452E-07  0.00000E+00  1.0E-07
  1.020E+02  6.03956E-01  4.17743E-24  1.49179E-07  0.00000E+00  1.0E-07
  1.025E+02  6.08220E-01  4.08779E-24  1.45978E-07  0.00000E+00  1.0E-07
  1.030E+02  6.12476E-01  4.00010E-24  1.42846E-07  0.00000E+00  1.0E-07
  1.035E+02  6.16723E-01  3.91432E-24  1.39783E-07  0.00000E+00  1.0E-07
  1.040E+02  6.20961E-01  3.83039E-24  1.36786E-07  0.00000E+00  1.0E-07
  1.045E+02  6.25190E-01  3.74828E-24  1.33853E-07  0.00000E+00  1.0E-07
  1.050E+02  6.29410E-01  3.66793E-24  1.30984E-07  0.00000E+00  1.0E-07
  1.055E+02  6.33619E-01  3.58930E-24  1.28176E-07  0.00000E+00  1.0E-07
  1.060E+02  6.37819E-01  3.51234E-24  1.25428E-07  0.00000E+00  1.0E-07
  1.065E+02  6.42008E-01  3.43702E-24  1.22738E-07  0.00000E+00  1.0E-07
  1.070E+02  6.46186E-01  3.36330E-24  1.20106E-07  0.00000E+00  1.0E-07
  1.075E+02  6.50353E-01  3.29113E-24  1.17529E-07  0.00000E+00  1.0E-07
  1.080E+02  6.54508E-01  3.22049E-24  1.15006E-07  0.00000E+00  1.0E-07
  1.085E+02  6.58652E-01  3.15132E-24  1.12536E-07  0.00000E+00  1.0E-07
  1.090E+02  6.62784E-01  3.08359E-24  1.10117E-07  0.00000E+00  1.0E-07
  1.095E+02  6.66903E-01  3.01728E-24  1.07749E-07  0.00000E+00  1.0E-07
  1.100E+02  6.71010E-01  2.95234E-24  1.05430E-07  0.00000E+00  1.0E-07
  1.105E+02  6.75104E-01  2.88874E-24  1.03159E-07  0.00000E+00  1.0E-07
  1.110E+02  6.79184E-01  2.82646E-24  1.00935E-07  0.00000E+00  1.0E-07
  1.115E+02  6.83251E-01  2.76545E-24  9.87562E-08  0.00000E+00  1.0E-07
  1.120E+02  6.87303E-01  2.70570E-24  9.66223E-08  0.00000E+00  1.0E-07
  1.125E+02  6.91342E-01  2.64716E-24  9.45320E-08  0.00000E+00  1.0E-07
  1.130E+02  6.95366E-01  2.58982E-24  9.24842E-08  0.00000E+00  1.0E-07
  1.135E+02  6.99375E-01  2.53364E-24  9.04781E-08  0.00000E+00  1.0E-07
  1.140E+02  7.03368E-01  2.47860E-24  8.85126E-08  0.00000E+00  1.0E-07
  1.145E+02  7.07347E-01  2.42468E-24  8.65867E-08  0.00000E+00  1.0E-07
  1.150E+02  7.11309E-01  2.37183E-24  8.46997E-08  0.00000E+00  1.0E-07
  1.155E+02  7.15256E-01  2.32005E-24  8.28506E-08  0.00000E+00  1.0E-07
  1.160E+02  7.19186E-01  2.26931E-24  8.10385E-08  0.00000E+00  1.0E-07
  1.165E+02  7.23099E-01  2.21958E-24  7.92626E-08  0.00000E+00  1.0E-07
  1.170E+02  7.26995E-01  2.17084E-24  7.75222E-08  0.00000E+00  1.0E-07
  1.175E+02  7.30874E-01  2.12307E-24  7.58163E-08  0.00000E+00  1.0E-07
  1.180E+02  7.34736E-01  2.07625E-24  7.41443E-08  0.00000E+00  1.0E-07
  1.185E+02  7.38579E-01  2.03036E-24  7.25054E-08  0.00000E+00  1.0E-07
  1.190E+02  7.42405E-01  1.98537E-24  7.08989E-08  0.00000E+00  1.0E-07
  1.195E+02  7.46212E-01  1.94127E-24  6.93241E-08  0.00000E+00  1.0E-07
  1.200E+02  7.50000E-01  1.89804E-24  6.77803E-08  0.00000E+00  1.0E-07
  1.205E+02  7.53769E-01  1.85566E-24  6.62667E-08  0.00000E+00  1.0E-07
  1.210E+02  7.57519E-01  1.81411E-24  6.47829E-08  0.00000E+00  1.0E-07
  1.215E+02  7.61249E-01  1.77337E-24  6.33281E-08  0.00000E+00  1.0E-07
  1.220E+02  7.64960E-01  1.73342E-24  6.19016E-08  0.00000E+00  1.0E-07
  1.225E+02  7.68650E-01  1.69426E-24  6.05031E-08  0.00000E+00  1.0E-07
  1.230E+02  7.72320E-01  1.65586E-24  5.91317E-08  0.00000E+00  1.0E-07
  1.235E+02  7.75968E-01  1.61820E-24  5.77870E-08  0.00000E+00  1.0E-07
  1.240E+02  7.79596E-01  1.58128E-24  5.64684E-08  0.00000E+00  1.0E-07
  1.245E+02  7.83203E-01  1.54507E-24  5.51754E-08  0.00000E+00  1.0E-07
  1.250E+02  7.86788E-01  1.50956E-24  5.39074E-08  0.00000E+00  1.0E-07
  1.255E+02  7.90351E-01  1.47474E-24  5.26640E-08  0.00000E+00  1.0E-07
  1.260E+02  7.93893E-01  1.44059E-24  5.14446E-08  0.00000E+00  1.0E-07
  1.265E+02  7.97411E-01  1.40711E-24  5.02487E-08  0.00000E+00  1.0E-07
  1.270E+02  8.00908E-01  1.37427E-24  4.90759E-08  0.00000E+00  1.0E-07
  1.275E+02  8.04381E-01  1.34206E-24  4.79257E-08  0.00000E+00  1.0E-07
  1.280E+02  8.07831E-01  1.31047E-24  4.67977E-08  0.00000E+00  1.0E-07
  1.285E+02  8.11257E-01  1.27949E-24  4.56914E-08  0.00000E+00  1.0E-07
  1.290E+02  8.14660E-01  1.24911E-24  4.46064E-08  0.00000E+00  1.0E-07
  1.295E+02  8.18039E-01  1.21931E-24  4.35422E-08  0.00000E+00  1.0E-07
  1.300E+02  8.21394E-01  1.19008E-24  4.24986E-08  0.00000E+00  1.0E-07
  1.305E+02  8.24724E-01  1.16142E-24  4.14750E-08  0.00000E+00  1.0E-07
  1.310E+02  8.28030E-01  1.13331E-24  4.04711E-08  0.00000E+00  1.0E-07
  1.315E+02  8.31310E-01  1.10573E-24  3.94865E-08  0.00000E+00  1.0E-07
  1.320E+02  8.34565E-01  1.07869E-24  3.85209E-08  0.00000E+00  1.0E-07
  1.325E+02  8.37795E-01  1.05217E-24  3.75738E-08  0.00000E+00  1.0E-07
  1.330E+02  8.40999E-01  1.02617E-24  3.66450E-08  0.00000E+00  1.0E-07
  1.335E+02  8.44177E-01  1.00066E-24  3.57341E-08  0.00000E+00  1.0E-07
  1.340E+02  8.47329E-01  9.75642E-25  3.48408E-08  0.00000E+00  1.0E-07
  1.345E+02  8.50455E-01  9.51109E-25  3.39647E-08  0.00000E+00  1.0E-07
  1.350E+02  8.53553E-01  9.27051E-25  3.31056E-08  0.00000E+00  1.0E-07
  1.355E+02  8.56625E-01  9.03458E-25  3.22631E-08  0.00000E+00  1.0E-07
  1.360E+02  8.59670E-01  8.80322E-25  3.14369E-08  0.00000E+00  1.0E-07
  1.365E+02  8.62687E-01  8.57635E-25  3.06267E-08  0.00000E+00  1.0E-07
  1.370E+02  8.65677E-01  8.35390E-25  2.98323E-08  0.00000E+00  1.0E-07
  1.375E+02  8.68639E-01  8.13577E-25  2.90534E-08  0.00000E+00  1.0E-07
  1.380E+02  8.71572E-01  7.92190E-25  2.82896E-08  0.00000E+00  1.0E-07
  1.385E+02  8.74478E-01  7.71222E-25  2.75408E-08  0.00000E+00  1.0E-07
  1.390E+02  8.77355E-01  7.50664E-25  2.68067E-08  0.00000E+00  1.0E-07
  1.395E+02  8.80203E-01  7.30510E-25  2.60870E-08  0.00000E+00  1.0E-07
  1.400E+02  8.83022E-01  7.10754E-25  2.53815E-08  0.00000E+00  1.0E-07
  1.405E+02  8.85812E-01  6.91388E-25  2.46899E-08  0.00000E+00  1.0E-07
  1.410E+02  8.88573E-01  6.72405E-25  2.40120E-08  0.00000E+00  1.0E-07
  1.415E+02  8.91304E-01  6.53801E-25  2.33476E-08  0.00000E+00  1.0E-07
  1.420E+02  8.94005E-01  6.35567E-25  2.26965E-08  0.00000E+00  1.0E-07
  1.425E+02  8.96677E-01  6.17699E-25  2.20584E-08  0.00000E+00  1.0E-07
  1.430E+02  8.99318E-01  6.00190E-25  2.14332E-08  0.00000E+00  1.0E-07
  1.435E+02  9.01928E-01  5.83034E-25  2.08205E-08  0.00000E+00  1.0E-07
  1.440E+02  9.04508E-01  5.66226E-25  2.02203E-08  0.00000E+00  1.0E-07
  1.445E+02  9.07058E-01  5.49761E-25  1.96323E-08  0.00000E+00  1.0E-07
  1.450E+02  9.09576E-01  5.33633E-25  1.90564E-08  0.00000E+00  1.0E-07
  1.455E+02  9.12063E-01  5.17836E-25  1.84923E-08  0.00000E+00  1.0E-07
  1.460E+02  9.14519E-01  5.02366E-25  1.79398E-08  0.00000E+00  1.0E-07
  1.465E+02  9.16943E-01  4.87218E-25  1.73989E-08  0.00000E+00  1.0E-07
  1.470E+02  9.19335E-01  4.72387E-25  1.68693E-08  0.00000E+00  1.0E-07
  1.475E+02  9.21696E-01  4.57868E-25  1.63508E-08  0.00000E+00  1.0E-07
  1.480E+02  9.24024E-01  4.43657E-25  1.58433E-08  0.00000E+00  1.0E-07
  1.485E+02  9.26320E-01  4.29749E-25  1.53466E-08  0.00000E+00  1.0E-07
  1.490E+02  9.28584E-01  4.16139E-25  1.48606E-08  0.00000E+00  1.0E-07
  1.495E+02  9.30815E-01  4.02824E-25  1.43851E-08  0.00000E+00  1.0E-07
  1.500E+02  9.33013E-01  3.89799E-25  1.39200E-08  0.00000E+00  1.0E-07
  1.505E+02  9.35178E-01  3.77061E-25  1.34651E-08  0.00000E+00  1.0E-07
  1.510E+02  9.37310E-01  3.64605E-25  1.30203E-08  0.00000E+00  1.0E-07
  1.515E+02  9.39409E-01  3.52427E-25  1.25854E-08  0.00000E+00  1.0E-07
  1.520E+02  9.41474E-01  3.40524E-25  1.21603E-08  0.00000E+00  1.0E-07
  1.525E+02  9.43505E-01  3.28893E-25  1.17450E-08  0.00000E+00  1.0E-07
  1.530E+02  9.45503E-01  3.17528E-25  1.13391E-08  0.00000E+00  1.0E-07
  1.535E+02  9.47467E-01  3.06428E-25  1.09428E-08  0.00000E+00  1.0E-07
  1.540E+02  9.49397E-01  2.95589E-25  1.05557E-08  0.00000E+00  1.0E-07
  1.545E+02  9.51293E-01  2.85007E-25  1.01778E-08  0.00000E+00  1.0E-07
  1.550E+02  9.53154E-01  2.74679E-25  9.80898E-09  0.00000E+00  1.0E-07
  1.555E+02  9.54981E-01  2.64603E-25  9.44914E-09  0.00000E+00  1.0E-07
  1.560E+02  9.56773E-01  2.54775E-25  9.09817E-09  0.00000E+00  1.0E-07
  1.565E+02  9.58530E-01  2.45192E-25  8.75595E-09  0.00000E+00  1.0E-07
  1.570E+02  9.60252E-01  2.35851E-25  8.42239E-09  0.00000E+00  1.0E-07
  1.575E+02  9.61940E-01  2.26750E-25  8.09739E-09  0.00000E+00  1.0E-07
  1.580E+02  9.63592E-01  2.17886E-25  7.78084E-09  0.00000E+00  1.0E-07
  1.585E+02  9.65209E-01  2.09256E-25  7.47267E-09  0.00000E+00  1.0E-07
  1.590E+02  9.66790E-01  2.00858E-25  7.17277E-09  0.00000E+00  1.0E-07
  1.595E+02  9.68336E-01  1.92689E-25  6.88107E-09  0.00000E+00  1.0E-07
  1.600E+02  9.69846E-01  1.84748E-25  6.59746E-09  0.00000E+00  1.0E-07
  1.605E+02  9.71321E-01  1.77031E-25  6.32188E-09  0.00000E+00  1.0E-07
  1.610E+02  9.72759E-01  1.69536E-25  6.05424E-09  0.00000E+00  1.0E-07
  1.615E+02  9.74162E-01  1.62262E-25  5.79447E-09  0.00000E+00  1.0E-07
  1.620E+02  9.75528E-01  1.55205E-25  5.54248E-09  0.00000E+00  1.0E-07
  1.625E+02  9.76858E-01  1.48365E-25  5.29821E-09  0.00000E+00  1.0E-07
  1.630E+02  9.78152E-01  1.41739E-25  5.06159E-09  0.00000E+00  1.0E-07
  1.635E+02  9.79410E-01  1.35325E-25  4.83254E-09  0.00000E+00  1.0E-07
  1.640E+02  9.80631E-01  1.29121E-25  4.61101E-09  0.00000E+00  1.0E-07
  1.645E+02  9.81815E-01  1.23126E-25  4.39692E-09  0.00000E+00  1.0E-07
  1.650E+02  9.82963E-01  1.17338E-25  4.19022E-09  0.00000E+00  1.0E-07
  1.655E+02  9.84074E-01  1.11755E-25  3.99086E-09  0.00000E+00  1.0E-07
  1.660E+02  9.85148E-01  1.06376E-25  3.79876E-09  0.00000E+00  1.0E-07
  1.665E+02  9.86185E-01  1.01199E-25  3.61388E-09  0.00000E+00  1.0E-07
  1.670E+02  9.87185E-01  9.62226E-26  3.43617E-09  0.00000E+00  1.0E-07
  1.675E+02  9.88148E-01  9.14455E-26  3.26558E-09  0.00000E+00  1.0E-07
  1.680E+02  9.89074E-01  8.68662E-26  3.10205E-09  0.00000E+00  1.0E-07
  1.685E+02  9.89962E-01  8.24835E-26  2.94554E-09  0.00000E+00  1.0E-07
  1.690E+02  9.90814E-01  7.82963E-26  2.79601E-09  0.00000E+00  1.0E-07
  1.695E+02  9.91627E-01  7.43032E-26  2.65341E-09  0.00000E+00  1.0E-07
  1.700E+02  9.92404E-01  7.05032E-26  2.51771E-09  0.00000E+00  1.0E-07
  1.705E+02  9.93143E-01  6.68952E-26  2.38887E-09  0.00000E+00  1.0E-07
  1.710E+02  9.93844E-01  6.34782E-26  2.26685E-09  0.00000E+00  1.0E-07
  1.715E+02  9.94508E-01  6.02513E-26  2.15161E-09  0.00000E+00  1.0E-07
  1.720E+02  9.95134E-01  5.72136E-26  2.04313E-09  0.00000E+00  1.0E-07
  1.725E+02  9.95722E-01  5.43642E-26  1.94138E-09  0.00000E+00  1.0E-07
  1.730E+02  9.96273E-01  5.17022E-26  1.84632E-09  0.00000E+00  1.0E-07
  1.735E+02  9.96786E-01  4.92271E-26  1.75793E-09  0.00000E+00  1.0E-07
  1.740E+02  9.97261E-01  4.69380E-26  1.67619E-09  0.00000E+00  1.0E-07
  1.745E+02  9.97698E-01  4.48344E-26  1.60107E-09  0.00000E+00  1.0E-07
  1.750E+02  9.98097E-01  4.29157E-26  1.53255E-09  0.00000E+00  1.0E-07
  1.755E+02  9.98459E-01  4.11812E-26  1.47061E-09  0.00000E+00  1.0E-07
  1.760E+02  9.98782E-01  3.96307E-26  1.41524E-09  0.00000E+00  1.0E-07
  1.765E+02  9.99067E-01  3.82636E-26  1.36642E-09  0.00000E+00  1.0E-07
  1.770E+02  9.99315E-01  3.70795E-26  1.32413E-09  0.00000E+00  1.0E-07
  1.775E+02  9.99524E-01  3.60781E-26  1.28837E-09  0.00000E+00  1.0E-07
  1.780E+02  9.99695E-01  3.52592E-26  1.25913E-09  0.00000E+00  1.0E-07
  1.785E+02  9.99829E-01  3.46225E-26  1.23639E-09  0.00000E+00  1.0E-07
  1.790E+02  9.99924E-01  3.41678E-26  1.22016E-09  0.00000E+00  1.0E-07
  1.795E+02  9.99981E-01  3.38951E-26  1.21042E-09  0.00000E+00  1.0E-07
  1.800E+02  1.00000E+00  3.38042E-26  1.20717E-09  0.00000E+00  1.0E-07
