 #
 # Subroutine ELSEPA. Elastic scattering of electrons and positrons
 #                    by neutral atoms and positive ions
 #
 # Projectile: electron
 # Kinetic energy = 3.70000E+06 eV = 1.35973E+05 a.u.
 #
 # WARNING: High-energy factorization with free-atom DF screening.
 #          Absorption, polarization and exchange corrections are
 #          switched off.
 #          Phase shifts are calculated for the bare nucleus.
 #          Scattering amplitudes are not evaluated.
 #
 # Element: Eu,  Z =  63,  atomic weight = 1.51964E+02 g/mol
 #
 # Nuclear model: Fermi distribution
 #                Average radius = 5.70993E-13 cm
 #                Skin thickness = 5.46000E-14 cm
 #
 # Number of electrons = 63
 #
 # Total elastic cross section = 7.31700E-18 cm**2 = 2.61295E-01 a0**2
 # 1st transport cross section = 3.58205E-22 cm**2 = 1.27917E-05 a0**2
 # 2nd transport cross section = 9.79613E-22 cm**2 = 3.49826E-05 a0**2
 #
 #
 # Differential cross section:                       MU=(1-COS(THETA))/2
 #
 #  THETA        MU          DCS          DCS        Sherman      error
 #  (deg)                 (cm**2/sr)   (a0**2/sr)    function
 #----------------------------------------------------------------------
  0.000E+00  0.00000E+00  1.57800E-12  5.63513E+04  0.00000E+00  1.0E-05
  1.000E-04  7.61557E-13  1.57798E-12  5.63508E+04  0.00000E+00  1.0E-05
  1.250E-04  1.18994E-12  1.57798E-12  5.63505E+04  0.00000E+00  1.0E-05
  1.500E-04  1.71346E-12  1.57797E-12  5.63502E+04  0.00000E+00  1.0E-05
  1.750E-04  2.33225E-12  1.57795E-12  5.63498E+04  0.00000E+00  1.0E-05
  2.000E-04  3.04617E-12  1.57794E-12  5.63493E+04  0.00000E+00  1.0E-05
  2.250E-04  3.85530E-12  1.57793E-12  5.63488E+04  0.00000E+00  1.0E-05
  2.500E-04  4.75964E-12  1.57791E-12  5.63482E+04  0.00000E+00  1.0E-05
  2.750E-04  5.75917E-12  1.57789E-12  5.63476E+04  0.00000E+00  1.0E-05
  3.000E-04  6.85391E-12  1.57787E-12  5.63468E+04  0.00000E+00  1.0E-05
  3.250E-04  8.04379E-12  1.57785E-12  5.63461E+04  0.00000E+00  1.0E-05
  3.500E-04  9.32893E-12  1.57783E-12  5.63452E+04  0.00000E+00  1.0E-05
  3.750E-04  1.07092E-11  1.57780E-12  5.63444E+04  0.00000E+00  1.0E-05
  4.000E-04  1.21847E-11  1.57778E-12  5.63434E+04  0.00000E+00  1.0E-05
  4.250E-04  1.37554E-11  1.57775E-12  5.63424E+04  0.00000E+00  1.0E-05
  4.500E-04  1.54213E-11  1.57772E-12  5.63413E+04  0.00000E+00  1.0E-05
  4.750E-04  1.71823E-11  1.57769E-12  5.63402E+04  0.00000E+00  1.0E-05
  5.000E-04  1.90386E-11  1.57765E-12  5.63390E+04  0.00000E+00  1.0E-05
  5.250E-04  2.09900E-11  1.57762E-12  5.63377E+04  0.00000E+00  1.0E-05
  5.500E-04  2.30367E-11  1.57758E-12  5.63364E+04  0.00000E+00  1.0E-05
  5.750E-04  2.51785E-11  1.57754E-12  5.63350E+04  0.00000E+00  1.0E-05
  6.000E-04  2.74156E-11  1.57750E-12  5.63335E+04  0.00000E+00  1.0E-05
  6.250E-04  2.97478E-11  1.57746E-12  5.63320E+04  0.00000E+00  1.0E-05
  6.500E-04  3.21752E-11  1.57741E-12  5.63304E+04  0.00000E+00  1.0E-05
  6.750E-04  3.46979E-11  1.57737E-12  5.63288E+04  0.00000E+00  1.0E-05
  7.000E-04  3.73157E-11  1.57732E-12  5.63271E+04  0.00000E+00  1.0E-05
  7.250E-04  4.00286E-11  1.57727E-12  5.63253E+04  0.00000E+00  1.0E-05
  7.500E-04  4.28368E-11  1.57722E-12  5.63235E+04  0.00000E+00  1.0E-05
  7.750E-04  4.57402E-11  1.57717E-12  5.63216E+04  0.00000E+00  1.0E-05
  8.000E-04  4.87388E-11  1.57711E-12  5.63197E+04  0.00000E+00  1.0E-05
  8.250E-04  5.18325E-11  1.57706E-12  5.63177E+04  0.00000E+00  1.0E-05
  8.500E-04  5.50215E-11  1.57700E-12  5.63156E+04  0.00000E+00  1.0E-05
  8.750E-04  5.83057E-11  1.57694E-12  5.63135E+04  0.00000E+00  1.0E-05
  9.000E-04  6.16850E-11  1.57688E-12  5.63113E+04  0.00000E+00  1.0E-05
  9.250E-04  6.51595E-11  1.57681E-12  5.63090E+04  0.00000E+00  1.0E-05
  9.500E-04  6.87293E-11  1.57675E-12  5.63067E+04  0.00000E+00  1.0E-05
  9.750E-04  7.23943E-11  1.57668E-12  5.63044E+04  0.00000E+00  1.0E-05
  1.000E-03  7.61544E-11  1.57661E-12  5.63019E+04  0.00000E+00  1.0E-05
  1.250E-03  1.18991E-10  1.57584E-12  5.62742E+04  0.00000E+00  1.0E-05
  1.500E-03  1.71347E-10  1.57489E-12  5.62402E+04  0.00000E+00  1.0E-05
  1.750E-03  2.33223E-10  1.57377E-12  5.62002E+04  0.00000E+00  1.0E-05
  2.000E-03  3.04617E-10  1.57247E-12  5.61541E+04  0.00000E+00  1.0E-05
  2.250E-03  3.85531E-10  1.57101E-12  5.61019E+04  0.00000E+00  1.0E-05
  2.500E-03  4.75965E-10  1.56938E-12  5.60436E+04  0.00000E+00  1.0E-05
  2.750E-03  5.75917E-10  1.56758E-12  5.59793E+04  0.00000E+00  1.0E-05
  3.000E-03  6.85389E-10  1.56561E-12  5.59091E+04  0.00000E+00  1.0E-05
  3.250E-03  8.04380E-10  1.56348E-12  5.58328E+04  0.00000E+00  1.0E-05
  3.500E-03  9.32891E-10  1.56118E-12  5.57507E+04  0.00000E+00  1.0E-05
  3.750E-03  1.07092E-09  1.55872E-12  5.56627E+04  0.00000E+00  1.0E-05
  4.000E-03  1.21847E-09  1.55609E-12  5.55689E+04  0.00000E+00  1.0E-05
  4.250E-03  1.37554E-09  1.55330E-12  5.54694E+04  0.00000E+00  1.0E-05
  4.500E-03  1.54213E-09  1.55035E-12  5.53641E+04  0.00000E+00  1.0E-05
  4.750E-03  1.71823E-09  1.54725E-12  5.52531E+04  0.00000E+00  1.0E-05
  5.000E-03  1.90386E-09  1.54398E-12  5.51366E+04  0.00000E+00  1.0E-05
  5.250E-03  2.09900E-09  1.54056E-12  5.50145E+04  0.00000E+00  1.0E-05
  5.500E-03  2.30367E-09  1.53699E-12  5.48870E+04  0.00000E+00  1.0E-05
  5.750E-03  2.51785E-09  1.53327E-12  5.47540E+04  0.00000E+00  1.0E-05
  6.000E-03  2.74156E-09  1.52940E-12  5.46157E+04  0.00000E+00  1.0E-05
  6.250E-03  2.97478E-09  1.52537E-12  5.44721E+04  0.00000E+00  1.0E-05
  6.500E-03  3.21752E-09  1.52121E-12  5.43233E+04  0.00000E+00  1.0E-05
  6.750E-03  3.46978E-09  1.51690E-12  5.41695E+04  0.00000E+00  1.0E-05
  7.000E-03  3.73156E-09  1.51245E-12  5.40105E+04  0.00000E+00  1.0E-05
  7.250E-03  4.00286E-09  1.50786E-12  5.38466E+04  0.00000E+00  1.0E-05
  7.500E-03  4.28368E-09  1.50313E-12  5.36778E+04  0.00000E+00  1.0E-05
  7.750E-03  4.57402E-09  1.49827E-12  5.35043E+04  0.00000E+00  1.0E-05
  8.000E-03  4.87388E-09  1.49328E-12  5.33260E+04  0.00000E+00  1.0E-05
  8.250E-03  5.18326E-09  1.48816E-12  5.31430E+04  0.00000E+00  1.0E-05
  8.500E-03  5.50215E-09  1.48291E-12  5.29556E+04  0.00000E+00  1.0E-05
  8.750E-03  5.83057E-09  1.47753E-12  5.27637E+04  0.00000E+00  1.0E-05
  9.000E-03  6.16850E-09  1.47204E-12  5.25674E+04  0.00000E+00  1.0E-05
  9.250E-03  6.51596E-09  1.46642E-12  5.23669E+04  0.00000E+00  1.0E-05
  9.500E-03  6.87293E-09  1.46069E-12  5.21622E+04  0.00000E+00  1.0E-05
  9.750E-03  7.23942E-09  1.45485E-12  5.19535E+04  0.00000E+00  1.0E-05
  1.000E-02  7.61544E-09  1.44889E-12  5.17408E+04  0.00000E+00  1.0E-05
  1.250E-02  1.18991E-08  1.38382E-12  4.94170E+04  0.00000E+00  1.0E-05
  1.500E-02  1.71347E-08  1.31102E-12  4.68175E+04  0.00000E+00  1.0E-05
  1.750E-02  2.33223E-08  1.23285E-12  4.40257E+04  0.00000E+00  1.0E-05
  2.000E-02  3.04617E-08  1.15198E-12  4.11381E+04  0.00000E+00  1.0E-05
  2.250E-02  3.85531E-08  1.07122E-12  3.82539E+04  0.00000E+00  1.0E-05
  2.500E-02  4.75965E-08  9.92360E-13  3.54378E+04  0.00000E+00  1.0E-05
  2.750E-02  5.75917E-08  9.16522E-13  3.27296E+04  0.00000E+00  1.0E-05
  3.000E-02  6.85389E-08  8.44726E-13  3.01657E+04  0.00000E+00  1.0E-05
  3.250E-02  8.04380E-08  7.77947E-13  2.77810E+04  0.00000E+00  1.0E-05
  3.500E-02  9.32891E-08  7.16591E-13  2.55899E+04  0.00000E+00  1.0E-05
  3.750E-02  1.07092E-07  6.60275E-13  2.35788E+04  0.00000E+00  1.0E-05
  4.000E-02  1.21847E-07  6.08917E-13  2.17448E+04  0.00000E+00  1.0E-05
  4.250E-02  1.37554E-07  5.62414E-13  2.00842E+04  0.00000E+00  1.0E-05
  4.500E-02  1.54213E-07  5.20642E-13  1.85925E+04  0.00000E+00  1.0E-05
  4.750E-02  1.71823E-07  4.82849E-13  1.72429E+04  0.00000E+00  1.0E-05
  5.000E-02  1.90386E-07  4.48702E-13  1.60234E+04  0.00000E+00  1.0E-05
  5.250E-02  2.09900E-07  4.17867E-13  1.49223E+04  0.00000E+00  1.0E-05
  5.500E-02  2.30367E-07  3.90142E-13  1.39322E+04  0.00000E+00  1.0E-05
  5.750E-02  2.51785E-07  3.64980E-13  1.30337E+04  0.00000E+00  1.0E-05
  6.000E-02  2.74156E-07  3.42115E-13  1.22171E+04  0.00000E+00  1.0E-05
  6.250E-02  2.97478E-07  3.21302E-13  1.14739E+04  0.00000E+00  1.0E-05
  6.500E-02  3.21752E-07  3.02321E-13  1.07961E+04  0.00000E+00  1.0E-05
  6.750E-02  3.46978E-07  2.84919E-13  1.01746E+04  0.00000E+00  1.0E-05
  7.000E-02  3.73156E-07  2.68927E-13  9.60356E+03  0.00000E+00  1.0E-05
  7.250E-02  4.00286E-07  2.54198E-13  9.07759E+03  0.00000E+00  1.0E-05
  7.500E-02  4.28368E-07  2.40566E-13  8.59078E+03  0.00000E+00  1.0E-05
  7.750E-02  4.57402E-07  2.27911E-13  8.13885E+03  0.00000E+00  1.0E-05
  8.000E-02  4.87388E-07  2.16153E-13  7.71898E+03  0.00000E+00  1.0E-05
  8.250E-02  5.18325E-07  2.05208E-13  7.32812E+03  0.00000E+00  1.0E-05
  8.500E-02  5.50215E-07  1.94970E-13  6.96250E+03  0.00000E+00  1.0E-05
  8.750E-02  5.83057E-07  1.85358E-13  6.61924E+03  0.00000E+00  1.0E-05
  9.000E-02  6.16850E-07  1.76353E-13  6.29769E+03  0.00000E+00  1.0E-05
  9.250E-02  6.51596E-07  1.67906E-13  5.99605E+03  0.00000E+00  1.0E-05
  9.500E-02  6.87293E-07  1.59956E-13  5.71214E+03  0.00000E+00  1.0E-05
  9.750E-02  7.23942E-07  1.52428E-13  5.44331E+03  0.00000E+00  1.0E-05
  1.000E-01  7.61543E-07  1.45339E-13  5.19013E+03  0.00000E+00  1.0E-05
  1.250E-01  1.18991E-06  9.23012E-14  3.29613E+03  0.00000E+00  1.0E-05
  1.500E-01  1.71347E-06  5.99289E-14  2.14010E+03  0.00000E+00  1.0E-05
  1.750E-01  2.33223E-06  4.09868E-14  1.46367E+03  0.00000E+00  1.0E-05
  2.000E-01  3.04617E-06  2.89802E-14  1.03490E+03  0.00000E+00  1.0E-05
  2.250E-01  3.85531E-06  2.09702E-14  7.48858E+02  0.00000E+00  1.0E-05
  2.500E-01  4.75964E-06  1.55328E-14  5.54688E+02  0.00000E+00  1.0E-05
  2.750E-01  5.75916E-06  1.17599E-14  4.19955E+02  0.00000E+00  1.0E-05
  3.000E-01  6.85388E-06  9.05997E-15  3.23537E+02  0.00000E+00  1.0E-05
  3.250E-01  8.04378E-06  7.06442E-15  2.52275E+02  0.00000E+00  1.0E-05
  3.500E-01  9.32888E-06  5.56719E-15  1.98808E+02  0.00000E+00  1.0E-05
  3.750E-01  1.07092E-05  4.44266E-15  1.58650E+02  0.00000E+00  1.0E-05
  4.000E-01  1.21846E-05  3.58504E-15  1.28024E+02  0.00000E+00  1.0E-05
  4.250E-01  1.37553E-05  2.92149E-15  1.04328E+02  0.00000E+00  1.0E-05
  4.500E-01  1.54212E-05  2.40181E-15  8.57702E+01  0.00000E+00  1.0E-05
  4.750E-01  1.71822E-05  1.99430E-15  7.12178E+01  0.00000E+00  1.0E-05
  5.000E-01  1.90385E-05  1.67037E-15  5.96501E+01  0.00000E+00  1.0E-05
  5.250E-01  2.09899E-05  1.41229E-15  5.04337E+01  0.00000E+00  1.0E-05
  5.500E-01  2.30365E-05  1.20258E-15  4.29448E+01  0.00000E+00  1.0E-05
  5.750E-01  2.51783E-05  1.03141E-15  3.68322E+01  0.00000E+00  1.0E-05
  6.000E-01  2.74153E-05  8.90427E-16  3.17977E+01  0.00000E+00  1.0E-05
  6.250E-01  2.97475E-05  7.73429E-16  2.76197E+01  0.00000E+00  1.0E-05
  6.500E-01  3.21749E-05  6.75540E-16  2.41240E+01  0.00000E+00  1.0E-05
  6.750E-01  3.46974E-05  5.92782E-16  2.11686E+01  0.00000E+00  1.0E-05
  7.000E-01  3.73152E-05  5.22621E-16  1.86631E+01  0.00000E+00  1.0E-05
  7.250E-01  4.00281E-05  4.62849E-16  1.65286E+01  0.00000E+00  1.0E-05
  7.500E-01  4.28362E-05  4.11485E-16  1.46944E+01  0.00000E+00  1.0E-05
  7.750E-01  4.57395E-05  3.67122E-16  1.31102E+01  0.00000E+00  1.0E-05
  8.000E-01  4.87380E-05  3.28649E-16  1.17363E+01  0.00000E+00  1.0E-05
  8.250E-01  5.18317E-05  2.95114E-16  1.05387E+01  0.00000E+00  1.0E-05
  8.500E-01  5.50205E-05  2.65695E-16  9.48814E+00  0.00000E+00  1.0E-05
  8.750E-01  5.83045E-05  2.39775E-16  8.56252E+00  0.00000E+00  1.0E-05
  9.000E-01  6.16838E-05  2.16926E-16  7.74659E+00  0.00000E+00  1.0E-05
  9.250E-01  6.51582E-05  1.96721E-16  7.02505E+00  0.00000E+00  1.0E-05
  9.500E-01  6.87277E-05  1.78783E-16  6.38447E+00  0.00000E+00  1.0E-05
  9.750E-01  7.23925E-05  1.62789E-16  5.81329E+00  0.00000E+00  1.0E-05
  1.000E+00  7.61524E-05  1.48537E-16  5.30434E+00  0.00000E+00  8.3E-06
  1.100E+00  9.21439E-05  1.04895E-16  3.74588E+00  0.00000E+00  6.2E-06
  1.200E+00  1.09658E-04  7.60822E-17  2.71694E+00  0.00000E+00  3.4E-06
  1.300E+00  1.28695E-04  5.64740E-17  2.01672E+00  0.00000E+00  6.9E-07
  1.400E+00  1.49255E-04  4.27616E-17  1.52704E+00  0.00000E+00  1.3E-06
  1.500E+00  1.71338E-04  3.30002E-17  1.17846E+00  0.00000E+00  2.4E-06
  1.600E+00  1.94942E-04  2.58833E-17  9.24309E-01  0.00000E+00  2.6E-06
  1.700E+00  2.20070E-04  2.05904E-17  7.35298E-01  0.00000E+00  2.1E-06
  1.800E+00  2.46720E-04  1.65844E-17  5.92240E-01  0.00000E+00  1.2E-06
  1.900E+00  2.74892E-04  1.35124E-17  4.82536E-01  0.00000E+00  1.9E-07
  2.000E+00  3.04586E-04  1.11237E-17  3.97235E-01  0.00000E+00  6.1E-07
  2.100E+00  3.35803E-04  9.24272E-18  3.30063E-01  0.00000E+00  1.1E-06
  2.200E+00  3.68542E-04  7.74162E-18  2.76458E-01  0.00000E+00  1.2E-06
  2.300E+00  4.02802E-04  6.53461E-18  2.33355E-01  0.00000E+00  9.4E-07
  2.400E+00  4.38585E-04  5.55480E-18  1.98365E-01  0.00000E+00  5.3E-07
  2.500E+00  4.75889E-04  4.75253E-18  1.69716E-01  0.00000E+00  1.0E-07
  2.600E+00  5.14715E-04  4.08938E-18  1.46035E-01  0.00000E+00  3.5E-07
  2.700E+00  5.55063E-04  3.53818E-18  1.26351E-01  0.00000E+00  5.9E-07
  2.800E+00  5.96931E-04  3.07702E-18  1.09882E-01  0.00000E+00  6.4E-07
  2.900E+00  6.40321E-04  2.68873E-18  9.60161E-02  0.00000E+00  5.1E-07
  3.000E+00  6.85233E-04  2.35961E-18  8.42634E-02  0.00000E+00  2.8E-07
  3.100E+00  7.31665E-04  2.07932E-18  7.42539E-02  0.00000E+00  1.0E-07
  3.200E+00  7.79618E-04  1.83951E-18  6.56902E-02  0.00000E+00  2.3E-07
  3.300E+00  8.29092E-04  1.63335E-18  5.83280E-02  0.00000E+00  3.6E-07
  3.400E+00  8.80086E-04  1.45524E-18  5.19675E-02  0.00000E+00  3.9E-07
  3.500E+00  9.32601E-04  1.30071E-18  4.64493E-02  0.00000E+00  3.1E-07
  3.600E+00  9.86636E-04  1.16621E-18  4.16459E-02  0.00000E+00  1.6E-07
  3.700E+00  1.04219E-03  1.04868E-18  3.74489E-02  0.00000E+00  1.0E-07
  3.800E+00  1.09927E-03  9.45594E-19  3.37678E-02  0.00000E+00  1.6E-07
  3.900E+00  1.15786E-03  8.54848E-19  3.05272E-02  0.00000E+00  2.5E-07
  4.000E+00  1.21797E-03  7.74761E-19  2.76672E-02  0.00000E+00  2.6E-07
  4.100E+00  1.27961E-03  7.03861E-19  2.51353E-02  0.00000E+00  2.0E-07
  4.200E+00  1.34276E-03  6.40908E-19  2.28873E-02  0.00000E+00  1.0E-07
  4.300E+00  1.40743E-03  5.84829E-19  2.08846E-02  0.00000E+00  1.0E-07
  4.400E+00  1.47362E-03  5.34773E-19  1.90971E-02  0.00000E+00  1.2E-07
  4.500E+00  1.54133E-03  4.89979E-19  1.74975E-02  0.00000E+00  1.7E-07
  4.600E+00  1.61056E-03  4.49795E-19  1.60625E-02  0.00000E+00  1.8E-07
  4.700E+00  1.68131E-03  4.13649E-19  1.47717E-02  0.00000E+00  1.4E-07
  4.800E+00  1.75357E-03  3.81076E-19  1.36085E-02  0.00000E+00  1.0E-07
  4.900E+00  1.82735E-03  3.51661E-19  1.25580E-02  0.00000E+00  1.0E-07
  5.000E+00  1.90265E-03  3.25043E-19  1.16075E-02  0.00000E+00  1.0E-07
  5.100E+00  1.97947E-03  3.00903E-19  1.07454E-02  0.00000E+00  1.3E-07
  5.200E+00  2.05780E-03  2.78972E-19  9.96227E-03  0.00000E+00  1.3E-07
  5.300E+00  2.13765E-03  2.59014E-19  9.24954E-03  0.00000E+00  1.0E-07
  5.400E+00  2.21902E-03  2.40818E-19  8.59978E-03  0.00000E+00  1.0E-07
  5.500E+00  2.30190E-03  2.24200E-19  8.00631E-03  0.00000E+00  1.0E-07
  5.600E+00  2.38630E-03  2.08996E-19  7.46338E-03  0.00000E+00  1.0E-07
  5.700E+00  2.47222E-03  1.95068E-19  6.96599E-03  0.00000E+00  1.0E-07
  5.800E+00  2.55965E-03  1.82288E-19  6.50961E-03  0.00000E+00  1.0E-07
  5.900E+00  2.64859E-03  1.70543E-19  6.09020E-03  0.00000E+00  1.0E-07
  6.000E+00  2.73905E-03  1.59733E-19  5.70419E-03  0.00000E+00  1.0E-07
  6.100E+00  2.83103E-03  1.49773E-19  5.34848E-03  0.00000E+00  1.0E-07
  6.200E+00  2.92452E-03  1.40582E-19  5.02027E-03  0.00000E+00  1.0E-07
  6.300E+00  3.01952E-03  1.32090E-19  4.71702E-03  0.00000E+00  1.0E-07
  6.400E+00  3.11604E-03  1.24233E-19  4.43644E-03  0.00000E+00  1.0E-07
  6.500E+00  3.21407E-03  1.16956E-19  4.17656E-03  0.00000E+00  1.0E-07
  6.600E+00  3.31362E-03  1.10208E-19  3.93559E-03  0.00000E+00  1.0E-07
  6.700E+00  3.41468E-03  1.03943E-19  3.71187E-03  0.00000E+00  1.0E-07
  6.800E+00  3.51725E-03  9.81196E-20  3.50392E-03  0.00000E+00  1.0E-07
  6.900E+00  3.62133E-03  9.27016E-20  3.31043E-03  0.00000E+00  1.0E-07
  7.000E+00  3.72692E-03  8.76555E-20  3.13023E-03  0.00000E+00  1.0E-07
  7.100E+00  3.83403E-03  8.29508E-20  2.96223E-03  0.00000E+00  1.0E-07
  7.200E+00  3.94265E-03  7.85596E-20  2.80542E-03  0.00000E+00  1.0E-07
  7.300E+00  4.05278E-03  7.44575E-20  2.65893E-03  0.00000E+00  1.0E-07
  7.400E+00  4.16442E-03  7.06220E-20  2.52196E-03  0.00000E+00  1.0E-07
  7.500E+00  4.27757E-03  6.70325E-20  2.39377E-03  0.00000E+00  1.0E-07
  7.600E+00  4.39223E-03  6.36698E-20  2.27369E-03  0.00000E+00  1.0E-07
  7.700E+00  4.50840E-03  6.05170E-20  2.16110E-03  0.00000E+00  1.0E-07
  7.800E+00  4.62608E-03  5.75588E-20  2.05546E-03  0.00000E+00  1.0E-07
  7.900E+00  4.74527E-03  5.47808E-20  1.95626E-03  0.00000E+00  1.0E-07
  8.000E+00  4.86597E-03  5.21698E-20  1.86302E-03  0.00000E+00  1.0E-07
  8.100E+00  4.98817E-03  4.97138E-20  1.77531E-03  0.00000E+00  1.0E-07
  8.200E+00  5.11188E-03  4.74020E-20  1.69275E-03  0.00000E+00  1.0E-07
  8.300E+00  5.23711E-03  4.52243E-20  1.61499E-03  0.00000E+00  1.0E-07
  8.400E+00  5.36383E-03  4.31714E-20  1.54168E-03  0.00000E+00  1.0E-07
  8.500E+00  5.49207E-03  4.12347E-20  1.47252E-03  0.00000E+00  1.0E-07
  8.600E+00  5.62181E-03  3.94064E-20  1.40723E-03  0.00000E+00  1.0E-07
  8.700E+00  5.75306E-03  3.76794E-20  1.34555E-03  0.00000E+00  1.0E-07
  8.800E+00  5.88581E-03  3.60469E-20  1.28726E-03  0.00000E+00  1.0E-07
  8.900E+00  6.02007E-03  3.45026E-20  1.23211E-03  0.00000E+00  1.0E-07
  9.000E+00  6.15583E-03  3.30410E-20  1.17992E-03  0.00000E+00  1.0E-07
  9.100E+00  6.29310E-03  3.16568E-20  1.13049E-03  0.00000E+00  1.0E-07
  9.200E+00  6.43187E-03  3.03452E-20  1.08365E-03  0.00000E+00  1.0E-07
  9.300E+00  6.57214E-03  2.91014E-20  1.03923E-03  0.00000E+00  1.0E-07
  9.400E+00  6.71392E-03  2.79213E-20  9.97088E-04  0.00000E+00  1.0E-07
  9.500E+00  6.85720E-03  2.68011E-20  9.57086E-04  0.00000E+00  1.0E-07
  9.600E+00  7.00198E-03  2.57372E-20  9.19093E-04  0.00000E+00  1.0E-07
  9.700E+00  7.14827E-03  2.47261E-20  8.82986E-04  0.00000E+00  1.0E-07
  9.800E+00  7.29605E-03  2.37647E-20  8.48652E-04  0.00000E+00  1.0E-07
  9.900E+00  7.44534E-03  2.28501E-20  8.15992E-04  0.00000E+00  1.0E-07
  1.000E+01  7.59612E-03  2.19796E-20  7.84907E-04  0.00000E+00  1.0E-07
  1.025E+01  7.97965E-03  1.99799E-20  7.13496E-04  0.00000E+00  1.0E-07
  1.050E+01  8.37255E-03  1.82050E-20  6.50113E-04  0.00000E+00  1.0E-07
  1.075E+01  8.77480E-03  1.66251E-20  5.93692E-04  0.00000E+00  1.0E-07
  1.100E+01  9.18641E-03  1.52148E-20  5.43332E-04  0.00000E+00  1.0E-07
  1.125E+01  9.60736E-03  1.39528E-20  4.98263E-04  0.00000E+00  1.0E-07
  1.150E+01  1.00376E-02  1.28205E-20  4.57829E-04  0.00000E+00  1.0E-07
  1.175E+01  1.04773E-02  1.18023E-20  4.21466E-04  0.00000E+00  1.0E-07
  1.200E+01  1.09262E-02  1.08844E-20  3.88689E-04  0.00000E+00  1.0E-07
  1.225E+01  1.13844E-02  1.00553E-20  3.59080E-04  0.00000E+00  1.0E-07
  1.250E+01  1.18520E-02  9.30466E-21  3.32275E-04  0.00000E+00  1.0E-07
  1.275E+01  1.23288E-02  8.62378E-21  3.07961E-04  0.00000E+00  1.0E-07
  1.300E+01  1.28150E-02  8.00495E-21  2.85862E-04  0.00000E+00  1.0E-07
  1.325E+01  1.33104E-02  7.44141E-21  2.65738E-04  0.00000E+00  1.0E-07
  1.350E+01  1.38150E-02  6.92741E-21  2.47382E-04  0.00000E+00  1.0E-07
  1.375E+01  1.43290E-02  6.45769E-21  2.30608E-04  0.00000E+00  1.0E-07
  1.400E+01  1.48521E-02  6.02773E-21  2.15254E-04  0.00000E+00  1.0E-07
  1.425E+01  1.53845E-02  5.63356E-21  2.01178E-04  0.00000E+00  1.0E-07
  1.450E+01  1.59262E-02  5.27163E-21  1.88253E-04  0.00000E+00  1.0E-07
  1.475E+01  1.64770E-02  4.93878E-21  1.76367E-04  0.00000E+00  1.0E-07
  1.500E+01  1.70371E-02  4.63223E-21  1.65420E-04  0.00000E+00  1.0E-07
  1.525E+01  1.76063E-02  4.34953E-21  1.55325E-04  0.00000E+00  1.0E-07
  1.550E+01  1.81848E-02  4.08846E-21  1.46002E-04  0.00000E+00  1.0E-07
  1.575E+01  1.87724E-02  3.84705E-21  1.37381E-04  0.00000E+00  1.0E-07
  1.600E+01  1.93692E-02  3.62351E-21  1.29398E-04  0.00000E+00  1.0E-07
  1.625E+01  1.99751E-02  3.41629E-21  1.21998E-04  0.00000E+00  1.0E-07
  1.650E+01  2.05901E-02  3.22396E-21  1.15130E-04  0.00000E+00  1.0E-07
  1.675E+01  2.12143E-02  3.04524E-21  1.08748E-04  0.00000E+00  1.0E-07
  1.700E+01  2.18476E-02  2.87898E-21  1.02810E-04  0.00000E+00  1.0E-07
  1.725E+01  2.24900E-02  2.72415E-21  9.72810E-05  0.00000E+00  1.0E-07
  1.750E+01  2.31415E-02  2.57980E-21  9.21263E-05  0.00000E+00  1.0E-07
  1.775E+01  2.38021E-02  2.44509E-21  8.73157E-05  0.00000E+00  1.0E-07
  1.800E+01  2.44717E-02  2.31924E-21  8.28215E-05  0.00000E+00  1.0E-07
  1.825E+01  2.51504E-02  2.20156E-21  7.86191E-05  0.00000E+00  1.0E-07
  1.850E+01  2.58382E-02  2.09142E-21  7.46859E-05  0.00000E+00  1.0E-07
  1.875E+01  2.65349E-02  1.98823E-21  7.10011E-05  0.00000E+00  1.0E-07
  1.900E+01  2.72407E-02  1.89147E-21  6.75457E-05  0.00000E+00  1.0E-07
  1.925E+01  2.79555E-02  1.80066E-21  6.43028E-05  0.00000E+00  1.0E-07
  1.950E+01  2.86793E-02  1.71536E-21  6.12568E-05  0.00000E+00  1.0E-07
  1.975E+01  2.94120E-02  1.63518E-21  5.83933E-05  0.00000E+00  1.0E-07
  2.000E+01  3.01537E-02  1.55973E-21  5.56991E-05  0.00000E+00  1.0E-07
  2.025E+01  3.09043E-02  1.48869E-21  5.31622E-05  0.00000E+00  1.0E-07
  2.050E+01  3.16639E-02  1.42175E-21  5.07717E-05  0.00000E+00  1.0E-07
  2.075E+01  3.24324E-02  1.35863E-21  4.85174E-05  0.00000E+00  1.0E-07
  2.100E+01  3.32098E-02  1.29905E-21  4.63899E-05  0.00000E+00  1.0E-07
  2.125E+01  3.39961E-02  1.24279E-21  4.43807E-05  0.00000E+00  1.0E-07
  2.150E+01  3.47912E-02  1.18961E-21  4.24819E-05  0.00000E+00  1.0E-07
  2.175E+01  3.55952E-02  1.13933E-21  4.06862E-05  0.00000E+00  1.0E-07
  2.200E+01  3.64081E-02  1.09174E-21  3.89868E-05  0.00000E+00  1.0E-07
  2.225E+01  3.72297E-02  1.04668E-21  3.73775E-05  0.00000E+00  1.0E-07
  2.250E+01  3.80602E-02  1.00398E-21  3.58526E-05  0.00000E+00  1.0E-07
  2.275E+01  3.88995E-02  9.63490E-22  3.44068E-05  0.00000E+00  1.0E-07
  2.300E+01  3.97476E-02  9.25078E-22  3.30351E-05  0.00000E+00  1.0E-07
  2.325E+01  4.06044E-02  8.88614E-22  3.17330E-05  0.00000E+00  1.0E-07
  2.350E+01  4.14700E-02  8.53978E-22  3.04961E-05  0.00000E+00  1.0E-07
  2.375E+01  4.23443E-02  8.21060E-22  2.93206E-05  0.00000E+00  1.0E-07
  2.400E+01  4.32273E-02  7.89757E-22  2.82027E-05  0.00000E+00  1.0E-07
  2.425E+01  4.41190E-02  7.59973E-22  2.71391E-05  0.00000E+00  1.0E-07
  2.450E+01  4.50194E-02  7.31620E-22  2.61266E-05  0.00000E+00  1.0E-07
  2.475E+01  4.59284E-02  7.04615E-22  2.51622E-05  0.00000E+00  1.0E-07
  2.500E+01  4.68461E-02  6.78880E-22  2.42432E-05  0.00000E+00  1.0E-07
  2.550E+01  4.87074E-02  6.30936E-22  2.25311E-05  0.00000E+00  1.0E-07
  2.600E+01  5.06030E-02  5.87269E-22  2.09717E-05  0.00000E+00  1.0E-07
  2.650E+01  5.25328E-02  5.47420E-22  1.95487E-05  0.00000E+00  1.0E-07
  2.700E+01  5.44967E-02  5.10990E-22  1.82478E-05  0.00000E+00  1.0E-07
  2.750E+01  5.64946E-02  4.77627E-22  1.70564E-05  0.00000E+00  1.0E-07
  2.800E+01  5.85262E-02  4.47023E-22  1.59635E-05  0.00000E+00  1.0E-07
  2.850E+01  6.05914E-02  4.18901E-22  1.49592E-05  0.00000E+00  1.0E-07
  2.900E+01  6.26901E-02  3.93022E-22  1.40351E-05  0.00000E+00  1.0E-07
  2.950E+01  6.48222E-02  3.69169E-22  1.31833E-05  0.00000E+00  1.0E-07
  3.000E+01  6.69873E-02  3.47153E-22  1.23970E-05  0.00000E+00  1.0E-07
  3.050E+01  6.91854E-02  3.26802E-22  1.16703E-05  0.00000E+00  1.0E-07
  3.100E+01  7.14163E-02  3.07966E-22  1.09977E-05  0.00000E+00  1.0E-07
  3.150E+01  7.36799E-02  2.90509E-22  1.03743E-05  0.00000E+00  1.0E-07
  3.200E+01  7.59760E-02  2.74309E-22  9.79575E-06  0.00000E+00  1.0E-07
  3.250E+01  7.83043E-02  2.59256E-22  9.25822E-06  0.00000E+00  1.0E-07
  3.300E+01  8.06647E-02  2.45254E-22  8.75818E-06  0.00000E+00  1.0E-07
  3.350E+01  8.30571E-02  2.32212E-22  8.29245E-06  0.00000E+00  1.0E-07
  3.400E+01  8.54812E-02  2.20053E-22  7.85822E-06  0.00000E+00  1.0E-07
  3.450E+01  8.79369E-02  2.08703E-22  7.45291E-06  0.00000E+00  1.0E-07
  3.500E+01  9.04240E-02  1.98097E-22  7.07418E-06  0.00000E+00  1.0E-07
  3.550E+01  9.29422E-02  1.88177E-22  6.71993E-06  0.00000E+00  1.0E-07
  3.600E+01  9.54915E-02  1.78889E-22  6.38825E-06  0.00000E+00  1.0E-07
  3.650E+01  9.80716E-02  1.70184E-22  6.07740E-06  0.00000E+00  1.0E-07
  3.700E+01  1.00682E-01  1.62019E-22  5.78579E-06  0.00000E+00  1.0E-07
  3.750E+01  1.03323E-01  1.54351E-22  5.51197E-06  0.00000E+00  1.0E-07
  3.800E+01  1.05995E-01  1.47145E-22  5.25464E-06  0.00000E+00  1.0E-07
  3.850E+01  1.08696E-01  1.40367E-22  5.01259E-06  0.00000E+00  1.0E-07
  3.900E+01  1.11427E-01  1.33986E-22  4.78471E-06  0.00000E+00  1.0E-07
  3.950E+01  1.14188E-01  1.27973E-22  4.57001E-06  0.00000E+00  1.0E-07
  4.000E+01  1.16978E-01  1.22304E-22  4.36756E-06  0.00000E+00  1.0E-07
  4.050E+01  1.19797E-01  1.16954E-22  4.17652E-06  0.00000E+00  1.0E-07
  4.100E+01  1.22645E-01  1.11902E-22  3.99609E-06  0.00000E+00  1.0E-07
  4.150E+01  1.25522E-01  1.07127E-22  3.82557E-06  0.00000E+00  1.0E-07
  4.200E+01  1.28428E-01  1.02611E-22  3.66429E-06  0.00000E+00  1.0E-07
  4.250E+01  1.31361E-01  9.83363E-23  3.51165E-06  0.00000E+00  1.0E-07
  4.300E+01  1.34323E-01  9.42878E-23  3.36708E-06  0.00000E+00  1.0E-07
  4.350E+01  1.37313E-01  9.04509E-23  3.23006E-06  0.00000E+00  1.0E-07
  4.400E+01  1.40330E-01  8.68121E-23  3.10012E-06  0.00000E+00  1.0E-07
  4.450E+01  1.43375E-01  8.33589E-23  2.97680E-06  0.00000E+00  1.0E-07
  4.500E+01  1.46447E-01  8.00799E-23  2.85971E-06  0.00000E+00  1.0E-07
  4.550E+01  1.49545E-01  7.69644E-23  2.74845E-06  0.00000E+00  1.0E-07
  4.600E+01  1.52671E-01  7.40023E-23  2.64267E-06  0.00000E+00  1.0E-07
  4.650E+01  1.55823E-01  7.11846E-23  2.54205E-06  0.00000E+00  1.0E-07
  4.700E+01  1.59001E-01  6.85027E-23  2.44627E-06  0.00000E+00  1.0E-07
  4.750E+01  1.62205E-01  6.59484E-23  2.35506E-06  0.00000E+00  1.0E-07
  4.800E+01  1.65435E-01  6.35145E-23  2.26815E-06  0.00000E+00  1.0E-07
  4.850E+01  1.68690E-01  6.11941E-23  2.18528E-06  0.00000E+00  1.0E-07
  4.900E+01  1.71970E-01  5.89807E-23  2.10624E-06  0.00000E+00  1.0E-07
  4.950E+01  1.75276E-01  5.68683E-23  2.03080E-06  0.00000E+00  1.0E-07
  5.000E+01  1.78606E-01  5.48513E-23  1.95878E-06  0.00000E+00  1.0E-07
  5.050E+01  1.81961E-01  5.29245E-23  1.88997E-06  0.00000E+00  1.0E-07
  5.100E+01  1.85340E-01  5.10828E-23  1.82420E-06  0.00000E+00  1.0E-07
  5.150E+01  1.88743E-01  4.93218E-23  1.76131E-06  0.00000E+00  1.0E-07
  5.200E+01  1.92169E-01  4.76371E-23  1.70115E-06  0.00000E+00  1.0E-07
  5.250E+01  1.95619E-01  4.60246E-23  1.64357E-06  0.00000E+00  1.0E-07
  5.300E+01  1.99092E-01  4.44807E-23  1.58843E-06  0.00000E+00  1.0E-07
  5.350E+01  2.02589E-01  4.30016E-23  1.53562E-06  0.00000E+00  1.0E-07
  5.400E+01  2.06107E-01  4.15843E-23  1.48500E-06  0.00000E+00  1.0E-07
  5.450E+01  2.09649E-01  4.02254E-23  1.43647E-06  0.00000E+00  1.0E-07
  5.500E+01  2.13212E-01  3.89220E-23  1.38993E-06  0.00000E+00  1.0E-07
  5.550E+01  2.16797E-01  3.76715E-23  1.34527E-06  0.00000E+00  1.0E-07
  5.600E+01  2.20404E-01  3.64711E-23  1.30241E-06  0.00000E+00  1.0E-07
  5.650E+01  2.24032E-01  3.53184E-23  1.26124E-06  0.00000E+00  1.0E-07
  5.700E+01  2.27680E-01  3.42110E-23  1.22170E-06  0.00000E+00  1.0E-07
  5.750E+01  2.31350E-01  3.31469E-23  1.18370E-06  0.00000E+00  1.0E-07
  5.800E+01  2.35040E-01  3.21240E-23  1.14717E-06  0.00000E+00  1.0E-07
  5.850E+01  2.38751E-01  3.11402E-23  1.11204E-06  0.00000E+00  1.0E-07
  5.900E+01  2.42481E-01  3.01938E-23  1.07824E-06  0.00000E+00  1.0E-07
  5.950E+01  2.46231E-01  2.92831E-23  1.04572E-06  0.00000E+00  1.0E-07
  6.000E+01  2.50000E-01  2.84064E-23  1.01441E-06  0.00000E+00  1.0E-07
  6.050E+01  2.53788E-01  2.75622E-23  9.84263E-07  0.00000E+00  1.0E-07
  6.100E+01  2.57595E-01  2.67489E-23  9.55221E-07  0.00000E+00  1.0E-07
  6.150E+01  2.61421E-01  2.59652E-23  9.27236E-07  0.00000E+00  1.0E-07
  6.200E+01  2.65264E-01  2.52099E-23  9.00260E-07  0.00000E+00  1.0E-07
  6.250E+01  2.69126E-01  2.44815E-23  8.74251E-07  0.00000E+00  1.0E-07
  6.300E+01  2.73005E-01  2.37790E-23  8.49164E-07  0.00000E+00  1.0E-07
  6.350E+01  2.76901E-01  2.31013E-23  8.24961E-07  0.00000E+00  1.0E-07
  6.400E+01  2.80814E-01  2.24472E-23  8.01604E-07  0.00000E+00  1.0E-07
  6.450E+01  2.84744E-01  2.18158E-23  7.79056E-07  0.00000E+00  1.0E-07
  6.500E+01  2.88691E-01  2.12061E-23  7.57284E-07  0.00000E+00  1.0E-07
  6.550E+01  2.92653E-01  2.06172E-23  7.36255E-07  0.00000E+00  1.0E-07
  6.600E+01  2.96632E-01  2.00483E-23  7.15938E-07  0.00000E+00  1.0E-07
  6.650E+01  3.00625E-01  1.94985E-23  6.96302E-07  0.00000E+00  1.0E-07
  6.700E+01  3.04634E-01  1.89669E-23  6.77322E-07  0.00000E+00  1.0E-07
  6.750E+01  3.08658E-01  1.84530E-23  6.58969E-07  0.00000E+00  1.0E-07
  6.800E+01  3.12697E-01  1.79559E-23  6.41218E-07  0.00000E+00  1.0E-07
  6.850E+01  3.16749E-01  1.74751E-23  6.24046E-07  0.00000E+00  1.0E-07
  6.900E+01  3.20816E-01  1.70098E-23  6.07430E-07  0.00000E+00  1.0E-07
  6.950E+01  3.24896E-01  1.65594E-23  5.91347E-07  0.00000E+00  1.0E-07
  7.000E+01  3.28990E-01  1.61234E-23  5.75778E-07  0.00000E+00  1.0E-07
  7.050E+01  3.33097E-01  1.57012E-23  5.60701E-07  0.00000E+00  1.0E-07
  7.100E+01  3.37216E-01  1.52923E-23  5.46098E-07  0.00000E+00  1.0E-07
  7.150E+01  3.41348E-01  1.48961E-23  5.31951E-07  0.00000E+00  1.0E-07
  7.200E+01  3.45492E-01  1.45122E-23  5.18242E-07  0.00000E+00  1.0E-07
  7.250E+01  3.49647E-01  1.41402E-23  5.04954E-07  0.00000E+00  1.0E-07
  7.300E+01  3.53814E-01  1.37794E-23  4.92073E-07  0.00000E+00  1.0E-07
  7.350E+01  3.57992E-01  1.34297E-23  4.79583E-07  0.00000E+00  1.0E-07
  7.400E+01  3.62181E-01  1.30905E-23  4.67469E-07  0.00000E+00  1.0E-07
  7.450E+01  3.66381E-01  1.27614E-23  4.55718E-07  0.00000E+00  1.0E-07
  7.500E+01  3.70590E-01  1.24421E-23  4.44317E-07  0.00000E+00  1.0E-07
  7.550E+01  3.74810E-01  1.21323E-23  4.33253E-07  0.00000E+00  1.0E-07
  7.600E+01  3.79039E-01  1.18316E-23  4.22513E-07  0.00000E+00  1.0E-07
  7.650E+01  3.83277E-01  1.15396E-23  4.12087E-07  0.00000E+00  1.0E-07
  7.700E+01  3.87524E-01  1.12561E-23  4.01963E-07  0.00000E+00  1.0E-07
  7.750E+01  3.91780E-01  1.09808E-23  3.92130E-07  0.00000E+00  1.0E-07
  7.800E+01  3.96044E-01  1.07133E-23  3.82579E-07  0.00000E+00  1.0E-07
  7.850E+01  4.00316E-01  1.04534E-23  3.73299E-07  0.00000E+00  1.0E-07
  7.900E+01  4.04596E-01  1.02009E-23  3.64281E-07  0.00000E+00  1.0E-07
  7.950E+01  4.08882E-01  9.95548E-24  3.55517E-07  0.00000E+00  1.0E-07
  8.000E+01  4.13176E-01  9.71691E-24  3.46997E-07  0.00000E+00  1.0E-07
  8.050E+01  4.17476E-01  9.48495E-24  3.38714E-07  0.00000E+00  1.0E-07
  8.100E+01  4.21783E-01  9.25939E-24  3.30659E-07  0.00000E+00  1.0E-07
  8.150E+01  4.26095E-01  9.04001E-24  3.22825E-07  0.00000E+00  1.0E-07
  8.200E+01  4.30413E-01  8.82660E-24  3.15204E-07  0.00000E+00  1.0E-07
  8.250E+01  4.34737E-01  8.61898E-24  3.07789E-07  0.00000E+00  1.0E-07
  8.300E+01  4.39065E-01  8.41694E-24  3.00574E-07  0.00000E+00  1.0E-07
  8.350E+01  4.43398E-01  8.22031E-24  2.93553E-07  0.00000E+00  1.0E-07
  8.400E+01  4.47736E-01  8.02891E-24  2.86718E-07  0.00000E+00  1.0E-07
  8.450E+01  4.52077E-01  7.84258E-24  2.80064E-07  0.00000E+00  1.0E-07
  8.500E+01  4.56422E-01  7.66116E-24  2.73585E-07  0.00000E+00  1.0E-07
  8.550E+01  4.60770E-01  7.48448E-24  2.67276E-07  0.00000E+00  1.0E-07
  8.600E+01  4.65122E-01  7.31241E-24  2.61131E-07  0.00000E+00  1.0E-07
  8.650E+01  4.69476E-01  7.14479E-24  2.55145E-07  0.00000E+00  1.0E-07
  8.700E+01  4.73832E-01  6.98148E-24  2.49313E-07  0.00000E+00  1.0E-07
  8.750E+01  4.78190E-01  6.82235E-24  2.43631E-07  0.00000E+00  1.0E-07
  8.800E+01  4.82550E-01  6.66728E-24  2.38093E-07  0.00000E+00  1.0E-07
  8.850E+01  4.86912E-01  6.51613E-24  2.32695E-07  0.00000E+00  1.0E-07
  8.900E+01  4.91274E-01  6.36879E-24  2.27433E-07  0.00000E+00  1.0E-07
  8.950E+01  4.95637E-01  6.22514E-24  2.22304E-07  0.00000E+00  1.0E-07
  9.000E+01  5.00000E-01  6.08507E-24  2.17302E-07  0.00000E+00  1.0E-07
  9.050E+01  5.04363E-01  5.94848E-24  2.12424E-07  0.00000E+00  1.0E-07
  9.100E+01  5.08726E-01  5.81526E-24  2.07667E-07  0.00000E+00  1.0E-07
  9.150E+01  5.13088E-01  5.68532E-24  2.03026E-07  0.00000E+00  1.0E-07
  9.200E+01  5.17450E-01  5.55855E-24  1.98499E-07  0.00000E+00  1.0E-07
  9.250E+01  5.21810E-01  5.43487E-24  1.94083E-07  0.00000E+00  1.0E-07
  9.300E+01  5.26168E-01  5.31417E-24  1.89772E-07  0.00000E+00  1.0E-07
  9.350E+01  5.30524E-01  5.19638E-24  1.85566E-07  0.00000E+00  1.0E-07
  9.400E+01  5.34878E-01  5.08141E-24  1.81461E-07  0.00000E+00  1.0E-07
  9.450E+01  5.39230E-01  4.96919E-24  1.77453E-07  0.00000E+00  1.0E-07
  9.500E+01  5.43578E-01  4.85962E-24  1.73540E-07  0.00000E+00  1.0E-07
  9.550E+01  5.47923E-01  4.75265E-24  1.69720E-07  0.00000E+00  1.0E-07
  9.600E+01  5.52264E-01  4.64819E-24  1.65990E-07  0.00000E+00  1.0E-07
  9.650E+01  5.56602E-01  4.54618E-24  1.62347E-07  0.00000E+00  1.0E-07
  9.700E+01  5.60935E-01  4.44655E-24  1.58789E-07  0.00000E+00  1.0E-07
  9.750E+01  5.65263E-01  4.34923E-24  1.55314E-07  0.00000E+00  1.0E-07
  9.800E+01  5.69587E-01  4.25415E-24  1.51919E-07  0.00000E+00  1.0E-07
  9.850E+01  5.73905E-01  4.16126E-24  1.48601E-07  0.00000E+00  1.0E-07
  9.900E+01  5.78217E-01  4.07050E-24  1.45360E-07  0.00000E+00  1.0E-07
  9.950E+01  5.82524E-01  3.98180E-24  1.42193E-07  0.00000E+00  1.0E-07
  1.000E+02  5.86824E-01  3.89512E-24  1.39097E-07  0.00000E+00  1.0E-07
  1.005E+02  5.91118E-01  3.81039E-24  1.36072E-07  0.00000E+00  1.0E-07
  1.010E+02  5.95404E-01  3.72758E-24  1.33114E-07  0.00000E+00  1.0E-07
  1.015E+02  5.99684E-01  3.64662E-24  1.30223E-07  0.00000E+00  1.0E-07
  1.020E+02  6.03956E-01  3.56747E-24  1.27397E-07  0.00000E+00  1.0E-07
  1.025E+02  6.08220E-01  3.49008E-24  1.24633E-07  0.00000E+00  1.0E-07
  1.030E+02  6.12476E-01  3.41440E-24  1.21930E-07  0.00000E+00  1.0E-07
  1.035E+02  6.16723E-01  3.34039E-24  1.19288E-07  0.00000E+00  1.0E-07
  1.040E+02  6.20961E-01  3.26801E-24  1.16703E-07  0.00000E+00  1.0E-07
  1.045E+02  6.25190E-01  3.19721E-24  1.14174E-07  0.00000E+00  1.0E-07
  1.050E+02  6.29410E-01  3.12795E-24  1.11701E-07  0.00000E+00  1.0E-07
  1.055E+02  6.33619E-01  3.06020E-24  1.09282E-07  0.00000E+00  1.0E-07
  1.060E+02  6.37819E-01  2.99391E-24  1.06915E-07  0.00000E+00  1.0E-07
  1.065E+02  6.42008E-01  2.92906E-24  1.04599E-07  0.00000E+00  1.0E-07
  1.070E+02  6.46186E-01  2.86560E-24  1.02332E-07  0.00000E+00  1.0E-07
  1.075E+02  6.50353E-01  2.80349E-24  1.00115E-07  0.00000E+00  1.0E-07
  1.080E+02  6.54508E-01  2.74272E-24  9.79442E-08  0.00000E+00  1.0E-07
  1.085E+02  6.58652E-01  2.68323E-24  9.58199E-08  0.00000E+00  1.0E-07
  1.090E+02  6.62784E-01  2.62500E-24  9.37406E-08  0.00000E+00  1.0E-07
  1.095E+02  6.66903E-01  2.56801E-24  9.17053E-08  0.00000E+00  1.0E-07
  1.100E+02  6.71010E-01  2.51221E-24  8.97127E-08  0.00000E+00  1.0E-07
  1.105E+02  6.75104E-01  2.45759E-24  8.77620E-08  0.00000E+00  1.0E-07
  1.110E+02  6.79184E-01  2.40410E-24  8.58520E-08  0.00000E+00  1.0E-07
  1.115E+02  6.83251E-01  2.35173E-24  8.39819E-08  0.00000E+00  1.0E-07
  1.120E+02  6.87303E-01  2.30045E-24  8.21506E-08  0.00000E+00  1.0E-07
  1.125E+02  6.91342E-01  2.25023E-24  8.03573E-08  0.00000E+00  1.0E-07
  1.130E+02  6.95366E-01  2.20105E-24  7.86010E-08  0.00000E+00  1.0E-07
  1.135E+02  6.99375E-01  2.15288E-24  7.68809E-08  0.00000E+00  1.0E-07
  1.140E+02  7.03368E-01  2.10571E-24  7.51962E-08  0.00000E+00  1.0E-07
  1.145E+02  7.07347E-01  2.05950E-24  7.35459E-08  0.00000E+00  1.0E-07
  1.150E+02  7.11309E-01  2.01423E-24  7.19294E-08  0.00000E+00  1.0E-07
  1.155E+02  7.15256E-01  1.96988E-24  7.03458E-08  0.00000E+00  1.0E-07
  1.160E+02  7.19186E-01  1.92644E-24  6.87944E-08  0.00000E+00  1.0E-07
  1.165E+02  7.23099E-01  1.88388E-24  6.72744E-08  0.00000E+00  1.0E-07
  1.170E+02  7.26995E-01  1.84217E-24  6.57852E-08  0.00000E+00  1.0E-07
  1.175E+02  7.30874E-01  1.80131E-24  6.43260E-08  0.00000E+00  1.0E-07
  1.180E+02  7.34736E-01  1.76127E-24  6.28961E-08  0.00000E+00  1.0E-07
  1.185E+02  7.38579E-01  1.72204E-24  6.14950E-08  0.00000E+00  1.0E-07
  1.190E+02  7.42405E-01  1.68359E-24  6.01220E-08  0.00000E+00  1.0E-07
  1.195E+02  7.46212E-01  1.64591E-24  5.87763E-08  0.00000E+00  1.0E-07
  1.200E+02  7.50000E-01  1.60898E-24  5.74576E-08  0.00000E+00  1.0E-07
  1.205E+02  7.53769E-01  1.57278E-24  5.61651E-08  0.00000E+00  1.0E-07
  1.210E+02  7.57519E-01  1.53731E-24  5.48982E-08  0.00000E+00  1.0E-07
  1.215E+02  7.61249E-01  1.50254E-24  5.36566E-08  0.00000E+00  1.0E-07
  1.220E+02  7.64960E-01  1.46845E-24  5.24394E-08  0.00000E+00  1.0E-07
  1.225E+02  7.68650E-01  1.43505E-24  5.12464E-08  0.00000E+00  1.0E-07
  1.230E+02  7.72320E-01  1.40230E-24  5.00769E-08  0.00000E+00  1.0E-07
  1.235E+02  7.75968E-01  1.37019E-24  4.89304E-08  0.00000E+00  1.0E-07
  1.240E+02  7.79596E-01  1.33872E-24  4.78065E-08  0.00000E+00  1.0E-07
  1.245E+02  7.83203E-01  1.30786E-24  4.67047E-08  0.00000E+00  1.0E-07
  1.250E+02  7.86788E-01  1.27762E-24  4.56245E-08  0.00000E+00  1.0E-07
  1.255E+02  7.90351E-01  1.24796E-24  4.45655E-08  0.00000E+00  1.0E-07
  1.260E+02  7.93893E-01  1.21888E-24  4.35272E-08  0.00000E+00  1.0E-07
  1.265E+02  7.97411E-01  1.19038E-24  4.25092E-08  0.00000E+00  1.0E-07
  1.270E+02  8.00908E-01  1.16243E-24  4.15111E-08  0.00000E+00  1.0E-07
  1.275E+02  8.04381E-01  1.13503E-24  4.05325E-08  0.00000E+00  1.0E-07
  1.280E+02  8.07831E-01  1.10816E-24  3.95730E-08  0.00000E+00  1.0E-07
  1.285E+02  8.11257E-01  1.08181E-24  3.86322E-08  0.00000E+00  1.0E-07
  1.290E+02  8.14660E-01  1.05598E-24  3.77098E-08  0.00000E+00  1.0E-07
  1.295E+02  8.18039E-01  1.03065E-24  3.68053E-08  0.00000E+00  1.0E-07
  1.300E+02  8.21394E-01  1.00582E-24  3.59184E-08  0.00000E+00  1.0E-07
  1.305E+02  8.24724E-01  9.81468E-25  3.50489E-08  0.00000E+00  1.0E-07
  1.310E+02  8.28030E-01  9.57591E-25  3.41962E-08  0.00000E+00  1.0E-07
  1.315E+02  8.31310E-01  9.34179E-25  3.33601E-08  0.00000E+00  1.0E-07
  1.320E+02  8.34565E-01  9.11223E-25  3.25404E-08  0.00000E+00  1.0E-07
  1.325E+02  8.37795E-01  8.88715E-25  3.17366E-08  0.00000E+00  1.0E-07
  1.330E+02  8.40999E-01  8.66645E-25  3.09485E-08  0.00000E+00  1.0E-07
  1.335E+02  8.44177E-01  8.45006E-25  3.01757E-08  0.00000E+00  1.0E-07
  1.340E+02  8.47329E-01  8.23789E-25  2.94180E-08  0.00000E+00  1.0E-07
  1.345E+02  8.50455E-01  8.02986E-25  2.86751E-08  0.00000E+00  1.0E-07
  1.350E+02  8.53553E-01  7.82590E-25  2.79468E-08  0.00000E+00  1.0E-07
  1.355E+02  8.56625E-01  7.62593E-25  2.72327E-08  0.00000E+00  1.0E-07
  1.360E+02  8.59670E-01  7.42988E-25  2.65326E-08  0.00000E+00  1.0E-07
  1.365E+02  8.62687E-01  7.23768E-25  2.58462E-08  0.00000E+00  1.0E-07
  1.370E+02  8.65677E-01  7.04926E-25  2.51734E-08  0.00000E+00  1.0E-07
  1.375E+02  8.68639E-01  6.86454E-25  2.45137E-08  0.00000E+00  1.0E-07
  1.380E+02  8.71572E-01  6.68347E-25  2.38671E-08  0.00000E+00  1.0E-07
  1.385E+02  8.74478E-01  6.50598E-25  2.32333E-08  0.00000E+00  1.0E-07
  1.390E+02  8.77355E-01  6.33200E-25  2.26120E-08  0.00000E+00  1.0E-07
  1.395E+02  8.80203E-01  6.16148E-25  2.20030E-08  0.00000E+00  1.0E-07
  1.400E+02  8.83022E-01  5.99435E-25  2.14062E-08  0.00000E+00  1.0E-07
  1.405E+02  8.85812E-01  5.83055E-25  2.08213E-08  0.00000E+00  1.0E-07
  1.410E+02  8.88573E-01  5.67004E-25  2.02481E-08  0.00000E+00  1.0E-07
  1.415E+02  8.91304E-01  5.51275E-25  1.96864E-08  0.00000E+00  1.0E-07
  1.420E+02  8.94005E-01  5.35863E-25  1.91360E-08  0.00000E+00  1.0E-07
  1.425E+02  8.96677E-01  5.20762E-25  1.85968E-08  0.00000E+00  1.0E-07
  1.430E+02  8.99318E-01  5.05968E-25  1.80685E-08  0.00000E+00  1.0E-07
  1.435E+02  9.01928E-01  4.91476E-25  1.75509E-08  0.00000E+00  1.0E-07
  1.440E+02  9.04508E-01  4.77280E-25  1.70440E-08  0.00000E+00  1.0E-07
  1.445E+02  9.07058E-01  4.63375E-25  1.65474E-08  0.00000E+00  1.0E-07
  1.450E+02  9.09576E-01  4.49758E-25  1.60612E-08  0.00000E+00  1.0E-07
  1.455E+02  9.12063E-01  4.36424E-25  1.55850E-08  0.00000E+00  1.0E-07
  1.460E+02  9.14519E-01  4.23367E-25  1.51187E-08  0.00000E+00  1.0E-07
  1.465E+02  9.16943E-01  4.10585E-25  1.46622E-08  0.00000E+00  1.0E-07
  1.470E+02  9.19335E-01  3.98072E-25  1.42154E-08  0.00000E+00  1.0E-07
  1.475E+02  9.21696E-01  3.85824E-25  1.37780E-08  0.00000E+00  1.0E-07
  1.480E+02  9.24024E-01  3.73838E-25  1.33500E-08  0.00000E+00  1.0E-07
  1.485E+02  9.26320E-01  3.62110E-25  1.29312E-08  0.00000E+00  1.0E-07
  1.490E+02  9.28584E-01  3.50636E-25  1.25214E-08  0.00000E+00  1.0E-07
  1.495E+02  9.30815E-01  3.39411E-25  1.21206E-08  0.00000E+00  1.0E-07
  1.500E+02  9.33013E-01  3.28434E-25  1.17286E-08  0.00000E+00  1.0E-07
  1.505E+02  9.35178E-01  3.17699E-25  1.13452E-08  0.00000E+00  1.0E-07
  1.510E+02  9.37310E-01  3.07203E-25  1.09704E-08  0.00000E+00  1.0E-07
  1.515E+02  9.39409E-01  2.96944E-25  1.06041E-08  0.00000E+00  1.0E-07
  1.520E+02  9.41474E-01  2.86918E-25  1.02460E-08  0.00000E+00  1.0E-07
  1.525E+02  9.43505E-01  2.77122E-25  9.89621E-09  0.00000E+00  1.0E-07
  1.530E+02  9.45503E-01  2.67553E-25  9.55447E-09  0.00000E+00  1.0E-07
  1.535E+02  9.47467E-01  2.58207E-25  9.22073E-09  0.00000E+00  1.0E-07
  1.540E+02  9.49397E-01  2.49082E-25  8.89487E-09  0.00000E+00  1.0E-07
  1.545E+02  9.51293E-01  2.40175E-25  8.57680E-09  0.00000E+00  1.0E-07
  1.550E+02  9.53154E-01  2.31483E-25  8.26641E-09  0.00000E+00  1.0E-07
  1.555E+02  9.54981E-01  2.23004E-25  7.96362E-09  0.00000E+00  1.0E-07
  1.560E+02  9.56773E-01  2.14735E-25  7.66832E-09  0.00000E+00  1.0E-07
  1.565E+02  9.58530E-01  2.06673E-25  7.38042E-09  0.00000E+00  1.0E-07
  1.570E+02  9.60252E-01  1.98816E-25  7.09985E-09  0.00000E+00  1.0E-07
  1.575E+02  9.61940E-01  1.91162E-25  6.82650E-09  0.00000E+00  1.0E-07
  1.580E+02  9.63592E-01  1.83707E-25  6.56031E-09  0.00000E+00  1.0E-07
  1.585E+02  9.65209E-01  1.76451E-25  6.30118E-09  0.00000E+00  1.0E-07
  1.590E+02  9.66790E-01  1.69390E-25  6.04904E-09  0.00000E+00  1.0E-07
  1.595E+02  9.68336E-01  1.62523E-25  5.80382E-09  0.00000E+00  1.0E-07
  1.600E+02  9.69846E-01  1.55848E-25  5.56543E-09  0.00000E+00  1.0E-07
  1.605E+02  9.71321E-01  1.49362E-25  5.33382E-09  0.00000E+00  1.0E-07
  1.610E+02  9.72759E-01  1.43064E-25  5.10890E-09  0.00000E+00  1.0E-07
  1.615E+02  9.74162E-01  1.36951E-25  4.89062E-09  0.00000E+00  1.0E-07
  1.620E+02  9.75528E-01  1.31022E-25  4.67890E-09  0.00000E+00  1.0E-07
  1.625E+02  9.76858E-01  1.25276E-25  4.47368E-09  0.00000E+00  1.0E-07
  1.630E+02  9.78152E-01  1.19710E-25  4.27491E-09  0.00000E+00  1.0E-07
  1.635E+02  9.79410E-01  1.14322E-25  4.08252E-09  0.00000E+00  1.0E-07
  1.640E+02  9.80631E-01  1.09112E-25  3.89646E-09  0.00000E+00  1.0E-07
  1.645E+02  9.81815E-01  1.04077E-25  3.71667E-09  0.00000E+00  1.0E-07
  1.650E+02  9.82963E-01  9.92168E-26  3.54310E-09  0.00000E+00  1.0E-07
  1.655E+02  9.84074E-01  9.45291E-26  3.37569E-09  0.00000E+00  1.0E-07
  1.660E+02  9.85148E-01  9.00127E-26  3.21441E-09  0.00000E+00  1.0E-07
  1.665E+02  9.86185E-01  8.56664E-26  3.05920E-09  0.00000E+00  1.0E-07
  1.670E+02  9.87185E-01  8.14888E-26  2.91002E-09  0.00000E+00  1.0E-07
  1.675E+02  9.88148E-01  7.74788E-26  2.76682E-09  0.00000E+00  1.0E-07
  1.680E+02  9.89074E-01  7.36352E-26  2.62956E-09  0.00000E+00  1.0E-07
  1.685E+02  9.89962E-01  6.99568E-26  2.49820E-09  0.00000E+00  1.0E-07
  1.690E+02  9.90814E-01  6.64427E-26  2.37271E-09  0.00000E+00  1.0E-07
  1.695E+02  9.91627E-01  6.30918E-26  2.25305E-09  0.00000E+00  1.0E-07
  1.700E+02  9.92404E-01  5.99030E-26  2.13918E-09  0.00000E+00  1.0E-07
  1.705E+02  9.93143E-01  5.68756E-26  2.03106E-09  0.00000E+00  1.0E-07
  1.710E+02  9.93844E-01  5.40086E-26  1.92868E-09  0.00000E+00  1.0E-07
  1.715E+02  9.94508E-01  5.13012E-26  1.83200E-09  0.00000E+00  1.0E-07
  1.720E+02  9.95134E-01  4.87527E-26  1.74099E-09  0.00000E+00  1.0E-07
  1.725E+02  9.95722E-01  4.63622E-26  1.65562E-09  0.00000E+00  1.0E-07
  1.730E+02  9.96273E-01  4.41291E-26  1.57588E-09  0.00000E+00  1.0E-07
  1.735E+02  9.96786E-01  4.20528E-26  1.50173E-09  0.00000E+00  1.0E-07
  1.740E+02  9.97261E-01  4.01327E-26  1.43316E-09  0.00000E+00  1.0E-07
  1.745E+02  9.97698E-01  3.83681E-26  1.37015E-09  0.00000E+00  1.0E-07
  1.750E+02  9.98097E-01  3.67588E-26  1.31268E-09  0.00000E+00  1.0E-07
  1.755E+02  9.98459E-01  3.53040E-26  1.26073E-09  0.00000E+00  1.0E-07
  1.760E+02  9.98782E-01  3.40035E-26  1.21429E-09  0.00000E+00  1.0E-07
  1.765E+02  9.99067E-01  3.28569E-26  1.17334E-09  0.00000E+00  1.0E-07
  1.770E+02  9.99315E-01  3.18638E-26  1.13788E-09  0.00000E+00  1.0E-07
  1.775E+02  9.99524E-01  3.10240E-26  1.10789E-09  0.00000E+00  1.0E-07
  1.780E+02  9.99695E-01  3.03372E-26  1.08336E-09  0.00000E+00  1.0E-07
  1.785E+02  9.99829E-01  2.98032E-26  1.06429E-09  0.00000E+00  1.0E-07
  1.790E+02  9.99924E-01  2.94219E-26  1.05068E-09  0.00000E+00  1.0E-07
  1.795E+02  9.99981E-01  2.91932E-26  1.04251E-09  0.00000E+00  1.0E-07
  1.800E+02  1.00000E+00  2.91169E-26  1.03978E-09  0.00000E+00  1.0E-07
