 #
 # Subroutine ELSEPA. Elastic scattering of electrons and positrons
 #                    by neutral atoms and positive ions
 #
 # Projectile: electron
 # Kinetic energy = 3.70000E+06 eV = 1.35973E+05 a.u.
 #
 # WARNING: High-energy factorization with free-atom DF screening.
 #          Absorption, polarization and exchange corrections are
 #          switched off.
 #          Phase shifts are calculated for the bare nucleus.
 #          Scattering amplitudes are not evaluated.
 #
 # Element: Fr,  Z =  87,  atomic weight = 2.23020E+02 g/mol
 #
 # Nuclear model: Fermi distribution
 #                Average radius = 6.48881E-13 cm
 #                Skin thickness = 5.46000E-14 cm
 #
 # Number of electrons = 87
 #
 # Total elastic cross section = 1.05903E-17 cm**2 = 3.78187E-01 a0**2
 # 1st transport cross section = 7.12124E-22 cm**2 = 2.54304E-05 a0**2
 # 2nd transport cross section = 1.87114E-21 cm**2 = 6.68196E-05 a0**2
 #
 #
 # Differential cross section:                       MU=(1-COS(THETA))/2
 #
 #  THETA        MU          DCS          DCS        Sherman      error
 #  (deg)                 (cm**2/sr)   (a0**2/sr)    function
 #----------------------------------------------------------------------
  0.000E+00  0.00000E+00  2.22796E-12  7.95619E+04  0.00000E+00  1.0E-05
  1.000E-04  7.61557E-13  2.22794E-12  7.95610E+04  0.00000E+00  1.0E-05
  1.250E-04  1.18994E-12  2.22792E-12  7.95605E+04  0.00000E+00  1.0E-05
  1.500E-04  1.71346E-12  2.22791E-12  7.95600E+04  0.00000E+00  1.0E-05
  1.750E-04  2.33225E-12  2.22789E-12  7.95593E+04  0.00000E+00  1.0E-05
  2.000E-04  3.04617E-12  2.22786E-12  7.95585E+04  0.00000E+00  1.0E-05
  2.250E-04  3.85530E-12  2.22784E-12  7.95576E+04  0.00000E+00  1.0E-05
  2.500E-04  4.75964E-12  2.22781E-12  7.95566E+04  0.00000E+00  1.0E-05
  2.750E-04  5.75917E-12  2.22778E-12  7.95555E+04  0.00000E+00  1.0E-05
  3.000E-04  6.85391E-12  2.22775E-12  7.95543E+04  0.00000E+00  1.0E-05
  3.250E-04  8.04379E-12  2.22771E-12  7.95529E+04  0.00000E+00  1.0E-05
  3.500E-04  9.32893E-12  2.22767E-12  7.95515E+04  0.00000E+00  1.0E-05
  3.750E-04  1.07092E-11  2.22763E-12  7.95500E+04  0.00000E+00  1.0E-05
  4.000E-04  1.21847E-11  2.22758E-12  7.95483E+04  0.00000E+00  1.0E-05
  4.250E-04  1.37554E-11  2.22753E-12  7.95466E+04  0.00000E+00  1.0E-05
  4.500E-04  1.54213E-11  2.22748E-12  7.95447E+04  0.00000E+00  1.0E-05
  4.750E-04  1.71823E-11  2.22742E-12  7.95428E+04  0.00000E+00  1.0E-05
  5.000E-04  1.90386E-11  2.22737E-12  7.95407E+04  0.00000E+00  1.0E-05
  5.250E-04  2.09900E-11  2.22731E-12  7.95385E+04  0.00000E+00  1.0E-05
  5.500E-04  2.30367E-11  2.22724E-12  7.95363E+04  0.00000E+00  1.0E-05
  5.750E-04  2.51785E-11  2.22718E-12  7.95339E+04  0.00000E+00  1.0E-05
  6.000E-04  2.74156E-11  2.22711E-12  7.95314E+04  0.00000E+00  1.0E-05
  6.250E-04  2.97478E-11  2.22703E-12  7.95288E+04  0.00000E+00  1.0E-05
  6.500E-04  3.21752E-11  2.22696E-12  7.95261E+04  0.00000E+00  1.0E-05
  6.750E-04  3.46979E-11  2.22688E-12  7.95233E+04  0.00000E+00  1.0E-05
  7.000E-04  3.73157E-11  2.22680E-12  7.95204E+04  0.00000E+00  1.0E-05
  7.250E-04  4.00286E-11  2.22671E-12  7.95174E+04  0.00000E+00  1.0E-05
  7.500E-04  4.28368E-11  2.22663E-12  7.95143E+04  0.00000E+00  1.0E-05
  7.750E-04  4.57402E-11  2.22654E-12  7.95110E+04  0.00000E+00  1.0E-05
  8.000E-04  4.87388E-11  2.22644E-12  7.95077E+04  0.00000E+00  1.0E-05
  8.250E-04  5.18325E-11  2.22635E-12  7.95043E+04  0.00000E+00  1.0E-05
  8.500E-04  5.50215E-11  2.22625E-12  7.95007E+04  0.00000E+00  1.0E-05
  8.750E-04  5.83057E-11  2.22614E-12  7.94971E+04  0.00000E+00  1.0E-05
  9.000E-04  6.16850E-11  2.22604E-12  7.94933E+04  0.00000E+00  1.0E-05
  9.250E-04  6.51595E-11  2.22593E-12  7.94894E+04  0.00000E+00  1.0E-05
  9.500E-04  6.87293E-11  2.22582E-12  7.94855E+04  0.00000E+00  1.0E-05
  9.750E-04  7.23943E-11  2.22571E-12  7.94814E+04  0.00000E+00  1.0E-05
  1.000E-03  7.61544E-11  2.22559E-12  7.94772E+04  0.00000E+00  1.0E-05
  1.250E-03  1.18991E-10  2.22426E-12  7.94297E+04  0.00000E+00  1.0E-05
  1.500E-03  1.71347E-10  2.22263E-12  7.93716E+04  0.00000E+00  1.0E-05
  1.750E-03  2.33223E-10  2.22071E-12  7.93031E+04  0.00000E+00  1.0E-05
  2.000E-03  3.04617E-10  2.21850E-12  7.92241E+04  0.00000E+00  1.0E-05
  2.250E-03  3.85531E-10  2.21600E-12  7.91349E+04  0.00000E+00  1.0E-05
  2.500E-03  4.75965E-10  2.21321E-12  7.90353E+04  0.00000E+00  1.0E-05
  2.750E-03  5.75917E-10  2.21014E-12  7.89255E+04  0.00000E+00  1.0E-05
  3.000E-03  6.85389E-10  2.20678E-12  7.88056E+04  0.00000E+00  1.0E-05
  3.250E-03  8.04380E-10  2.20314E-12  7.86757E+04  0.00000E+00  1.0E-05
  3.500E-03  9.32891E-10  2.19923E-12  7.85358E+04  0.00000E+00  1.0E-05
  3.750E-03  1.07092E-09  2.19504E-12  7.83862E+04  0.00000E+00  1.0E-05
  4.000E-03  1.21847E-09  2.19057E-12  7.82267E+04  0.00000E+00  1.0E-05
  4.250E-03  1.37554E-09  2.18584E-12  7.80576E+04  0.00000E+00  1.0E-05
  4.500E-03  1.54213E-09  2.18084E-12  7.78792E+04  0.00000E+00  1.0E-05
  4.750E-03  1.71823E-09  2.17558E-12  7.76913E+04  0.00000E+00  1.0E-05
  5.000E-03  1.90386E-09  2.17006E-12  7.74942E+04  0.00000E+00  1.0E-05
  5.250E-03  2.09900E-09  2.16428E-12  7.72880E+04  0.00000E+00  1.0E-05
  5.500E-03  2.30367E-09  2.15826E-12  7.70729E+04  0.00000E+00  1.0E-05
  5.750E-03  2.51785E-09  2.15199E-12  7.68491E+04  0.00000E+00  1.0E-05
  6.000E-03  2.74156E-09  2.14548E-12  7.66166E+04  0.00000E+00  1.0E-05
  6.250E-03  2.97478E-09  2.13873E-12  7.63755E+04  0.00000E+00  1.0E-05
  6.500E-03  3.21752E-09  2.13175E-12  7.61263E+04  0.00000E+00  1.0E-05
  6.750E-03  3.46978E-09  2.12455E-12  7.58690E+04  0.00000E+00  1.0E-05
  7.000E-03  3.73156E-09  2.11712E-12  7.56037E+04  0.00000E+00  1.0E-05
  7.250E-03  4.00286E-09  2.10947E-12  7.53306E+04  0.00000E+00  1.0E-05
  7.500E-03  4.28368E-09  2.10161E-12  7.50499E+04  0.00000E+00  1.0E-05
  7.750E-03  4.57402E-09  2.09355E-12  7.47620E+04  0.00000E+00  1.0E-05
  8.000E-03  4.87388E-09  2.08528E-12  7.44667E+04  0.00000E+00  1.0E-05
  8.250E-03  5.18326E-09  2.07681E-12  7.41644E+04  0.00000E+00  1.0E-05
  8.500E-03  5.50215E-09  2.06816E-12  7.38553E+04  0.00000E+00  1.0E-05
  8.750E-03  5.83057E-09  2.05932E-12  7.35397E+04  0.00000E+00  1.0E-05
  9.000E-03  6.16850E-09  2.05030E-12  7.32176E+04  0.00000E+00  1.0E-05
  9.250E-03  6.51596E-09  2.04111E-12  7.28892E+04  0.00000E+00  1.0E-05
  9.500E-03  6.87293E-09  2.03174E-12  7.25548E+04  0.00000E+00  1.0E-05
  9.750E-03  7.23942E-09  2.02222E-12  7.22148E+04  0.00000E+00  1.0E-05
  1.000E-02  7.61544E-09  2.01254E-12  7.18691E+04  0.00000E+00  1.0E-05
  1.250E-02  1.18991E-08  1.90836E-12  6.81487E+04  0.00000E+00  1.0E-05
  1.500E-02  1.71347E-08  1.79590E-12  6.41328E+04  0.00000E+00  1.0E-05
  1.750E-02  2.33223E-08  1.67820E-12  5.99298E+04  0.00000E+00  1.0E-05
  2.000E-02  3.04617E-08  1.56007E-12  5.57110E+04  0.00000E+00  1.0E-05
  2.250E-02  3.85531E-08  1.44648E-12  5.16548E+04  0.00000E+00  1.0E-05
  2.500E-02  4.75965E-08  1.33920E-12  4.78236E+04  0.00000E+00  1.0E-05
  2.750E-02  5.75917E-08  1.23862E-12  4.42318E+04  0.00000E+00  1.0E-05
  3.000E-02  6.85389E-08  1.14557E-12  4.09090E+04  0.00000E+00  1.0E-05
  3.250E-02  8.04380E-08  1.06100E-12  3.78889E+04  0.00000E+00  1.0E-05
  3.500E-02  9.32891E-08  9.84600E-13  3.51607E+04  0.00000E+00  1.0E-05
  3.750E-02  1.07092E-07  9.14975E-13  3.26743E+04  0.00000E+00  1.0E-05
  4.000E-02  1.21847E-07  8.51702E-13  3.04148E+04  0.00000E+00  1.0E-05
  4.250E-02  1.37554E-07  7.94381E-13  2.83678E+04  0.00000E+00  1.0E-05
  4.500E-02  1.54213E-07  7.42483E-13  2.65146E+04  0.00000E+00  1.0E-05
  4.750E-02  1.71823E-07  6.94980E-13  2.48182E+04  0.00000E+00  1.0E-05
  5.000E-02  1.90386E-07  6.51458E-13  2.32640E+04  0.00000E+00  1.0E-05
  5.250E-02  2.09900E-07  6.11515E-13  2.18376E+04  0.00000E+00  1.0E-05
  5.500E-02  2.30367E-07  5.74686E-13  2.05224E+04  0.00000E+00  1.0E-05
  5.750E-02  2.51785E-07  5.40603E-13  1.93053E+04  0.00000E+00  1.0E-05
  6.000E-02  2.74156E-07  5.09021E-13  1.81775E+04  0.00000E+00  1.0E-05
  6.250E-02  2.97478E-07  4.79711E-13  1.71308E+04  0.00000E+00  1.0E-05
  6.500E-02  3.21752E-07  4.52310E-13  1.61523E+04  0.00000E+00  1.0E-05
  6.750E-02  3.46978E-07  4.26735E-13  1.52390E+04  0.00000E+00  1.0E-05
  7.000E-02  3.73156E-07  4.02875E-13  1.43869E+04  0.00000E+00  1.0E-05
  7.250E-02  4.00286E-07  3.80593E-13  1.35912E+04  0.00000E+00  1.0E-05
  7.500E-02  4.28368E-07  3.59659E-13  1.28436E+04  0.00000E+00  1.0E-05
  7.750E-02  4.57402E-07  3.40016E-13  1.21422E+04  0.00000E+00  1.0E-05
  8.000E-02  4.87388E-07  3.21636E-13  1.14858E+04  0.00000E+00  1.0E-05
  8.250E-02  5.18325E-07  3.04428E-13  1.08713E+04  0.00000E+00  1.0E-05
  8.500E-02  5.50215E-07  2.88251E-13  1.02936E+04  0.00000E+00  1.0E-05
  8.750E-02  5.83057E-07  2.73023E-13  9.74983E+03  0.00000E+00  1.0E-05
  9.000E-02  6.16850E-07  2.58756E-13  9.24036E+03  0.00000E+00  1.0E-05
  9.250E-02  6.51596E-07  2.45384E-13  8.76283E+03  0.00000E+00  1.0E-05
  9.500E-02  6.87293E-07  2.32822E-13  8.31424E+03  0.00000E+00  1.0E-05
  9.750E-02  7.23942E-07  2.20972E-13  7.89107E+03  0.00000E+00  1.0E-05
  1.000E-01  7.61543E-07  2.09860E-13  7.49424E+03  0.00000E+00  1.0E-05
  1.250E-01  1.18991E-06  1.29287E-13  4.61694E+03  0.00000E+00  1.0E-05
  1.500E-01  1.71347E-06  8.34392E-14  2.97967E+03  0.00000E+00  1.0E-05
  1.750E-01  2.33223E-06  5.71848E-14  2.04211E+03  0.00000E+00  1.0E-05
  2.000E-01  3.04617E-06  4.07520E-14  1.45528E+03  0.00000E+00  1.0E-05
  2.250E-01  3.85531E-06  2.97196E-14  1.06130E+03  0.00000E+00  1.0E-05
  2.500E-01  4.75964E-06  2.21657E-14  7.91552E+02  0.00000E+00  1.0E-05
  2.750E-01  5.75916E-06  1.69046E-14  6.03674E+02  0.00000E+00  1.0E-05
  3.000E-01  6.85388E-06  1.31347E-14  4.69047E+02  0.00000E+00  1.0E-05
  3.250E-01  8.04378E-06  1.03548E-14  3.69777E+02  0.00000E+00  1.0E-05
  3.500E-01  9.32888E-06  8.27270E-15  2.95423E+02  0.00000E+00  1.0E-05
  3.750E-01  1.07092E-05  6.70278E-15  2.39361E+02  0.00000E+00  1.0E-05
  4.000E-01  1.21846E-05  5.49707E-15  1.96304E+02  0.00000E+00  1.0E-05
  4.250E-01  1.37553E-05  4.55375E-15  1.62617E+02  0.00000E+00  1.0E-05
  4.500E-01  1.54212E-05  3.80098E-15  1.35736E+02  0.00000E+00  1.0E-05
  4.750E-01  1.71822E-05  3.19961E-15  1.14260E+02  0.00000E+00  1.0E-05
  5.000E-01  1.90385E-05  2.71159E-15  9.68325E+01  0.00000E+00  1.0E-05
  5.250E-01  2.09899E-05  2.31639E-15  8.27199E+01  0.00000E+00  1.0E-05
  5.500E-01  2.30365E-05  1.98682E-15  7.09507E+01  0.00000E+00  1.0E-05
  5.750E-01  2.51783E-05  1.71317E-15  6.11785E+01  0.00000E+00  1.0E-05
  6.000E-01  2.74153E-05  1.48440E-15  5.30088E+01  0.00000E+00  1.0E-05
  6.250E-01  2.97475E-05  1.29214E-15  4.61433E+01  0.00000E+00  1.0E-05
  6.500E-01  3.21749E-05  1.12952E-15  4.03361E+01  0.00000E+00  1.0E-05
  6.750E-01  3.46974E-05  9.90924E-16  3.53865E+01  0.00000E+00  1.0E-05
  7.000E-01  3.73152E-05  8.72952E-16  3.11737E+01  0.00000E+00  1.0E-05
  7.250E-01  4.00281E-05  7.72282E-16  2.75787E+01  0.00000E+00  1.0E-05
  7.500E-01  4.28362E-05  6.85775E-16  2.44895E+01  0.00000E+00  1.0E-05
  7.750E-01  4.57395E-05  6.11186E-16  2.18258E+01  0.00000E+00  1.0E-05
  8.000E-01  4.87380E-05  5.46631E-16  1.95205E+01  0.00000E+00  1.0E-05
  8.250E-01  5.18317E-05  4.90494E-16  1.75159E+01  0.00000E+00  1.0E-05
  8.500E-01  5.50205E-05  4.41400E-16  1.57627E+01  0.00000E+00  1.0E-05
  8.750E-01  5.83045E-05  3.98291E-16  1.42232E+01  0.00000E+00  1.0E-05
  9.000E-01  6.16838E-05  3.60386E-16  1.28696E+01  0.00000E+00  1.0E-05
  9.250E-01  6.51582E-05  3.26945E-16  1.16754E+01  0.00000E+00  1.0E-05
  9.500E-01  6.87277E-05  2.97328E-16  1.06178E+01  0.00000E+00  1.0E-05
  9.750E-01  7.23925E-05  2.70985E-16  9.67707E+00  0.00000E+00  1.0E-05
  1.000E+00  7.61524E-05  2.47538E-16  8.83976E+00  0.00000E+00  9.9E-06
  1.100E+00  9.21439E-05  1.75909E-16  6.28181E+00  0.00000E+00  7.5E-06
  1.200E+00  1.09658E-04  1.28555E-16  4.59077E+00  0.00000E+00  4.1E-06
  1.300E+00  1.28695E-04  9.61451E-17  3.43340E+00  0.00000E+00  8.5E-07
  1.400E+00  1.49255E-04  7.33026E-17  2.61768E+00  0.00000E+00  1.6E-06
  1.500E+00  1.71338E-04  5.69263E-17  2.03288E+00  0.00000E+00  2.9E-06
  1.600E+00  1.94942E-04  4.49071E-17  1.60366E+00  0.00000E+00  3.1E-06
  1.700E+00  2.20070E-04  3.59085E-17  1.28232E+00  0.00000E+00  2.5E-06
  1.800E+00  2.46720E-04  2.90493E-17  1.03737E+00  0.00000E+00  1.4E-06
  1.900E+00  2.74892E-04  2.37639E-17  8.48626E-01  0.00000E+00  2.5E-07
  2.000E+00  3.04586E-04  1.96337E-17  7.01133E-01  0.00000E+00  7.1E-07
  2.100E+00  3.35803E-04  1.63664E-17  5.84456E-01  0.00000E+00  1.3E-06
  2.200E+00  3.68542E-04  1.37452E-17  4.90848E-01  0.00000E+00  1.4E-06
  2.300E+00  4.02802E-04  1.16300E-17  4.15314E-01  0.00000E+00  1.1E-06
  2.400E+00  4.38585E-04  9.90723E-18  3.53794E-01  0.00000E+00  6.4E-07
  2.500E+00  4.75889E-04  8.49209E-18  3.03258E-01  0.00000E+00  1.0E-07
  2.600E+00  5.14715E-04  7.31893E-18  2.61364E-01  0.00000E+00  4.1E-07
  2.700E+00  5.55063E-04  6.34144E-18  2.26457E-01  0.00000E+00  7.0E-07
  2.800E+00  5.96931E-04  5.52215E-18  1.97200E-01  0.00000E+00  7.6E-07
  2.900E+00  6.40321E-04  4.83122E-18  1.72526E-01  0.00000E+00  6.2E-07
  3.000E+00  6.85233E-04  4.24464E-18  1.51579E-01  0.00000E+00  3.4E-07
  3.100E+00  7.31665E-04  3.74447E-18  1.33718E-01  0.00000E+00  1.0E-07
  3.200E+00  7.79618E-04  3.31612E-18  1.18421E-01  0.00000E+00  2.6E-07
  3.300E+00  8.29092E-04  2.94755E-18  1.05259E-01  0.00000E+00  4.3E-07
  3.400E+00  8.80086E-04  2.62881E-18  9.38766E-02  0.00000E+00  4.7E-07
  3.500E+00  9.32601E-04  2.35208E-18  8.39941E-02  0.00000E+00  3.8E-07
  3.600E+00  9.86636E-04  2.11101E-18  7.53854E-02  0.00000E+00  2.0E-07
  3.700E+00  1.04219E-03  1.90020E-18  6.78572E-02  0.00000E+00  1.0E-07
  3.800E+00  1.09927E-03  1.71516E-18  6.12495E-02  0.00000E+00  1.8E-07
  3.900E+00  1.15786E-03  1.55212E-18  5.54273E-02  0.00000E+00  2.9E-07
  4.000E+00  1.21797E-03  1.40812E-18  5.02848E-02  0.00000E+00  3.1E-07
  4.100E+00  1.27961E-03  1.28052E-18  4.57283E-02  0.00000E+00  2.5E-07
  4.200E+00  1.34276E-03  1.16714E-18  4.16792E-02  0.00000E+00  1.3E-07
  4.300E+00  1.40743E-03  1.06602E-18  3.80681E-02  0.00000E+00  1.0E-07
  4.400E+00  1.47362E-03  9.75672E-19  3.48419E-02  0.00000E+00  1.4E-07
  4.500E+00  1.54133E-03  8.94752E-19  3.19522E-02  0.00000E+00  2.1E-07
  4.600E+00  1.61056E-03  8.22090E-19  2.93574E-02  0.00000E+00  2.2E-07
  4.700E+00  1.68131E-03  7.56652E-19  2.70205E-02  0.00000E+00  1.7E-07
  4.800E+00  1.75357E-03  6.97625E-19  2.49126E-02  0.00000E+00  1.0E-07
  4.900E+00  1.82735E-03  6.44268E-19  2.30072E-02  0.00000E+00  1.0E-07
  5.000E+00  1.90265E-03  5.95939E-19  2.12814E-02  0.00000E+00  1.1E-07
  5.100E+00  1.97947E-03  5.52059E-19  1.97144E-02  0.00000E+00  1.6E-07
  5.200E+00  2.05780E-03  5.12153E-19  1.82893E-02  0.00000E+00  1.6E-07
  5.300E+00  2.13765E-03  4.75803E-19  1.69913E-02  0.00000E+00  1.2E-07
  5.400E+00  2.21902E-03  4.42635E-19  1.58068E-02  0.00000E+00  1.0E-07
  5.500E+00  2.30190E-03  4.12311E-19  1.47239E-02  0.00000E+00  1.0E-07
  5.600E+00  2.38630E-03  3.84540E-19  1.37322E-02  0.00000E+00  1.0E-07
  5.700E+00  2.47222E-03  3.59079E-19  1.28230E-02  0.00000E+00  1.2E-07
  5.800E+00  2.55965E-03  3.35699E-19  1.19880E-02  0.00000E+00  1.2E-07
  5.900E+00  2.64859E-03  3.14195E-19  1.12201E-02  0.00000E+00  1.0E-07
  6.000E+00  2.73905E-03  2.94385E-19  1.05127E-02  0.00000E+00  1.0E-07
  6.100E+00  2.83103E-03  2.76119E-19  9.86039E-03  0.00000E+00  1.0E-07
  6.200E+00  2.92452E-03  2.59254E-19  9.25811E-03  0.00000E+00  1.0E-07
  6.300E+00  3.01952E-03  2.43661E-19  8.70127E-03  0.00000E+00  1.0E-07
  6.400E+00  3.11604E-03  2.29222E-19  8.18566E-03  0.00000E+00  1.0E-07
  6.500E+00  3.21407E-03  2.15842E-19  7.70784E-03  0.00000E+00  1.0E-07
  6.600E+00  3.31362E-03  2.03428E-19  7.26454E-03  0.00000E+00  1.0E-07
  6.700E+00  3.41468E-03  1.91898E-19  6.85279E-03  0.00000E+00  1.0E-07
  6.800E+00  3.51725E-03  1.81173E-19  6.46981E-03  0.00000E+00  1.0E-07
  6.900E+00  3.62133E-03  1.71191E-19  6.11333E-03  0.00000E+00  1.0E-07
  7.000E+00  3.72692E-03  1.61890E-19  5.78120E-03  0.00000E+00  1.0E-07
  7.100E+00  3.83403E-03  1.53216E-19  5.47143E-03  0.00000E+00  1.0E-07
  7.200E+00  3.94265E-03  1.45115E-19  5.18217E-03  0.00000E+00  1.0E-07
  7.300E+00  4.05278E-03  1.37546E-19  4.91185E-03  0.00000E+00  1.0E-07
  7.400E+00  4.16442E-03  1.30466E-19  4.65904E-03  0.00000E+00  1.0E-07
  7.500E+00  4.27757E-03  1.23839E-19  4.42238E-03  0.00000E+00  1.0E-07
  7.600E+00  4.39223E-03  1.17629E-19  4.20061E-03  0.00000E+00  1.0E-07
  7.700E+00  4.50840E-03  1.11805E-19  3.99263E-03  0.00000E+00  1.0E-07
  7.800E+00  4.62608E-03  1.06339E-19  3.79745E-03  0.00000E+00  1.0E-07
  7.900E+00  4.74527E-03  1.01206E-19  3.61413E-03  0.00000E+00  1.0E-07
  8.000E+00  4.86597E-03  9.63801E-20  3.44180E-03  0.00000E+00  1.0E-07
  8.100E+00  4.98817E-03  9.18398E-20  3.27966E-03  0.00000E+00  1.0E-07
  8.200E+00  5.11188E-03  8.75658E-20  3.12703E-03  0.00000E+00  1.0E-07
  8.300E+00  5.23711E-03  8.35394E-20  2.98325E-03  0.00000E+00  1.0E-07
  8.400E+00  5.36383E-03  7.97434E-20  2.84769E-03  0.00000E+00  1.0E-07
  8.500E+00  5.49207E-03  7.61617E-20  2.71978E-03  0.00000E+00  1.0E-07
  8.600E+00  5.62181E-03  7.27804E-20  2.59904E-03  0.00000E+00  1.0E-07
  8.700E+00  5.75306E-03  6.95864E-20  2.48497E-03  0.00000E+00  1.0E-07
  8.800E+00  5.88581E-03  6.65671E-20  2.37715E-03  0.00000E+00  1.0E-07
  8.900E+00  6.02007E-03  6.37107E-20  2.27515E-03  0.00000E+00  1.0E-07
  9.000E+00  6.15583E-03  6.10073E-20  2.17861E-03  0.00000E+00  1.0E-07
  9.100E+00  6.29310E-03  5.84472E-20  2.08719E-03  0.00000E+00  1.0E-07
  9.200E+00  6.43187E-03  5.60211E-20  2.00055E-03  0.00000E+00  1.0E-07
  9.300E+00  6.57214E-03  5.37206E-20  1.91840E-03  0.00000E+00  1.0E-07
  9.400E+00  6.71392E-03  5.15381E-20  1.84046E-03  0.00000E+00  1.0E-07
  9.500E+00  6.85720E-03  4.94665E-20  1.76648E-03  0.00000E+00  1.0E-07
  9.600E+00  7.00198E-03  4.74990E-20  1.69622E-03  0.00000E+00  1.0E-07
  9.700E+00  7.14827E-03  4.56292E-20  1.62945E-03  0.00000E+00  1.0E-07
  9.800E+00  7.29605E-03  4.38515E-20  1.56596E-03  0.00000E+00  1.0E-07
  9.900E+00  7.44534E-03  4.21604E-20  1.50558E-03  0.00000E+00  1.0E-07
  1.000E+01  7.59612E-03  4.05510E-20  1.44810E-03  0.00000E+00  1.0E-07
  1.025E+01  7.97965E-03  3.68545E-20  1.31610E-03  0.00000E+00  1.0E-07
  1.050E+01  8.37255E-03  3.35743E-20  1.19896E-03  0.00000E+00  1.0E-07
  1.075E+01  8.77480E-03  3.06551E-20  1.09471E-03  0.00000E+00  1.0E-07
  1.100E+01  9.18641E-03  2.80502E-20  1.00169E-03  0.00000E+00  1.0E-07
  1.125E+01  9.60736E-03  2.57197E-20  9.18468E-04  0.00000E+00  1.0E-07
  1.150E+01  1.00376E-02  2.36295E-20  8.43826E-04  0.00000E+00  1.0E-07
  1.175E+01  1.04773E-02  2.17504E-20  7.76721E-04  0.00000E+00  1.0E-07
  1.200E+01  1.09262E-02  2.00571E-20  7.16252E-04  0.00000E+00  1.0E-07
  1.225E+01  1.13844E-02  1.85279E-20  6.61645E-04  0.00000E+00  1.0E-07
  1.250E+01  1.18520E-02  1.71441E-20  6.12226E-04  0.00000E+00  1.0E-07
  1.275E+01  1.23288E-02  1.58892E-20  5.67413E-04  0.00000E+00  1.0E-07
  1.300E+01  1.28150E-02  1.47490E-20  5.26697E-04  0.00000E+00  1.0E-07
  1.325E+01  1.33104E-02  1.37110E-20  4.89630E-04  0.00000E+00  1.0E-07
  1.350E+01  1.38150E-02  1.27646E-20  4.55833E-04  0.00000E+00  1.0E-07
  1.375E+01  1.43290E-02  1.19000E-20  4.24957E-04  0.00000E+00  1.0E-07
  1.400E+01  1.48521E-02  1.11088E-20  3.96703E-04  0.00000E+00  1.0E-07
  1.425E+01  1.53845E-02  1.03837E-20  3.70809E-04  0.00000E+00  1.0E-07
  1.450E+01  1.59262E-02  9.71809E-21  3.47039E-04  0.00000E+00  1.0E-07
  1.475E+01  1.64770E-02  9.10614E-21  3.25186E-04  0.00000E+00  1.0E-07
  1.500E+01  1.70371E-02  8.54269E-21  3.05065E-04  0.00000E+00  1.0E-07
  1.525E+01  1.76063E-02  8.02321E-21  2.86514E-04  0.00000E+00  1.0E-07
  1.550E+01  1.81848E-02  7.54361E-21  2.69387E-04  0.00000E+00  1.0E-07
  1.575E+01  1.87724E-02  7.10022E-21  2.53553E-04  0.00000E+00  1.0E-07
  1.600E+01  1.93692E-02  6.68976E-21  2.38896E-04  0.00000E+00  1.0E-07
  1.625E+01  1.99751E-02  6.30935E-21  2.25311E-04  0.00000E+00  1.0E-07
  1.650E+01  2.05901E-02  5.95636E-21  2.12706E-04  0.00000E+00  1.0E-07
  1.675E+01  2.12143E-02  5.62843E-21  2.00995E-04  0.00000E+00  1.0E-07
  1.700E+01  2.18476E-02  5.32339E-21  1.90102E-04  0.00000E+00  1.0E-07
  1.725E+01  2.24900E-02  5.03938E-21  1.79959E-04  0.00000E+00  1.0E-07
  1.750E+01  2.31415E-02  4.77465E-21  1.70506E-04  0.00000E+00  1.0E-07
  1.775E+01  2.38021E-02  4.52764E-21  1.61685E-04  0.00000E+00  1.0E-07
  1.800E+01  2.44717E-02  4.29691E-21  1.53445E-04  0.00000E+00  1.0E-07
  1.825E+01  2.51504E-02  4.08118E-21  1.45742E-04  0.00000E+00  1.0E-07
  1.850E+01  2.58382E-02  3.87930E-21  1.38532E-04  0.00000E+00  1.0E-07
  1.875E+01  2.65349E-02  3.69019E-21  1.31779E-04  0.00000E+00  1.0E-07
  1.900E+01  2.72407E-02  3.51287E-21  1.25447E-04  0.00000E+00  1.0E-07
  1.925E+01  2.79555E-02  3.34647E-21  1.19505E-04  0.00000E+00  1.0E-07
  1.950E+01  2.86793E-02  3.19019E-21  1.13924E-04  0.00000E+00  1.0E-07
  1.975E+01  2.94120E-02  3.04328E-21  1.08678E-04  0.00000E+00  1.0E-07
  2.000E+01  3.01537E-02  2.90506E-21  1.03742E-04  0.00000E+00  1.0E-07
  2.025E+01  3.09043E-02  2.77492E-21  9.90940E-05  0.00000E+00  1.0E-07
  2.050E+01  3.16639E-02  2.65228E-21  9.47147E-05  0.00000E+00  1.0E-07
  2.075E+01  3.24324E-02  2.53664E-21  9.05851E-05  0.00000E+00  1.0E-07
  2.100E+01  3.32098E-02  2.42750E-21  8.66875E-05  0.00000E+00  1.0E-07
  2.125E+01  3.39961E-02  2.32442E-21  8.30066E-05  0.00000E+00  1.0E-07
  2.150E+01  3.47912E-02  2.22701E-21  7.95279E-05  0.00000E+00  1.0E-07
  2.175E+01  3.55952E-02  2.13488E-21  7.62379E-05  0.00000E+00  1.0E-07
  2.200E+01  3.64081E-02  2.04768E-21  7.31241E-05  0.00000E+00  1.0E-07
  2.225E+01  3.72297E-02  1.96511E-21  7.01752E-05  0.00000E+00  1.0E-07
  2.250E+01  3.80602E-02  1.88685E-21  6.73808E-05  0.00000E+00  1.0E-07
  2.275E+01  3.88995E-02  1.81265E-21  6.47309E-05  0.00000E+00  1.0E-07
  2.300E+01  3.97476E-02  1.74224E-21  6.22166E-05  0.00000E+00  1.0E-07
  2.325E+01  4.06044E-02  1.67539E-21  5.98293E-05  0.00000E+00  1.0E-07
  2.350E+01  4.14700E-02  1.61188E-21  5.75614E-05  0.00000E+00  1.0E-07
  2.375E+01  4.23443E-02  1.55152E-21  5.54057E-05  0.00000E+00  1.0E-07
  2.400E+01  4.32273E-02  1.49410E-21  5.33552E-05  0.00000E+00  1.0E-07
  2.425E+01  4.41190E-02  1.43946E-21  5.14040E-05  0.00000E+00  1.0E-07
  2.450E+01  4.50194E-02  1.38743E-21  4.95460E-05  0.00000E+00  1.0E-07
  2.475E+01  4.59284E-02  1.33786E-21  4.77760E-05  0.00000E+00  1.0E-07
  2.500E+01  4.68461E-02  1.29062E-21  4.60888E-05  0.00000E+00  1.0E-07
  2.550E+01  4.87074E-02  1.20256E-21  4.29443E-05  0.00000E+00  1.0E-07
  2.600E+01  5.06030E-02  1.12232E-21  4.00787E-05  0.00000E+00  1.0E-07
  2.650E+01  5.25328E-02  1.04904E-21  3.74618E-05  0.00000E+00  1.0E-07
  2.700E+01  5.44967E-02  9.82001E-22  3.50679E-05  0.00000E+00  1.0E-07
  2.750E+01  5.64946E-02  9.20558E-22  3.28737E-05  0.00000E+00  1.0E-07
  2.800E+01  5.85262E-02  8.64147E-22  3.08592E-05  0.00000E+00  1.0E-07
  2.850E+01  6.05914E-02  8.12266E-22  2.90065E-05  0.00000E+00  1.0E-07
  2.900E+01  6.26901E-02  7.64476E-22  2.72999E-05  0.00000E+00  1.0E-07
  2.950E+01  6.48222E-02  7.20382E-22  2.57253E-05  0.00000E+00  1.0E-07
  3.000E+01  6.69873E-02  6.79638E-22  2.42703E-05  0.00000E+00  1.0E-07
  3.050E+01  6.91854E-02  6.41934E-22  2.29239E-05  0.00000E+00  1.0E-07
  3.100E+01  7.14163E-02  6.06993E-22  2.16761E-05  0.00000E+00  1.0E-07
  3.150E+01  7.36799E-02  5.74567E-22  2.05182E-05  0.00000E+00  1.0E-07
  3.200E+01  7.59760E-02  5.44436E-22  1.94422E-05  0.00000E+00  1.0E-07
  3.250E+01  7.83043E-02  5.16399E-22  1.84410E-05  0.00000E+00  1.0E-07
  3.300E+01  8.06647E-02  4.90280E-22  1.75082E-05  0.00000E+00  1.0E-07
  3.350E+01  8.30571E-02  4.65916E-22  1.66382E-05  0.00000E+00  1.0E-07
  3.400E+01  8.54812E-02  4.43163E-22  1.58256E-05  0.00000E+00  1.0E-07
  3.450E+01  8.79369E-02  4.21891E-22  1.50660E-05  0.00000E+00  1.0E-07
  3.500E+01  9.04240E-02  4.01980E-22  1.43550E-05  0.00000E+00  1.0E-07
  3.550E+01  9.29422E-02  3.83322E-22  1.36887E-05  0.00000E+00  1.0E-07
  3.600E+01  9.54915E-02  3.65822E-22  1.30637E-05  0.00000E+00  1.0E-07
  3.650E+01  9.80716E-02  3.49389E-22  1.24769E-05  0.00000E+00  1.0E-07
  3.700E+01  1.00682E-01  3.33944E-22  1.19253E-05  0.00000E+00  1.0E-07
  3.750E+01  1.03323E-01  3.19412E-22  1.14064E-05  0.00000E+00  1.0E-07
  3.800E+01  1.05995E-01  3.05727E-22  1.09177E-05  0.00000E+00  1.0E-07
  3.850E+01  1.08696E-01  2.92827E-22  1.04571E-05  0.00000E+00  1.0E-07
  3.900E+01  1.11427E-01  2.80658E-22  1.00225E-05  0.00000E+00  1.0E-07
  3.950E+01  1.14188E-01  2.69166E-22  9.61208E-06  0.00000E+00  1.0E-07
  4.000E+01  1.16978E-01  2.58305E-22  9.22425E-06  0.00000E+00  1.0E-07
  4.050E+01  1.19797E-01  2.48033E-22  8.85741E-06  0.00000E+00  1.0E-07
  4.100E+01  1.22645E-01  2.38308E-22  8.51015E-06  0.00000E+00  1.0E-07
  4.150E+01  1.25522E-01  2.29096E-22  8.18116E-06  0.00000E+00  1.0E-07
  4.200E+01  1.28428E-01  2.20361E-22  7.86924E-06  0.00000E+00  1.0E-07
  4.250E+01  1.31361E-01  2.12074E-22  7.57329E-06  0.00000E+00  1.0E-07
  4.300E+01  1.34323E-01  2.04204E-22  7.29227E-06  0.00000E+00  1.0E-07
  4.350E+01  1.37313E-01  1.96727E-22  7.02525E-06  0.00000E+00  1.0E-07
  4.400E+01  1.40330E-01  1.89617E-22  6.77135E-06  0.00000E+00  1.0E-07
  4.450E+01  1.43375E-01  1.82852E-22  6.52977E-06  0.00000E+00  1.0E-07
  4.500E+01  1.46447E-01  1.76411E-22  6.29974E-06  0.00000E+00  1.0E-07
  4.550E+01  1.49545E-01  1.70273E-22  6.08057E-06  0.00000E+00  1.0E-07
  4.600E+01  1.52671E-01  1.64422E-22  5.87162E-06  0.00000E+00  1.0E-07
  4.650E+01  1.55823E-01  1.58841E-22  5.67230E-06  0.00000E+00  1.0E-07
  4.700E+01  1.59001E-01  1.53512E-22  5.48202E-06  0.00000E+00  1.0E-07
  4.750E+01  1.62205E-01  1.48423E-22  5.30029E-06  0.00000E+00  1.0E-07
  4.800E+01  1.65435E-01  1.43560E-22  5.12662E-06  0.00000E+00  1.0E-07
  4.850E+01  1.68690E-01  1.38910E-22  4.96055E-06  0.00000E+00  1.0E-07
  4.900E+01  1.71970E-01  1.34460E-22  4.80166E-06  0.00000E+00  1.0E-07
  4.950E+01  1.75276E-01  1.30201E-22  4.64957E-06  0.00000E+00  1.0E-07
  5.000E+01  1.78606E-01  1.26122E-22  4.50389E-06  0.00000E+00  1.0E-07
  5.050E+01  1.81961E-01  1.22213E-22  4.36429E-06  0.00000E+00  1.0E-07
  5.100E+01  1.85340E-01  1.18465E-22  4.23045E-06  0.00000E+00  1.0E-07
  5.150E+01  1.88743E-01  1.14869E-22  4.10206E-06  0.00000E+00  1.0E-07
  5.200E+01  1.92169E-01  1.11419E-22  3.97885E-06  0.00000E+00  1.0E-07
  5.250E+01  1.95619E-01  1.08106E-22  3.86055E-06  0.00000E+00  1.0E-07
  5.300E+01  1.99092E-01  1.04924E-22  3.74690E-06  0.00000E+00  1.0E-07
  5.350E+01  2.02589E-01  1.01866E-22  3.63768E-06  0.00000E+00  1.0E-07
  5.400E+01  2.06107E-01  9.89249E-23  3.53267E-06  0.00000E+00  1.0E-07
  5.450E+01  2.09649E-01  9.60962E-23  3.43166E-06  0.00000E+00  1.0E-07
  5.500E+01  2.13212E-01  9.33741E-23  3.33445E-06  0.00000E+00  1.0E-07
  5.550E+01  2.16797E-01  9.07535E-23  3.24087E-06  0.00000E+00  1.0E-07
  5.600E+01  2.20404E-01  8.82295E-23  3.15073E-06  0.00000E+00  1.0E-07
  5.650E+01  2.24032E-01  8.57975E-23  3.06389E-06  0.00000E+00  1.0E-07
  5.700E+01  2.27680E-01  8.34534E-23  2.98018E-06  0.00000E+00  1.0E-07
  5.750E+01  2.31350E-01  8.11931E-23  2.89946E-06  0.00000E+00  1.0E-07
  5.800E+01  2.35040E-01  7.90127E-23  2.82159E-06  0.00000E+00  1.0E-07
  5.850E+01  2.38751E-01  7.69085E-23  2.74645E-06  0.00000E+00  1.0E-07
  5.900E+01  2.42481E-01  7.48773E-23  2.67392E-06  0.00000E+00  1.0E-07
  5.950E+01  2.46231E-01  7.29157E-23  2.60387E-06  0.00000E+00  1.0E-07
  6.000E+01  2.50000E-01  7.10207E-23  2.53620E-06  0.00000E+00  1.0E-07
  6.050E+01  2.53788E-01  6.91895E-23  2.47080E-06  0.00000E+00  1.0E-07
  6.100E+01  2.57595E-01  6.74192E-23  2.40758E-06  0.00000E+00  1.0E-07
  6.150E+01  2.61421E-01  6.57072E-23  2.34645E-06  0.00000E+00  1.0E-07
  6.200E+01  2.65264E-01  6.40512E-23  2.28731E-06  0.00000E+00  1.0E-07
  6.250E+01  2.69126E-01  6.24488E-23  2.23009E-06  0.00000E+00  1.0E-07
  6.300E+01  2.73005E-01  6.08977E-23  2.17470E-06  0.00000E+00  1.0E-07
  6.350E+01  2.76901E-01  5.93959E-23  2.12106E-06  0.00000E+00  1.0E-07
  6.400E+01  2.80814E-01  5.79413E-23  2.06912E-06  0.00000E+00  1.0E-07
  6.450E+01  2.84744E-01  5.65320E-23  2.01879E-06  0.00000E+00  1.0E-07
  6.500E+01  2.88691E-01  5.51661E-23  1.97002E-06  0.00000E+00  1.0E-07
  6.550E+01  2.92653E-01  5.38421E-23  1.92274E-06  0.00000E+00  1.0E-07
  6.600E+01  2.96632E-01  5.25583E-23  1.87689E-06  0.00000E+00  1.0E-07
  6.650E+01  3.00625E-01  5.13130E-23  1.83242E-06  0.00000E+00  1.0E-07
  6.700E+01  3.04634E-01  5.01049E-23  1.78928E-06  0.00000E+00  1.0E-07
  6.750E+01  3.08658E-01  4.89324E-23  1.74741E-06  0.00000E+00  1.0E-07
  6.800E+01  3.12697E-01  4.77944E-23  1.70677E-06  0.00000E+00  1.0E-07
  6.850E+01  3.16749E-01  4.66893E-23  1.66731E-06  0.00000E+00  1.0E-07
  6.900E+01  3.20816E-01  4.56161E-23  1.62898E-06  0.00000E+00  1.0E-07
  6.950E+01  3.24896E-01  4.45734E-23  1.59175E-06  0.00000E+00  1.0E-07
  7.000E+01  3.28990E-01  4.35603E-23  1.55557E-06  0.00000E+00  1.0E-07
  7.050E+01  3.33097E-01  4.25756E-23  1.52040E-06  0.00000E+00  1.0E-07
  7.100E+01  3.37216E-01  4.16184E-23  1.48622E-06  0.00000E+00  1.0E-07
  7.150E+01  3.41348E-01  4.06876E-23  1.45298E-06  0.00000E+00  1.0E-07
  7.200E+01  3.45492E-01  3.97823E-23  1.42065E-06  0.00000E+00  1.0E-07
  7.250E+01  3.49647E-01  3.89017E-23  1.38920E-06  0.00000E+00  1.0E-07
  7.300E+01  3.53814E-01  3.80448E-23  1.35860E-06  0.00000E+00  1.0E-07
  7.350E+01  3.57992E-01  3.72108E-23  1.32882E-06  0.00000E+00  1.0E-07
  7.400E+01  3.62181E-01  3.63990E-23  1.29983E-06  0.00000E+00  1.0E-07
  7.450E+01  3.66381E-01  3.56086E-23  1.27161E-06  0.00000E+00  1.0E-07
  7.500E+01  3.70590E-01  3.48388E-23  1.24412E-06  0.00000E+00  1.0E-07
  7.550E+01  3.74810E-01  3.40890E-23  1.21734E-06  0.00000E+00  1.0E-07
  7.600E+01  3.79039E-01  3.33585E-23  1.19125E-06  0.00000E+00  1.0E-07
  7.650E+01  3.83277E-01  3.26467E-23  1.16584E-06  0.00000E+00  1.0E-07
  7.700E+01  3.87524E-01  3.19530E-23  1.14106E-06  0.00000E+00  1.0E-07
  7.750E+01  3.91780E-01  3.12768E-23  1.11691E-06  0.00000E+00  1.0E-07
  7.800E+01  3.96044E-01  3.06175E-23  1.09337E-06  0.00000E+00  1.0E-07
  7.850E+01  4.00316E-01  2.99746E-23  1.07041E-06  0.00000E+00  1.0E-07
  7.900E+01  4.04596E-01  2.93476E-23  1.04802E-06  0.00000E+00  1.0E-07
  7.950E+01  4.08882E-01  2.87359E-23  1.02618E-06  0.00000E+00  1.0E-07
  8.000E+01  4.13176E-01  2.81391E-23  1.00486E-06  0.00000E+00  1.0E-07
  8.050E+01  4.17476E-01  2.75567E-23  9.84066E-07  0.00000E+00  1.0E-07
  8.100E+01  4.21783E-01  2.69882E-23  9.63767E-07  0.00000E+00  1.0E-07
  8.150E+01  4.26095E-01  2.64334E-23  9.43952E-07  0.00000E+00  1.0E-07
  8.200E+01  4.30413E-01  2.58916E-23  9.24607E-07  0.00000E+00  1.0E-07
  8.250E+01  4.34737E-01  2.53627E-23  9.05717E-07  0.00000E+00  1.0E-07
  8.300E+01  4.39065E-01  2.48460E-23  8.87268E-07  0.00000E+00  1.0E-07
  8.350E+01  4.43398E-01  2.43414E-23  8.69249E-07  0.00000E+00  1.0E-07
  8.400E+01  4.47736E-01  2.38485E-23  8.51645E-07  0.00000E+00  1.0E-07
  8.450E+01  4.52077E-01  2.33668E-23  8.34445E-07  0.00000E+00  1.0E-07
  8.500E+01  4.56422E-01  2.28961E-23  8.17636E-07  0.00000E+00  1.0E-07
  8.550E+01  4.60770E-01  2.24361E-23  8.01207E-07  0.00000E+00  1.0E-07
  8.600E+01  4.65122E-01  2.19864E-23  7.85149E-07  0.00000E+00  1.0E-07
  8.650E+01  4.69476E-01  2.15468E-23  7.69449E-07  0.00000E+00  1.0E-07
  8.700E+01  4.73832E-01  2.11169E-23  7.54098E-07  0.00000E+00  1.0E-07
  8.750E+01  4.78190E-01  2.06965E-23  7.39087E-07  0.00000E+00  1.0E-07
  8.800E+01  4.82550E-01  2.02854E-23  7.24406E-07  0.00000E+00  1.0E-07
  8.850E+01  4.86912E-01  1.98833E-23  7.10045E-07  0.00000E+00  1.0E-07
  8.900E+01  4.91274E-01  1.94899E-23  6.95997E-07  0.00000E+00  1.0E-07
  8.950E+01  4.95637E-01  1.91050E-23  6.82252E-07  0.00000E+00  1.0E-07
  9.000E+01  5.00000E-01  1.87284E-23  6.68802E-07  0.00000E+00  1.0E-07
  9.050E+01  5.04363E-01  1.83598E-23  6.55640E-07  0.00000E+00  1.0E-07
  9.100E+01  5.08726E-01  1.79990E-23  6.42756E-07  0.00000E+00  1.0E-07
  9.150E+01  5.13088E-01  1.76458E-23  6.30144E-07  0.00000E+00  1.0E-07
  9.200E+01  5.17450E-01  1.73001E-23  6.17797E-07  0.00000E+00  1.0E-07
  9.250E+01  5.21810E-01  1.69615E-23  6.05708E-07  0.00000E+00  1.0E-07
  9.300E+01  5.26168E-01  1.66301E-23  5.93870E-07  0.00000E+00  1.0E-07
  9.350E+01  5.30524E-01  1.63054E-23  5.82277E-07  0.00000E+00  1.0E-07
  9.400E+01  5.34878E-01  1.59875E-23  5.70923E-07  0.00000E+00  1.0E-07
  9.450E+01  5.39230E-01  1.56760E-23  5.59802E-07  0.00000E+00  1.0E-07
  9.500E+01  5.43578E-01  1.53710E-23  5.48907E-07  0.00000E+00  1.0E-07
  9.550E+01  5.47923E-01  1.50720E-23  5.38233E-07  0.00000E+00  1.0E-07
  9.600E+01  5.52264E-01  1.47792E-23  5.27773E-07  0.00000E+00  1.0E-07
  9.650E+01  5.56602E-01  1.44921E-23  5.17523E-07  0.00000E+00  1.0E-07
  9.700E+01  5.60935E-01  1.42108E-23  5.07477E-07  0.00000E+00  1.0E-07
  9.750E+01  5.65263E-01  1.39351E-23  4.97631E-07  0.00000E+00  1.0E-07
  9.800E+01  5.69587E-01  1.36648E-23  4.87979E-07  0.00000E+00  1.0E-07
  9.850E+01  5.73905E-01  1.33999E-23  4.78518E-07  0.00000E+00  1.0E-07
  9.900E+01  5.78217E-01  1.31401E-23  4.69243E-07  0.00000E+00  1.0E-07
  9.950E+01  5.82524E-01  1.28855E-23  4.60148E-07  0.00000E+00  1.0E-07
  1.000E+02  5.86824E-01  1.26358E-23  4.51231E-07  0.00000E+00  1.0E-07
  1.005E+02  5.91118E-01  1.23909E-23  4.42487E-07  0.00000E+00  1.0E-07
  1.010E+02  5.95404E-01  1.21507E-23  4.33911E-07  0.00000E+00  1.0E-07
  1.015E+02  5.99684E-01  1.19151E-23  4.25497E-07  0.00000E+00  1.0E-07
  1.020E+02  6.03956E-01  1.16840E-23  4.17245E-07  0.00000E+00  1.0E-07
  1.025E+02  6.08220E-01  1.14573E-23  4.09149E-07  0.00000E+00  1.0E-07
  1.030E+02  6.12476E-01  1.12349E-23  4.01206E-07  0.00000E+00  1.0E-07
  1.035E+02  6.16723E-01  1.10167E-23  3.93414E-07  0.00000E+00  1.0E-07
  1.040E+02  6.20961E-01  1.08026E-23  3.85769E-07  0.00000E+00  1.0E-07
  1.045E+02  6.25190E-01  1.05925E-23  3.78267E-07  0.00000E+00  1.0E-07
  1.050E+02  6.29410E-01  1.03864E-23  3.70905E-07  0.00000E+00  1.0E-07
  1.055E+02  6.33619E-01  1.01841E-23  3.63679E-07  0.00000E+00  1.0E-07
  1.060E+02  6.37819E-01  9.98547E-24  3.56587E-07  0.00000E+00  1.0E-07
  1.065E+02  6.42008E-01  9.79053E-24  3.49626E-07  0.00000E+00  1.0E-07
  1.070E+02  6.46186E-01  9.59918E-24  3.42793E-07  0.00000E+00  1.0E-07
  1.075E+02  6.50353E-01  9.41132E-24  3.36084E-07  0.00000E+00  1.0E-07
  1.080E+02  6.54508E-01  9.22690E-24  3.29499E-07  0.00000E+00  1.0E-07
  1.085E+02  6.58652E-01  9.04583E-24  3.23032E-07  0.00000E+00  1.0E-07
  1.090E+02  6.62784E-01  8.86805E-24  3.16684E-07  0.00000E+00  1.0E-07
  1.095E+02  6.66903E-01  8.69348E-24  3.10450E-07  0.00000E+00  1.0E-07
  1.100E+02  6.71010E-01  8.52207E-24  3.04329E-07  0.00000E+00  1.0E-07
  1.105E+02  6.75104E-01  8.35373E-24  2.98317E-07  0.00000E+00  1.0E-07
  1.110E+02  6.79184E-01  8.18842E-24  2.92414E-07  0.00000E+00  1.0E-07
  1.115E+02  6.83251E-01  8.02605E-24  2.86616E-07  0.00000E+00  1.0E-07
  1.120E+02  6.87303E-01  7.86658E-24  2.80921E-07  0.00000E+00  1.0E-07
  1.125E+02  6.91342E-01  7.70994E-24  2.75327E-07  0.00000E+00  1.0E-07
  1.130E+02  6.95366E-01  7.55607E-24  2.69832E-07  0.00000E+00  1.0E-07
  1.135E+02  6.99375E-01  7.40492E-24  2.64435E-07  0.00000E+00  1.0E-07
  1.140E+02  7.03368E-01  7.25644E-24  2.59132E-07  0.00000E+00  1.0E-07
  1.145E+02  7.07347E-01  7.11056E-24  2.53923E-07  0.00000E+00  1.0E-07
  1.150E+02  7.11309E-01  6.96725E-24  2.48805E-07  0.00000E+00  1.0E-07
  1.155E+02  7.15256E-01  6.82645E-24  2.43777E-07  0.00000E+00  1.0E-07
  1.160E+02  7.19186E-01  6.68810E-24  2.38837E-07  0.00000E+00  1.0E-07
  1.165E+02  7.23099E-01  6.55217E-24  2.33982E-07  0.00000E+00  1.0E-07
  1.170E+02  7.26995E-01  6.41861E-24  2.29213E-07  0.00000E+00  1.0E-07
  1.175E+02  7.30874E-01  6.28737E-24  2.24526E-07  0.00000E+00  1.0E-07
  1.180E+02  7.34736E-01  6.15840E-24  2.19920E-07  0.00000E+00  1.0E-07
  1.185E+02  7.38579E-01  6.03166E-24  2.15395E-07  0.00000E+00  1.0E-07
  1.190E+02  7.42405E-01  5.90711E-24  2.10947E-07  0.00000E+00  1.0E-07
  1.195E+02  7.46212E-01  5.78471E-24  2.06576E-07  0.00000E+00  1.0E-07
  1.200E+02  7.50000E-01  5.66442E-24  2.02280E-07  0.00000E+00  1.0E-07
  1.205E+02  7.53769E-01  5.54620E-24  1.98058E-07  0.00000E+00  1.0E-07
  1.210E+02  7.57519E-01  5.43001E-24  1.93909E-07  0.00000E+00  1.0E-07
  1.215E+02  7.61249E-01  5.31581E-24  1.89831E-07  0.00000E+00  1.0E-07
  1.220E+02  7.64960E-01  5.20357E-24  1.85823E-07  0.00000E+00  1.0E-07
  1.225E+02  7.68650E-01  5.09325E-24  1.81883E-07  0.00000E+00  1.0E-07
  1.230E+02  7.72320E-01  4.98482E-24  1.78011E-07  0.00000E+00  1.0E-07
  1.235E+02  7.75968E-01  4.87824E-24  1.74205E-07  0.00000E+00  1.0E-07
  1.240E+02  7.79596E-01  4.77349E-24  1.70464E-07  0.00000E+00  1.0E-07
  1.245E+02  7.83203E-01  4.67052E-24  1.66787E-07  0.00000E+00  1.0E-07
  1.250E+02  7.86788E-01  4.56931E-24  1.63173E-07  0.00000E+00  1.0E-07
  1.255E+02  7.90351E-01  4.46983E-24  1.59621E-07  0.00000E+00  1.0E-07
  1.260E+02  7.93893E-01  4.37205E-24  1.56129E-07  0.00000E+00  1.0E-07
  1.265E+02  7.97411E-01  4.27593E-24  1.52696E-07  0.00000E+00  1.0E-07
  1.270E+02  8.00908E-01  4.18146E-24  1.49322E-07  0.00000E+00  1.0E-07
  1.275E+02  8.04381E-01  4.08859E-24  1.46006E-07  0.00000E+00  1.0E-07
  1.280E+02  8.07831E-01  3.99731E-24  1.42746E-07  0.00000E+00  1.0E-07
  1.285E+02  8.11257E-01  3.90759E-24  1.39542E-07  0.00000E+00  1.0E-07
  1.290E+02  8.14660E-01  3.81939E-24  1.36393E-07  0.00000E+00  1.0E-07
  1.295E+02  8.18039E-01  3.73271E-24  1.33298E-07  0.00000E+00  1.0E-07
  1.300E+02  8.21394E-01  3.64751E-24  1.30255E-07  0.00000E+00  1.0E-07
  1.305E+02  8.24724E-01  3.56377E-24  1.27264E-07  0.00000E+00  1.0E-07
  1.310E+02  8.28030E-01  3.48146E-24  1.24325E-07  0.00000E+00  1.0E-07
  1.315E+02  8.31310E-01  3.40057E-24  1.21436E-07  0.00000E+00  1.0E-07
  1.320E+02  8.34565E-01  3.32106E-24  1.18597E-07  0.00000E+00  1.0E-07
  1.325E+02  8.37795E-01  3.24292E-24  1.15807E-07  0.00000E+00  1.0E-07
  1.330E+02  8.40999E-01  3.16613E-24  1.13065E-07  0.00000E+00  1.0E-07
  1.335E+02  8.44177E-01  3.09067E-24  1.10370E-07  0.00000E+00  1.0E-07
  1.340E+02  8.47329E-01  3.01651E-24  1.07722E-07  0.00000E+00  1.0E-07
  1.345E+02  8.50455E-01  2.94363E-24  1.05119E-07  0.00000E+00  1.0E-07
  1.350E+02  8.53553E-01  2.87203E-24  1.02562E-07  0.00000E+00  1.0E-07
  1.355E+02  8.56625E-01  2.80166E-24  1.00049E-07  0.00000E+00  1.0E-07
  1.360E+02  8.59670E-01  2.73253E-24  9.75803E-08  0.00000E+00  1.0E-07
  1.365E+02  8.62687E-01  2.66460E-24  9.51547E-08  0.00000E+00  1.0E-07
  1.370E+02  8.65677E-01  2.59787E-24  9.27716E-08  0.00000E+00  1.0E-07
  1.375E+02  8.68639E-01  2.53231E-24  9.04305E-08  0.00000E+00  1.0E-07
  1.380E+02  8.71572E-01  2.46791E-24  8.81307E-08  0.00000E+00  1.0E-07
  1.385E+02  8.74478E-01  2.40465E-24  8.58717E-08  0.00000E+00  1.0E-07
  1.390E+02  8.77355E-01  2.34252E-24  8.36528E-08  0.00000E+00  1.0E-07
  1.395E+02  8.80203E-01  2.28149E-24  8.14736E-08  0.00000E+00  1.0E-07
  1.400E+02  8.83022E-01  2.22156E-24  7.93335E-08  0.00000E+00  1.0E-07
  1.405E+02  8.85812E-01  2.16271E-24  7.72319E-08  0.00000E+00  1.0E-07
  1.410E+02  8.88573E-01  2.10493E-24  7.51683E-08  0.00000E+00  1.0E-07
  1.415E+02  8.91304E-01  2.04819E-24  7.31422E-08  0.00000E+00  1.0E-07
  1.420E+02  8.94005E-01  1.99249E-24  7.11530E-08  0.00000E+00  1.0E-07
  1.425E+02  8.96677E-01  1.93781E-24  6.92004E-08  0.00000E+00  1.0E-07
  1.430E+02  8.99318E-01  1.88414E-24  6.72838E-08  0.00000E+00  1.0E-07
  1.435E+02  9.01928E-01  1.83146E-24  6.54028E-08  0.00000E+00  1.0E-07
  1.440E+02  9.04508E-01  1.77977E-24  6.35568E-08  0.00000E+00  1.0E-07
  1.445E+02  9.07058E-01  1.72905E-24  6.17455E-08  0.00000E+00  1.0E-07
  1.450E+02  9.09576E-01  1.67929E-24  5.99684E-08  0.00000E+00  1.0E-07
  1.455E+02  9.12063E-01  1.63047E-24  5.82251E-08  0.00000E+00  1.0E-07
  1.460E+02  9.14519E-01  1.58258E-24  5.65151E-08  0.00000E+00  1.0E-07
  1.465E+02  9.16943E-01  1.53562E-24  5.48381E-08  0.00000E+00  1.0E-07
  1.470E+02  9.19335E-01  1.48958E-24  5.31937E-08  0.00000E+00  1.0E-07
  1.475E+02  9.21696E-01  1.44443E-24  5.15815E-08  0.00000E+00  1.0E-07
  1.480E+02  9.24024E-01  1.40017E-24  5.00010E-08  0.00000E+00  1.0E-07
  1.485E+02  9.26320E-01  1.35679E-24  4.84520E-08  0.00000E+00  1.0E-07
  1.490E+02  9.28584E-01  1.31429E-24  4.69341E-08  0.00000E+00  1.0E-07
  1.495E+02  9.30815E-01  1.27264E-24  4.54469E-08  0.00000E+00  1.0E-07
  1.500E+02  9.33013E-01  1.23185E-24  4.39900E-08  0.00000E+00  1.0E-07
  1.505E+02  9.35178E-01  1.19189E-24  4.25633E-08  0.00000E+00  1.0E-07
  1.510E+02  9.37310E-01  1.15277E-24  4.11662E-08  0.00000E+00  1.0E-07
  1.515E+02  9.39409E-01  1.11447E-24  3.97985E-08  0.00000E+00  1.0E-07
  1.520E+02  9.41474E-01  1.07699E-24  3.84600E-08  0.00000E+00  1.0E-07
  1.525E+02  9.43505E-01  1.04031E-24  3.71502E-08  0.00000E+00  1.0E-07
  1.530E+02  9.45503E-01  1.00443E-24  3.58689E-08  0.00000E+00  1.0E-07
  1.535E+02  9.47467E-01  9.69341E-25  3.46158E-08  0.00000E+00  1.0E-07
  1.540E+02  9.49397E-01  9.35033E-25  3.33906E-08  0.00000E+00  1.0E-07
  1.545E+02  9.51293E-01  9.01499E-25  3.21931E-08  0.00000E+00  1.0E-07
  1.550E+02  9.53154E-01  8.68732E-25  3.10230E-08  0.00000E+00  1.0E-07
  1.555E+02  9.54981E-01  8.36724E-25  2.98800E-08  0.00000E+00  1.0E-07
  1.560E+02  9.56773E-01  8.05469E-25  2.87638E-08  0.00000E+00  1.0E-07
  1.565E+02  9.58530E-01  7.74960E-25  2.76743E-08  0.00000E+00  1.0E-07
  1.570E+02  9.60252E-01  7.45189E-25  2.66112E-08  0.00000E+00  1.0E-07
  1.575E+02  9.61940E-01  7.16151E-25  2.55742E-08  0.00000E+00  1.0E-07
  1.580E+02  9.63592E-01  6.87839E-25  2.45632E-08  0.00000E+00  1.0E-07
  1.585E+02  9.65209E-01  6.60246E-25  2.35778E-08  0.00000E+00  1.0E-07
  1.590E+02  9.66790E-01  6.33368E-25  2.26180E-08  0.00000E+00  1.0E-07
  1.595E+02  9.68336E-01  6.07198E-25  2.16834E-08  0.00000E+00  1.0E-07
  1.600E+02  9.69846E-01  5.81730E-25  2.07739E-08  0.00000E+00  1.0E-07
  1.605E+02  9.71321E-01  5.56959E-25  1.98894E-08  0.00000E+00  1.0E-07
  1.610E+02  9.72759E-01  5.32879E-25  1.90295E-08  0.00000E+00  1.0E-07
  1.615E+02  9.74162E-01  5.09487E-25  1.81941E-08  0.00000E+00  1.0E-07
  1.620E+02  9.75528E-01  4.86775E-25  1.73831E-08  0.00000E+00  1.0E-07
  1.625E+02  9.76858E-01  4.64741E-25  1.65962E-08  0.00000E+00  1.0E-07
  1.630E+02  9.78152E-01  4.43378E-25  1.58333E-08  0.00000E+00  1.0E-07
  1.635E+02  9.79410E-01  4.22683E-25  1.50943E-08  0.00000E+00  1.0E-07
  1.640E+02  9.80631E-01  4.02651E-25  1.43789E-08  0.00000E+00  1.0E-07
  1.645E+02  9.81815E-01  3.83277E-25  1.36871E-08  0.00000E+00  1.0E-07
  1.650E+02  9.82963E-01  3.64559E-25  1.30186E-08  0.00000E+00  1.0E-07
  1.655E+02  9.84074E-01  3.46491E-25  1.23734E-08  0.00000E+00  1.0E-07
  1.660E+02  9.85148E-01  3.29070E-25  1.17513E-08  0.00000E+00  1.0E-07
  1.665E+02  9.86185E-01  3.12293E-25  1.11522E-08  0.00000E+00  1.0E-07
  1.670E+02  9.87185E-01  2.96155E-25  1.05759E-08  0.00000E+00  1.0E-07
  1.675E+02  9.88148E-01  2.80654E-25  1.00224E-08  0.00000E+00  1.0E-07
  1.680E+02  9.89074E-01  2.65787E-25  9.49142E-09  0.00000E+00  1.0E-07
  1.685E+02  9.89962E-01  2.51549E-25  8.98299E-09  0.00000E+00  1.0E-07
  1.690E+02  9.90814E-01  2.37939E-25  8.49696E-09  0.00000E+00  1.0E-07
  1.695E+02  9.91627E-01  2.24953E-25  8.03322E-09  0.00000E+00  1.0E-07
  1.700E+02  9.92404E-01  2.12589E-25  7.59169E-09  0.00000E+00  1.0E-07
  1.705E+02  9.93143E-01  2.00844E-25  7.17227E-09  0.00000E+00  1.0E-07
  1.710E+02  9.93844E-01  1.89716E-25  6.77487E-09  0.00000E+00  1.0E-07
  1.715E+02  9.94508E-01  1.79202E-25  6.39941E-09  0.00000E+00  1.0E-07
  1.720E+02  9.95134E-01  1.69300E-25  6.04582E-09  0.00000E+00  1.0E-07
  1.725E+02  9.95722E-01  1.60009E-25  5.71402E-09  0.00000E+00  1.0E-07
  1.730E+02  9.96273E-01  1.51326E-25  5.40394E-09  0.00000E+00  1.0E-07
  1.735E+02  9.96786E-01  1.43249E-25  5.11552E-09  0.00000E+00  1.0E-07
  1.740E+02  9.97261E-01  1.35778E-25  4.84870E-09  0.00000E+00  1.0E-07
  1.745E+02  9.97698E-01  1.28909E-25  4.60343E-09  0.00000E+00  1.0E-07
  1.750E+02  9.98097E-01  1.22643E-25  4.37965E-09  0.00000E+00  1.0E-07
  1.755E+02  9.98459E-01  1.16977E-25  4.17733E-09  0.00000E+00  1.0E-07
  1.760E+02  9.98782E-01  1.11911E-25  3.99641E-09  0.00000E+00  1.0E-07
  1.765E+02  9.99067E-01  1.07443E-25  3.83686E-09  0.00000E+00  1.0E-07
  1.770E+02  9.99315E-01  1.03573E-25  3.69866E-09  0.00000E+00  1.0E-07
  1.775E+02  9.99524E-01  1.00299E-25  3.58176E-09  0.00000E+00  1.0E-07
  1.780E+02  9.99695E-01  9.76221E-26  3.48615E-09  0.00000E+00  1.0E-07
  1.785E+02  9.99829E-01  9.55402E-26  3.41180E-09  0.00000E+00  1.0E-07
  1.790E+02  9.99924E-01  9.40535E-26  3.35871E-09  0.00000E+00  1.0E-07
  1.795E+02  9.99981E-01  9.31616E-26  3.32686E-09  0.00000E+00  1.0E-07
  1.800E+02  1.00000E+00  9.28643E-26  3.31624E-09  0.00000E+00  1.0E-07
