 #
 # Subroutine ELSEPA. Elastic scattering of electrons and positrons
 #                    by neutral atoms and positive ions
 #
 # Projectile: electron
 # Kinetic energy = 3.70000E+06 eV = 1.35973E+05 a.u.
 #
 # WARNING: High-energy factorization with free-atom DF screening.
 #          Absorption, polarization and exchange corrections are
 #          switched off.
 #          Phase shifts are calculated for the bare nucleus.
 #          Scattering amplitudes are not evaluated.
 #
 # Element: Ir,  Z =  77,  atomic weight = 1.92217E+02 g/mol
 #
 # Nuclear model: Fermi distribution
 #                Average radius = 6.17515E-13 cm
 #                Skin thickness = 5.46000E-14 cm
 #
 # Number of electrons = 77
 #
 # Total elastic cross section = 7.86941E-18 cm**2 = 2.81022E-01 a0**2
 # 1st transport cross section = 5.47542E-22 cm**2 = 1.95531E-05 a0**2
 # 2nd transport cross section = 1.46563E-21 cm**2 = 5.23387E-05 a0**2
 #
 #
 # Differential cross section:                       MU=(1-COS(THETA))/2
 #
 #  THETA        MU          DCS          DCS        Sherman      error
 #  (deg)                 (cm**2/sr)   (a0**2/sr)    function
 #----------------------------------------------------------------------
  0.000E+00  0.00000E+00  8.69431E-13  3.10479E+04  0.00000E+00  1.0E-05
  1.000E-04  7.61557E-13  8.69428E-13  3.10478E+04  0.00000E+00  1.0E-05
  1.250E-04  1.18994E-12  8.69426E-13  3.10478E+04  0.00000E+00  1.0E-05
  1.500E-04  1.71346E-12  8.69424E-13  3.10477E+04  0.00000E+00  1.0E-05
  1.750E-04  2.33225E-12  8.69422E-13  3.10476E+04  0.00000E+00  1.0E-05
  2.000E-04  3.04617E-12  8.69419E-13  3.10475E+04  0.00000E+00  1.0E-05
  2.250E-04  3.85530E-12  8.69416E-13  3.10474E+04  0.00000E+00  1.0E-05
  2.500E-04  4.75964E-12  8.69412E-13  3.10473E+04  0.00000E+00  1.0E-05
  2.750E-04  5.75917E-12  8.69408E-13  3.10471E+04  0.00000E+00  1.0E-05
  3.000E-04  6.85391E-12  8.69404E-13  3.10470E+04  0.00000E+00  1.0E-05
  3.250E-04  8.04379E-12  8.69400E-13  3.10468E+04  0.00000E+00  1.0E-05
  3.500E-04  9.32893E-12  8.69395E-13  3.10466E+04  0.00000E+00  1.0E-05
  3.750E-04  1.07092E-11  8.69389E-13  3.10464E+04  0.00000E+00  1.0E-05
  4.000E-04  1.21847E-11  8.69383E-13  3.10462E+04  0.00000E+00  1.0E-05
  4.250E-04  1.37554E-11  8.69377E-13  3.10460E+04  0.00000E+00  1.0E-05
  4.500E-04  1.54213E-11  8.69371E-13  3.10458E+04  0.00000E+00  1.0E-05
  4.750E-04  1.71823E-11  8.69364E-13  3.10455E+04  0.00000E+00  1.0E-05
  5.000E-04  1.90386E-11  8.69356E-13  3.10453E+04  0.00000E+00  1.0E-05
  5.250E-04  2.09900E-11  8.69349E-13  3.10450E+04  0.00000E+00  1.0E-05
  5.500E-04  2.30367E-11  8.69341E-13  3.10447E+04  0.00000E+00  1.0E-05
  5.750E-04  2.51785E-11  8.69332E-13  3.10444E+04  0.00000E+00  1.0E-05
  6.000E-04  2.74156E-11  8.69323E-13  3.10441E+04  0.00000E+00  1.0E-05
  6.250E-04  2.97478E-11  8.69314E-13  3.10438E+04  0.00000E+00  1.0E-05
  6.500E-04  3.21752E-11  8.69305E-13  3.10434E+04  0.00000E+00  1.0E-05
  6.750E-04  3.46979E-11  8.69295E-13  3.10431E+04  0.00000E+00  1.0E-05
  7.000E-04  3.73157E-11  8.69285E-13  3.10427E+04  0.00000E+00  1.0E-05
  7.250E-04  4.00286E-11  8.69274E-13  3.10423E+04  0.00000E+00  1.0E-05
  7.500E-04  4.28368E-11  8.69263E-13  3.10419E+04  0.00000E+00  1.0E-05
  7.750E-04  4.57402E-11  8.69251E-13  3.10415E+04  0.00000E+00  1.0E-05
  8.000E-04  4.87388E-11  8.69240E-13  3.10411E+04  0.00000E+00  1.0E-05
  8.250E-04  5.18325E-11  8.69227E-13  3.10407E+04  0.00000E+00  1.0E-05
  8.500E-04  5.50215E-11  8.69215E-13  3.10402E+04  0.00000E+00  1.0E-05
  8.750E-04  5.83057E-11  8.69202E-13  3.10398E+04  0.00000E+00  1.0E-05
  9.000E-04  6.16850E-11  8.69189E-13  3.10393E+04  0.00000E+00  1.0E-05
  9.250E-04  6.51595E-11  8.69175E-13  3.10388E+04  0.00000E+00  1.0E-05
  9.500E-04  6.87293E-11  8.69161E-13  3.10383E+04  0.00000E+00  1.0E-05
  9.750E-04  7.23943E-11  8.69146E-13  3.10378E+04  0.00000E+00  1.0E-05
  1.000E-03  7.61544E-11  8.69132E-13  3.10373E+04  0.00000E+00  1.0E-05
  1.250E-03  1.18991E-10  8.68963E-13  3.10312E+04  0.00000E+00  1.0E-05
  1.500E-03  1.71347E-10  8.68757E-13  3.10239E+04  0.00000E+00  1.0E-05
  1.750E-03  2.33223E-10  8.68513E-13  3.10152E+04  0.00000E+00  1.0E-05
  2.000E-03  3.04617E-10  8.68232E-13  3.10051E+04  0.00000E+00  1.0E-05
  2.250E-03  3.85531E-10  8.67914E-13  3.09938E+04  0.00000E+00  1.0E-05
  2.500E-03  4.75965E-10  8.67558E-13  3.09811E+04  0.00000E+00  1.0E-05
  2.750E-03  5.75917E-10  8.67166E-13  3.09670E+04  0.00000E+00  1.0E-05
  3.000E-03  6.85389E-10  8.66736E-13  3.09517E+04  0.00000E+00  1.0E-05
  3.250E-03  8.04380E-10  8.66269E-13  3.09350E+04  0.00000E+00  1.0E-05
  3.500E-03  9.32891E-10  8.65765E-13  3.09170E+04  0.00000E+00  1.0E-05
  3.750E-03  1.07092E-09  8.65225E-13  3.08977E+04  0.00000E+00  1.0E-05
  4.000E-03  1.21847E-09  8.64647E-13  3.08771E+04  0.00000E+00  1.0E-05
  4.250E-03  1.37554E-09  8.64034E-13  3.08552E+04  0.00000E+00  1.0E-05
  4.500E-03  1.54213E-09  8.63384E-13  3.08320E+04  0.00000E+00  1.0E-05
  4.750E-03  1.71823E-09  8.62697E-13  3.08075E+04  0.00000E+00  1.0E-05
  5.000E-03  1.90386E-09  8.61975E-13  3.07817E+04  0.00000E+00  1.0E-05
  5.250E-03  2.09900E-09  8.61217E-13  3.07546E+04  0.00000E+00  1.0E-05
  5.500E-03  2.30367E-09  8.60423E-13  3.07263E+04  0.00000E+00  1.0E-05
  5.750E-03  2.51785E-09  8.59593E-13  3.06966E+04  0.00000E+00  1.0E-05
  6.000E-03  2.74156E-09  8.58728E-13  3.06657E+04  0.00000E+00  1.0E-05
  6.250E-03  2.97478E-09  8.57828E-13  3.06336E+04  0.00000E+00  1.0E-05
  6.500E-03  3.21752E-09  8.56892E-13  3.06002E+04  0.00000E+00  1.0E-05
  6.750E-03  3.46978E-09  8.55922E-13  3.05655E+04  0.00000E+00  1.0E-05
  7.000E-03  3.73156E-09  8.54917E-13  3.05297E+04  0.00000E+00  1.0E-05
  7.250E-03  4.00286E-09  8.53879E-13  3.04926E+04  0.00000E+00  1.0E-05
  7.500E-03  4.28368E-09  8.52805E-13  3.04542E+04  0.00000E+00  1.0E-05
  7.750E-03  4.57402E-09  8.51698E-13  3.04147E+04  0.00000E+00  1.0E-05
  8.000E-03  4.87388E-09  8.50557E-13  3.03739E+04  0.00000E+00  1.0E-05
  8.250E-03  5.18326E-09  8.49383E-13  3.03320E+04  0.00000E+00  1.0E-05
  8.500E-03  5.50215E-09  8.48175E-13  3.02889E+04  0.00000E+00  1.0E-05
  8.750E-03  5.83057E-09  8.46935E-13  3.02446E+04  0.00000E+00  1.0E-05
  9.000E-03  6.16850E-09  8.45661E-13  3.01991E+04  0.00000E+00  1.0E-05
  9.250E-03  6.51596E-09  8.44356E-13  3.01525E+04  0.00000E+00  1.0E-05
  9.500E-03  6.87293E-09  8.43019E-13  3.01047E+04  0.00000E+00  1.0E-05
  9.750E-03  7.23942E-09  8.41649E-13  3.00558E+04  0.00000E+00  1.0E-05
  1.000E-02  7.61544E-09  8.40248E-13  3.00058E+04  0.00000E+00  1.0E-05
  1.250E-02  1.18991E-08  8.24569E-13  2.94459E+04  0.00000E+00  1.0E-05
  1.500E-02  1.71347E-08  8.05995E-13  2.87826E+04  0.00000E+00  1.0E-05
  1.750E-02  2.33223E-08  7.85050E-13  2.80347E+04  0.00000E+00  1.0E-05
  2.000E-02  3.04617E-08  7.62114E-13  2.72156E+04  0.00000E+00  1.0E-05
  2.250E-02  3.85531E-08  7.37423E-13  2.63339E+04  0.00000E+00  1.0E-05
  2.500E-02  4.75965E-08  7.11387E-13  2.54041E+04  0.00000E+00  1.0E-05
  2.750E-02  5.75917E-08  6.84511E-13  2.44443E+04  0.00000E+00  1.0E-05
  3.000E-02  6.85389E-08  6.57163E-13  2.34677E+04  0.00000E+00  1.0E-05
  3.250E-02  8.04380E-08  6.29514E-13  2.24803E+04  0.00000E+00  1.0E-05
  3.500E-02  9.32891E-08  6.01766E-13  2.14895E+04  0.00000E+00  1.0E-05
  3.750E-02  1.07092E-07  5.74383E-13  2.05116E+04  0.00000E+00  1.0E-05
  4.000E-02  1.21847E-07  5.47568E-13  1.95540E+04  0.00000E+00  1.0E-05
  4.250E-02  1.37554E-07  5.21405E-13  1.86197E+04  0.00000E+00  1.0E-05
  4.500E-02  1.54213E-07  4.95836E-13  1.77066E+04  0.00000E+00  1.0E-05
  4.750E-02  1.71823E-07  4.71230E-13  1.68279E+04  0.00000E+00  1.0E-05
  5.000E-02  1.90386E-07  4.47648E-13  1.59858E+04  0.00000E+00  1.0E-05
  5.250E-02  2.09900E-07  4.25119E-13  1.51813E+04  0.00000E+00  1.0E-05
  5.500E-02  2.30367E-07  4.03411E-13  1.44061E+04  0.00000E+00  1.0E-05
  5.750E-02  2.51785E-07  3.82805E-13  1.36702E+04  0.00000E+00  1.0E-05
  6.000E-02  2.74156E-07  3.63283E-13  1.29731E+04  0.00000E+00  1.0E-05
  6.250E-02  2.97478E-07  3.44816E-13  1.23136E+04  0.00000E+00  1.0E-05
  6.500E-02  3.21752E-07  3.27213E-13  1.16850E+04  0.00000E+00  1.0E-05
  6.750E-02  3.46978E-07  3.10580E-13  1.10910E+04  0.00000E+00  1.0E-05
  7.000E-02  3.73156E-07  2.94905E-13  1.05313E+04  0.00000E+00  1.0E-05
  7.250E-02  4.00286E-07  2.80141E-13  1.00040E+04  0.00000E+00  1.0E-05
  7.500E-02  4.28368E-07  2.66151E-13  9.50441E+03  0.00000E+00  1.0E-05
  7.750E-02  4.57402E-07  2.52937E-13  9.03254E+03  0.00000E+00  1.0E-05
  8.000E-02  4.87388E-07  2.40506E-13  8.58862E+03  0.00000E+00  1.0E-05
  8.250E-02  5.18325E-07  2.28809E-13  8.17090E+03  0.00000E+00  1.0E-05
  8.500E-02  5.50215E-07  2.17755E-13  7.77619E+03  0.00000E+00  1.0E-05
  8.750E-02  5.83057E-07  2.07298E-13  7.40274E+03  0.00000E+00  1.0E-05
  9.000E-02  6.16850E-07  1.97456E-13  7.05128E+03  0.00000E+00  1.0E-05
  9.250E-02  6.51596E-07  1.88188E-13  6.72032E+03  0.00000E+00  1.0E-05
  9.500E-02  6.87293E-07  1.79439E-13  6.40790E+03  0.00000E+00  1.0E-05
  9.750E-02  7.23942E-07  1.71139E-13  6.11149E+03  0.00000E+00  1.0E-05
  1.000E-01  7.61543E-07  1.63316E-13  5.83212E+03  0.00000E+00  1.0E-05
  1.250E-01  1.18991E-06  1.04895E-13  3.74586E+03  0.00000E+00  1.0E-05
  1.500E-01  1.71347E-06  6.92988E-14  2.47471E+03  0.00000E+00  1.0E-05
  1.750E-01  2.33223E-06  4.81967E-14  1.72113E+03  0.00000E+00  1.0E-05
  2.000E-01  3.04617E-06  3.46041E-14  1.23574E+03  0.00000E+00  1.0E-05
  2.250E-01  3.85531E-06  2.53634E-14  9.05744E+02  0.00000E+00  1.0E-05
  2.500E-01  4.75964E-06  1.90270E-14  6.79466E+02  0.00000E+00  1.0E-05
  2.750E-01  5.75916E-06  1.46012E-14  5.21418E+02  0.00000E+00  1.0E-05
  3.000E-01  6.85388E-06  1.14154E-14  4.07650E+02  0.00000E+00  1.0E-05
  3.250E-01  8.04378E-06  9.04525E-15  3.23012E+02  0.00000E+00  1.0E-05
  3.500E-01  9.32888E-06  7.24604E-15  2.58761E+02  0.00000E+00  1.0E-05
  3.750E-01  1.07092E-05  5.87462E-15  2.09786E+02  0.00000E+00  1.0E-05
  4.000E-01  1.21846E-05  4.81106E-15  1.71806E+02  0.00000E+00  1.0E-05
  4.250E-01  1.37553E-05  3.97167E-15  1.41831E+02  0.00000E+00  1.0E-05
  4.500E-01  1.54212E-05  3.29794E-15  1.17771E+02  0.00000E+00  1.0E-05
  4.750E-01  1.71822E-05  2.75979E-15  9.85538E+01  0.00000E+00  1.0E-05
  5.000E-01  1.90385E-05  2.32429E-15  8.30020E+01  0.00000E+00  1.0E-05
  5.250E-01  2.09899E-05  1.97260E-15  7.04427E+01  0.00000E+00  1.0E-05
  5.500E-01  2.30365E-05  1.68183E-15  6.00593E+01  0.00000E+00  1.0E-05
  5.750E-01  2.51783E-05  1.44241E-15  5.15092E+01  0.00000E+00  1.0E-05
  6.000E-01  2.74153E-05  1.24390E-15  4.44204E+01  0.00000E+00  1.0E-05
  6.250E-01  2.97475E-05  1.07843E-15  3.85115E+01  0.00000E+00  1.0E-05
  6.500E-01  3.21749E-05  9.39750E-16  3.35591E+01  0.00000E+00  1.0E-05
  6.750E-01  3.46974E-05  8.22476E-16  2.93711E+01  0.00000E+00  1.0E-05
  7.000E-01  3.73152E-05  7.23240E-16  2.58274E+01  0.00000E+00  1.0E-05
  7.250E-01  4.00281E-05  6.38967E-16  2.28179E+01  0.00000E+00  1.0E-05
  7.500E-01  4.28362E-05  5.66894E-16  2.02441E+01  0.00000E+00  1.0E-05
  7.750E-01  4.57395E-05  5.04948E-16  1.80320E+01  0.00000E+00  1.0E-05
  8.000E-01  4.87380E-05  4.51448E-16  1.61215E+01  0.00000E+00  1.0E-05
  8.250E-01  5.18317E-05  4.05002E-16  1.44629E+01  0.00000E+00  1.0E-05
  8.500E-01  5.50205E-05  3.64435E-16  1.30142E+01  0.00000E+00  1.0E-05
  8.750E-01  5.83045E-05  3.28837E-16  1.17430E+01  0.00000E+00  1.0E-05
  9.000E-01  6.16838E-05  2.97545E-16  1.06255E+01  0.00000E+00  1.0E-05
  9.250E-01  6.51582E-05  2.69940E-16  9.63975E+00  0.00000E+00  1.0E-05
  9.500E-01  6.87277E-05  2.45490E-16  8.76660E+00  0.00000E+00  1.0E-05
  9.750E-01  7.23925E-05  2.23735E-16  7.98973E+00  0.00000E+00  1.0E-05
  1.000E+00  7.61524E-05  2.04368E-16  7.29813E+00  0.00000E+00  7.8E-06
  1.100E+00  9.21439E-05  1.45140E-16  5.18303E+00  0.00000E+00  5.9E-06
  1.200E+00  1.09658E-04  1.05949E-16  3.78350E+00  0.00000E+00  3.2E-06
  1.300E+00  1.28695E-04  7.91231E-17  2.82554E+00  0.00000E+00  6.4E-07
  1.400E+00  1.49255E-04  6.02203E-17  2.15050E+00  0.00000E+00  1.3E-06
  1.500E+00  1.71338E-04  4.66812E-17  1.66701E+00  0.00000E+00  2.3E-06
  1.600E+00  1.94942E-04  3.67517E-17  1.31243E+00  0.00000E+00  2.4E-06
  1.700E+00  2.20070E-04  2.93247E-17  1.04720E+00  0.00000E+00  1.9E-06
  1.800E+00  2.46720E-04  2.36725E-17  8.45360E-01  0.00000E+00  1.1E-06
  1.900E+00  2.74892E-04  1.93237E-17  6.90060E-01  0.00000E+00  1.7E-07
  2.000E+00  3.04586E-04  1.59318E-17  5.68934E-01  0.00000E+00  5.8E-07
  2.100E+00  3.35803E-04  1.32540E-17  4.73309E-01  0.00000E+00  1.0E-06
  2.200E+00  3.68542E-04  1.11117E-17  3.96807E-01  0.00000E+00  1.1E-06
  2.300E+00  4.02802E-04  9.38694E-18  3.35214E-01  0.00000E+00  8.9E-07
  2.400E+00  4.38585E-04  7.98528E-18  2.85159E-01  0.00000E+00  5.0E-07
  2.500E+00  4.75889E-04  6.83648E-18  2.44135E-01  0.00000E+00  1.0E-07
  2.600E+00  5.14715E-04  5.88635E-18  2.10205E-01  0.00000E+00  3.3E-07
  2.700E+00  5.55063E-04  5.09617E-18  1.81987E-01  0.00000E+00  5.6E-07
  2.800E+00  5.96931E-04  4.43484E-18  1.58371E-01  0.00000E+00  6.0E-07
  2.900E+00  6.40321E-04  3.87784E-18  1.38480E-01  0.00000E+00  4.8E-07
  3.000E+00  6.85233E-04  3.40559E-18  1.21616E-01  0.00000E+00  2.6E-07
  3.100E+00  7.31665E-04  3.00326E-18  1.07248E-01  0.00000E+00  1.0E-07
  3.200E+00  7.79618E-04  2.65892E-18  9.49518E-02  0.00000E+00  2.2E-07
  3.300E+00  8.29092E-04  2.36278E-18  8.43766E-02  0.00000E+00  3.5E-07
  3.400E+00  8.80086E-04  2.10681E-18  7.52355E-02  0.00000E+00  3.7E-07
  3.500E+00  9.32601E-04  1.88462E-18  6.73009E-02  0.00000E+00  2.9E-07
  3.600E+00  9.86636E-04  1.69110E-18  6.03901E-02  0.00000E+00  1.5E-07
  3.700E+00  1.04219E-03  1.52189E-18  5.43478E-02  0.00000E+00  1.0E-07
  3.800E+00  1.09927E-03  1.37339E-18  4.90446E-02  0.00000E+00  1.5E-07
  3.900E+00  1.15786E-03  1.24255E-18  4.43722E-02  0.00000E+00  2.3E-07
  4.000E+00  1.21797E-03  1.12699E-18  4.02455E-02  0.00000E+00  2.4E-07
  4.100E+00  1.27961E-03  1.02461E-18  3.65894E-02  0.00000E+00  1.9E-07
  4.200E+00  1.34276E-03  9.33630E-19  3.33405E-02  0.00000E+00  1.0E-07
  4.300E+00  1.40743E-03  8.52505E-19  3.04435E-02  0.00000E+00  1.0E-07
  4.400E+00  1.47362E-03  7.80034E-19  2.78555E-02  0.00000E+00  1.1E-07
  4.500E+00  1.54133E-03  7.15131E-19  2.55378E-02  0.00000E+00  1.7E-07
  4.600E+00  1.61056E-03  6.56862E-19  2.34570E-02  0.00000E+00  1.7E-07
  4.700E+00  1.68131E-03  6.04397E-19  2.15834E-02  0.00000E+00  1.3E-07
  4.800E+00  1.75357E-03  5.57082E-19  1.98938E-02  0.00000E+00  1.0E-07
  4.900E+00  1.82735E-03  5.14323E-19  1.83668E-02  0.00000E+00  1.0E-07
  5.000E+00  1.90265E-03  4.75604E-19  1.69841E-02  0.00000E+00  1.0E-07
  5.100E+00  1.97947E-03  4.40459E-19  1.57291E-02  0.00000E+00  1.2E-07
  5.200E+00  2.05780E-03  4.08508E-19  1.45881E-02  0.00000E+00  1.2E-07
  5.300E+00  2.13765E-03  3.79413E-19  1.35491E-02  0.00000E+00  1.0E-07
  5.400E+00  2.21902E-03  3.52872E-19  1.26013E-02  0.00000E+00  1.0E-07
  5.500E+00  2.30190E-03  3.28616E-19  1.17351E-02  0.00000E+00  1.0E-07
  5.600E+00  2.38630E-03  3.06411E-19  1.09421E-02  0.00000E+00  1.0E-07
  5.700E+00  2.47222E-03  2.86060E-19  1.02154E-02  0.00000E+00  1.0E-07
  5.800E+00  2.55965E-03  2.67377E-19  9.54822E-03  0.00000E+00  1.0E-07
  5.900E+00  2.64859E-03  2.50200E-19  8.93481E-03  0.00000E+00  1.0E-07
  6.000E+00  2.73905E-03  2.34383E-19  8.36997E-03  0.00000E+00  1.0E-07
  6.100E+00  2.83103E-03  2.19802E-19  7.84929E-03  0.00000E+00  1.0E-07
  6.200E+00  2.92452E-03  2.06344E-19  7.36869E-03  0.00000E+00  1.0E-07
  6.300E+00  3.01952E-03  1.93905E-19  6.92448E-03  0.00000E+00  1.0E-07
  6.400E+00  3.11604E-03  1.82392E-19  6.51333E-03  0.00000E+00  1.0E-07
  6.500E+00  3.21407E-03  1.71725E-19  6.13241E-03  0.00000E+00  1.0E-07
  6.600E+00  3.31362E-03  1.61832E-19  5.77911E-03  0.00000E+00  1.0E-07
  6.700E+00  3.41468E-03  1.52645E-19  5.45105E-03  0.00000E+00  1.0E-07
  6.800E+00  3.51725E-03  1.44103E-19  5.14601E-03  0.00000E+00  1.0E-07
  6.900E+00  3.62133E-03  1.36154E-19  4.86215E-03  0.00000E+00  1.0E-07
  7.000E+00  3.72692E-03  1.28749E-19  4.59772E-03  0.00000E+00  1.0E-07
  7.100E+00  3.83403E-03  1.21845E-19  4.35116E-03  0.00000E+00  1.0E-07
  7.200E+00  3.94265E-03  1.15399E-19  4.12099E-03  0.00000E+00  1.0E-07
  7.300E+00  4.05278E-03  1.09377E-19  3.90594E-03  0.00000E+00  1.0E-07
  7.400E+00  4.16442E-03  1.03746E-19  3.70484E-03  0.00000E+00  1.0E-07
  7.500E+00  4.27757E-03  9.84755E-20  3.51662E-03  0.00000E+00  1.0E-07
  7.600E+00  4.39223E-03  9.35375E-20  3.34028E-03  0.00000E+00  1.0E-07
  7.700E+00  4.50840E-03  8.89074E-20  3.17494E-03  0.00000E+00  1.0E-07
  7.800E+00  4.62608E-03  8.45627E-20  3.01979E-03  0.00000E+00  1.0E-07
  7.900E+00  4.74527E-03  8.04825E-20  2.87408E-03  0.00000E+00  1.0E-07
  8.000E+00  4.86597E-03  7.66474E-20  2.73713E-03  0.00000E+00  1.0E-07
  8.100E+00  4.98817E-03  7.30398E-20  2.60830E-03  0.00000E+00  1.0E-07
  8.200E+00  5.11188E-03  6.96439E-20  2.48703E-03  0.00000E+00  1.0E-07
  8.300E+00  5.23711E-03  6.64450E-20  2.37280E-03  0.00000E+00  1.0E-07
  8.400E+00  5.36383E-03  6.34294E-20  2.26511E-03  0.00000E+00  1.0E-07
  8.500E+00  5.49207E-03  6.05844E-20  2.16351E-03  0.00000E+00  1.0E-07
  8.600E+00  5.62181E-03  5.78987E-20  2.06760E-03  0.00000E+00  1.0E-07
  8.700E+00  5.75306E-03  5.53617E-20  1.97700E-03  0.00000E+00  1.0E-07
  8.800E+00  5.88581E-03  5.29636E-20  1.89137E-03  0.00000E+00  1.0E-07
  8.900E+00  6.02007E-03  5.06952E-20  1.81036E-03  0.00000E+00  1.0E-07
  9.000E+00  6.15583E-03  4.85482E-20  1.73369E-03  0.00000E+00  1.0E-07
  9.100E+00  6.29310E-03  4.65149E-20  1.66108E-03  0.00000E+00  1.0E-07
  9.200E+00  6.43187E-03  4.45882E-20  1.59227E-03  0.00000E+00  1.0E-07
  9.300E+00  6.57214E-03  4.27612E-20  1.52703E-03  0.00000E+00  1.0E-07
  9.400E+00  6.71392E-03  4.10279E-20  1.46513E-03  0.00000E+00  1.0E-07
  9.500E+00  6.85720E-03  3.93827E-20  1.40638E-03  0.00000E+00  1.0E-07
  9.600E+00  7.00198E-03  3.78201E-20  1.35058E-03  0.00000E+00  1.0E-07
  9.700E+00  7.14827E-03  3.63350E-20  1.29755E-03  0.00000E+00  1.0E-07
  9.800E+00  7.29605E-03  3.49231E-20  1.24712E-03  0.00000E+00  1.0E-07
  9.900E+00  7.44534E-03  3.35799E-20  1.19916E-03  0.00000E+00  1.0E-07
  1.000E+01  7.59612E-03  3.23015E-20  1.15351E-03  0.00000E+00  1.0E-07
  1.025E+01  7.97965E-03  2.93650E-20  1.04864E-03  0.00000E+00  1.0E-07
  1.050E+01  8.37255E-03  2.67589E-20  9.55577E-04  0.00000E+00  1.0E-07
  1.075E+01  8.77480E-03  2.44392E-20  8.72739E-04  0.00000E+00  1.0E-07
  1.100E+01  9.18641E-03  2.23688E-20  7.98805E-04  0.00000E+00  1.0E-07
  1.125E+01  9.60736E-03  2.05162E-20  7.32646E-04  0.00000E+00  1.0E-07
  1.150E+01  1.00376E-02  1.88541E-20  6.73294E-04  0.00000E+00  1.0E-07
  1.175E+01  1.04773E-02  1.73596E-20  6.19921E-04  0.00000E+00  1.0E-07
  1.200E+01  1.09262E-02  1.60125E-20  5.71815E-04  0.00000E+00  1.0E-07
  1.225E+01  1.13844E-02  1.47956E-20  5.28361E-04  0.00000E+00  1.0E-07
  1.250E+01  1.18520E-02  1.36941E-20  4.89024E-04  0.00000E+00  1.0E-07
  1.275E+01  1.23288E-02  1.26949E-20  4.53343E-04  0.00000E+00  1.0E-07
  1.300E+01  1.28150E-02  1.17868E-20  4.20915E-04  0.00000E+00  1.0E-07
  1.325E+01  1.33104E-02  1.09599E-20  3.91385E-04  0.00000E+00  1.0E-07
  1.350E+01  1.38150E-02  1.02057E-20  3.64451E-04  0.00000E+00  1.0E-07
  1.375E+01  1.43290E-02  9.51644E-21  3.39838E-04  0.00000E+00  1.0E-07
  1.400E+01  1.48521E-02  8.88554E-21  3.17308E-04  0.00000E+00  1.0E-07
  1.425E+01  1.53845E-02  8.30715E-21  2.96654E-04  0.00000E+00  1.0E-07
  1.450E+01  1.59262E-02  7.77607E-21  2.77689E-04  0.00000E+00  1.0E-07
  1.475E+01  1.64770E-02  7.28765E-21  2.60247E-04  0.00000E+00  1.0E-07
  1.500E+01  1.70371E-02  6.83781E-21  2.44183E-04  0.00000E+00  1.0E-07
  1.525E+01  1.76063E-02  6.42294E-21  2.29367E-04  0.00000E+00  1.0E-07
  1.550E+01  1.81848E-02  6.03981E-21  2.15685E-04  0.00000E+00  1.0E-07
  1.575E+01  1.87724E-02  5.68550E-21  2.03033E-04  0.00000E+00  1.0E-07
  1.600E+01  1.93692E-02  5.35740E-21  1.91316E-04  0.00000E+00  1.0E-07
  1.625E+01  1.99751E-02  5.05323E-21  1.80454E-04  0.00000E+00  1.0E-07
  1.650E+01  2.05901E-02  4.77091E-21  1.70372E-04  0.00000E+00  1.0E-07
  1.675E+01  2.12143E-02  4.50854E-21  1.61003E-04  0.00000E+00  1.0E-07
  1.700E+01  2.18476E-02  4.26443E-21  1.52286E-04  0.00000E+00  1.0E-07
  1.725E+01  2.24900E-02  4.03708E-21  1.44167E-04  0.00000E+00  1.0E-07
  1.750E+01  2.31415E-02  3.82511E-21  1.36597E-04  0.00000E+00  1.0E-07
  1.775E+01  2.38021E-02  3.62726E-21  1.29532E-04  0.00000E+00  1.0E-07
  1.800E+01  2.44717E-02  3.44240E-21  1.22930E-04  0.00000E+00  1.0E-07
  1.825E+01  2.51504E-02  3.26953E-21  1.16757E-04  0.00000E+00  1.0E-07
  1.850E+01  2.58382E-02  3.10770E-21  1.10978E-04  0.00000E+00  1.0E-07
  1.875E+01  2.65349E-02  2.95607E-21  1.05563E-04  0.00000E+00  1.0E-07
  1.900E+01  2.72407E-02  2.81386E-21  1.00485E-04  0.00000E+00  1.0E-07
  1.925E+01  2.79555E-02  2.68038E-21  9.57180E-05  0.00000E+00  1.0E-07
  1.950E+01  2.86793E-02  2.55498E-21  9.12398E-05  0.00000E+00  1.0E-07
  1.975E+01  2.94120E-02  2.43707E-21  8.70293E-05  0.00000E+00  1.0E-07
  2.000E+01  3.01537E-02  2.32611E-21  8.30668E-05  0.00000E+00  1.0E-07
  2.025E+01  3.09043E-02  2.22161E-21  7.93350E-05  0.00000E+00  1.0E-07
  2.050E+01  3.16639E-02  2.12312E-21  7.58179E-05  0.00000E+00  1.0E-07
  2.075E+01  3.24324E-02  2.03022E-21  7.25004E-05  0.00000E+00  1.0E-07
  2.100E+01  3.32098E-02  1.94253E-21  6.93689E-05  0.00000E+00  1.0E-07
  2.125E+01  3.39961E-02  1.85969E-21  6.64108E-05  0.00000E+00  1.0E-07
  2.150E+01  3.47912E-02  1.78139E-21  6.36146E-05  0.00000E+00  1.0E-07
  2.175E+01  3.55952E-02  1.70732E-21  6.09696E-05  0.00000E+00  1.0E-07
  2.200E+01  3.64081E-02  1.63721E-21  5.84659E-05  0.00000E+00  1.0E-07
  2.225E+01  3.72297E-02  1.57080E-21  5.60943E-05  0.00000E+00  1.0E-07
  2.250E+01  3.80602E-02  1.50786E-21  5.38466E-05  0.00000E+00  1.0E-07
  2.275E+01  3.88995E-02  1.44816E-21  5.17148E-05  0.00000E+00  1.0E-07
  2.300E+01  3.97476E-02  1.39151E-21  4.96916E-05  0.00000E+00  1.0E-07
  2.325E+01  4.06044E-02  1.33771E-21  4.77705E-05  0.00000E+00  1.0E-07
  2.350E+01  4.14700E-02  1.28660E-21  4.59452E-05  0.00000E+00  1.0E-07
  2.375E+01  4.23443E-02  1.23800E-21  4.42099E-05  0.00000E+00  1.0E-07
  2.400E+01  4.32273E-02  1.19178E-21  4.25592E-05  0.00000E+00  1.0E-07
  2.425E+01  4.41190E-02  1.14778E-21  4.09881E-05  0.00000E+00  1.0E-07
  2.450E+01  4.50194E-02  1.10589E-21  3.94920E-05  0.00000E+00  1.0E-07
  2.475E+01  4.59284E-02  1.06597E-21  3.80666E-05  0.00000E+00  1.0E-07
  2.500E+01  4.68461E-02  1.02792E-21  3.67077E-05  0.00000E+00  1.0E-07
  2.550E+01  4.87074E-02  9.56993E-22  3.41749E-05  0.00000E+00  1.0E-07
  2.600E+01  5.06030E-02  8.92345E-22  3.18662E-05  0.00000E+00  1.0E-07
  2.650E+01  5.25328E-02  8.33304E-22  2.97578E-05  0.00000E+00  1.0E-07
  2.700E+01  5.44967E-02  7.79287E-22  2.78289E-05  0.00000E+00  1.0E-07
  2.750E+01  5.64946E-02  7.29777E-22  2.60608E-05  0.00000E+00  1.0E-07
  2.800E+01  5.85262E-02  6.84320E-22  2.44375E-05  0.00000E+00  1.0E-07
  2.850E+01  6.05914E-02  6.42515E-22  2.29446E-05  0.00000E+00  1.0E-07
  2.900E+01  6.26901E-02  6.04008E-22  2.15695E-05  0.00000E+00  1.0E-07
  2.950E+01  6.48222E-02  5.68483E-22  2.03009E-05  0.00000E+00  1.0E-07
  3.000E+01  6.69873E-02  5.35661E-22  1.91288E-05  0.00000E+00  1.0E-07
  3.050E+01  6.91854E-02  5.05292E-22  1.80443E-05  0.00000E+00  1.0E-07
  3.100E+01  7.14163E-02  4.77155E-22  1.70395E-05  0.00000E+00  1.0E-07
  3.150E+01  7.36799E-02  4.51049E-22  1.61072E-05  0.00000E+00  1.0E-07
  3.200E+01  7.59760E-02  4.26796E-22  1.52412E-05  0.00000E+00  1.0E-07
  3.250E+01  7.83043E-02  4.04237E-22  1.44356E-05  0.00000E+00  1.0E-07
  3.300E+01  8.06647E-02  3.83227E-22  1.36853E-05  0.00000E+00  1.0E-07
  3.350E+01  8.30571E-02  3.63637E-22  1.29857E-05  0.00000E+00  1.0E-07
  3.400E+01  8.54812E-02  3.45349E-22  1.23326E-05  0.00000E+00  1.0E-07
  3.450E+01  8.79369E-02  3.28258E-22  1.17223E-05  0.00000E+00  1.0E-07
  3.500E+01  9.04240E-02  3.12269E-22  1.11513E-05  0.00000E+00  1.0E-07
  3.550E+01  9.29422E-02  2.97294E-22  1.06166E-05  0.00000E+00  1.0E-07
  3.600E+01  9.54915E-02  2.83255E-22  1.01152E-05  0.00000E+00  1.0E-07
  3.650E+01  9.80716E-02  2.70080E-22  9.64472E-06  0.00000E+00  1.0E-07
  3.700E+01  1.00682E-01  2.57704E-22  9.20277E-06  0.00000E+00  1.0E-07
  3.750E+01  1.03323E-01  2.46067E-22  8.78722E-06  0.00000E+00  1.0E-07
  3.800E+01  1.05995E-01  2.35116E-22  8.39615E-06  0.00000E+00  1.0E-07
  3.850E+01  1.08696E-01  2.24801E-22  8.02779E-06  0.00000E+00  1.0E-07
  3.900E+01  1.11427E-01  2.15076E-22  7.68051E-06  0.00000E+00  1.0E-07
  3.950E+01  1.14188E-01  2.05900E-22  7.35282E-06  0.00000E+00  1.0E-07
  4.000E+01  1.16978E-01  1.97235E-22  7.04339E-06  0.00000E+00  1.0E-07
  4.050E+01  1.19797E-01  1.89046E-22  6.75094E-06  0.00000E+00  1.0E-07
  4.100E+01  1.22645E-01  1.81300E-22  6.47434E-06  0.00000E+00  1.0E-07
  4.150E+01  1.25522E-01  1.73968E-22  6.21252E-06  0.00000E+00  1.0E-07
  4.200E+01  1.28428E-01  1.67023E-22  5.96451E-06  0.00000E+00  1.0E-07
  4.250E+01  1.31361E-01  1.60440E-22  5.72942E-06  0.00000E+00  1.0E-07
  4.300E+01  1.34323E-01  1.54195E-22  5.50640E-06  0.00000E+00  1.0E-07
  4.350E+01  1.37313E-01  1.48267E-22  5.29470E-06  0.00000E+00  1.0E-07
  4.400E+01  1.40330E-01  1.42635E-22  5.09360E-06  0.00000E+00  1.0E-07
  4.450E+01  1.43375E-01  1.37283E-22  4.90246E-06  0.00000E+00  1.0E-07
  4.500E+01  1.46447E-01  1.32192E-22  4.72065E-06  0.00000E+00  1.0E-07
  4.550E+01  1.49545E-01  1.27346E-22  4.54762E-06  0.00000E+00  1.0E-07
  4.600E+01  1.52671E-01  1.22732E-22  4.38284E-06  0.00000E+00  1.0E-07
  4.650E+01  1.55823E-01  1.18335E-22  4.22583E-06  0.00000E+00  1.0E-07
  4.700E+01  1.59001E-01  1.14143E-22  4.07611E-06  0.00000E+00  1.0E-07
  4.750E+01  1.62205E-01  1.10144E-22  3.93330E-06  0.00000E+00  1.0E-07
  4.800E+01  1.65435E-01  1.06326E-22  3.79698E-06  0.00000E+00  1.0E-07
  4.850E+01  1.68690E-01  1.02680E-22  3.66678E-06  0.00000E+00  1.0E-07
  4.900E+01  1.71970E-01  9.91965E-23  3.54237E-06  0.00000E+00  1.0E-07
  4.950E+01  1.75276E-01  9.58658E-23  3.42343E-06  0.00000E+00  1.0E-07
  5.000E+01  1.78606E-01  9.26798E-23  3.30966E-06  0.00000E+00  1.0E-07
  5.050E+01  1.81961E-01  8.96308E-23  3.20077E-06  0.00000E+00  1.0E-07
  5.100E+01  1.85340E-01  8.67114E-23  3.09652E-06  0.00000E+00  1.0E-07
  5.150E+01  1.88743E-01  8.39148E-23  2.99665E-06  0.00000E+00  1.0E-07
  5.200E+01  1.92169E-01  8.12344E-23  2.90093E-06  0.00000E+00  1.0E-07
  5.250E+01  1.95619E-01  7.86644E-23  2.80916E-06  0.00000E+00  1.0E-07
  5.300E+01  1.99092E-01  7.61991E-23  2.72112E-06  0.00000E+00  1.0E-07
  5.350E+01  2.02589E-01  7.38331E-23  2.63663E-06  0.00000E+00  1.0E-07
  5.400E+01  2.06107E-01  7.15615E-23  2.55551E-06  0.00000E+00  1.0E-07
  5.450E+01  2.09649E-01  6.93796E-23  2.47759E-06  0.00000E+00  1.0E-07
  5.500E+01  2.13212E-01  6.72829E-23  2.40272E-06  0.00000E+00  1.0E-07
  5.550E+01  2.16797E-01  6.52674E-23  2.33074E-06  0.00000E+00  1.0E-07
  5.600E+01  2.20404E-01  6.33291E-23  2.26152E-06  0.00000E+00  1.0E-07
  5.650E+01  2.24032E-01  6.14643E-23  2.19493E-06  0.00000E+00  1.0E-07
  5.700E+01  2.27680E-01  5.96696E-23  2.13084E-06  0.00000E+00  1.0E-07
  5.750E+01  2.31350E-01  5.79416E-23  2.06913E-06  0.00000E+00  1.0E-07
  5.800E+01  2.35040E-01  5.62773E-23  2.00970E-06  0.00000E+00  1.0E-07
  5.850E+01  2.38751E-01  5.46737E-23  1.95243E-06  0.00000E+00  1.0E-07
  5.900E+01  2.42481E-01  5.31281E-23  1.89724E-06  0.00000E+00  1.0E-07
  5.950E+01  2.46231E-01  5.16378E-23  1.84402E-06  0.00000E+00  1.0E-07
  6.000E+01  2.50000E-01  5.02004E-23  1.79269E-06  0.00000E+00  1.0E-07
  6.050E+01  2.53788E-01  4.88136E-23  1.74317E-06  0.00000E+00  1.0E-07
  6.100E+01  2.57595E-01  4.74751E-23  1.69537E-06  0.00000E+00  1.0E-07
  6.150E+01  2.61421E-01  4.61828E-23  1.64922E-06  0.00000E+00  1.0E-07
  6.200E+01  2.65264E-01  4.49348E-23  1.60465E-06  0.00000E+00  1.0E-07
  6.250E+01  2.69126E-01  4.37291E-23  1.56159E-06  0.00000E+00  1.0E-07
  6.300E+01  2.73005E-01  4.25639E-23  1.51999E-06  0.00000E+00  1.0E-07
  6.350E+01  2.76901E-01  4.14376E-23  1.47976E-06  0.00000E+00  1.0E-07
  6.400E+01  2.80814E-01  4.03485E-23  1.44087E-06  0.00000E+00  1.0E-07
  6.450E+01  2.84744E-01  3.92951E-23  1.40325E-06  0.00000E+00  1.0E-07
  6.500E+01  2.88691E-01  3.82760E-23  1.36686E-06  0.00000E+00  1.0E-07
  6.550E+01  2.92653E-01  3.72896E-23  1.33164E-06  0.00000E+00  1.0E-07
  6.600E+01  2.96632E-01  3.63348E-23  1.29754E-06  0.00000E+00  1.0E-07
  6.650E+01  3.00625E-01  3.54103E-23  1.26452E-06  0.00000E+00  1.0E-07
  6.700E+01  3.04634E-01  3.45148E-23  1.23255E-06  0.00000E+00  1.0E-07
  6.750E+01  3.08658E-01  3.36473E-23  1.20157E-06  0.00000E+00  1.0E-07
  6.800E+01  3.12697E-01  3.28066E-23  1.17154E-06  0.00000E+00  1.0E-07
  6.850E+01  3.16749E-01  3.19917E-23  1.14244E-06  0.00000E+00  1.0E-07
  6.900E+01  3.20816E-01  3.12016E-23  1.11423E-06  0.00000E+00  1.0E-07
  6.950E+01  3.24896E-01  3.04354E-23  1.08687E-06  0.00000E+00  1.0E-07
  7.000E+01  3.28990E-01  2.96921E-23  1.06032E-06  0.00000E+00  1.0E-07
  7.050E+01  3.33097E-01  2.89710E-23  1.03457E-06  0.00000E+00  1.0E-07
  7.100E+01  3.37216E-01  2.82711E-23  1.00958E-06  0.00000E+00  1.0E-07
  7.150E+01  3.41348E-01  2.75918E-23  9.85321E-07  0.00000E+00  1.0E-07
  7.200E+01  3.45492E-01  2.69322E-23  9.61768E-07  0.00000E+00  1.0E-07
  7.250E+01  3.49647E-01  2.62917E-23  9.38894E-07  0.00000E+00  1.0E-07
  7.300E+01  3.53814E-01  2.56696E-23  9.16677E-07  0.00000E+00  1.0E-07
  7.350E+01  3.57992E-01  2.50651E-23  8.95091E-07  0.00000E+00  1.0E-07
  7.400E+01  3.62181E-01  2.44777E-23  8.74115E-07  0.00000E+00  1.0E-07
  7.450E+01  3.66381E-01  2.39068E-23  8.53727E-07  0.00000E+00  1.0E-07
  7.500E+01  3.70590E-01  2.33518E-23  8.33907E-07  0.00000E+00  1.0E-07
  7.550E+01  3.74810E-01  2.28121E-23  8.14635E-07  0.00000E+00  1.0E-07
  7.600E+01  3.79039E-01  2.22873E-23  7.95893E-07  0.00000E+00  1.0E-07
  7.650E+01  3.83277E-01  2.17767E-23  7.77661E-07  0.00000E+00  1.0E-07
  7.700E+01  3.87524E-01  2.12800E-23  7.59923E-07  0.00000E+00  1.0E-07
  7.750E+01  3.91780E-01  2.07967E-23  7.42663E-07  0.00000E+00  1.0E-07
  7.800E+01  3.96044E-01  2.03263E-23  7.25864E-07  0.00000E+00  1.0E-07
  7.850E+01  4.00316E-01  1.98683E-23  7.09511E-07  0.00000E+00  1.0E-07
  7.900E+01  4.04596E-01  1.94225E-23  6.93590E-07  0.00000E+00  1.0E-07
  7.950E+01  4.08882E-01  1.89883E-23  6.78085E-07  0.00000E+00  1.0E-07
  8.000E+01  4.13176E-01  1.85654E-23  6.62984E-07  0.00000E+00  1.0E-07
  8.050E+01  4.17476E-01  1.81535E-23  6.48273E-07  0.00000E+00  1.0E-07
  8.100E+01  4.21783E-01  1.77521E-23  6.33940E-07  0.00000E+00  1.0E-07
  8.150E+01  4.26095E-01  1.73610E-23  6.19973E-07  0.00000E+00  1.0E-07
  8.200E+01  4.30413E-01  1.69798E-23  6.06361E-07  0.00000E+00  1.0E-07
  8.250E+01  4.34737E-01  1.66083E-23  5.93092E-07  0.00000E+00  1.0E-07
  8.300E+01  4.39065E-01  1.62460E-23  5.80156E-07  0.00000E+00  1.0E-07
  8.350E+01  4.43398E-01  1.58928E-23  5.67542E-07  0.00000E+00  1.0E-07
  8.400E+01  4.47736E-01  1.55483E-23  5.55241E-07  0.00000E+00  1.0E-07
  8.450E+01  4.52077E-01  1.52123E-23  5.43242E-07  0.00000E+00  1.0E-07
  8.500E+01  4.56422E-01  1.48845E-23  5.31536E-07  0.00000E+00  1.0E-07
  8.550E+01  4.60770E-01  1.45647E-23  5.20116E-07  0.00000E+00  1.0E-07
  8.600E+01  4.65122E-01  1.42526E-23  5.08971E-07  0.00000E+00  1.0E-07
  8.650E+01  4.69476E-01  1.39481E-23  4.98095E-07  0.00000E+00  1.0E-07
  8.700E+01  4.73832E-01  1.36508E-23  4.87478E-07  0.00000E+00  1.0E-07
  8.750E+01  4.78190E-01  1.33605E-23  4.77114E-07  0.00000E+00  1.0E-07
  8.800E+01  4.82550E-01  1.30772E-23  4.66995E-07  0.00000E+00  1.0E-07
  8.850E+01  4.86912E-01  1.28005E-23  4.57114E-07  0.00000E+00  1.0E-07
  8.900E+01  4.91274E-01  1.25303E-23  4.47463E-07  0.00000E+00  1.0E-07
  8.950E+01  4.95637E-01  1.22663E-23  4.38038E-07  0.00000E+00  1.0E-07
  9.000E+01  5.00000E-01  1.20085E-23  4.28830E-07  0.00000E+00  1.0E-07
  9.050E+01  5.04363E-01  1.17566E-23  4.19834E-07  0.00000E+00  1.0E-07
  9.100E+01  5.08726E-01  1.15104E-23  4.11044E-07  0.00000E+00  1.0E-07
  9.150E+01  5.13088E-01  1.12698E-23  4.02454E-07  0.00000E+00  1.0E-07
  9.200E+01  5.17450E-01  1.10347E-23  3.94058E-07  0.00000E+00  1.0E-07
  9.250E+01  5.21810E-01  1.08049E-23  3.85851E-07  0.00000E+00  1.0E-07
  9.300E+01  5.26168E-01  1.05803E-23  3.77828E-07  0.00000E+00  1.0E-07
  9.350E+01  5.30524E-01  1.03606E-23  3.69984E-07  0.00000E+00  1.0E-07
  9.400E+01  5.34878E-01  1.01458E-23  3.62315E-07  0.00000E+00  1.0E-07
  9.450E+01  5.39230E-01  9.93582E-24  3.54815E-07  0.00000E+00  1.0E-07
  9.500E+01  5.43578E-01  9.73041E-24  3.47479E-07  0.00000E+00  1.0E-07
  9.550E+01  5.47923E-01  9.52950E-24  3.40305E-07  0.00000E+00  1.0E-07
  9.600E+01  5.52264E-01  9.33295E-24  3.33286E-07  0.00000E+00  1.0E-07
  9.650E+01  5.56602E-01  9.14066E-24  3.26419E-07  0.00000E+00  1.0E-07
  9.700E+01  5.60935E-01  8.95250E-24  3.19700E-07  0.00000E+00  1.0E-07
  9.750E+01  5.65263E-01  8.76838E-24  3.13125E-07  0.00000E+00  1.0E-07
  9.800E+01  5.69587E-01  8.58819E-24  3.06690E-07  0.00000E+00  1.0E-07
  9.850E+01  5.73905E-01  8.41184E-24  3.00392E-07  0.00000E+00  1.0E-07
  9.900E+01  5.78217E-01  8.23923E-24  2.94228E-07  0.00000E+00  1.0E-07
  9.950E+01  5.82524E-01  8.07026E-24  2.88194E-07  0.00000E+00  1.0E-07
  1.000E+02  5.86824E-01  7.90484E-24  2.82287E-07  0.00000E+00  1.0E-07
  1.005E+02  5.91118E-01  7.74288E-24  2.76503E-07  0.00000E+00  1.0E-07
  1.010E+02  5.95404E-01  7.58429E-24  2.70840E-07  0.00000E+00  1.0E-07
  1.015E+02  5.99684E-01  7.42897E-24  2.65293E-07  0.00000E+00  1.0E-07
  1.020E+02  6.03956E-01  7.27685E-24  2.59861E-07  0.00000E+00  1.0E-07
  1.025E+02  6.08220E-01  7.12785E-24  2.54540E-07  0.00000E+00  1.0E-07
  1.030E+02  6.12476E-01  6.98191E-24  2.49328E-07  0.00000E+00  1.0E-07
  1.035E+02  6.16723E-01  6.83894E-24  2.44223E-07  0.00000E+00  1.0E-07
  1.040E+02  6.20961E-01  6.69889E-24  2.39222E-07  0.00000E+00  1.0E-07
  1.045E+02  6.25190E-01  6.56167E-24  2.34322E-07  0.00000E+00  1.0E-07
  1.050E+02  6.29410E-01  6.42722E-24  2.29520E-07  0.00000E+00  1.0E-07
  1.055E+02  6.33619E-01  6.29547E-24  2.24815E-07  0.00000E+00  1.0E-07
  1.060E+02  6.37819E-01  6.16635E-24  2.20204E-07  0.00000E+00  1.0E-07
  1.065E+02  6.42008E-01  6.03980E-24  2.15685E-07  0.00000E+00  1.0E-07
  1.070E+02  6.46186E-01  5.91576E-24  2.11256E-07  0.00000E+00  1.0E-07
  1.075E+02  6.50353E-01  5.79417E-24  2.06914E-07  0.00000E+00  1.0E-07
  1.080E+02  6.54508E-01  5.67499E-24  2.02657E-07  0.00000E+00  1.0E-07
  1.085E+02  6.58652E-01  5.55814E-24  1.98485E-07  0.00000E+00  1.0E-07
  1.090E+02  6.62784E-01  5.44359E-24  1.94394E-07  0.00000E+00  1.0E-07
  1.095E+02  6.66903E-01  5.33127E-24  1.90383E-07  0.00000E+00  1.0E-07
  1.100E+02  6.71010E-01  5.22114E-24  1.86450E-07  0.00000E+00  1.0E-07
  1.105E+02  6.75104E-01  5.11315E-24  1.82594E-07  0.00000E+00  1.0E-07
  1.110E+02  6.79184E-01  5.00725E-24  1.78812E-07  0.00000E+00  1.0E-07
  1.115E+02  6.83251E-01  4.90339E-24  1.75103E-07  0.00000E+00  1.0E-07
  1.120E+02  6.87303E-01  4.80153E-24  1.71466E-07  0.00000E+00  1.0E-07
  1.125E+02  6.91342E-01  4.70161E-24  1.67898E-07  0.00000E+00  1.0E-07
  1.130E+02  6.95366E-01  4.60361E-24  1.64398E-07  0.00000E+00  1.0E-07
  1.135E+02  6.99375E-01  4.50748E-24  1.60965E-07  0.00000E+00  1.0E-07
  1.140E+02  7.03368E-01  4.41317E-24  1.57597E-07  0.00000E+00  1.0E-07
  1.145E+02  7.07347E-01  4.32065E-24  1.54293E-07  0.00000E+00  1.0E-07
  1.150E+02  7.11309E-01  4.22988E-24  1.51052E-07  0.00000E+00  1.0E-07
  1.155E+02  7.15256E-01  4.14083E-24  1.47872E-07  0.00000E+00  1.0E-07
  1.160E+02  7.19186E-01  4.05345E-24  1.44751E-07  0.00000E+00  1.0E-07
  1.165E+02  7.23099E-01  3.96771E-24  1.41690E-07  0.00000E+00  1.0E-07
  1.170E+02  7.26995E-01  3.88358E-24  1.38685E-07  0.00000E+00  1.0E-07
  1.175E+02  7.30874E-01  3.80102E-24  1.35737E-07  0.00000E+00  1.0E-07
  1.180E+02  7.34736E-01  3.72001E-24  1.32844E-07  0.00000E+00  1.0E-07
  1.185E+02  7.38579E-01  3.64050E-24  1.30005E-07  0.00000E+00  1.0E-07
  1.190E+02  7.42405E-01  3.56247E-24  1.27218E-07  0.00000E+00  1.0E-07
  1.195E+02  7.46212E-01  3.48588E-24  1.24483E-07  0.00000E+00  1.0E-07
  1.200E+02  7.50000E-01  3.41072E-24  1.21799E-07  0.00000E+00  1.0E-07
  1.205E+02  7.53769E-01  3.33694E-24  1.19164E-07  0.00000E+00  1.0E-07
  1.210E+02  7.57519E-01  3.26452E-24  1.16578E-07  0.00000E+00  1.0E-07
  1.215E+02  7.61249E-01  3.19344E-24  1.14040E-07  0.00000E+00  1.0E-07
  1.220E+02  7.64960E-01  3.12367E-24  1.11548E-07  0.00000E+00  1.0E-07
  1.225E+02  7.68650E-01  3.05518E-24  1.09102E-07  0.00000E+00  1.0E-07
  1.230E+02  7.72320E-01  2.98794E-24  1.06701E-07  0.00000E+00  1.0E-07
  1.235E+02  7.75968E-01  2.92194E-24  1.04344E-07  0.00000E+00  1.0E-07
  1.240E+02  7.79596E-01  2.85715E-24  1.02031E-07  0.00000E+00  1.0E-07
  1.245E+02  7.83203E-01  2.79354E-24  9.97592E-08  0.00000E+00  1.0E-07
  1.250E+02  7.86788E-01  2.73110E-24  9.75292E-08  0.00000E+00  1.0E-07
  1.255E+02  7.90351E-01  2.66979E-24  9.53400E-08  0.00000E+00  1.0E-07
  1.260E+02  7.93893E-01  2.60961E-24  9.31907E-08  0.00000E+00  1.0E-07
  1.265E+02  7.97411E-01  2.55052E-24  9.10806E-08  0.00000E+00  1.0E-07
  1.270E+02  8.00908E-01  2.49251E-24  8.90090E-08  0.00000E+00  1.0E-07
  1.275E+02  8.04381E-01  2.43555E-24  8.69751E-08  0.00000E+00  1.0E-07
  1.280E+02  8.07831E-01  2.37963E-24  8.49783E-08  0.00000E+00  1.0E-07
  1.285E+02  8.11257E-01  2.32474E-24  8.30178E-08  0.00000E+00  1.0E-07
  1.290E+02  8.14660E-01  2.27084E-24  8.10931E-08  0.00000E+00  1.0E-07
  1.295E+02  8.18039E-01  2.21792E-24  7.92034E-08  0.00000E+00  1.0E-07
  1.300E+02  8.21394E-01  2.16597E-24  7.73482E-08  0.00000E+00  1.0E-07
  1.305E+02  8.24724E-01  2.11496E-24  7.55268E-08  0.00000E+00  1.0E-07
  1.310E+02  8.28030E-01  2.06489E-24  7.37386E-08  0.00000E+00  1.0E-07
  1.315E+02  8.31310E-01  2.01573E-24  7.19830E-08  0.00000E+00  1.0E-07
  1.320E+02  8.34565E-01  1.96747E-24  7.02595E-08  0.00000E+00  1.0E-07
  1.325E+02  8.37795E-01  1.92008E-24  6.85675E-08  0.00000E+00  1.0E-07
  1.330E+02  8.40999E-01  1.87357E-24  6.69064E-08  0.00000E+00  1.0E-07
  1.335E+02  8.44177E-01  1.82791E-24  6.52758E-08  0.00000E+00  1.0E-07
  1.340E+02  8.47329E-01  1.78308E-24  6.36750E-08  0.00000E+00  1.0E-07
  1.345E+02  8.50455E-01  1.73908E-24  6.21037E-08  0.00000E+00  1.0E-07
  1.350E+02  8.53553E-01  1.69589E-24  6.05612E-08  0.00000E+00  1.0E-07
  1.355E+02  8.56625E-01  1.65349E-24  5.90472E-08  0.00000E+00  1.0E-07
  1.360E+02  8.59670E-01  1.61188E-24  5.75611E-08  0.00000E+00  1.0E-07
  1.365E+02  8.62687E-01  1.57103E-24  5.61025E-08  0.00000E+00  1.0E-07
  1.370E+02  8.65677E-01  1.53094E-24  5.46710E-08  0.00000E+00  1.0E-07
  1.375E+02  8.68639E-01  1.49160E-24  5.32660E-08  0.00000E+00  1.0E-07
  1.380E+02  8.71572E-01  1.45299E-24  5.18872E-08  0.00000E+00  1.0E-07
  1.385E+02  8.74478E-01  1.41510E-24  5.05342E-08  0.00000E+00  1.0E-07
  1.390E+02  8.77355E-01  1.37792E-24  4.92065E-08  0.00000E+00  1.0E-07
  1.395E+02  8.80203E-01  1.34144E-24  4.79037E-08  0.00000E+00  1.0E-07
  1.400E+02  8.83022E-01  1.30565E-24  4.66255E-08  0.00000E+00  1.0E-07
  1.405E+02  8.85812E-01  1.27053E-24  4.53715E-08  0.00000E+00  1.0E-07
  1.410E+02  8.88573E-01  1.23608E-24  4.41414E-08  0.00000E+00  1.0E-07
  1.415E+02  8.91304E-01  1.20229E-24  4.29346E-08  0.00000E+00  1.0E-07
  1.420E+02  8.94005E-01  1.16915E-24  4.17510E-08  0.00000E+00  1.0E-07
  1.425E+02  8.96677E-01  1.13664E-24  4.05901E-08  0.00000E+00  1.0E-07
  1.430E+02  8.99318E-01  1.10476E-24  3.94517E-08  0.00000E+00  1.0E-07
  1.435E+02  9.01928E-01  1.07350E-24  3.83353E-08  0.00000E+00  1.0E-07
  1.440E+02  9.04508E-01  1.04284E-24  3.72407E-08  0.00000E+00  1.0E-07
  1.445E+02  9.07058E-01  1.01279E-24  3.61675E-08  0.00000E+00  1.0E-07
  1.450E+02  9.09576E-01  9.83335E-25  3.51155E-08  0.00000E+00  1.0E-07
  1.455E+02  9.12063E-01  9.54460E-25  3.40844E-08  0.00000E+00  1.0E-07
  1.460E+02  9.14519E-01  9.26160E-25  3.30738E-08  0.00000E+00  1.0E-07
  1.465E+02  9.16943E-01  8.98429E-25  3.20835E-08  0.00000E+00  1.0E-07
  1.470E+02  9.19335E-01  8.71258E-25  3.11132E-08  0.00000E+00  1.0E-07
  1.475E+02  9.21696E-01  8.44639E-25  3.01626E-08  0.00000E+00  1.0E-07
  1.480E+02  9.24024E-01  8.18566E-25  2.92315E-08  0.00000E+00  1.0E-07
  1.485E+02  9.26320E-01  7.93030E-25  2.83196E-08  0.00000E+00  1.0E-07
  1.490E+02  9.28584E-01  7.68026E-25  2.74267E-08  0.00000E+00  1.0E-07
  1.495E+02  9.30815E-01  7.43546E-25  2.65525E-08  0.00000E+00  1.0E-07
  1.500E+02  9.33013E-01  7.19583E-25  2.56968E-08  0.00000E+00  1.0E-07
  1.505E+02  9.35178E-01  6.96132E-25  2.48593E-08  0.00000E+00  1.0E-07
  1.510E+02  9.37310E-01  6.73185E-25  2.40399E-08  0.00000E+00  1.0E-07
  1.515E+02  9.39409E-01  6.50737E-25  2.32382E-08  0.00000E+00  1.0E-07
  1.520E+02  9.41474E-01  6.28781E-25  2.24542E-08  0.00000E+00  1.0E-07
  1.525E+02  9.43505E-01  6.07312E-25  2.16875E-08  0.00000E+00  1.0E-07
  1.530E+02  9.45503E-01  5.86324E-25  2.09380E-08  0.00000E+00  1.0E-07
  1.535E+02  9.47467E-01  5.65811E-25  2.02055E-08  0.00000E+00  1.0E-07
  1.540E+02  9.49397E-01  5.45768E-25  1.94897E-08  0.00000E+00  1.0E-07
  1.545E+02  9.51293E-01  5.26190E-25  1.87906E-08  0.00000E+00  1.0E-07
  1.550E+02  9.53154E-01  5.07071E-25  1.81078E-08  0.00000E+00  1.0E-07
  1.555E+02  9.54981E-01  4.88407E-25  1.74413E-08  0.00000E+00  1.0E-07
  1.560E+02  9.56773E-01  4.70192E-25  1.67909E-08  0.00000E+00  1.0E-07
  1.565E+02  9.58530E-01  4.52422E-25  1.61563E-08  0.00000E+00  1.0E-07
  1.570E+02  9.60252E-01  4.35092E-25  1.55374E-08  0.00000E+00  1.0E-07
  1.575E+02  9.61940E-01  4.18198E-25  1.49341E-08  0.00000E+00  1.0E-07
  1.580E+02  9.63592E-01  4.01736E-25  1.43462E-08  0.00000E+00  1.0E-07
  1.585E+02  9.65209E-01  3.85700E-25  1.37736E-08  0.00000E+00  1.0E-07
  1.590E+02  9.66790E-01  3.70088E-25  1.32161E-08  0.00000E+00  1.0E-07
  1.595E+02  9.68336E-01  3.54895E-25  1.26735E-08  0.00000E+00  1.0E-07
  1.600E+02  9.69846E-01  3.40117E-25  1.21458E-08  0.00000E+00  1.0E-07
  1.605E+02  9.71321E-01  3.25750E-25  1.16328E-08  0.00000E+00  1.0E-07
  1.610E+02  9.72759E-01  3.11791E-25  1.11343E-08  0.00000E+00  1.0E-07
  1.615E+02  9.74162E-01  2.98237E-25  1.06502E-08  0.00000E+00  1.0E-07
  1.620E+02  9.75528E-01  2.85083E-25  1.01805E-08  0.00000E+00  1.0E-07
  1.625E+02  9.76858E-01  2.72327E-25  9.72497E-09  0.00000E+00  1.0E-07
  1.630E+02  9.78152E-01  2.59965E-25  9.28352E-09  0.00000E+00  1.0E-07
  1.635E+02  9.79410E-01  2.47994E-25  8.85604E-09  0.00000E+00  1.0E-07
  1.640E+02  9.80631E-01  2.36412E-25  8.44242E-09  0.00000E+00  1.0E-07
  1.645E+02  9.81815E-01  2.25215E-25  8.04257E-09  0.00000E+00  1.0E-07
  1.650E+02  9.82963E-01  2.14400E-25  7.65637E-09  0.00000E+00  1.0E-07
  1.655E+02  9.84074E-01  2.03966E-25  7.28374E-09  0.00000E+00  1.0E-07
  1.660E+02  9.85148E-01  1.93908E-25  6.92458E-09  0.00000E+00  1.0E-07
  1.665E+02  9.86185E-01  1.84225E-25  6.57881E-09  0.00000E+00  1.0E-07
  1.670E+02  9.87185E-01  1.74915E-25  6.24633E-09  0.00000E+00  1.0E-07
  1.675E+02  9.88148E-01  1.65975E-25  5.92707E-09  0.00000E+00  1.0E-07
  1.680E+02  9.89074E-01  1.57403E-25  5.62095E-09  0.00000E+00  1.0E-07
  1.685E+02  9.89962E-01  1.49196E-25  5.32789E-09  0.00000E+00  1.0E-07
  1.690E+02  9.90814E-01  1.41353E-25  5.04782E-09  0.00000E+00  1.0E-07
  1.695E+02  9.91627E-01  1.33872E-25  4.78067E-09  0.00000E+00  1.0E-07
  1.700E+02  9.92404E-01  1.26751E-25  4.52637E-09  0.00000E+00  1.0E-07
  1.705E+02  9.93143E-01  1.19989E-25  4.28487E-09  0.00000E+00  1.0E-07
  1.710E+02  9.93844E-01  1.13583E-25  4.05611E-09  0.00000E+00  1.0E-07
  1.715E+02  9.94508E-01  1.07532E-25  3.84002E-09  0.00000E+00  1.0E-07
  1.720E+02  9.95134E-01  1.01834E-25  3.63656E-09  0.00000E+00  1.0E-07
  1.725E+02  9.95722E-01  9.64889E-26  3.44568E-09  0.00000E+00  1.0E-07
  1.730E+02  9.96273E-01  9.14945E-26  3.26733E-09  0.00000E+00  1.0E-07
  1.735E+02  9.96786E-01  8.68498E-26  3.10146E-09  0.00000E+00  1.0E-07
  1.740E+02  9.97261E-01  8.25536E-26  2.94804E-09  0.00000E+00  1.0E-07
  1.745E+02  9.97698E-01  7.86050E-26  2.80703E-09  0.00000E+00  1.0E-07
  1.750E+02  9.98097E-01  7.50029E-26  2.67840E-09  0.00000E+00  1.0E-07
  1.755E+02  9.98459E-01  7.17465E-26  2.56211E-09  0.00000E+00  1.0E-07
  1.760E+02  9.98782E-01  6.88349E-26  2.45814E-09  0.00000E+00  1.0E-07
  1.765E+02  9.99067E-01  6.62676E-26  2.36646E-09  0.00000E+00  1.0E-07
  1.770E+02  9.99315E-01  6.40438E-26  2.28704E-09  0.00000E+00  1.0E-07
  1.775E+02  9.99524E-01  6.21630E-26  2.21988E-09  0.00000E+00  1.0E-07
  1.780E+02  9.99695E-01  6.06248E-26  2.16495E-09  0.00000E+00  1.0E-07
  1.785E+02  9.99829E-01  5.94289E-26  2.12224E-09  0.00000E+00  1.0E-07
  1.790E+02  9.99924E-01  5.85748E-26  2.09174E-09  0.00000E+00  1.0E-07
  1.795E+02  9.99981E-01  5.80624E-26  2.07345E-09  0.00000E+00  1.0E-07
  1.800E+02  1.00000E+00  5.78917E-26  2.06735E-09  0.00000E+00  1.0E-07
