 #
 # Subroutine ELSEPA. Elastic scattering of electrons and positrons
 #                    by neutral atoms and positive ions
 #
 # Projectile: electron
 # Kinetic energy = 3.70000E+06 eV = 1.35973E+05 a.u.
 #
 # WARNING: High-energy factorization with free-atom DF screening.
 #          Absorption, polarization and exchange corrections are
 #          switched off.
 #          Phase shifts are calculated for the bare nucleus.
 #          Scattering amplitudes are not evaluated.
 #
 # Element:  K,  Z =  19,  atomic weight = 3.90983E+01 g/mol
 #
 # Nuclear model: Fermi distribution
 #                Average radius = 3.63164E-13 cm
 #                Skin thickness = 5.46000E-14 cm
 #
 # Number of electrons = 19
 #
 # Total elastic cross section = 1.53579E-18 cm**2 = 5.48441E-02 a0**2
 # 1st transport cross section = 3.13035E-23 cm**2 = 1.11787E-06 a0**2
 # 2nd transport cross section = 8.90128E-23 cm**2 = 3.17871E-06 a0**2
 #
 #
 # Differential cross section:                       MU=(1-COS(THETA))/2
 #
 #  THETA        MU          DCS          DCS        Sherman      error
 #  (deg)                 (cm**2/sr)   (a0**2/sr)    function
 #----------------------------------------------------------------------
  0.000E+00  0.00000E+00  5.45712E-13  1.94877E+04  0.00000E+00  1.0E-05
  1.000E-04  7.61557E-13  5.45704E-13  1.94875E+04  0.00000E+00  1.0E-05
  1.250E-04  1.18994E-12  5.45700E-13  1.94873E+04  0.00000E+00  1.0E-05
  1.500E-04  1.71346E-12  5.45696E-13  1.94871E+04  0.00000E+00  1.0E-05
  1.750E-04  2.33225E-12  5.45690E-13  1.94869E+04  0.00000E+00  1.0E-05
  2.000E-04  3.04617E-12  5.45683E-13  1.94867E+04  0.00000E+00  1.0E-05
  2.250E-04  3.85530E-12  5.45676E-13  1.94864E+04  0.00000E+00  1.0E-05
  2.500E-04  4.75964E-12  5.45668E-13  1.94861E+04  0.00000E+00  1.0E-05
  2.750E-04  5.75917E-12  5.45658E-13  1.94858E+04  0.00000E+00  1.0E-05
  3.000E-04  6.85391E-12  5.45648E-13  1.94855E+04  0.00000E+00  1.0E-05
  3.250E-04  8.04379E-12  5.45637E-13  1.94851E+04  0.00000E+00  1.0E-05
  3.500E-04  9.32893E-12  5.45626E-13  1.94846E+04  0.00000E+00  1.0E-05
  3.750E-04  1.07092E-11  5.45613E-13  1.94842E+04  0.00000E+00  1.0E-05
  4.000E-04  1.21847E-11  5.45600E-13  1.94837E+04  0.00000E+00  1.0E-05
  4.250E-04  1.37554E-11  5.45585E-13  1.94832E+04  0.00000E+00  1.0E-05
  4.500E-04  1.54213E-11  5.45570E-13  1.94827E+04  0.00000E+00  1.0E-05
  4.750E-04  1.71823E-11  5.45554E-13  1.94821E+04  0.00000E+00  1.0E-05
  5.000E-04  1.90386E-11  5.45537E-13  1.94815E+04  0.00000E+00  1.0E-05
  5.250E-04  2.09900E-11  5.45519E-13  1.94808E+04  0.00000E+00  1.0E-05
  5.500E-04  2.30367E-11  5.45500E-13  1.94802E+04  0.00000E+00  1.0E-05
  5.750E-04  2.51785E-11  5.45481E-13  1.94795E+04  0.00000E+00  1.0E-05
  6.000E-04  2.74156E-11  5.45460E-13  1.94787E+04  0.00000E+00  1.0E-05
  6.250E-04  2.97478E-11  5.45439E-13  1.94780E+04  0.00000E+00  1.0E-05
  6.500E-04  3.21752E-11  5.45417E-13  1.94772E+04  0.00000E+00  1.0E-05
  6.750E-04  3.46979E-11  5.45394E-13  1.94764E+04  0.00000E+00  1.0E-05
  7.000E-04  3.73157E-11  5.45370E-13  1.94755E+04  0.00000E+00  1.0E-05
  7.250E-04  4.00286E-11  5.45345E-13  1.94746E+04  0.00000E+00  1.0E-05
  7.500E-04  4.28368E-11  5.45320E-13  1.94737E+04  0.00000E+00  1.0E-05
  7.750E-04  4.57402E-11  5.45293E-13  1.94728E+04  0.00000E+00  1.0E-05
  8.000E-04  4.87388E-11  5.45266E-13  1.94718E+04  0.00000E+00  1.0E-05
  8.250E-04  5.18325E-11  5.45238E-13  1.94708E+04  0.00000E+00  1.0E-05
  8.500E-04  5.50215E-11  5.45209E-13  1.94698E+04  0.00000E+00  1.0E-05
  8.750E-04  5.83057E-11  5.45179E-13  1.94687E+04  0.00000E+00  1.0E-05
  9.000E-04  6.16850E-11  5.45148E-13  1.94676E+04  0.00000E+00  1.0E-05
  9.250E-04  6.51595E-11  5.45117E-13  1.94665E+04  0.00000E+00  1.0E-05
  9.500E-04  6.87293E-11  5.45084E-13  1.94653E+04  0.00000E+00  1.0E-05
  9.750E-04  7.23943E-11  5.45051E-13  1.94641E+04  0.00000E+00  1.0E-05
  1.000E-03  7.61544E-11  5.45017E-13  1.94629E+04  0.00000E+00  1.0E-05
  1.250E-03  1.18991E-10  5.44627E-13  1.94490E+04  0.00000E+00  1.0E-05
  1.500E-03  1.71347E-10  5.44152E-13  1.94320E+04  0.00000E+00  1.0E-05
  1.750E-03  2.33223E-10  5.43592E-13  1.94120E+04  0.00000E+00  1.0E-05
  2.000E-03  3.04617E-10  5.42947E-13  1.93890E+04  0.00000E+00  1.0E-05
  2.250E-03  3.85531E-10  5.42217E-13  1.93629E+04  0.00000E+00  1.0E-05
  2.500E-03  4.75965E-10  5.41403E-13  1.93339E+04  0.00000E+00  1.0E-05
  2.750E-03  5.75917E-10  5.40506E-13  1.93018E+04  0.00000E+00  1.0E-05
  3.000E-03  6.85389E-10  5.39526E-13  1.92668E+04  0.00000E+00  1.0E-05
  3.250E-03  8.04380E-10  5.38465E-13  1.92289E+04  0.00000E+00  1.0E-05
  3.500E-03  9.32891E-10  5.37323E-13  1.91881E+04  0.00000E+00  1.0E-05
  3.750E-03  1.07092E-09  5.36101E-13  1.91445E+04  0.00000E+00  1.0E-05
  4.000E-03  1.21847E-09  5.34798E-13  1.90980E+04  0.00000E+00  1.0E-05
  4.250E-03  1.37554E-09  5.33415E-13  1.90486E+04  0.00000E+00  1.0E-05
  4.500E-03  1.54213E-09  5.31959E-13  1.89966E+04  0.00000E+00  1.0E-05
  4.750E-03  1.71823E-09  5.30425E-13  1.89418E+04  0.00000E+00  1.0E-05
  5.000E-03  1.90386E-09  5.28813E-13  1.88842E+04  0.00000E+00  1.0E-05
  5.250E-03  2.09900E-09  5.27129E-13  1.88241E+04  0.00000E+00  1.0E-05
  5.500E-03  2.30367E-09  5.25373E-13  1.87614E+04  0.00000E+00  1.0E-05
  5.750E-03  2.51785E-09  5.23543E-13  1.86961E+04  0.00000E+00  1.0E-05
  6.000E-03  2.74156E-09  5.21641E-13  1.86281E+04  0.00000E+00  1.0E-05
  6.250E-03  2.97478E-09  5.19676E-13  1.85580E+04  0.00000E+00  1.0E-05
  6.500E-03  3.21752E-09  5.17639E-13  1.84852E+04  0.00000E+00  1.0E-05
  6.750E-03  3.46978E-09  5.15532E-13  1.84100E+04  0.00000E+00  1.0E-05
  7.000E-03  3.73156E-09  5.13367E-13  1.83327E+04  0.00000E+00  1.0E-05
  7.250E-03  4.00286E-09  5.11138E-13  1.82531E+04  0.00000E+00  1.0E-05
  7.500E-03  4.28368E-09  5.08841E-13  1.81711E+04  0.00000E+00  1.0E-05
  7.750E-03  4.57402E-09  5.06486E-13  1.80869E+04  0.00000E+00  1.0E-05
  8.000E-03  4.87388E-09  5.04078E-13  1.80009E+04  0.00000E+00  1.0E-05
  8.250E-03  5.18326E-09  5.01606E-13  1.79127E+04  0.00000E+00  1.0E-05
  8.500E-03  5.50215E-09  4.99073E-13  1.78222E+04  0.00000E+00  1.0E-05
  8.750E-03  5.83057E-09  4.96500E-13  1.77304E+04  0.00000E+00  1.0E-05
  9.000E-03  6.16850E-09  4.93869E-13  1.76364E+04  0.00000E+00  1.0E-05
  9.250E-03  6.51596E-09  4.91180E-13  1.75404E+04  0.00000E+00  1.0E-05
  9.500E-03  6.87293E-09  4.88449E-13  1.74428E+04  0.00000E+00  1.0E-05
  9.750E-03  7.23942E-09  4.85674E-13  1.73437E+04  0.00000E+00  1.0E-05
  1.000E-02  7.61544E-09  4.82844E-13  1.72427E+04  0.00000E+00  1.0E-05
  1.250E-02  1.18991E-08  4.52443E-13  1.61570E+04  0.00000E+00  1.0E-05
  1.500E-02  1.71347E-08  4.19328E-13  1.49745E+04  0.00000E+00  1.0E-05
  1.750E-02  2.33223E-08  3.85084E-13  1.37516E+04  0.00000E+00  1.0E-05
  2.000E-02  3.04617E-08  3.51066E-13  1.25368E+04  0.00000E+00  1.0E-05
  2.250E-02  3.85531E-08  3.18329E-13  1.13677E+04  0.00000E+00  1.0E-05
  2.500E-02  4.75965E-08  2.87610E-13  1.02708E+04  0.00000E+00  1.0E-05
  2.750E-02  5.75917E-08  2.59360E-13  9.26192E+03  0.00000E+00  1.0E-05
  3.000E-02  6.85389E-08  2.33784E-13  8.34859E+03  0.00000E+00  1.0E-05
  3.250E-02  8.04380E-08  2.10904E-13  7.53151E+03  0.00000E+00  1.0E-05
  3.500E-02  9.32891E-08  1.91177E-13  6.82706E+03  0.00000E+00  1.0E-05
  3.750E-02  1.07092E-07  1.73945E-13  6.21169E+03  0.00000E+00  1.0E-05
  4.000E-02  1.21847E-07  1.57946E-13  5.64036E+03  0.00000E+00  1.0E-05
  4.250E-02  1.37554E-07  1.43192E-13  5.11348E+03  0.00000E+00  1.0E-05
  4.500E-02  1.54213E-07  1.31594E-13  4.69931E+03  0.00000E+00  1.0E-05
  4.750E-02  1.71823E-07  1.20945E-13  4.31902E+03  0.00000E+00  1.0E-05
  5.000E-02  1.90386E-07  1.11183E-13  3.97041E+03  0.00000E+00  1.0E-05
  5.250E-02  2.09900E-07  1.02769E-13  3.66994E+03  0.00000E+00  1.0E-05
  5.500E-02  2.30367E-07  9.54081E-14  3.40709E+03  0.00000E+00  1.0E-05
  5.750E-02  2.51785E-07  8.86740E-14  3.16661E+03  0.00000E+00  1.0E-05
  6.000E-02  2.74156E-07  8.25668E-14  2.94852E+03  0.00000E+00  1.0E-05
  6.250E-02  2.97478E-07  7.71825E-14  2.75624E+03  0.00000E+00  1.0E-05
  6.500E-02  3.21752E-07  7.22577E-14  2.58037E+03  0.00000E+00  1.0E-05
  6.750E-02  3.46978E-07  6.77530E-14  2.41950E+03  0.00000E+00  1.0E-05
  7.000E-02  3.73156E-07  6.36044E-14  2.27135E+03  0.00000E+00  1.0E-05
  7.250E-02  4.00286E-07  5.98007E-14  2.13552E+03  0.00000E+00  1.0E-05
  7.500E-02  4.28368E-07  5.63177E-14  2.01114E+03  0.00000E+00  1.0E-05
  7.750E-02  4.57402E-07  5.30711E-14  1.89520E+03  0.00000E+00  1.0E-05
  8.000E-02  4.87388E-07  5.00115E-14  1.78594E+03  0.00000E+00  1.0E-05
  8.250E-02  5.18325E-07  4.72062E-14  1.68576E+03  0.00000E+00  1.0E-05
  8.500E-02  5.50215E-07  4.46314E-14  1.59382E+03  0.00000E+00  1.0E-05
  8.750E-02  5.83057E-07  4.21095E-14  1.50376E+03  0.00000E+00  1.0E-05
  9.000E-02  6.16850E-07  3.97910E-14  1.42096E+03  0.00000E+00  1.0E-05
  9.250E-02  6.51596E-07  3.76596E-14  1.34485E+03  0.00000E+00  1.0E-05
  9.500E-02  6.87293E-07  3.56121E-14  1.27173E+03  0.00000E+00  1.0E-05
  9.750E-02  7.23942E-07  3.36684E-14  1.20232E+03  0.00000E+00  1.0E-05
  1.000E-01  7.61543E-07  3.18787E-14  1.13841E+03  0.00000E+00  1.0E-05
  1.250E-01  1.18991E-06  1.86064E-14  6.64446E+02  0.00000E+00  1.0E-05
  1.500E-01  1.71347E-06  1.11382E-14  3.97753E+02  0.00000E+00  1.0E-05
  1.750E-01  2.33223E-06  6.90051E-15  2.46422E+02  0.00000E+00  1.0E-05
  2.000E-01  3.04617E-06  4.45442E-15  1.59070E+02  0.00000E+00  1.0E-05
  2.250E-01  3.85531E-06  3.00243E-15  1.07219E+02  0.00000E+00  1.0E-05
  2.500E-01  4.75964E-06  2.10812E-15  7.52825E+01  0.00000E+00  1.0E-05
  2.750E-01  5.75916E-06  1.53499E-15  5.48153E+01  0.00000E+00  1.0E-05
  3.000E-01  6.85388E-06  1.15279E-15  4.11670E+01  0.00000E+00  1.0E-05
  3.250E-01  8.04378E-06  8.88072E-16  3.17136E+01  0.00000E+00  1.0E-05
  3.500E-01  9.32888E-06  6.97775E-16  2.49180E+01  0.00000E+00  1.0E-05
  3.750E-01  1.07092E-05  5.58439E-16  1.99422E+01  0.00000E+00  1.0E-05
  4.000E-01  1.21846E-05  4.52277E-16  1.61511E+01  0.00000E+00  1.0E-05
  4.250E-01  1.37553E-05  3.70573E-16  1.32334E+01  0.00000E+00  1.0E-05
  4.500E-01  1.54212E-05  3.06702E-16  1.09525E+01  0.00000E+00  1.0E-05
  4.750E-01  1.71822E-05  2.55933E-16  9.13954E+00  0.00000E+00  1.0E-05
  5.000E-01  1.90385E-05  2.14749E-16  7.66881E+00  0.00000E+00  1.0E-05
  5.250E-01  2.09899E-05  1.81458E-16  6.47999E+00  0.00000E+00  1.0E-05
  5.500E-01  2.30365E-05  1.54268E-16  5.50901E+00  0.00000E+00  1.0E-05
  5.750E-01  2.51783E-05  1.31796E-16  4.70652E+00  0.00000E+00  1.0E-05
  6.000E-01  2.74153E-05  1.13089E-16  4.03848E+00  0.00000E+00  1.0E-05
  6.250E-01  2.97475E-05  9.75249E-17  3.48268E+00  0.00000E+00  1.0E-05
  6.500E-01  3.21749E-05  8.44919E-17  3.01726E+00  0.00000E+00  1.0E-05
  6.750E-01  3.46974E-05  7.34799E-17  2.62402E+00  0.00000E+00  1.0E-05
  7.000E-01  3.73152E-05  6.41575E-17  2.29111E+00  0.00000E+00  1.0E-05
  7.250E-01  4.00281E-05  5.62461E-17  2.00858E+00  0.00000E+00  1.0E-05
  7.500E-01  4.28362E-05  4.94981E-17  1.76761E+00  0.00000E+00  1.0E-05
  7.750E-01  4.57395E-05  4.37019E-17  1.56062E+00  0.00000E+00  1.0E-05
  8.000E-01  4.87380E-05  3.87194E-17  1.38270E+00  0.00000E+00  1.0E-05
  8.250E-01  5.18317E-05  3.44207E-17  1.22919E+00  0.00000E+00  1.0E-05
  8.500E-01  5.50205E-05  3.06966E-17  1.09620E+00  0.00000E+00  1.0E-05
  8.750E-01  5.83045E-05  2.74540E-17  9.80400E-01  0.00000E+00  1.0E-05
  9.000E-01  6.16838E-05  2.46274E-17  8.79461E-01  0.00000E+00  1.0E-05
  9.250E-01  6.51582E-05  2.21547E-17  7.91158E-01  0.00000E+00  1.0E-05
  9.500E-01  6.87277E-05  1.99836E-17  7.13627E-01  0.00000E+00  1.0E-05
  9.750E-01  7.23925E-05  1.80708E-17  6.45322E-01  0.00000E+00  1.0E-05
  1.000E+00  7.61524E-05  1.63821E-17  5.85017E-01  0.00000E+00  2.9E-06
  1.100E+00  9.21439E-05  1.13186E-17  4.04194E-01  0.00000E+00  2.2E-06
  1.200E+00  1.09658E-04  8.07511E-18  2.88367E-01  0.00000E+00  1.2E-06
  1.300E+00  1.28695E-04  5.92022E-18  2.11415E-01  0.00000E+00  2.5E-07
  1.400E+00  1.49255E-04  4.44231E-18  1.58638E-01  0.00000E+00  4.7E-07
  1.500E+00  1.71338E-04  3.40059E-18  1.21437E-01  0.00000E+00  8.5E-07
  1.600E+00  1.94942E-04  2.64855E-18  9.45814E-02  0.00000E+00  9.0E-07
  1.700E+00  2.20070E-04  2.09422E-18  7.47861E-02  0.00000E+00  7.2E-07
  1.800E+00  2.46720E-04  1.67809E-18  5.99258E-02  0.00000E+00  4.1E-07
  1.900E+00  2.74892E-04  1.36062E-18  4.85885E-02  0.00000E+00  1.0E-07
  2.000E+00  3.04586E-04  1.11492E-18  3.98144E-02  0.00000E+00  2.2E-07
  2.100E+00  3.35803E-04  9.22305E-19  3.29361E-02  0.00000E+00  3.8E-07
  2.200E+00  3.68542E-04  7.69560E-19  2.74815E-02  0.00000E+00  4.1E-07
  2.300E+00  4.02802E-04  6.47157E-19  2.31104E-02  0.00000E+00  3.3E-07
  2.400E+00  4.38585E-04  5.48133E-19  1.95742E-02  0.00000E+00  1.9E-07
  2.500E+00  4.75889E-04  4.67327E-19  1.66885E-02  0.00000E+00  1.0E-07
  2.600E+00  5.14715E-04  4.00856E-19  1.43148E-02  0.00000E+00  1.2E-07
  2.700E+00  5.55063E-04  3.45778E-19  1.23480E-02  0.00000E+00  2.1E-07
  2.800E+00  5.96931E-04  2.99827E-19  1.07070E-02  0.00000E+00  2.2E-07
  2.900E+00  6.40321E-04  2.61248E-19  9.32935E-03  0.00000E+00  1.8E-07
  3.000E+00  6.85233E-04  2.28669E-19  8.16592E-03  0.00000E+00  1.0E-07
  3.100E+00  7.31665E-04  2.01005E-19  7.17800E-03  0.00000E+00  1.0E-07
  3.200E+00  7.79618E-04  1.77393E-19  6.33481E-03  0.00000E+00  1.0E-07
  3.300E+00  8.29092E-04  1.57143E-19  5.61166E-03  0.00000E+00  1.3E-07
  3.400E+00  8.80086E-04  1.39696E-19  4.98865E-03  0.00000E+00  1.4E-07
  3.500E+00  9.32601E-04  1.24601E-19  4.44958E-03  0.00000E+00  1.1E-07
  3.600E+00  9.86636E-04  1.11488E-19  3.98131E-03  0.00000E+00  1.0E-07
  3.700E+00  1.04219E-03  1.00054E-19  3.57298E-03  0.00000E+00  1.0E-07
  3.800E+00  1.09927E-03  9.00466E-20  3.21562E-03  0.00000E+00  1.0E-07
  3.900E+00  1.15786E-03  8.12587E-20  2.90180E-03  0.00000E+00  1.0E-07
  4.000E+00  1.21797E-03  7.35157E-20  2.62529E-03  0.00000E+00  1.0E-07
  4.100E+00  1.27961E-03  6.66724E-20  2.38091E-03  0.00000E+00  1.0E-07
  4.200E+00  1.34276E-03  6.06066E-20  2.16430E-03  0.00000E+00  1.0E-07
  4.300E+00  1.40743E-03  5.52148E-20  1.97176E-03  0.00000E+00  1.0E-07
  4.400E+00  1.47362E-03  5.04092E-20  1.80014E-03  0.00000E+00  1.0E-07
  4.500E+00  1.54133E-03  4.61150E-20  1.64680E-03  0.00000E+00  1.0E-07
  4.600E+00  1.61056E-03  4.22680E-20  1.50942E-03  0.00000E+00  1.0E-07
  4.700E+00  1.68131E-03  3.88140E-20  1.38607E-03  0.00000E+00  1.0E-07
  4.800E+00  1.75357E-03  3.57056E-20  1.27507E-03  0.00000E+00  1.0E-07
  4.900E+00  1.82735E-03  3.29022E-20  1.17496E-03  0.00000E+00  1.0E-07
  5.000E+00  1.90265E-03  3.03687E-20  1.08449E-03  0.00000E+00  1.0E-07
  5.100E+00  1.97947E-03  2.80744E-20  1.00256E-03  0.00000E+00  1.0E-07
  5.200E+00  2.05780E-03  2.59927E-20  9.28217E-04  0.00000E+00  1.0E-07
  5.300E+00  2.13765E-03  2.41005E-20  8.60646E-04  0.00000E+00  1.0E-07
  5.400E+00  2.21902E-03  2.23775E-20  7.99116E-04  0.00000E+00  1.0E-07
  5.500E+00  2.30190E-03  2.08058E-20  7.42990E-04  0.00000E+00  1.0E-07
  5.600E+00  2.38630E-03  1.93698E-20  6.91708E-04  0.00000E+00  1.0E-07
  5.700E+00  2.47222E-03  1.80556E-20  6.44777E-04  0.00000E+00  1.0E-07
  5.800E+00  2.55965E-03  1.68511E-20  6.01763E-04  0.00000E+00  1.0E-07
  5.900E+00  2.64859E-03  1.57454E-20  5.62279E-04  0.00000E+00  1.0E-07
  6.000E+00  2.73905E-03  1.47290E-20  5.25984E-04  0.00000E+00  1.0E-07
  6.100E+00  2.83103E-03  1.37934E-20  4.92573E-04  0.00000E+00  1.0E-07
  6.200E+00  2.92452E-03  1.29310E-20  4.61775E-04  0.00000E+00  1.0E-07
  6.300E+00  3.01952E-03  1.21350E-20  4.33350E-04  0.00000E+00  1.0E-07
  6.400E+00  3.11604E-03  1.13994E-20  4.07081E-04  0.00000E+00  1.0E-07
  6.500E+00  3.21407E-03  1.07188E-20  3.82775E-04  0.00000E+00  1.0E-07
  6.600E+00  3.31362E-03  1.00882E-20  3.60258E-04  0.00000E+00  1.0E-07
  6.700E+00  3.41468E-03  9.50345E-21  3.39374E-04  0.00000E+00  1.0E-07
  6.800E+00  3.51725E-03  8.96047E-21  3.19984E-04  0.00000E+00  1.0E-07
  6.900E+00  3.62133E-03  8.45578E-21  3.01961E-04  0.00000E+00  1.0E-07
  7.000E+00  3.72692E-03  7.98617E-21  2.85191E-04  0.00000E+00  1.0E-07
  7.100E+00  3.83403E-03  7.54876E-21  2.69571E-04  0.00000E+00  1.0E-07
  7.200E+00  3.94265E-03  7.14093E-21  2.55007E-04  0.00000E+00  1.0E-07
  7.300E+00  4.05278E-03  6.76032E-21  2.41415E-04  0.00000E+00  1.0E-07
  7.400E+00  4.16442E-03  6.40477E-21  2.28718E-04  0.00000E+00  1.0E-07
  7.500E+00  4.27757E-03  6.07232E-21  2.16847E-04  0.00000E+00  1.0E-07
  7.600E+00  4.39223E-03  5.76120E-21  2.05736E-04  0.00000E+00  1.0E-07
  7.700E+00  4.50840E-03  5.46979E-21  1.95330E-04  0.00000E+00  1.0E-07
  7.800E+00  4.62608E-03  5.19660E-21  1.85574E-04  0.00000E+00  1.0E-07
  7.900E+00  4.74527E-03  4.94029E-21  1.76421E-04  0.00000E+00  1.0E-07
  8.000E+00  4.86597E-03  4.69961E-21  1.67826E-04  0.00000E+00  1.0E-07
  8.100E+00  4.98817E-03  4.47344E-21  1.59749E-04  0.00000E+00  1.0E-07
  8.200E+00  5.11188E-03  4.26074E-21  1.52154E-04  0.00000E+00  1.0E-07
  8.300E+00  5.23711E-03  4.06055E-21  1.45005E-04  0.00000E+00  1.0E-07
  8.400E+00  5.36383E-03  3.87200E-21  1.38272E-04  0.00000E+00  1.0E-07
  8.500E+00  5.49207E-03  3.69429E-21  1.31926E-04  0.00000E+00  1.0E-07
  8.600E+00  5.62181E-03  3.52669E-21  1.25940E-04  0.00000E+00  1.0E-07
  8.700E+00  5.75306E-03  3.36849E-21  1.20291E-04  0.00000E+00  1.0E-07
  8.800E+00  5.88581E-03  3.21909E-21  1.14956E-04  0.00000E+00  1.0E-07
  8.900E+00  6.02007E-03  3.07790E-21  1.09914E-04  0.00000E+00  1.0E-07
  9.000E+00  6.15583E-03  2.94438E-21  1.05146E-04  0.00000E+00  1.0E-07
  9.100E+00  6.29310E-03  2.81803E-21  1.00634E-04  0.00000E+00  1.0E-07
  9.200E+00  6.43187E-03  2.69841E-21  9.63619E-05  0.00000E+00  1.0E-07
  9.300E+00  6.57214E-03  2.58508E-21  9.23148E-05  0.00000E+00  1.0E-07
  9.400E+00  6.71392E-03  2.47765E-21  8.84783E-05  0.00000E+00  1.0E-07
  9.500E+00  6.85720E-03  2.37575E-21  8.48396E-05  0.00000E+00  1.0E-07
  9.600E+00  7.00198E-03  2.27905E-21  8.13864E-05  0.00000E+00  1.0E-07
  9.700E+00  7.14827E-03  2.18723E-21  7.81075E-05  0.00000E+00  1.0E-07
  9.800E+00  7.29605E-03  2.10000E-21  7.49925E-05  0.00000E+00  1.0E-07
  9.900E+00  7.44534E-03  2.01709E-21  7.20315E-05  0.00000E+00  1.0E-07
  1.000E+01  7.59612E-03  1.93823E-21  6.92156E-05  0.00000E+00  1.0E-07
  1.025E+01  7.97965E-03  1.75736E-21  6.27563E-05  0.00000E+00  1.0E-07
  1.050E+01  8.37255E-03  1.59714E-21  5.70348E-05  0.00000E+00  1.0E-07
  1.075E+01  8.77480E-03  1.45481E-21  5.19521E-05  0.00000E+00  1.0E-07
  1.100E+01  9.18641E-03  1.32802E-21  4.74245E-05  0.00000E+00  1.0E-07
  1.125E+01  9.60736E-03  1.21478E-21  4.33807E-05  0.00000E+00  1.0E-07
  1.150E+01  1.00376E-02  1.11339E-21  3.97598E-05  0.00000E+00  1.0E-07
  1.175E+01  1.04773E-02  1.02238E-21  3.65098E-05  0.00000E+00  1.0E-07
  1.200E+01  1.09262E-02  9.40504E-22  3.35860E-05  0.00000E+00  1.0E-07
  1.225E+01  1.13844E-02  8.66676E-22  3.09496E-05  0.00000E+00  1.0E-07
  1.250E+01  1.18520E-02  7.99959E-22  2.85671E-05  0.00000E+00  1.0E-07
  1.275E+01  1.23288E-02  7.39556E-22  2.64100E-05  0.00000E+00  1.0E-07
  1.300E+01  1.28150E-02  6.84763E-22  2.44533E-05  0.00000E+00  1.0E-07
  1.325E+01  1.33104E-02  6.34964E-22  2.26750E-05  0.00000E+00  1.0E-07
  1.350E+01  1.38150E-02  5.89623E-22  2.10558E-05  0.00000E+00  1.0E-07
  1.375E+01  1.43290E-02  5.48268E-22  1.95790E-05  0.00000E+00  1.0E-07
  1.400E+01  1.48521E-02  5.10485E-22  1.82298E-05  0.00000E+00  1.0E-07
  1.425E+01  1.53845E-02  4.75910E-22  1.69951E-05  0.00000E+00  1.0E-07
  1.450E+01  1.59262E-02  4.44221E-22  1.58634E-05  0.00000E+00  1.0E-07
  1.475E+01  1.64770E-02  4.15133E-22  1.48247E-05  0.00000E+00  1.0E-07
  1.500E+01  1.70371E-02  3.88394E-22  1.38698E-05  0.00000E+00  1.0E-07
  1.525E+01  1.76063E-02  3.63778E-22  1.29908E-05  0.00000E+00  1.0E-07
  1.550E+01  1.81848E-02  3.41088E-22  1.21805E-05  0.00000E+00  1.0E-07
  1.575E+01  1.87724E-02  3.20144E-22  1.14325E-05  0.00000E+00  1.0E-07
  1.600E+01  1.93692E-02  3.00787E-22  1.07413E-05  0.00000E+00  1.0E-07
  1.625E+01  1.99751E-02  2.82875E-22  1.01016E-05  0.00000E+00  1.0E-07
  1.650E+01  2.05901E-02  2.66280E-22  9.50903E-06  0.00000E+00  1.0E-07
  1.675E+01  2.12143E-02  2.50887E-22  8.95935E-06  0.00000E+00  1.0E-07
  1.700E+01  2.18476E-02  2.36594E-22  8.44892E-06  0.00000E+00  1.0E-07
  1.725E+01  2.24900E-02  2.23307E-22  7.97443E-06  0.00000E+00  1.0E-07
  1.750E+01  2.31415E-02  2.10942E-22  7.53286E-06  0.00000E+00  1.0E-07
  1.775E+01  2.38021E-02  1.99423E-22  7.12152E-06  0.00000E+00  1.0E-07
  1.800E+01  2.44717E-02  1.88682E-22  6.73794E-06  0.00000E+00  1.0E-07
  1.825E+01  2.51504E-02  1.78656E-22  6.37991E-06  0.00000E+00  1.0E-07
  1.850E+01  2.58382E-02  1.69288E-22  6.04540E-06  0.00000E+00  1.0E-07
  1.875E+01  2.65349E-02  1.60529E-22  5.73258E-06  0.00000E+00  1.0E-07
  1.900E+01  2.72407E-02  1.52330E-22  5.43979E-06  0.00000E+00  1.0E-07
  1.925E+01  2.79555E-02  1.44649E-22  5.16549E-06  0.00000E+00  1.0E-07
  1.950E+01  2.86793E-02  1.37447E-22  4.90831E-06  0.00000E+00  1.0E-07
  1.975E+01  2.94120E-02  1.30689E-22  4.66697E-06  0.00000E+00  1.0E-07
  2.000E+01  3.01537E-02  1.24342E-22  4.44032E-06  0.00000E+00  1.0E-07
  2.025E+01  3.09043E-02  1.18376E-22  4.22729E-06  0.00000E+00  1.0E-07
  2.050E+01  3.16639E-02  1.12765E-22  4.02692E-06  0.00000E+00  1.0E-07
  2.075E+01  3.24324E-02  1.07483E-22  3.83830E-06  0.00000E+00  1.0E-07
  2.100E+01  3.32098E-02  1.02508E-22  3.66062E-06  0.00000E+00  1.0E-07
  2.125E+01  3.39961E-02  9.78173E-23  3.49312E-06  0.00000E+00  1.0E-07
  2.150E+01  3.47912E-02  9.33927E-23  3.33511E-06  0.00000E+00  1.0E-07
  2.175E+01  3.55952E-02  8.92159E-23  3.18596E-06  0.00000E+00  1.0E-07
  2.200E+01  3.64081E-02  8.52705E-23  3.04506E-06  0.00000E+00  1.0E-07
  2.225E+01  3.72297E-02  8.15411E-23  2.91189E-06  0.00000E+00  1.0E-07
  2.250E+01  3.80602E-02  7.80138E-23  2.78592E-06  0.00000E+00  1.0E-07
  2.275E+01  3.88995E-02  7.46755E-23  2.66671E-06  0.00000E+00  1.0E-07
  2.300E+01  3.97476E-02  7.15142E-23  2.55382E-06  0.00000E+00  1.0E-07
  2.325E+01  4.06044E-02  6.85187E-23  2.44685E-06  0.00000E+00  1.0E-07
  2.350E+01  4.14700E-02  6.56786E-23  2.34542E-06  0.00000E+00  1.0E-07
  2.375E+01  4.23443E-02  6.29843E-23  2.24921E-06  0.00000E+00  1.0E-07
  2.400E+01  4.32273E-02  6.04270E-23  2.15789E-06  0.00000E+00  1.0E-07
  2.425E+01  4.41190E-02  5.79984E-23  2.07116E-06  0.00000E+00  1.0E-07
  2.450E+01  4.50194E-02  5.56907E-23  1.98875E-06  0.00000E+00  1.0E-07
  2.475E+01  4.59284E-02  5.34968E-23  1.91041E-06  0.00000E+00  1.0E-07
  2.500E+01  4.68461E-02  5.14100E-23  1.83588E-06  0.00000E+00  1.0E-07
  2.550E+01  4.87074E-02  4.75332E-23  1.69744E-06  0.00000E+00  1.0E-07
  2.600E+01  5.06030E-02  4.40153E-23  1.57181E-06  0.00000E+00  1.0E-07
  2.650E+01  5.25328E-02  4.08171E-23  1.45761E-06  0.00000E+00  1.0E-07
  2.700E+01  5.44967E-02  3.79044E-23  1.35359E-06  0.00000E+00  1.0E-07
  2.750E+01  5.64946E-02  3.52470E-23  1.25869E-06  0.00000E+00  1.0E-07
  2.800E+01  5.85262E-02  3.28185E-23  1.17197E-06  0.00000E+00  1.0E-07
  2.850E+01  6.05914E-02  3.05956E-23  1.09259E-06  0.00000E+00  1.0E-07
  2.900E+01  6.26901E-02  2.85577E-23  1.01981E-06  0.00000E+00  1.0E-07
  2.950E+01  6.48222E-02  2.66866E-23  9.52996E-07  0.00000E+00  1.0E-07
  3.000E+01  6.69873E-02  2.49662E-23  8.91559E-07  0.00000E+00  1.0E-07
  3.050E+01  6.91854E-02  2.33821E-23  8.34989E-07  0.00000E+00  1.0E-07
  3.100E+01  7.14163E-02  2.19215E-23  7.82831E-07  0.00000E+00  1.0E-07
  3.150E+01  7.36799E-02  2.05731E-23  7.34678E-07  0.00000E+00  1.0E-07
  3.200E+01  7.59760E-02  1.93266E-23  6.90165E-07  0.00000E+00  1.0E-07
  3.250E+01  7.83043E-02  1.81729E-23  6.48967E-07  0.00000E+00  1.0E-07
  3.300E+01  8.06647E-02  1.71039E-23  6.10792E-07  0.00000E+00  1.0E-07
  3.350E+01  8.30571E-02  1.61122E-23  5.75376E-07  0.00000E+00  1.0E-07
  3.400E+01  8.54812E-02  1.51911E-23  5.42483E-07  0.00000E+00  1.0E-07
  3.450E+01  8.79369E-02  1.43347E-23  5.11902E-07  0.00000E+00  1.0E-07
  3.500E+01  9.04240E-02  1.35376E-23  4.83438E-07  0.00000E+00  1.0E-07
  3.550E+01  9.29422E-02  1.27950E-23  4.56919E-07  0.00000E+00  1.0E-07
  3.600E+01  9.54915E-02  1.21025E-23  4.32187E-07  0.00000E+00  1.0E-07
  3.650E+01  9.80716E-02  1.14559E-23  4.09099E-07  0.00000E+00  1.0E-07
  3.700E+01  1.00682E-01  1.08518E-23  3.87525E-07  0.00000E+00  1.0E-07
  3.750E+01  1.03323E-01  1.02868E-23  3.67349E-07  0.00000E+00  1.0E-07
  3.800E+01  1.05995E-01  9.75793E-24  3.48462E-07  0.00000E+00  1.0E-07
  3.850E+01  1.08696E-01  9.26242E-24  3.30767E-07  0.00000E+00  1.0E-07
  3.900E+01  1.11427E-01  8.79778E-24  3.14175E-07  0.00000E+00  1.0E-07
  3.950E+01  1.14188E-01  8.36175E-24  2.98603E-07  0.00000E+00  1.0E-07
  4.000E+01  1.16978E-01  7.95222E-24  2.83979E-07  0.00000E+00  1.0E-07
  4.050E+01  1.19797E-01  7.56728E-24  2.70233E-07  0.00000E+00  1.0E-07
  4.100E+01  1.22645E-01  7.20519E-24  2.57302E-07  0.00000E+00  1.0E-07
  4.150E+01  1.25522E-01  6.86434E-24  2.45130E-07  0.00000E+00  1.0E-07
  4.200E+01  1.28428E-01  6.54325E-24  2.33664E-07  0.00000E+00  1.0E-07
  4.250E+01  1.31361E-01  6.24055E-24  2.22854E-07  0.00000E+00  1.0E-07
  4.300E+01  1.34323E-01  5.95501E-24  2.12657E-07  0.00000E+00  1.0E-07
  4.350E+01  1.37313E-01  5.68546E-24  2.03031E-07  0.00000E+00  1.0E-07
  4.400E+01  1.40330E-01  5.43084E-24  1.93939E-07  0.00000E+00  1.0E-07
  4.450E+01  1.43375E-01  5.19017E-24  1.85344E-07  0.00000E+00  1.0E-07
  4.500E+01  1.46447E-01  4.96255E-24  1.77216E-07  0.00000E+00  1.0E-07
  4.550E+01  1.49545E-01  4.74713E-24  1.69523E-07  0.00000E+00  1.0E-07
  4.600E+01  1.52671E-01  4.54314E-24  1.62238E-07  0.00000E+00  1.0E-07
  4.650E+01  1.55823E-01  4.34986E-24  1.55336E-07  0.00000E+00  1.0E-07
  4.700E+01  1.59001E-01  4.16662E-24  1.48793E-07  0.00000E+00  1.0E-07
  4.750E+01  1.62205E-01  3.99280E-24  1.42585E-07  0.00000E+00  1.0E-07
  4.800E+01  1.65435E-01  3.82783E-24  1.36694E-07  0.00000E+00  1.0E-07
  4.850E+01  1.68690E-01  3.67117E-24  1.31100E-07  0.00000E+00  1.0E-07
  4.900E+01  1.71970E-01  3.52233E-24  1.25785E-07  0.00000E+00  1.0E-07
  4.950E+01  1.75276E-01  3.38084E-24  1.20732E-07  0.00000E+00  1.0E-07
  5.000E+01  1.78606E-01  3.24628E-24  1.15927E-07  0.00000E+00  1.0E-07
  5.050E+01  1.81961E-01  3.11823E-24  1.11354E-07  0.00000E+00  1.0E-07
  5.100E+01  1.85340E-01  2.99633E-24  1.07001E-07  0.00000E+00  1.0E-07
  5.150E+01  1.88743E-01  2.88023E-24  1.02855E-07  0.00000E+00  1.0E-07
  5.200E+01  1.92169E-01  2.76959E-24  9.89040E-08  0.00000E+00  1.0E-07
  5.250E+01  1.95619E-01  2.66412E-24  9.51375E-08  0.00000E+00  1.0E-07
  5.300E+01  1.99092E-01  2.56352E-24  9.15451E-08  0.00000E+00  1.0E-07
  5.350E+01  2.02589E-01  2.46754E-24  8.81174E-08  0.00000E+00  1.0E-07
  5.400E+01  2.06107E-01  2.37591E-24  8.48453E-08  0.00000E+00  1.0E-07
  5.450E+01  2.09649E-01  2.28841E-24  8.17205E-08  0.00000E+00  1.0E-07
  5.500E+01  2.13212E-01  2.20481E-24  7.87351E-08  0.00000E+00  1.0E-07
  5.550E+01  2.16797E-01  2.12491E-24  7.58818E-08  0.00000E+00  1.0E-07
  5.600E+01  2.20404E-01  2.04851E-24  7.31535E-08  0.00000E+00  1.0E-07
  5.650E+01  2.24032E-01  1.97543E-24  7.05439E-08  0.00000E+00  1.0E-07
  5.700E+01  2.27680E-01  1.90550E-24  6.80467E-08  0.00000E+00  1.0E-07
  5.750E+01  2.31350E-01  1.83856E-24  6.56563E-08  0.00000E+00  1.0E-07
  5.800E+01  2.35040E-01  1.77446E-24  6.33672E-08  0.00000E+00  1.0E-07
  5.850E+01  2.38751E-01  1.71306E-24  6.11744E-08  0.00000E+00  1.0E-07
  5.900E+01  2.42481E-01  1.65421E-24  5.90730E-08  0.00000E+00  1.0E-07
  5.950E+01  2.46231E-01  1.59780E-24  5.70585E-08  0.00000E+00  1.0E-07
  6.000E+01  2.50000E-01  1.54371E-24  5.51267E-08  0.00000E+00  1.0E-07
  6.050E+01  2.53788E-01  1.49181E-24  5.32736E-08  0.00000E+00  1.0E-07
  6.100E+01  2.57595E-01  1.44201E-24  5.14952E-08  0.00000E+00  1.0E-07
  6.150E+01  2.61421E-01  1.39421E-24  4.97882E-08  0.00000E+00  1.0E-07
  6.200E+01  2.65264E-01  1.34831E-24  4.81490E-08  0.00000E+00  1.0E-07
  6.250E+01  2.69126E-01  1.30422E-24  4.65745E-08  0.00000E+00  1.0E-07
  6.300E+01  2.73005E-01  1.26186E-24  4.50617E-08  0.00000E+00  1.0E-07
  6.350E+01  2.76901E-01  1.22114E-24  4.36077E-08  0.00000E+00  1.0E-07
  6.400E+01  2.80814E-01  1.18199E-24  4.22097E-08  0.00000E+00  1.0E-07
  6.450E+01  2.84744E-01  1.14435E-24  4.08653E-08  0.00000E+00  1.0E-07
  6.500E+01  2.88691E-01  1.10813E-24  3.95720E-08  0.00000E+00  1.0E-07
  6.550E+01  2.92653E-01  1.07328E-24  3.83276E-08  0.00000E+00  1.0E-07
  6.600E+01  2.96632E-01  1.03974E-24  3.71297E-08  0.00000E+00  1.0E-07
  6.650E+01  3.00625E-01  1.00744E-24  3.59764E-08  0.00000E+00  1.0E-07
  6.700E+01  3.04634E-01  9.76339E-25  3.48657E-08  0.00000E+00  1.0E-07
  6.750E+01  3.08658E-01  9.46377E-25  3.37957E-08  0.00000E+00  1.0E-07
  6.800E+01  3.12697E-01  9.17506E-25  3.27647E-08  0.00000E+00  1.0E-07
  6.850E+01  3.16749E-01  8.89680E-25  3.17710E-08  0.00000E+00  1.0E-07
  6.900E+01  3.20816E-01  8.62853E-25  3.08130E-08  0.00000E+00  1.0E-07
  6.950E+01  3.24896E-01  8.36983E-25  2.98892E-08  0.00000E+00  1.0E-07
  7.000E+01  3.28990E-01  8.12030E-25  2.89981E-08  0.00000E+00  1.0E-07
  7.050E+01  3.33097E-01  7.87955E-25  2.81384E-08  0.00000E+00  1.0E-07
  7.100E+01  3.37216E-01  7.64722E-25  2.73087E-08  0.00000E+00  1.0E-07
  7.150E+01  3.41348E-01  7.42297E-25  2.65079E-08  0.00000E+00  1.0E-07
  7.200E+01  3.45492E-01  7.20645E-25  2.57347E-08  0.00000E+00  1.0E-07
  7.250E+01  3.49647E-01  6.99735E-25  2.49880E-08  0.00000E+00  1.0E-07
  7.300E+01  3.53814E-01  6.79538E-25  2.42668E-08  0.00000E+00  1.0E-07
  7.350E+01  3.57992E-01  6.60025E-25  2.35699E-08  0.00000E+00  1.0E-07
  7.400E+01  3.62181E-01  6.41168E-25  2.28965E-08  0.00000E+00  1.0E-07
  7.450E+01  3.66381E-01  6.22941E-25  2.22456E-08  0.00000E+00  1.0E-07
  7.500E+01  3.70590E-01  6.05320E-25  2.16164E-08  0.00000E+00  1.0E-07
  7.550E+01  3.74810E-01  5.88281E-25  2.10079E-08  0.00000E+00  1.0E-07
  7.600E+01  3.79039E-01  5.71800E-25  2.04194E-08  0.00000E+00  1.0E-07
  7.650E+01  3.83277E-01  5.55857E-25  1.98500E-08  0.00000E+00  1.0E-07
  7.700E+01  3.87524E-01  5.40431E-25  1.92991E-08  0.00000E+00  1.0E-07
  7.750E+01  3.91780E-01  5.25502E-25  1.87660E-08  0.00000E+00  1.0E-07
  7.800E+01  3.96044E-01  5.11051E-25  1.82500E-08  0.00000E+00  1.0E-07
  7.850E+01  4.00316E-01  4.97060E-25  1.77503E-08  0.00000E+00  1.0E-07
  7.900E+01  4.04596E-01  4.83512E-25  1.72665E-08  0.00000E+00  1.0E-07
  7.950E+01  4.08882E-01  4.70391E-25  1.67980E-08  0.00000E+00  1.0E-07
  8.000E+01  4.13176E-01  4.57680E-25  1.63441E-08  0.00000E+00  1.0E-07
  8.050E+01  4.17476E-01  4.45365E-25  1.59043E-08  0.00000E+00  1.0E-07
  8.100E+01  4.21783E-01  4.33430E-25  1.54781E-08  0.00000E+00  1.0E-07
  8.150E+01  4.26095E-01  4.21863E-25  1.50650E-08  0.00000E+00  1.0E-07
  8.200E+01  4.30413E-01  4.10649E-25  1.46646E-08  0.00000E+00  1.0E-07
  8.250E+01  4.34737E-01  3.99777E-25  1.42763E-08  0.00000E+00  1.0E-07
  8.300E+01  4.39065E-01  3.89233E-25  1.38998E-08  0.00000E+00  1.0E-07
  8.350E+01  4.43398E-01  3.79007E-25  1.35346E-08  0.00000E+00  1.0E-07
  8.400E+01  4.47736E-01  3.69087E-25  1.31803E-08  0.00000E+00  1.0E-07
  8.450E+01  4.52077E-01  3.59462E-25  1.28366E-08  0.00000E+00  1.0E-07
  8.500E+01  4.56422E-01  3.50122E-25  1.25031E-08  0.00000E+00  1.0E-07
  8.550E+01  4.60770E-01  3.41057E-25  1.21794E-08  0.00000E+00  1.0E-07
  8.600E+01  4.65122E-01  3.32258E-25  1.18651E-08  0.00000E+00  1.0E-07
  8.650E+01  4.69476E-01  3.23715E-25  1.15601E-08  0.00000E+00  1.0E-07
  8.700E+01  4.73832E-01  3.15420E-25  1.12638E-08  0.00000E+00  1.0E-07
  8.750E+01  4.78190E-01  3.07364E-25  1.09762E-08  0.00000E+00  1.0E-07
  8.800E+01  4.82550E-01  2.99539E-25  1.06967E-08  0.00000E+00  1.0E-07
  8.850E+01  4.86912E-01  2.91937E-25  1.04253E-08  0.00000E+00  1.0E-07
  8.900E+01  4.91274E-01  2.84552E-25  1.01615E-08  0.00000E+00  1.0E-07
  8.950E+01  4.95637E-01  2.77375E-25  9.90524E-09  0.00000E+00  1.0E-07
  9.000E+01  5.00000E-01  2.70400E-25  9.65616E-09  0.00000E+00  1.0E-07
  9.050E+01  5.04363E-01  2.63620E-25  9.41406E-09  0.00000E+00  1.0E-07
  9.100E+01  5.08726E-01  2.57030E-25  9.17869E-09  0.00000E+00  1.0E-07
  9.150E+01  5.13088E-01  2.50621E-25  8.94985E-09  0.00000E+00  1.0E-07
  9.200E+01  5.17450E-01  2.44390E-25  8.72733E-09  0.00000E+00  1.0E-07
  9.250E+01  5.21810E-01  2.38330E-25  8.51091E-09  0.00000E+00  1.0E-07
  9.300E+01  5.26168E-01  2.32435E-25  8.30040E-09  0.00000E+00  1.0E-07
  9.350E+01  5.30524E-01  2.26701E-25  8.09563E-09  0.00000E+00  1.0E-07
  9.400E+01  5.34878E-01  2.21121E-25  7.89639E-09  0.00000E+00  1.0E-07
  9.450E+01  5.39230E-01  2.15693E-25  7.70252E-09  0.00000E+00  1.0E-07
  9.500E+01  5.43578E-01  2.10409E-25  7.51386E-09  0.00000E+00  1.0E-07
  9.550E+01  5.47923E-01  2.05267E-25  7.33023E-09  0.00000E+00  1.0E-07
  9.600E+01  5.52264E-01  2.00262E-25  7.15148E-09  0.00000E+00  1.0E-07
  9.650E+01  5.56602E-01  1.95389E-25  6.97747E-09  0.00000E+00  1.0E-07
  9.700E+01  5.60935E-01  1.90644E-25  6.80804E-09  0.00000E+00  1.0E-07
  9.750E+01  5.65263E-01  1.86024E-25  6.64305E-09  0.00000E+00  1.0E-07
  9.800E+01  5.69587E-01  1.81525E-25  6.48237E-09  0.00000E+00  1.0E-07
  9.850E+01  5.73905E-01  1.77142E-25  6.32587E-09  0.00000E+00  1.0E-07
  9.900E+01  5.78217E-01  1.72874E-25  6.17343E-09  0.00000E+00  1.0E-07
  9.950E+01  5.82524E-01  1.68715E-25  6.02491E-09  0.00000E+00  1.0E-07
  1.000E+02  5.86824E-01  1.64663E-25  5.88021E-09  0.00000E+00  1.0E-07
  1.005E+02  5.91118E-01  1.60714E-25  5.73921E-09  0.00000E+00  1.0E-07
  1.010E+02  5.95404E-01  1.56866E-25  5.60180E-09  0.00000E+00  1.0E-07
  1.015E+02  5.99684E-01  1.53116E-25  5.46787E-09  0.00000E+00  1.0E-07
  1.020E+02  6.03956E-01  1.49460E-25  5.33733E-09  0.00000E+00  1.0E-07
  1.025E+02  6.08220E-01  1.45897E-25  5.21007E-09  0.00000E+00  1.0E-07
  1.030E+02  6.12476E-01  1.42422E-25  5.08600E-09  0.00000E+00  1.0E-07
  1.035E+02  6.16723E-01  1.39035E-25  4.96503E-09  0.00000E+00  1.0E-07
  1.040E+02  6.20961E-01  1.35732E-25  4.84706E-09  0.00000E+00  1.0E-07
  1.045E+02  6.25190E-01  1.32510E-25  4.73202E-09  0.00000E+00  1.0E-07
  1.050E+02  6.29410E-01  1.29368E-25  4.61981E-09  0.00000E+00  1.0E-07
  1.055E+02  6.33619E-01  1.26303E-25  4.51036E-09  0.00000E+00  1.0E-07
  1.060E+02  6.37819E-01  1.23313E-25  4.40360E-09  0.00000E+00  1.0E-07
  1.065E+02  6.42008E-01  1.20396E-25  4.29944E-09  0.00000E+00  1.0E-07
  1.070E+02  6.46186E-01  1.17551E-25  4.19781E-09  0.00000E+00  1.0E-07
  1.075E+02  6.50353E-01  1.14774E-25  4.09864E-09  0.00000E+00  1.0E-07
  1.080E+02  6.54508E-01  1.12064E-25  4.00186E-09  0.00000E+00  1.0E-07
  1.085E+02  6.58652E-01  1.09419E-25  3.90741E-09  0.00000E+00  1.0E-07
  1.090E+02  6.62784E-01  1.06837E-25  3.81523E-09  0.00000E+00  1.0E-07
  1.095E+02  6.66903E-01  1.04318E-25  3.72525E-09  0.00000E+00  1.0E-07
  1.100E+02  6.71010E-01  1.01858E-25  3.63741E-09  0.00000E+00  1.0E-07
  1.105E+02  6.75104E-01  9.94563E-26  3.55165E-09  0.00000E+00  1.0E-07
  1.110E+02  6.79184E-01  9.71116E-26  3.46792E-09  0.00000E+00  1.0E-07
  1.115E+02  6.83251E-01  9.48221E-26  3.38616E-09  0.00000E+00  1.0E-07
  1.120E+02  6.87303E-01  9.25865E-26  3.30632E-09  0.00000E+00  1.0E-07
  1.125E+02  6.91342E-01  9.04032E-26  3.22836E-09  0.00000E+00  1.0E-07
  1.130E+02  6.95366E-01  8.82708E-26  3.15221E-09  0.00000E+00  1.0E-07
  1.135E+02  6.99375E-01  8.61880E-26  3.07783E-09  0.00000E+00  1.0E-07
  1.140E+02  7.03368E-01  8.41536E-26  3.00518E-09  0.00000E+00  1.0E-07
  1.145E+02  7.07347E-01  8.21662E-26  2.93421E-09  0.00000E+00  1.0E-07
  1.150E+02  7.11309E-01  8.02246E-26  2.86487E-09  0.00000E+00  1.0E-07
  1.155E+02  7.15256E-01  7.83277E-26  2.79713E-09  0.00000E+00  1.0E-07
  1.160E+02  7.19186E-01  7.64743E-26  2.73095E-09  0.00000E+00  1.0E-07
  1.165E+02  7.23099E-01  7.46632E-26  2.66627E-09  0.00000E+00  1.0E-07
  1.170E+02  7.26995E-01  7.28934E-26  2.60307E-09  0.00000E+00  1.0E-07
  1.175E+02  7.30874E-01  7.11638E-26  2.54131E-09  0.00000E+00  1.0E-07
  1.180E+02  7.34736E-01  6.94735E-26  2.48094E-09  0.00000E+00  1.0E-07
  1.185E+02  7.38579E-01  6.78214E-26  2.42195E-09  0.00000E+00  1.0E-07
  1.190E+02  7.42405E-01  6.62066E-26  2.36428E-09  0.00000E+00  1.0E-07
  1.195E+02  7.46212E-01  6.46280E-26  2.30791E-09  0.00000E+00  1.0E-07
  1.200E+02  7.50000E-01  6.30850E-26  2.25281E-09  0.00000E+00  1.0E-07
  1.205E+02  7.53769E-01  6.15765E-26  2.19894E-09  0.00000E+00  1.0E-07
  1.210E+02  7.57519E-01  6.01016E-26  2.14627E-09  0.00000E+00  1.0E-07
  1.215E+02  7.61249E-01  5.86597E-26  2.09478E-09  0.00000E+00  1.0E-07
  1.220E+02  7.64960E-01  5.72498E-26  2.04443E-09  0.00000E+00  1.0E-07
  1.225E+02  7.68650E-01  5.58712E-26  1.99520E-09  0.00000E+00  1.0E-07
  1.230E+02  7.72320E-01  5.45232E-26  1.94706E-09  0.00000E+00  1.0E-07
  1.235E+02  7.75968E-01  5.32050E-26  1.89998E-09  0.00000E+00  1.0E-07
  1.240E+02  7.79596E-01  5.19158E-26  1.85395E-09  0.00000E+00  1.0E-07
  1.245E+02  7.83203E-01  5.06550E-26  1.80892E-09  0.00000E+00  1.0E-07
  1.250E+02  7.86788E-01  4.94219E-26  1.76489E-09  0.00000E+00  1.0E-07
  1.255E+02  7.90351E-01  4.82159E-26  1.72182E-09  0.00000E+00  1.0E-07
  1.260E+02  7.93893E-01  4.70364E-26  1.67970E-09  0.00000E+00  1.0E-07
  1.265E+02  7.97411E-01  4.58826E-26  1.63850E-09  0.00000E+00  1.0E-07
  1.270E+02  8.00908E-01  4.47540E-26  1.59819E-09  0.00000E+00  1.0E-07
  1.275E+02  8.04381E-01  4.36500E-26  1.55877E-09  0.00000E+00  1.0E-07
  1.280E+02  8.07831E-01  4.25701E-26  1.52021E-09  0.00000E+00  1.0E-07
  1.285E+02  8.11257E-01  4.15136E-26  1.48248E-09  0.00000E+00  1.0E-07
  1.290E+02  8.14660E-01  4.04802E-26  1.44557E-09  0.00000E+00  1.0E-07
  1.295E+02  8.18039E-01  3.94691E-26  1.40947E-09  0.00000E+00  1.0E-07
  1.300E+02  8.21394E-01  3.84800E-26  1.37414E-09  0.00000E+00  1.0E-07
  1.305E+02  8.24724E-01  3.75123E-26  1.33959E-09  0.00000E+00  1.0E-07
  1.310E+02  8.28030E-01  3.65655E-26  1.30578E-09  0.00000E+00  1.0E-07
  1.315E+02  8.31310E-01  3.56392E-26  1.27270E-09  0.00000E+00  1.0E-07
  1.320E+02  8.34565E-01  3.47330E-26  1.24034E-09  0.00000E+00  1.0E-07
  1.325E+02  8.37795E-01  3.38463E-26  1.20867E-09  0.00000E+00  1.0E-07
  1.330E+02  8.40999E-01  3.29788E-26  1.17769E-09  0.00000E+00  1.0E-07
  1.335E+02  8.44177E-01  3.21300E-26  1.14738E-09  0.00000E+00  1.0E-07
  1.340E+02  8.47329E-01  3.12995E-26  1.11773E-09  0.00000E+00  1.0E-07
  1.345E+02  8.50455E-01  3.04870E-26  1.08871E-09  0.00000E+00  1.0E-07
  1.350E+02  8.53553E-01  2.96920E-26  1.06032E-09  0.00000E+00  1.0E-07
  1.355E+02  8.56625E-01  2.89142E-26  1.03254E-09  0.00000E+00  1.0E-07
  1.360E+02  8.59670E-01  2.81532E-26  1.00537E-09  0.00000E+00  1.0E-07
  1.365E+02  8.62687E-01  2.74086E-26  9.78778E-10  0.00000E+00  1.0E-07
  1.370E+02  8.65677E-01  2.66801E-26  9.52764E-10  0.00000E+00  1.0E-07
  1.375E+02  8.68639E-01  2.59674E-26  9.27313E-10  0.00000E+00  1.0E-07
  1.380E+02  8.71572E-01  2.52701E-26  9.02413E-10  0.00000E+00  1.0E-07
  1.385E+02  8.74478E-01  2.45880E-26  8.78053E-10  0.00000E+00  1.0E-07
  1.390E+02  8.77355E-01  2.39206E-26  8.54221E-10  0.00000E+00  1.0E-07
  1.395E+02  8.80203E-01  2.32678E-26  8.30908E-10  0.00000E+00  1.0E-07
  1.400E+02  8.83022E-01  2.26292E-26  8.08102E-10  0.00000E+00  1.0E-07
  1.405E+02  8.85812E-01  2.20045E-26  7.85794E-10  0.00000E+00  1.0E-07
  1.410E+02  8.88573E-01  2.13934E-26  7.63973E-10  0.00000E+00  1.0E-07
  1.415E+02  8.91304E-01  2.07957E-26  7.42629E-10  0.00000E+00  1.0E-07
  1.420E+02  8.94005E-01  2.02112E-26  7.21754E-10  0.00000E+00  1.0E-07
  1.425E+02  8.96677E-01  1.96395E-26  7.01338E-10  0.00000E+00  1.0E-07
  1.430E+02  8.99318E-01  1.90803E-26  6.81372E-10  0.00000E+00  1.0E-07
  1.435E+02  9.01928E-01  1.85336E-26  6.61847E-10  0.00000E+00  1.0E-07
  1.440E+02  9.04508E-01  1.79990E-26  6.42755E-10  0.00000E+00  1.0E-07
  1.445E+02  9.07058E-01  1.74762E-26  6.24088E-10  0.00000E+00  1.0E-07
  1.450E+02  9.09576E-01  1.69652E-26  6.05838E-10  0.00000E+00  1.0E-07
  1.455E+02  9.12063E-01  1.64656E-26  5.87996E-10  0.00000E+00  1.0E-07
  1.460E+02  9.14519E-01  1.59772E-26  5.70556E-10  0.00000E+00  1.0E-07
  1.465E+02  9.16943E-01  1.54999E-26  5.53510E-10  0.00000E+00  1.0E-07
  1.470E+02  9.19335E-01  1.50333E-26  5.36850E-10  0.00000E+00  1.0E-07
  1.475E+02  9.21696E-01  1.45775E-26  5.20571E-10  0.00000E+00  1.0E-07
  1.480E+02  9.24024E-01  1.41320E-26  5.04664E-10  0.00000E+00  1.0E-07
  1.485E+02  9.26320E-01  1.36968E-26  4.89123E-10  0.00000E+00  1.0E-07
  1.490E+02  9.28584E-01  1.32717E-26  4.73942E-10  0.00000E+00  1.0E-07
  1.495E+02  9.30815E-01  1.28565E-26  4.59115E-10  0.00000E+00  1.0E-07
  1.500E+02  9.33013E-01  1.24510E-26  4.44635E-10  0.00000E+00  1.0E-07
  1.505E+02  9.35178E-01  1.20551E-26  4.30496E-10  0.00000E+00  1.0E-07
  1.510E+02  9.37310E-01  1.16686E-26  4.16693E-10  0.00000E+00  1.0E-07
  1.515E+02  9.39409E-01  1.12913E-26  4.03220E-10  0.00000E+00  1.0E-07
  1.520E+02  9.41474E-01  1.09231E-26  3.90072E-10  0.00000E+00  1.0E-07
  1.525E+02  9.43505E-01  1.05639E-26  3.77243E-10  0.00000E+00  1.0E-07
  1.530E+02  9.45503E-01  1.02134E-26  3.64729E-10  0.00000E+00  1.0E-07
  1.535E+02  9.47467E-01  9.87165E-27  3.52523E-10  0.00000E+00  1.0E-07
  1.540E+02  9.49397E-01  9.53837E-27  3.40621E-10  0.00000E+00  1.0E-07
  1.545E+02  9.51293E-01  9.21348E-27  3.29019E-10  0.00000E+00  1.0E-07
  1.550E+02  9.53154E-01  8.89685E-27  3.17712E-10  0.00000E+00  1.0E-07
  1.555E+02  9.54981E-01  8.58835E-27  3.06696E-10  0.00000E+00  1.0E-07
  1.560E+02  9.56773E-01  8.28786E-27  2.95965E-10  0.00000E+00  1.0E-07
  1.565E+02  9.58530E-01  7.99526E-27  2.85516E-10  0.00000E+00  1.0E-07
  1.570E+02  9.60252E-01  7.71043E-27  2.75345E-10  0.00000E+00  1.0E-07
  1.575E+02  9.61940E-01  7.43327E-27  2.65447E-10  0.00000E+00  1.0E-07
  1.580E+02  9.63592E-01  7.16367E-27  2.55819E-10  0.00000E+00  1.0E-07
  1.585E+02  9.65209E-01  6.90152E-27  2.46458E-10  0.00000E+00  1.0E-07
  1.590E+02  9.66790E-01  6.64672E-27  2.37359E-10  0.00000E+00  1.0E-07
  1.595E+02  9.68336E-01  6.39917E-27  2.28519E-10  0.00000E+00  1.0E-07
  1.600E+02  9.69846E-01  6.15878E-27  2.19934E-10  0.00000E+00  1.0E-07
  1.605E+02  9.71321E-01  5.92545E-27  2.11602E-10  0.00000E+00  1.0E-07
  1.610E+02  9.72759E-01  5.69910E-27  2.03519E-10  0.00000E+00  1.0E-07
  1.615E+02  9.74162E-01  5.47964E-27  1.95681E-10  0.00000E+00  1.0E-07
  1.620E+02  9.75528E-01  5.26698E-27  1.88087E-10  0.00000E+00  1.0E-07
  1.625E+02  9.76858E-01  5.06104E-27  1.80733E-10  0.00000E+00  1.0E-07
  1.630E+02  9.78152E-01  4.86175E-27  1.73616E-10  0.00000E+00  1.0E-07
  1.635E+02  9.79410E-01  4.66903E-27  1.66734E-10  0.00000E+00  1.0E-07
  1.640E+02  9.80631E-01  4.48281E-27  1.60084E-10  0.00000E+00  1.0E-07
  1.645E+02  9.81815E-01  4.30301E-27  1.53663E-10  0.00000E+00  1.0E-07
  1.650E+02  9.82963E-01  4.12957E-27  1.47470E-10  0.00000E+00  1.0E-07
  1.655E+02  9.84074E-01  3.96243E-27  1.41501E-10  0.00000E+00  1.0E-07
  1.660E+02  9.85148E-01  3.80151E-27  1.35755E-10  0.00000E+00  1.0E-07
  1.665E+02  9.86185E-01  3.64677E-27  1.30229E-10  0.00000E+00  1.0E-07
  1.670E+02  9.87185E-01  3.49814E-27  1.24921E-10  0.00000E+00  1.0E-07
  1.675E+02  9.88148E-01  3.35557E-27  1.19830E-10  0.00000E+00  1.0E-07
  1.680E+02  9.89074E-01  3.21901E-27  1.14953E-10  0.00000E+00  1.0E-07
  1.685E+02  9.89962E-01  3.08840E-27  1.10289E-10  0.00000E+00  1.0E-07
  1.690E+02  9.90814E-01  2.96369E-27  1.05835E-10  0.00000E+00  1.0E-07
  1.695E+02  9.91627E-01  2.84484E-27  1.01591E-10  0.00000E+00  1.0E-07
  1.700E+02  9.92404E-01  2.73181E-27  9.75548E-11  0.00000E+00  1.0E-07
  1.705E+02  9.93143E-01  2.62456E-27  9.37246E-11  0.00000E+00  1.0E-07
  1.710E+02  9.93844E-01  2.52303E-27  9.00992E-11  0.00000E+00  1.0E-07
  1.715E+02  9.94508E-01  2.42721E-27  8.66772E-11  0.00000E+00  1.0E-07
  1.720E+02  9.95134E-01  2.33704E-27  8.34574E-11  0.00000E+00  1.0E-07
  1.725E+02  9.95722E-01  2.25251E-27  8.04385E-11  0.00000E+00  1.0E-07
  1.730E+02  9.96273E-01  2.17357E-27  7.76196E-11  0.00000E+00  1.0E-07
  1.735E+02  9.96786E-01  2.10020E-27  7.49996E-11  0.00000E+00  1.0E-07
  1.740E+02  9.97261E-01  2.03237E-27  7.25774E-11  0.00000E+00  1.0E-07
  1.745E+02  9.97698E-01  1.97006E-27  7.03523E-11  0.00000E+00  1.0E-07
  1.750E+02  9.98097E-01  1.91325E-27  6.83233E-11  0.00000E+00  1.0E-07
  1.755E+02  9.98459E-01  1.86190E-27  6.64898E-11  0.00000E+00  1.0E-07
  1.760E+02  9.98782E-01  1.81602E-27  6.48511E-11  0.00000E+00  1.0E-07
  1.765E+02  9.99067E-01  1.77557E-27  6.34066E-11  0.00000E+00  1.0E-07
  1.770E+02  9.99315E-01  1.74054E-27  6.21558E-11  0.00000E+00  1.0E-07
  1.775E+02  9.99524E-01  1.71092E-27  6.10981E-11  0.00000E+00  1.0E-07
  1.780E+02  9.99695E-01  1.68670E-27  6.02333E-11  0.00000E+00  1.0E-07
  1.785E+02  9.99829E-01  1.66788E-27  5.95610E-11  0.00000E+00  1.0E-07
  1.790E+02  9.99924E-01  1.65444E-27  5.90810E-11  0.00000E+00  1.0E-07
  1.795E+02  9.99981E-01  1.64637E-27  5.87930E-11  0.00000E+00  1.0E-07
  1.800E+02  1.00000E+00  1.64368E-27  5.86970E-11  0.00000E+00  3.1E-07
