 #
 # Subroutine ELSEPA. Elastic scattering of electrons and positrons
 #                    by neutral atoms and positive ions
 #
 # Projectile: electron
 # Kinetic energy = 3.70000E+06 eV = 1.35973E+05 a.u.
 #
 # WARNING: High-energy factorization with free-atom DF screening.
 #          Absorption, polarization and exchange corrections are
 #          switched off.
 #          Phase shifts are calculated for the bare nucleus.
 #          Scattering amplitudes are not evaluated.
 #
 # Element: Lu,  Z =  71,  atomic weight = 1.74967E+02 g/mol
 #
 # Nuclear model: Fermi distribution
 #                Average radius = 5.98461E-13 cm
 #                Skin thickness = 5.46000E-14 cm
 #
 # Number of electrons = 71
 #
 # Total elastic cross section = 7.29999E-18 cm**2 = 2.60687E-01 a0**2
 # 1st transport cross section = 4.60539E-22 cm**2 = 1.64461E-05 a0**2
 # 2nd transport cross section = 1.24489E-21 cm**2 = 4.44557E-05 a0**2
 #
 #
 # Differential cross section:                       MU=(1-COS(THETA))/2
 #
 #  THETA        MU          DCS          DCS        Sherman      error
 #  (deg)                 (cm**2/sr)   (a0**2/sr)    function
 #----------------------------------------------------------------------
  0.000E+00  0.00000E+00  1.17495E-12  4.19581E+04  0.00000E+00  1.0E-05
  1.000E-04  7.61557E-13  1.17494E-12  4.19578E+04  0.00000E+00  1.0E-05
  1.250E-04  1.18994E-12  1.17493E-12  4.19577E+04  0.00000E+00  1.0E-05
  1.500E-04  1.71346E-12  1.17493E-12  4.19575E+04  0.00000E+00  1.0E-05
  1.750E-04  2.33225E-12  1.17492E-12  4.19573E+04  0.00000E+00  1.0E-05
  2.000E-04  3.04617E-12  1.17492E-12  4.19570E+04  0.00000E+00  1.0E-05
  2.250E-04  3.85530E-12  1.17491E-12  4.19567E+04  0.00000E+00  1.0E-05
  2.500E-04  4.75964E-12  1.17490E-12  4.19564E+04  0.00000E+00  1.0E-05
  2.750E-04  5.75917E-12  1.17489E-12  4.19560E+04  0.00000E+00  1.0E-05
  3.000E-04  6.85391E-12  1.17488E-12  4.19557E+04  0.00000E+00  1.0E-05
  3.250E-04  8.04379E-12  1.17487E-12  4.19552E+04  0.00000E+00  1.0E-05
  3.500E-04  9.32893E-12  1.17485E-12  4.19548E+04  0.00000E+00  1.0E-05
  3.750E-04  1.07092E-11  1.17484E-12  4.19543E+04  0.00000E+00  1.0E-05
  4.000E-04  1.21847E-11  1.17483E-12  4.19538E+04  0.00000E+00  1.0E-05
  4.250E-04  1.37554E-11  1.17481E-12  4.19532E+04  0.00000E+00  1.0E-05
  4.500E-04  1.54213E-11  1.17479E-12  4.19526E+04  0.00000E+00  1.0E-05
  4.750E-04  1.71823E-11  1.17478E-12  4.19520E+04  0.00000E+00  1.0E-05
  5.000E-04  1.90386E-11  1.17476E-12  4.19513E+04  0.00000E+00  1.0E-05
  5.250E-04  2.09900E-11  1.17474E-12  4.19506E+04  0.00000E+00  1.0E-05
  5.500E-04  2.30367E-11  1.17472E-12  4.19499E+04  0.00000E+00  1.0E-05
  5.750E-04  2.51785E-11  1.17470E-12  4.19492E+04  0.00000E+00  1.0E-05
  6.000E-04  2.74156E-11  1.17467E-12  4.19484E+04  0.00000E+00  1.0E-05
  6.250E-04  2.97478E-11  1.17465E-12  4.19475E+04  0.00000E+00  1.0E-05
  6.500E-04  3.21752E-11  1.17463E-12  4.19467E+04  0.00000E+00  1.0E-05
  6.750E-04  3.46979E-11  1.17460E-12  4.19458E+04  0.00000E+00  1.0E-05
  7.000E-04  3.73157E-11  1.17458E-12  4.19448E+04  0.00000E+00  1.0E-05
  7.250E-04  4.00286E-11  1.17455E-12  4.19439E+04  0.00000E+00  1.0E-05
  7.500E-04  4.28368E-11  1.17452E-12  4.19429E+04  0.00000E+00  1.0E-05
  7.750E-04  4.57402E-11  1.17449E-12  4.19419E+04  0.00000E+00  1.0E-05
  8.000E-04  4.87388E-11  1.17446E-12  4.19408E+04  0.00000E+00  1.0E-05
  8.250E-04  5.18325E-11  1.17443E-12  4.19397E+04  0.00000E+00  1.0E-05
  8.500E-04  5.50215E-11  1.17440E-12  4.19386E+04  0.00000E+00  1.0E-05
  8.750E-04  5.83057E-11  1.17437E-12  4.19374E+04  0.00000E+00  1.0E-05
  9.000E-04  6.16850E-11  1.17433E-12  4.19362E+04  0.00000E+00  1.0E-05
  9.250E-04  6.51595E-11  1.17430E-12  4.19350E+04  0.00000E+00  1.0E-05
  9.500E-04  6.87293E-11  1.17426E-12  4.19337E+04  0.00000E+00  1.0E-05
  9.750E-04  7.23943E-11  1.17423E-12  4.19324E+04  0.00000E+00  1.0E-05
  1.000E-03  7.61544E-11  1.17419E-12  4.19310E+04  0.00000E+00  1.0E-05
  1.250E-03  1.18991E-10  1.17376E-12  4.19158E+04  0.00000E+00  1.0E-05
  1.500E-03  1.71347E-10  1.17324E-12  4.18973E+04  0.00000E+00  1.0E-05
  1.750E-03  2.33223E-10  1.17263E-12  4.18753E+04  0.00000E+00  1.0E-05
  2.000E-03  3.04617E-10  1.17192E-12  4.18500E+04  0.00000E+00  1.0E-05
  2.250E-03  3.85531E-10  1.17112E-12  4.18214E+04  0.00000E+00  1.0E-05
  2.500E-03  4.75965E-10  1.17022E-12  4.17894E+04  0.00000E+00  1.0E-05
  2.750E-03  5.75917E-10  1.16923E-12  4.17541E+04  0.00000E+00  1.0E-05
  3.000E-03  6.85389E-10  1.16815E-12  4.17155E+04  0.00000E+00  1.0E-05
  3.250E-03  8.04380E-10  1.16698E-12  4.16736E+04  0.00000E+00  1.0E-05
  3.500E-03  9.32891E-10  1.16571E-12  4.16284E+04  0.00000E+00  1.0E-05
  3.750E-03  1.07092E-09  1.16436E-12  4.15800E+04  0.00000E+00  1.0E-05
  4.000E-03  1.21847E-09  1.16291E-12  4.15283E+04  0.00000E+00  1.0E-05
  4.250E-03  1.37554E-09  1.16137E-12  4.14734E+04  0.00000E+00  1.0E-05
  4.500E-03  1.54213E-09  1.15975E-12  4.14153E+04  0.00000E+00  1.0E-05
  4.750E-03  1.71823E-09  1.15803E-12  4.13541E+04  0.00000E+00  1.0E-05
  5.000E-03  1.90386E-09  1.15623E-12  4.12897E+04  0.00000E+00  1.0E-05
  5.250E-03  2.09900E-09  1.15434E-12  4.12221E+04  0.00000E+00  1.0E-05
  5.500E-03  2.30367E-09  1.15236E-12  4.11515E+04  0.00000E+00  1.0E-05
  5.750E-03  2.51785E-09  1.15030E-12  4.10778E+04  0.00000E+00  1.0E-05
  6.000E-03  2.74156E-09  1.14815E-12  4.10011E+04  0.00000E+00  1.0E-05
  6.250E-03  2.97478E-09  1.14591E-12  4.09213E+04  0.00000E+00  1.0E-05
  6.500E-03  3.21752E-09  1.14360E-12  4.08386E+04  0.00000E+00  1.0E-05
  6.750E-03  3.46978E-09  1.14120E-12  4.07529E+04  0.00000E+00  1.0E-05
  7.000E-03  3.73156E-09  1.13872E-12  4.06643E+04  0.00000E+00  1.0E-05
  7.250E-03  4.00286E-09  1.13616E-12  4.05729E+04  0.00000E+00  1.0E-05
  7.500E-03  4.28368E-09  1.13351E-12  4.04785E+04  0.00000E+00  1.0E-05
  7.750E-03  4.57402E-09  1.13079E-12  4.03814E+04  0.00000E+00  1.0E-05
  8.000E-03  4.87388E-09  1.12800E-12  4.02815E+04  0.00000E+00  1.0E-05
  8.250E-03  5.18326E-09  1.12512E-12  4.01788E+04  0.00000E+00  1.0E-05
  8.500E-03  5.50215E-09  1.12217E-12  4.00735E+04  0.00000E+00  1.0E-05
  8.750E-03  5.83057E-09  1.11915E-12  3.99655E+04  0.00000E+00  1.0E-05
  9.000E-03  6.16850E-09  1.11605E-12  3.98548E+04  0.00000E+00  1.0E-05
  9.250E-03  6.51596E-09  1.11288E-12  3.97416E+04  0.00000E+00  1.0E-05
  9.500E-03  6.87293E-09  1.10964E-12  3.96258E+04  0.00000E+00  1.0E-05
  9.750E-03  7.23942E-09  1.10632E-12  3.95076E+04  0.00000E+00  1.0E-05
  1.000E-02  7.61544E-09  1.10294E-12  3.93869E+04  0.00000E+00  1.0E-05
  1.250E-02  1.18991E-08  1.06563E-12  3.80543E+04  0.00000E+00  1.0E-05
  1.500E-02  1.71347E-08  1.02284E-12  3.65262E+04  0.00000E+00  1.0E-05
  1.750E-02  2.33223E-08  9.75922E-13  3.48508E+04  0.00000E+00  1.0E-05
  2.000E-02  3.04617E-08  9.26206E-13  3.30754E+04  0.00000E+00  1.0E-05
  2.250E-02  3.85531E-08  8.74959E-13  3.12453E+04  0.00000E+00  1.0E-05
  2.500E-02  4.75965E-08  8.23314E-13  2.94011E+04  0.00000E+00  1.0E-05
  2.750E-02  5.75917E-08  7.72211E-13  2.75762E+04  0.00000E+00  1.0E-05
  3.000E-02  6.85389E-08  7.22417E-13  2.57980E+04  0.00000E+00  1.0E-05
  3.250E-02  8.04380E-08  6.74559E-13  2.40889E+04  0.00000E+00  1.0E-05
  3.500E-02  9.32891E-08  6.29089E-13  2.24652E+04  0.00000E+00  1.0E-05
  3.750E-02  1.07092E-07  5.86234E-13  2.09348E+04  0.00000E+00  1.0E-05
  4.000E-02  1.21847E-07  5.46139E-13  1.95030E+04  0.00000E+00  1.0E-05
  4.250E-02  1.37554E-07  5.08874E-13  1.81722E+04  0.00000E+00  1.0E-05
  4.500E-02  1.54213E-07  4.74449E-13  1.69429E+04  0.00000E+00  1.0E-05
  4.750E-02  1.71823E-07  4.42705E-13  1.58093E+04  0.00000E+00  1.0E-05
  5.000E-02  1.90386E-07  4.13515E-13  1.47669E+04  0.00000E+00  1.0E-05
  5.250E-02  2.09900E-07  3.86730E-13  1.38104E+04  0.00000E+00  1.0E-05
  5.500E-02  2.30367E-07  3.62213E-13  1.29349E+04  0.00000E+00  1.0E-05
  5.750E-02  2.51785E-07  3.39738E-13  1.21323E+04  0.00000E+00  1.0E-05
  6.000E-02  2.74156E-07  3.19140E-13  1.13967E+04  0.00000E+00  1.0E-05
  6.250E-02  2.97478E-07  3.00258E-13  1.07224E+04  0.00000E+00  1.0E-05
  6.500E-02  3.21752E-07  2.82927E-13  1.01035E+04  0.00000E+00  1.0E-05
  6.750E-02  3.46978E-07  2.66993E-13  9.53449E+03  0.00000E+00  1.0E-05
  7.000E-02  3.73156E-07  2.52327E-13  9.01075E+03  0.00000E+00  1.0E-05
  7.250E-02  4.00286E-07  2.38809E-13  8.52803E+03  0.00000E+00  1.0E-05
  7.500E-02  4.28368E-07  2.26308E-13  8.08159E+03  0.00000E+00  1.0E-05
  7.750E-02  4.57402E-07  2.14723E-13  7.66790E+03  0.00000E+00  1.0E-05
  8.000E-02  4.87388E-07  2.03981E-13  7.28428E+03  0.00000E+00  1.0E-05
  8.250E-02  5.18325E-07  1.94003E-13  6.92796E+03  0.00000E+00  1.0E-05
  8.500E-02  5.50215E-07  1.84698E-13  6.59568E+03  0.00000E+00  1.0E-05
  8.750E-02  5.83057E-07  1.75992E-13  6.28480E+03  0.00000E+00  1.0E-05
  9.000E-02  6.16850E-07  1.67857E-13  5.99429E+03  0.00000E+00  1.0E-05
  9.250E-02  6.51596E-07  1.60243E-13  5.72238E+03  0.00000E+00  1.0E-05
  9.500E-02  6.87293E-07  1.53094E-13  5.46707E+03  0.00000E+00  1.0E-05
  9.750E-02  7.23942E-07  1.46343E-13  5.22599E+03  0.00000E+00  1.0E-05
  1.000E-01  7.61543E-07  1.39992E-13  4.99921E+03  0.00000E+00  1.0E-05
  1.250E-01  1.18991E-06  9.24155E-14  3.30022E+03  0.00000E+00  1.0E-05
  1.500E-01  1.71347E-06  6.23537E-14  2.22669E+03  0.00000E+00  1.0E-05
  1.750E-01  2.33223E-06  4.40340E-14  1.57248E+03  0.00000E+00  1.0E-05
  2.000E-01  3.04617E-06  3.19273E-14  1.14014E+03  0.00000E+00  1.0E-05
  2.250E-01  3.85531E-06  2.35203E-14  8.39926E+02  0.00000E+00  1.0E-05
  2.500E-01  4.75964E-06  1.76762E-14  6.31227E+02  0.00000E+00  1.0E-05
  2.750E-01  5.75916E-06  1.35562E-14  4.84101E+02  0.00000E+00  1.0E-05
  3.000E-01  6.85388E-06  1.05690E-14  3.77426E+02  0.00000E+00  1.0E-05
  3.250E-01  8.04378E-06  8.33366E-15  2.97600E+02  0.00000E+00  1.0E-05
  3.500E-01  9.32888E-06  6.63399E-15  2.36904E+02  0.00000E+00  1.0E-05
  3.750E-01  1.07092E-05  5.34164E-15  1.90753E+02  0.00000E+00  1.0E-05
  4.000E-01  1.21846E-05  4.34372E-15  1.55117E+02  0.00000E+00  1.0E-05
  4.250E-01  1.37553E-05  3.56128E-15  1.27176E+02  0.00000E+00  1.0E-05
  4.500E-01  1.54212E-05  2.93938E-15  1.04967E+02  0.00000E+00  1.0E-05
  4.750E-01  1.71822E-05  2.44690E-15  8.73805E+01  0.00000E+00  1.0E-05
  5.000E-01  1.90385E-05  2.05189E-15  7.32742E+01  0.00000E+00  1.0E-05
  5.250E-01  2.09899E-05  1.73523E-15  6.19662E+01  0.00000E+00  1.0E-05
  5.500E-01  2.30365E-05  1.47608E-15  5.27116E+01  0.00000E+00  1.0E-05
  5.750E-01  2.51783E-05  1.26398E-15  4.51377E+01  0.00000E+00  1.0E-05
  6.000E-01  2.74153E-05  1.08905E-15  3.88908E+01  0.00000E+00  1.0E-05
  6.250E-01  2.97475E-05  9.43851E-16  3.37055E+01  0.00000E+00  1.0E-05
  6.500E-01  3.21749E-05  8.22591E-16  2.93753E+01  0.00000E+00  1.0E-05
  6.750E-01  3.46974E-05  7.20271E-16  2.57214E+01  0.00000E+00  1.0E-05
  7.000E-01  3.73152E-05  6.33772E-16  2.26324E+01  0.00000E+00  1.0E-05
  7.250E-01  4.00281E-05  5.60331E-16  2.00098E+01  0.00000E+00  1.0E-05
  7.500E-01  4.28362E-05  4.97498E-16  1.77660E+01  0.00000E+00  1.0E-05
  7.750E-01  4.57395E-05  4.43444E-16  1.58357E+01  0.00000E+00  1.0E-05
  8.000E-01  4.87380E-05  3.96715E-16  1.41670E+01  0.00000E+00  1.0E-05
  8.250E-01  5.18317E-05  3.56102E-16  1.27166E+01  0.00000E+00  1.0E-05
  8.500E-01  5.50205E-05  3.20582E-16  1.14482E+01  0.00000E+00  1.0E-05
  8.750E-01  5.83045E-05  2.89369E-16  1.03335E+01  0.00000E+00  1.0E-05
  9.000E-01  6.16838E-05  2.61899E-16  9.35260E+00  0.00000E+00  1.0E-05
  9.250E-01  6.51582E-05  2.37642E-16  8.48634E+00  0.00000E+00  1.0E-05
  9.500E-01  6.87277E-05  2.16131E-16  7.71819E+00  0.00000E+00  1.0E-05
  9.750E-01  7.23925E-05  1.96970E-16  7.03394E+00  0.00000E+00  1.0E-05
  1.000E+00  7.61524E-05  1.79901E-16  6.42437E+00  0.00000E+00  7.2E-06
  1.100E+00  9.21439E-05  1.27615E-16  4.55722E+00  0.00000E+00  5.4E-06
  1.200E+00  1.09658E-04  9.29838E-17  3.32051E+00  0.00000E+00  2.9E-06
  1.300E+00  1.28695E-04  6.92937E-17  2.47452E+00  0.00000E+00  6.0E-07
  1.400E+00  1.49255E-04  5.26278E-17  1.87937E+00  0.00000E+00  1.2E-06
  1.500E+00  1.71338E-04  4.07144E-17  1.45394E+00  0.00000E+00  2.1E-06
  1.600E+00  1.94942E-04  3.19946E-17  1.14255E+00  0.00000E+00  2.2E-06
  1.700E+00  2.20070E-04  2.54870E-17  9.10158E-01  0.00000E+00  1.8E-06
  1.800E+00  2.46720E-04  2.05470E-17  7.33746E-01  0.00000E+00  1.0E-06
  1.900E+00  2.74892E-04  1.67528E-17  5.98255E-01  0.00000E+00  1.7E-07
  2.000E+00  3.04586E-04  1.37987E-17  4.92762E-01  0.00000E+00  5.3E-07
  2.100E+00  3.35803E-04  1.14702E-17  4.09610E-01  0.00000E+00  9.3E-07
  2.200E+00  3.68542E-04  9.61064E-18  3.43202E-01  0.00000E+00  1.0E-06
  2.300E+00  4.02802E-04  8.11493E-18  2.89789E-01  0.00000E+00  8.2E-07
  2.400E+00  4.38585E-04  6.90049E-18  2.46421E-01  0.00000E+00  4.6E-07
  2.500E+00  4.75889E-04  5.90593E-18  2.10904E-01  0.00000E+00  1.0E-07
  2.600E+00  5.14715E-04  5.08385E-18  1.81548E-01  0.00000E+00  3.0E-07
  2.700E+00  5.55063E-04  4.40046E-18  1.57143E-01  0.00000E+00  5.1E-07
  2.800E+00  5.96931E-04  3.82866E-18  1.36724E-01  0.00000E+00  5.5E-07
  2.900E+00  6.40321E-04  3.34715E-18  1.19529E-01  0.00000E+00  4.5E-07
  3.000E+00  6.85233E-04  2.93897E-18  1.04953E-01  0.00000E+00  2.4E-07
  3.100E+00  7.31665E-04  2.59125E-18  9.25352E-02  0.00000E+00  1.0E-07
  3.200E+00  7.79618E-04  2.29367E-18  8.19083E-02  0.00000E+00  1.9E-07
  3.300E+00  8.29092E-04  2.03775E-18  7.27695E-02  0.00000E+00  3.2E-07
  3.400E+00  8.80086E-04  1.81656E-18  6.48706E-02  0.00000E+00  3.4E-07
  3.500E+00  9.32601E-04  1.62457E-18  5.80144E-02  0.00000E+00  2.7E-07
  3.600E+00  9.86636E-04  1.45737E-18  5.20436E-02  0.00000E+00  1.4E-07
  3.700E+00  1.04219E-03  1.31120E-18  4.68237E-02  0.00000E+00  1.0E-07
  3.800E+00  1.09927E-03  1.18293E-18  4.22430E-02  0.00000E+00  1.4E-07
  3.900E+00  1.15786E-03  1.06993E-18  3.82079E-02  0.00000E+00  2.1E-07
  4.000E+00  1.21797E-03  9.70149E-19  3.46447E-02  0.00000E+00  2.3E-07
  4.100E+00  1.27961E-03  8.81767E-19  3.14885E-02  0.00000E+00  1.8E-07
  4.200E+00  1.34276E-03  8.03248E-19  2.86845E-02  0.00000E+00  1.0E-07
  4.300E+00  1.40743E-03  7.33252E-19  2.61849E-02  0.00000E+00  1.0E-07
  4.400E+00  1.47362E-03  6.70740E-19  2.39526E-02  0.00000E+00  1.0E-07
  4.500E+00  1.54133E-03  6.14772E-19  2.19539E-02  0.00000E+00  1.5E-07
  4.600E+00  1.61056E-03  5.64538E-19  2.01600E-02  0.00000E+00  1.6E-07
  4.700E+00  1.68131E-03  5.19324E-19  1.85454E-02  0.00000E+00  1.2E-07
  4.800E+00  1.75357E-03  4.78561E-19  1.70897E-02  0.00000E+00  1.0E-07
  4.900E+00  1.82735E-03  4.41733E-19  1.57746E-02  0.00000E+00  1.0E-07
  5.000E+00  1.90265E-03  4.08394E-19  1.45840E-02  0.00000E+00  1.0E-07
  5.100E+00  1.97947E-03  3.78144E-19  1.35038E-02  0.00000E+00  1.1E-07
  5.200E+00  2.05780E-03  3.50650E-19  1.25220E-02  0.00000E+00  1.2E-07
  5.300E+00  2.13765E-03  3.25622E-19  1.16282E-02  0.00000E+00  1.0E-07
  5.400E+00  2.21902E-03  3.02796E-19  1.08131E-02  0.00000E+00  1.0E-07
  5.500E+00  2.30190E-03  2.81942E-19  1.00683E-02  0.00000E+00  1.0E-07
  5.600E+00  2.38630E-03  2.62857E-19  9.38679E-03  0.00000E+00  1.0E-07
  5.700E+00  2.47222E-03  2.45368E-19  8.76226E-03  0.00000E+00  1.0E-07
  5.800E+00  2.55965E-03  2.29318E-19  8.18908E-03  0.00000E+00  1.0E-07
  5.900E+00  2.64859E-03  2.14564E-19  7.66222E-03  0.00000E+00  1.0E-07
  6.000E+00  2.73905E-03  2.00982E-19  7.17718E-03  0.00000E+00  1.0E-07
  6.100E+00  2.83103E-03  1.88464E-19  6.73016E-03  0.00000E+00  1.0E-07
  6.200E+00  2.92452E-03  1.76911E-19  6.31761E-03  0.00000E+00  1.0E-07
  6.300E+00  3.01952E-03  1.66236E-19  5.93638E-03  0.00000E+00  1.0E-07
  6.400E+00  3.11604E-03  1.56356E-19  5.58358E-03  0.00000E+00  1.0E-07
  6.500E+00  3.21407E-03  1.47205E-19  5.25678E-03  0.00000E+00  1.0E-07
  6.600E+00  3.31362E-03  1.38718E-19  4.95371E-03  0.00000E+00  1.0E-07
  6.700E+00  3.41468E-03  1.30838E-19  4.67233E-03  0.00000E+00  1.0E-07
  6.800E+00  3.51725E-03  1.23513E-19  4.41073E-03  0.00000E+00  1.0E-07
  6.900E+00  3.62133E-03  1.16697E-19  4.16732E-03  0.00000E+00  1.0E-07
  7.000E+00  3.72692E-03  1.10348E-19  3.94061E-03  0.00000E+00  1.0E-07
  7.100E+00  3.83403E-03  1.04429E-19  3.72922E-03  0.00000E+00  1.0E-07
  7.200E+00  3.94265E-03  9.89034E-20  3.53191E-03  0.00000E+00  1.0E-07
  7.300E+00  4.05278E-03  9.37415E-20  3.34757E-03  0.00000E+00  1.0E-07
  7.400E+00  4.16442E-03  8.89149E-20  3.17521E-03  0.00000E+00  1.0E-07
  7.500E+00  4.27757E-03  8.43976E-20  3.01389E-03  0.00000E+00  1.0E-07
  7.600E+00  4.39223E-03  8.01657E-20  2.86277E-03  0.00000E+00  1.0E-07
  7.700E+00  4.50840E-03  7.61978E-20  2.72107E-03  0.00000E+00  1.0E-07
  7.800E+00  4.62608E-03  7.24747E-20  2.58812E-03  0.00000E+00  1.0E-07
  7.900E+00  4.74527E-03  6.89784E-20  2.46326E-03  0.00000E+00  1.0E-07
  8.000E+00  4.86597E-03  6.56922E-20  2.34591E-03  0.00000E+00  1.0E-07
  8.100E+00  4.98817E-03  6.26010E-20  2.23552E-03  0.00000E+00  1.0E-07
  8.200E+00  5.11188E-03  5.96913E-20  2.13162E-03  0.00000E+00  1.0E-07
  8.300E+00  5.23711E-03  5.69504E-20  2.03374E-03  0.00000E+00  1.0E-07
  8.400E+00  5.36383E-03  5.43666E-20  1.94147E-03  0.00000E+00  1.0E-07
  8.500E+00  5.49207E-03  5.19289E-20  1.85442E-03  0.00000E+00  1.0E-07
  8.600E+00  5.62181E-03  4.96278E-20  1.77224E-03  0.00000E+00  1.0E-07
  8.700E+00  5.75306E-03  4.74541E-20  1.69462E-03  0.00000E+00  1.0E-07
  8.800E+00  5.88581E-03  4.53994E-20  1.62124E-03  0.00000E+00  1.0E-07
  8.900E+00  6.02007E-03  4.34558E-20  1.55184E-03  0.00000E+00  1.0E-07
  9.000E+00  6.15583E-03  4.16162E-20  1.48614E-03  0.00000E+00  1.0E-07
  9.100E+00  6.29310E-03  3.98741E-20  1.42393E-03  0.00000E+00  1.0E-07
  9.200E+00  6.43187E-03  3.82232E-20  1.36498E-03  0.00000E+00  1.0E-07
  9.300E+00  6.57214E-03  3.66578E-20  1.30907E-03  0.00000E+00  1.0E-07
  9.400E+00  6.71392E-03  3.51725E-20  1.25603E-03  0.00000E+00  1.0E-07
  9.500E+00  6.85720E-03  3.37627E-20  1.20569E-03  0.00000E+00  1.0E-07
  9.600E+00  7.00198E-03  3.24237E-20  1.15787E-03  0.00000E+00  1.0E-07
  9.700E+00  7.14827E-03  3.11512E-20  1.11243E-03  0.00000E+00  1.0E-07
  9.800E+00  7.29605E-03  2.99412E-20  1.06922E-03  0.00000E+00  1.0E-07
  9.900E+00  7.44534E-03  2.87901E-20  1.02811E-03  0.00000E+00  1.0E-07
  1.000E+01  7.59612E-03  2.76946E-20  9.88991E-04  0.00000E+00  1.0E-07
  1.025E+01  7.97965E-03  2.51779E-20  8.99119E-04  0.00000E+00  1.0E-07
  1.050E+01  8.37255E-03  2.29441E-20  8.19350E-04  0.00000E+00  1.0E-07
  1.075E+01  8.77480E-03  2.09558E-20  7.48344E-04  0.00000E+00  1.0E-07
  1.100E+01  9.18641E-03  1.91810E-20  6.84965E-04  0.00000E+00  1.0E-07
  1.125E+01  9.60736E-03  1.75927E-20  6.28245E-04  0.00000E+00  1.0E-07
  1.150E+01  1.00376E-02  1.61677E-20  5.77357E-04  0.00000E+00  1.0E-07
  1.175E+01  1.04773E-02  1.48861E-20  5.31593E-04  0.00000E+00  1.0E-07
  1.200E+01  1.09262E-02  1.37309E-20  4.90340E-04  0.00000E+00  1.0E-07
  1.225E+01  1.13844E-02  1.26873E-20  4.53073E-04  0.00000E+00  1.0E-07
  1.250E+01  1.18520E-02  1.17426E-20  4.19336E-04  0.00000E+00  1.0E-07
  1.275E+01  1.23288E-02  1.08856E-20  3.88731E-04  0.00000E+00  1.0E-07
  1.300E+01  1.28150E-02  1.01066E-20  3.60914E-04  0.00000E+00  1.0E-07
  1.325E+01  1.33104E-02  9.39722E-21  3.35581E-04  0.00000E+00  1.0E-07
  1.350E+01  1.38150E-02  8.75016E-21  3.12474E-04  0.00000E+00  1.0E-07
  1.375E+01  1.43290E-02  8.15880E-21  2.91356E-04  0.00000E+00  1.0E-07
  1.400E+01  1.48521E-02  7.61746E-21  2.72025E-04  0.00000E+00  1.0E-07
  1.425E+01  1.53845E-02  7.12115E-21  2.54301E-04  0.00000E+00  1.0E-07
  1.450E+01  1.59262E-02  6.66540E-21  2.38026E-04  0.00000E+00  1.0E-07
  1.475E+01  1.64770E-02  6.24624E-21  2.23057E-04  0.00000E+00  1.0E-07
  1.500E+01  1.70371E-02  5.86017E-21  2.09270E-04  0.00000E+00  1.0E-07
  1.525E+01  1.76063E-02  5.50410E-21  1.96555E-04  0.00000E+00  1.0E-07
  1.550E+01  1.81848E-02  5.17524E-21  1.84811E-04  0.00000E+00  1.0E-07
  1.575E+01  1.87724E-02  4.87112E-21  1.73951E-04  0.00000E+00  1.0E-07
  1.600E+01  1.93692E-02  4.58948E-21  1.63893E-04  0.00000E+00  1.0E-07
  1.625E+01  1.99751E-02  4.32838E-21  1.54569E-04  0.00000E+00  1.0E-07
  1.650E+01  2.05901E-02  4.08601E-21  1.45914E-04  0.00000E+00  1.0E-07
  1.675E+01  2.12143E-02  3.86078E-21  1.37871E-04  0.00000E+00  1.0E-07
  1.700E+01  2.18476E-02  3.65121E-21  1.30387E-04  0.00000E+00  1.0E-07
  1.725E+01  2.24900E-02  3.45603E-21  1.23417E-04  0.00000E+00  1.0E-07
  1.750E+01  2.31415E-02  3.27404E-21  1.16918E-04  0.00000E+00  1.0E-07
  1.775E+01  2.38021E-02  3.10419E-21  1.10852E-04  0.00000E+00  1.0E-07
  1.800E+01  2.44717E-02  2.94548E-21  1.05185E-04  0.00000E+00  1.0E-07
  1.825E+01  2.51504E-02  2.79705E-21  9.98845E-05  0.00000E+00  1.0E-07
  1.850E+01  2.58382E-02  2.65811E-21  9.49229E-05  0.00000E+00  1.0E-07
  1.875E+01  2.65349E-02  2.52793E-21  9.02741E-05  0.00000E+00  1.0E-07
  1.900E+01  2.72407E-02  2.40584E-21  8.59140E-05  0.00000E+00  1.0E-07
  1.925E+01  2.79555E-02  2.29123E-21  8.18215E-05  0.00000E+00  1.0E-07
  1.950E+01  2.86793E-02  2.18357E-21  7.79768E-05  0.00000E+00  1.0E-07
  1.975E+01  2.94120E-02  2.08234E-21  7.43619E-05  0.00000E+00  1.0E-07
  2.000E+01  3.01537E-02  1.98708E-21  7.09601E-05  0.00000E+00  1.0E-07
  2.025E+01  3.09043E-02  1.89737E-21  6.77564E-05  0.00000E+00  1.0E-07
  2.050E+01  3.16639E-02  1.81282E-21  6.47371E-05  0.00000E+00  1.0E-07
  2.075E+01  3.24324E-02  1.73308E-21  6.18892E-05  0.00000E+00  1.0E-07
  2.100E+01  3.32098E-02  1.65780E-21  5.92011E-05  0.00000E+00  1.0E-07
  2.125E+01  3.39961E-02  1.58670E-21  5.66620E-05  0.00000E+00  1.0E-07
  2.150E+01  3.47912E-02  1.51949E-21  5.42619E-05  0.00000E+00  1.0E-07
  2.175E+01  3.55952E-02  1.45592E-21  5.19917E-05  0.00000E+00  1.0E-07
  2.200E+01  3.64081E-02  1.39574E-21  4.98429E-05  0.00000E+00  1.0E-07
  2.225E+01  3.72297E-02  1.33875E-21  4.78076E-05  0.00000E+00  1.0E-07
  2.250E+01  3.80602E-02  1.28473E-21  4.58786E-05  0.00000E+00  1.0E-07
  2.275E+01  3.88995E-02  1.23351E-21  4.40493E-05  0.00000E+00  1.0E-07
  2.300E+01  3.97476E-02  1.18489E-21  4.23134E-05  0.00000E+00  1.0E-07
  2.325E+01  4.06044E-02  1.13874E-21  4.06650E-05  0.00000E+00  1.0E-07
  2.350E+01  4.14700E-02  1.09488E-21  3.90991E-05  0.00000E+00  1.0E-07
  2.375E+01  4.23443E-02  1.05320E-21  3.76104E-05  0.00000E+00  1.0E-07
  2.400E+01  4.32273E-02  1.01355E-21  3.61945E-05  0.00000E+00  1.0E-07
  2.425E+01  4.41190E-02  9.75813E-22  3.48469E-05  0.00000E+00  1.0E-07
  2.450E+01  4.50194E-02  9.39882E-22  3.35638E-05  0.00000E+00  1.0E-07
  2.475E+01  4.59284E-02  9.05651E-22  3.23414E-05  0.00000E+00  1.0E-07
  2.500E+01  4.68461E-02  8.73022E-22  3.11762E-05  0.00000E+00  1.0E-07
  2.550E+01  4.87074E-02  8.12213E-22  2.90046E-05  0.00000E+00  1.0E-07
  2.600E+01  5.06030E-02  7.56799E-22  2.70258E-05  0.00000E+00  1.0E-07
  2.650E+01  5.25328E-02  7.06203E-22  2.52190E-05  0.00000E+00  1.0E-07
  2.700E+01  5.44967E-02  6.59925E-22  2.35663E-05  0.00000E+00  1.0E-07
  2.750E+01  5.64946E-02  6.17518E-22  2.20520E-05  0.00000E+00  1.0E-07
  2.800E+01  5.85262E-02  5.78594E-22  2.06620E-05  0.00000E+00  1.0E-07
  2.850E+01  6.05914E-02  5.42808E-22  1.93840E-05  0.00000E+00  1.0E-07
  2.900E+01  6.26901E-02  5.09855E-22  1.82073E-05  0.00000E+00  1.0E-07
  2.950E+01  6.48222E-02  4.79465E-22  1.71220E-05  0.00000E+00  1.0E-07
  3.000E+01  6.69873E-02  4.51396E-22  1.61196E-05  0.00000E+00  1.0E-07
  3.050E+01  6.91854E-02  4.25434E-22  1.51925E-05  0.00000E+00  1.0E-07
  3.100E+01  7.14163E-02  4.01389E-22  1.43339E-05  0.00000E+00  1.0E-07
  3.150E+01  7.36799E-02  3.79089E-22  1.35375E-05  0.00000E+00  1.0E-07
  3.200E+01  7.59760E-02  3.58380E-22  1.27980E-05  0.00000E+00  1.0E-07
  3.250E+01  7.83043E-02  3.39125E-22  1.21104E-05  0.00000E+00  1.0E-07
  3.300E+01  8.06647E-02  3.21200E-22  1.14703E-05  0.00000E+00  1.0E-07
  3.350E+01  8.30571E-02  3.04494E-22  1.08737E-05  0.00000E+00  1.0E-07
  3.400E+01  8.54812E-02  2.88905E-22  1.03170E-05  0.00000E+00  1.0E-07
  3.450E+01  8.79369E-02  2.74344E-22  9.79701E-06  0.00000E+00  1.0E-07
  3.500E+01  9.04240E-02  2.60728E-22  9.31077E-06  0.00000E+00  1.0E-07
  3.550E+01  9.29422E-02  2.47982E-22  8.85560E-06  0.00000E+00  1.0E-07
  3.600E+01  9.54915E-02  2.36039E-22  8.42909E-06  0.00000E+00  1.0E-07
  3.650E+01  9.80716E-02  2.24836E-22  8.02905E-06  0.00000E+00  1.0E-07
  3.700E+01  1.00682E-01  2.14319E-22  7.65348E-06  0.00000E+00  1.0E-07
  3.750E+01  1.03323E-01  2.04436E-22  7.30053E-06  0.00000E+00  1.0E-07
  3.800E+01  1.05995E-01  1.95140E-22  6.96856E-06  0.00000E+00  1.0E-07
  3.850E+01  1.08696E-01  1.86388E-22  6.65605E-06  0.00000E+00  1.0E-07
  3.900E+01  1.11427E-01  1.78143E-22  6.36159E-06  0.00000E+00  1.0E-07
  3.950E+01  1.14188E-01  1.70367E-22  6.08391E-06  0.00000E+00  1.0E-07
  4.000E+01  1.16978E-01  1.63029E-22  5.82186E-06  0.00000E+00  1.0E-07
  4.050E+01  1.19797E-01  1.56098E-22  5.57435E-06  0.00000E+00  1.0E-07
  4.100E+01  1.22645E-01  1.49546E-22  5.34040E-06  0.00000E+00  1.0E-07
  4.150E+01  1.25522E-01  1.43349E-22  5.11909E-06  0.00000E+00  1.0E-07
  4.200E+01  1.28428E-01  1.37482E-22  4.90959E-06  0.00000E+00  1.0E-07
  4.250E+01  1.31361E-01  1.31925E-22  4.71113E-06  0.00000E+00  1.0E-07
  4.300E+01  1.34323E-01  1.26657E-22  4.52299E-06  0.00000E+00  1.0E-07
  4.350E+01  1.37313E-01  1.21659E-22  4.34452E-06  0.00000E+00  1.0E-07
  4.400E+01  1.40330E-01  1.16915E-22  4.17510E-06  0.00000E+00  1.0E-07
  4.450E+01  1.43375E-01  1.12408E-22  4.01418E-06  0.00000E+00  1.0E-07
  4.500E+01  1.46447E-01  1.08125E-22  3.86123E-06  0.00000E+00  1.0E-07
  4.550E+01  1.49545E-01  1.04052E-22  3.71577E-06  0.00000E+00  1.0E-07
  4.600E+01  1.52671E-01  1.00176E-22  3.57734E-06  0.00000E+00  1.0E-07
  4.650E+01  1.55823E-01  9.64848E-23  3.44554E-06  0.00000E+00  1.0E-07
  4.700E+01  1.59001E-01  9.29682E-23  3.31995E-06  0.00000E+00  1.0E-07
  4.750E+01  1.62205E-01  8.96159E-23  3.20024E-06  0.00000E+00  1.0E-07
  4.800E+01  1.65435E-01  8.64184E-23  3.08606E-06  0.00000E+00  1.0E-07
  4.850E+01  1.68690E-01  8.33670E-23  2.97709E-06  0.00000E+00  1.0E-07
  4.900E+01  1.71970E-01  8.04535E-23  2.87305E-06  0.00000E+00  1.0E-07
  4.950E+01  1.75276E-01  7.76701E-23  2.77365E-06  0.00000E+00  1.0E-07
  5.000E+01  1.78606E-01  7.50098E-23  2.67865E-06  0.00000E+00  1.0E-07
  5.050E+01  1.81961E-01  7.24659E-23  2.58780E-06  0.00000E+00  1.0E-07
  5.100E+01  1.85340E-01  7.00320E-23  2.50089E-06  0.00000E+00  1.0E-07
  5.150E+01  1.88743E-01  6.77023E-23  2.41769E-06  0.00000E+00  1.0E-07
  5.200E+01  1.92169E-01  6.54713E-23  2.33802E-06  0.00000E+00  1.0E-07
  5.250E+01  1.95619E-01  6.33339E-23  2.26169E-06  0.00000E+00  1.0E-07
  5.300E+01  1.99092E-01  6.12851E-23  2.18853E-06  0.00000E+00  1.0E-07
  5.350E+01  2.02589E-01  5.93206E-23  2.11838E-06  0.00000E+00  1.0E-07
  5.400E+01  2.06107E-01  5.74359E-23  2.05107E-06  0.00000E+00  1.0E-07
  5.450E+01  2.09649E-01  5.56272E-23  1.98648E-06  0.00000E+00  1.0E-07
  5.500E+01  2.13212E-01  5.38906E-23  1.92447E-06  0.00000E+00  1.0E-07
  5.550E+01  2.16797E-01  5.22227E-23  1.86490E-06  0.00000E+00  1.0E-07
  5.600E+01  2.20404E-01  5.06199E-23  1.80767E-06  0.00000E+00  1.0E-07
  5.650E+01  2.24032E-01  4.90792E-23  1.75265E-06  0.00000E+00  1.0E-07
  5.700E+01  2.27680E-01  4.75977E-23  1.69975E-06  0.00000E+00  1.0E-07
  5.750E+01  2.31350E-01  4.61725E-23  1.64885E-06  0.00000E+00  1.0E-07
  5.800E+01  2.35040E-01  4.48010E-23  1.59987E-06  0.00000E+00  1.0E-07
  5.850E+01  2.38751E-01  4.34806E-23  1.55272E-06  0.00000E+00  1.0E-07
  5.900E+01  2.42481E-01  4.22091E-23  1.50732E-06  0.00000E+00  1.0E-07
  5.950E+01  2.46231E-01  4.09842E-23  1.46357E-06  0.00000E+00  1.0E-07
  6.000E+01  2.50000E-01  3.98038E-23  1.42142E-06  0.00000E+00  1.0E-07
  6.050E+01  2.53788E-01  3.86659E-23  1.38079E-06  0.00000E+00  1.0E-07
  6.100E+01  2.57595E-01  3.75687E-23  1.34160E-06  0.00000E+00  1.0E-07
  6.150E+01  2.61421E-01  3.65102E-23  1.30380E-06  0.00000E+00  1.0E-07
  6.200E+01  2.65264E-01  3.54888E-23  1.26733E-06  0.00000E+00  1.0E-07
  6.250E+01  2.69126E-01  3.45030E-23  1.23213E-06  0.00000E+00  1.0E-07
  6.300E+01  2.73005E-01  3.35512E-23  1.19813E-06  0.00000E+00  1.0E-07
  6.350E+01  2.76901E-01  3.26319E-23  1.16531E-06  0.00000E+00  1.0E-07
  6.400E+01  2.80814E-01  3.17438E-23  1.13359E-06  0.00000E+00  1.0E-07
  6.450E+01  2.84744E-01  3.08855E-23  1.10294E-06  0.00000E+00  1.0E-07
  6.500E+01  2.88691E-01  3.00559E-23  1.07332E-06  0.00000E+00  1.0E-07
  6.550E+01  2.92653E-01  2.92538E-23  1.04467E-06  0.00000E+00  1.0E-07
  6.600E+01  2.96632E-01  2.84779E-23  1.01697E-06  0.00000E+00  1.0E-07
  6.650E+01  3.00625E-01  2.77274E-23  9.90162E-07  0.00000E+00  1.0E-07
  6.700E+01  3.04634E-01  2.70010E-23  9.64224E-07  0.00000E+00  1.0E-07
  6.750E+01  3.08658E-01  2.62980E-23  9.39118E-07  0.00000E+00  1.0E-07
  6.800E+01  3.12697E-01  2.56173E-23  9.14810E-07  0.00000E+00  1.0E-07
  6.850E+01  3.16749E-01  2.49581E-23  8.91270E-07  0.00000E+00  1.0E-07
  6.900E+01  3.20816E-01  2.43195E-23  8.68467E-07  0.00000E+00  1.0E-07
  6.950E+01  3.24896E-01  2.37008E-23  8.46372E-07  0.00000E+00  1.0E-07
  7.000E+01  3.28990E-01  2.31012E-23  8.24960E-07  0.00000E+00  1.0E-07
  7.050E+01  3.33097E-01  2.25200E-23  8.04203E-07  0.00000E+00  1.0E-07
  7.100E+01  3.37216E-01  2.19564E-23  7.84078E-07  0.00000E+00  1.0E-07
  7.150E+01  3.41348E-01  2.14098E-23  7.64559E-07  0.00000E+00  1.0E-07
  7.200E+01  3.45492E-01  2.08797E-23  7.45626E-07  0.00000E+00  1.0E-07
  7.250E+01  3.49647E-01  2.03652E-23  7.27256E-07  0.00000E+00  1.0E-07
  7.300E+01  3.53814E-01  1.98660E-23  7.09428E-07  0.00000E+00  1.0E-07
  7.350E+01  3.57992E-01  1.93814E-23  6.92123E-07  0.00000E+00  1.0E-07
  7.400E+01  3.62181E-01  1.89109E-23  6.75322E-07  0.00000E+00  1.0E-07
  7.450E+01  3.66381E-01  1.84541E-23  6.59007E-07  0.00000E+00  1.0E-07
  7.500E+01  3.70590E-01  1.80103E-23  6.43161E-07  0.00000E+00  1.0E-07
  7.550E+01  3.74810E-01  1.75793E-23  6.27767E-07  0.00000E+00  1.0E-07
  7.600E+01  3.79039E-01  1.71604E-23  6.12809E-07  0.00000E+00  1.0E-07
  7.650E+01  3.83277E-01  1.67533E-23  5.98272E-07  0.00000E+00  1.0E-07
  7.700E+01  3.87524E-01  1.63576E-23  5.84141E-07  0.00000E+00  1.0E-07
  7.750E+01  3.91780E-01  1.59729E-23  5.70403E-07  0.00000E+00  1.0E-07
  7.800E+01  3.96044E-01  1.55988E-23  5.57044E-07  0.00000E+00  1.0E-07
  7.850E+01  4.00316E-01  1.52350E-23  5.44051E-07  0.00000E+00  1.0E-07
  7.900E+01  4.04596E-01  1.48811E-23  5.31413E-07  0.00000E+00  1.0E-07
  7.950E+01  4.08882E-01  1.45367E-23  5.19116E-07  0.00000E+00  1.0E-07
  8.000E+01  4.13176E-01  1.42016E-23  5.07150E-07  0.00000E+00  1.0E-07
  8.050E+01  4.17476E-01  1.38755E-23  4.95504E-07  0.00000E+00  1.0E-07
  8.100E+01  4.21783E-01  1.35581E-23  4.84167E-07  0.00000E+00  1.0E-07
  8.150E+01  4.26095E-01  1.32490E-23  4.73130E-07  0.00000E+00  1.0E-07
  8.200E+01  4.30413E-01  1.29480E-23  4.62382E-07  0.00000E+00  1.0E-07
  8.250E+01  4.34737E-01  1.26549E-23  4.51915E-07  0.00000E+00  1.0E-07
  8.300E+01  4.39065E-01  1.23694E-23  4.41719E-07  0.00000E+00  1.0E-07
  8.350E+01  4.43398E-01  1.20912E-23  4.31786E-07  0.00000E+00  1.0E-07
  8.400E+01  4.47736E-01  1.18202E-23  4.22107E-07  0.00000E+00  1.0E-07
  8.450E+01  4.52077E-01  1.15561E-23  4.12675E-07  0.00000E+00  1.0E-07
  8.500E+01  4.56422E-01  1.12986E-23  4.03482E-07  0.00000E+00  1.0E-07
  8.550E+01  4.60770E-01  1.10477E-23  3.94520E-07  0.00000E+00  1.0E-07
  8.600E+01  4.65122E-01  1.08030E-23  3.85782E-07  0.00000E+00  1.0E-07
  8.650E+01  4.69476E-01  1.05644E-23  3.77262E-07  0.00000E+00  1.0E-07
  8.700E+01  4.73832E-01  1.03317E-23  3.68953E-07  0.00000E+00  1.0E-07
  8.750E+01  4.78190E-01  1.01048E-23  3.60849E-07  0.00000E+00  1.0E-07
  8.800E+01  4.82550E-01  9.88341E-24  3.52943E-07  0.00000E+00  1.0E-07
  8.850E+01  4.86912E-01  9.66741E-24  3.45230E-07  0.00000E+00  1.0E-07
  8.900E+01  4.91274E-01  9.45665E-24  3.37703E-07  0.00000E+00  1.0E-07
  8.950E+01  4.95637E-01  9.25096E-24  3.30358E-07  0.00000E+00  1.0E-07
  9.000E+01  5.00000E-01  9.05020E-24  3.23189E-07  0.00000E+00  1.0E-07
  9.050E+01  5.04363E-01  8.85423E-24  3.16190E-07  0.00000E+00  1.0E-07
  9.100E+01  5.08726E-01  8.66290E-24  3.09358E-07  0.00000E+00  1.0E-07
  9.150E+01  5.13088E-01  8.47609E-24  3.02687E-07  0.00000E+00  1.0E-07
  9.200E+01  5.17450E-01  8.29367E-24  2.96172E-07  0.00000E+00  1.0E-07
  9.250E+01  5.21810E-01  8.11550E-24  2.89810E-07  0.00000E+00  1.0E-07
  9.300E+01  5.26168E-01  7.94148E-24  2.83595E-07  0.00000E+00  1.0E-07
  9.350E+01  5.30524E-01  7.77148E-24  2.77524E-07  0.00000E+00  1.0E-07
  9.400E+01  5.34878E-01  7.60539E-24  2.71593E-07  0.00000E+00  1.0E-07
  9.450E+01  5.39230E-01  7.44310E-24  2.65798E-07  0.00000E+00  1.0E-07
  9.500E+01  5.43578E-01  7.28452E-24  2.60135E-07  0.00000E+00  1.0E-07
  9.550E+01  5.47923E-01  7.12953E-24  2.54600E-07  0.00000E+00  1.0E-07
  9.600E+01  5.52264E-01  6.97805E-24  2.49191E-07  0.00000E+00  1.0E-07
  9.650E+01  5.56602E-01  6.82996E-24  2.43902E-07  0.00000E+00  1.0E-07
  9.700E+01  5.60935E-01  6.68519E-24  2.38732E-07  0.00000E+00  1.0E-07
  9.750E+01  5.65263E-01  6.54364E-24  2.33678E-07  0.00000E+00  1.0E-07
  9.800E+01  5.69587E-01  6.40522E-24  2.28735E-07  0.00000E+00  1.0E-07
  9.850E+01  5.73905E-01  6.26986E-24  2.23901E-07  0.00000E+00  1.0E-07
  9.900E+01  5.78217E-01  6.13748E-24  2.19173E-07  0.00000E+00  1.0E-07
  9.950E+01  5.82524E-01  6.00799E-24  2.14549E-07  0.00000E+00  1.0E-07
  1.000E+02  5.86824E-01  5.88133E-24  2.10026E-07  0.00000E+00  1.0E-07
  1.005E+02  5.91118E-01  5.75742E-24  2.05601E-07  0.00000E+00  1.0E-07
  1.010E+02  5.95404E-01  5.63618E-24  2.01272E-07  0.00000E+00  1.0E-07
  1.015E+02  5.99684E-01  5.51754E-24  1.97035E-07  0.00000E+00  1.0E-07
  1.020E+02  6.03956E-01  5.40144E-24  1.92889E-07  0.00000E+00  1.0E-07
  1.025E+02  6.08220E-01  5.28781E-24  1.88831E-07  0.00000E+00  1.0E-07
  1.030E+02  6.12476E-01  5.17661E-24  1.84860E-07  0.00000E+00  1.0E-07
  1.035E+02  6.16723E-01  5.06775E-24  1.80973E-07  0.00000E+00  1.0E-07
  1.040E+02  6.20961E-01  4.96120E-24  1.77168E-07  0.00000E+00  1.0E-07
  1.045E+02  6.25190E-01  4.85688E-24  1.73442E-07  0.00000E+00  1.0E-07
  1.050E+02  6.29410E-01  4.75475E-24  1.69795E-07  0.00000E+00  1.0E-07
  1.055E+02  6.33619E-01  4.65474E-24  1.66224E-07  0.00000E+00  1.0E-07
  1.060E+02  6.37819E-01  4.55681E-24  1.62727E-07  0.00000E+00  1.0E-07
  1.065E+02  6.42008E-01  4.46090E-24  1.59302E-07  0.00000E+00  1.0E-07
  1.070E+02  6.46186E-01  4.36697E-24  1.55947E-07  0.00000E+00  1.0E-07
  1.075E+02  6.50353E-01  4.27497E-24  1.52662E-07  0.00000E+00  1.0E-07
  1.080E+02  6.54508E-01  4.18485E-24  1.49444E-07  0.00000E+00  1.0E-07
  1.085E+02  6.58652E-01  4.09657E-24  1.46291E-07  0.00000E+00  1.0E-07
  1.090E+02  6.62784E-01  4.01009E-24  1.43203E-07  0.00000E+00  1.0E-07
  1.095E+02  6.66903E-01  3.92536E-24  1.40177E-07  0.00000E+00  1.0E-07
  1.100E+02  6.71010E-01  3.84234E-24  1.37212E-07  0.00000E+00  1.0E-07
  1.105E+02  6.75104E-01  3.76099E-24  1.34307E-07  0.00000E+00  1.0E-07
  1.110E+02  6.79184E-01  3.68127E-24  1.31461E-07  0.00000E+00  1.0E-07
  1.115E+02  6.83251E-01  3.60315E-24  1.28671E-07  0.00000E+00  1.0E-07
  1.120E+02  6.87303E-01  3.52659E-24  1.25937E-07  0.00000E+00  1.0E-07
  1.125E+02  6.91342E-01  3.45155E-24  1.23257E-07  0.00000E+00  1.0E-07
  1.130E+02  6.95366E-01  3.37800E-24  1.20631E-07  0.00000E+00  1.0E-07
  1.135E+02  6.99375E-01  3.30590E-24  1.18056E-07  0.00000E+00  1.0E-07
  1.140E+02  7.03368E-01  3.23523E-24  1.15532E-07  0.00000E+00  1.0E-07
  1.145E+02  7.07347E-01  3.16594E-24  1.13058E-07  0.00000E+00  1.0E-07
  1.150E+02  7.11309E-01  3.09802E-24  1.10632E-07  0.00000E+00  1.0E-07
  1.155E+02  7.15256E-01  3.03142E-24  1.08254E-07  0.00000E+00  1.0E-07
  1.160E+02  7.19186E-01  2.96612E-24  1.05922E-07  0.00000E+00  1.0E-07
  1.165E+02  7.23099E-01  2.90210E-24  1.03636E-07  0.00000E+00  1.0E-07
  1.170E+02  7.26995E-01  2.83931E-24  1.01394E-07  0.00000E+00  1.0E-07
  1.175E+02  7.30874E-01  2.77775E-24  9.91952E-08  0.00000E+00  1.0E-07
  1.180E+02  7.34736E-01  2.71737E-24  9.70392E-08  0.00000E+00  1.0E-07
  1.185E+02  7.38579E-01  2.65816E-24  9.49248E-08  0.00000E+00  1.0E-07
  1.190E+02  7.42405E-01  2.60009E-24  9.28511E-08  0.00000E+00  1.0E-07
  1.195E+02  7.46212E-01  2.54314E-24  9.08172E-08  0.00000E+00  1.0E-07
  1.200E+02  7.50000E-01  2.48728E-24  8.88223E-08  0.00000E+00  1.0E-07
  1.205E+02  7.53769E-01  2.43249E-24  8.68656E-08  0.00000E+00  1.0E-07
  1.210E+02  7.57519E-01  2.37874E-24  8.49464E-08  0.00000E+00  1.0E-07
  1.215E+02  7.61249E-01  2.32602E-24  8.30637E-08  0.00000E+00  1.0E-07
  1.220E+02  7.64960E-01  2.27430E-24  8.12169E-08  0.00000E+00  1.0E-07
  1.225E+02  7.68650E-01  2.22357E-24  7.94052E-08  0.00000E+00  1.0E-07
  1.230E+02  7.72320E-01  2.17380E-24  7.76279E-08  0.00000E+00  1.0E-07
  1.235E+02  7.75968E-01  2.12498E-24  7.58843E-08  0.00000E+00  1.0E-07
  1.240E+02  7.79596E-01  2.07708E-24  7.41738E-08  0.00000E+00  1.0E-07
  1.245E+02  7.83203E-01  2.03008E-24  7.24956E-08  0.00000E+00  1.0E-07
  1.250E+02  7.86788E-01  1.98398E-24  7.08492E-08  0.00000E+00  1.0E-07
  1.255E+02  7.90351E-01  1.93874E-24  6.92338E-08  0.00000E+00  1.0E-07
  1.260E+02  7.93893E-01  1.89436E-24  6.76489E-08  0.00000E+00  1.0E-07
  1.265E+02  7.97411E-01  1.85082E-24  6.60939E-08  0.00000E+00  1.0E-07
  1.270E+02  8.00908E-01  1.80809E-24  6.45681E-08  0.00000E+00  1.0E-07
  1.275E+02  8.04381E-01  1.76617E-24  6.30711E-08  0.00000E+00  1.0E-07
  1.280E+02  8.07831E-01  1.72504E-24  6.16022E-08  0.00000E+00  1.0E-07
  1.285E+02  8.11257E-01  1.68468E-24  6.01610E-08  0.00000E+00  1.0E-07
  1.290E+02  8.14660E-01  1.64508E-24  5.87469E-08  0.00000E+00  1.0E-07
  1.295E+02  8.18039E-01  1.60623E-24  5.73594E-08  0.00000E+00  1.0E-07
  1.300E+02  8.21394E-01  1.56810E-24  5.59979E-08  0.00000E+00  1.0E-07
  1.305E+02  8.24724E-01  1.53069E-24  5.46621E-08  0.00000E+00  1.0E-07
  1.310E+02  8.28030E-01  1.49399E-24  5.33514E-08  0.00000E+00  1.0E-07
  1.315E+02  8.31310E-01  1.45798E-24  5.20653E-08  0.00000E+00  1.0E-07
  1.320E+02  8.34565E-01  1.42264E-24  5.08034E-08  0.00000E+00  1.0E-07
  1.325E+02  8.37795E-01  1.38797E-24  4.95653E-08  0.00000E+00  1.0E-07
  1.330E+02  8.40999E-01  1.35395E-24  4.83506E-08  0.00000E+00  1.0E-07
  1.335E+02  8.44177E-01  1.32058E-24  4.71587E-08  0.00000E+00  1.0E-07
  1.340E+02  8.47329E-01  1.28783E-24  4.59894E-08  0.00000E+00  1.0E-07
  1.345E+02  8.50455E-01  1.25571E-24  4.48422E-08  0.00000E+00  1.0E-07
  1.350E+02  8.53553E-01  1.22419E-24  4.37166E-08  0.00000E+00  1.0E-07
  1.355E+02  8.56625E-01  1.19327E-24  4.26124E-08  0.00000E+00  1.0E-07
  1.360E+02  8.59670E-01  1.16294E-24  4.15292E-08  0.00000E+00  1.0E-07
  1.365E+02  8.62687E-01  1.13318E-24  4.04665E-08  0.00000E+00  1.0E-07
  1.370E+02  8.65677E-01  1.10399E-24  3.94241E-08  0.00000E+00  1.0E-07
  1.375E+02  8.68639E-01  1.07536E-24  3.84016E-08  0.00000E+00  1.0E-07
  1.380E+02  8.71572E-01  1.04727E-24  3.73987E-08  0.00000E+00  1.0E-07
  1.385E+02  8.74478E-01  1.01972E-24  3.64150E-08  0.00000E+00  1.0E-07
  1.390E+02  8.77355E-01  9.92707E-25  3.54502E-08  0.00000E+00  1.0E-07
  1.395E+02  8.80203E-01  9.66211E-25  3.45040E-08  0.00000E+00  1.0E-07
  1.400E+02  8.83022E-01  9.40228E-25  3.35761E-08  0.00000E+00  1.0E-07
  1.405E+02  8.85812E-01  9.14748E-25  3.26663E-08  0.00000E+00  1.0E-07
  1.410E+02  8.88573E-01  8.89765E-25  3.17741E-08  0.00000E+00  1.0E-07
  1.415E+02  8.91304E-01  8.65269E-25  3.08993E-08  0.00000E+00  1.0E-07
  1.420E+02  8.94005E-01  8.41254E-25  3.00417E-08  0.00000E+00  1.0E-07
  1.425E+02  8.96677E-01  8.17711E-25  2.92010E-08  0.00000E+00  1.0E-07
  1.430E+02  8.99318E-01  7.94633E-25  2.83769E-08  0.00000E+00  1.0E-07
  1.435E+02  9.01928E-01  7.72014E-25  2.75691E-08  0.00000E+00  1.0E-07
  1.440E+02  9.04508E-01  7.49846E-25  2.67775E-08  0.00000E+00  1.0E-07
  1.445E+02  9.07058E-01  7.28122E-25  2.60017E-08  0.00000E+00  1.0E-07
  1.450E+02  9.09576E-01  7.06835E-25  2.52415E-08  0.00000E+00  1.0E-07
  1.455E+02  9.12063E-01  6.85980E-25  2.44968E-08  0.00000E+00  1.0E-07
  1.460E+02  9.14519E-01  6.65549E-25  2.37672E-08  0.00000E+00  1.0E-07
  1.465E+02  9.16943E-01  6.45536E-25  2.30525E-08  0.00000E+00  1.0E-07
  1.470E+02  9.19335E-01  6.25936E-25  2.23526E-08  0.00000E+00  1.0E-07
  1.475E+02  9.21696E-01  6.06743E-25  2.16672E-08  0.00000E+00  1.0E-07
  1.480E+02  9.24024E-01  5.87951E-25  2.09961E-08  0.00000E+00  1.0E-07
  1.485E+02  9.26320E-01  5.69553E-25  2.03391E-08  0.00000E+00  1.0E-07
  1.490E+02  9.28584E-01  5.51546E-25  1.96960E-08  0.00000E+00  1.0E-07
  1.495E+02  9.30815E-01  5.33922E-25  1.90667E-08  0.00000E+00  1.0E-07
  1.500E+02  9.33013E-01  5.16678E-25  1.84509E-08  0.00000E+00  1.0E-07
  1.505E+02  9.35178E-01  4.99808E-25  1.78485E-08  0.00000E+00  1.0E-07
  1.510E+02  9.37310E-01  4.83308E-25  1.72592E-08  0.00000E+00  1.0E-07
  1.515E+02  9.39409E-01  4.67172E-25  1.66830E-08  0.00000E+00  1.0E-07
  1.520E+02  9.41474E-01  4.51395E-25  1.61196E-08  0.00000E+00  1.0E-07
  1.525E+02  9.43505E-01  4.35974E-25  1.55689E-08  0.00000E+00  1.0E-07
  1.530E+02  9.45503E-01  4.20903E-25  1.50307E-08  0.00000E+00  1.0E-07
  1.535E+02  9.47467E-01  4.06179E-25  1.45049E-08  0.00000E+00  1.0E-07
  1.540E+02  9.49397E-01  3.91797E-25  1.39913E-08  0.00000E+00  1.0E-07
  1.545E+02  9.51293E-01  3.77753E-25  1.34898E-08  0.00000E+00  1.0E-07
  1.550E+02  9.53154E-01  3.64043E-25  1.30002E-08  0.00000E+00  1.0E-07
  1.555E+02  9.54981E-01  3.50663E-25  1.25224E-08  0.00000E+00  1.0E-07
  1.560E+02  9.56773E-01  3.37610E-25  1.20563E-08  0.00000E+00  1.0E-07
  1.565E+02  9.58530E-01  3.24879E-25  1.16016E-08  0.00000E+00  1.0E-07
  1.570E+02  9.60252E-01  3.12467E-25  1.11584E-08  0.00000E+00  1.0E-07
  1.575E+02  9.61940E-01  3.00372E-25  1.07265E-08  0.00000E+00  1.0E-07
  1.580E+02  9.63592E-01  2.88588E-25  1.03057E-08  0.00000E+00  1.0E-07
  1.585E+02  9.65209E-01  2.77114E-25  9.89591E-09  0.00000E+00  1.0E-07
  1.590E+02  9.66790E-01  2.65945E-25  9.49706E-09  0.00000E+00  1.0E-07
  1.595E+02  9.68336E-01  2.55079E-25  9.10903E-09  0.00000E+00  1.0E-07
  1.600E+02  9.69846E-01  2.44513E-25  8.73171E-09  0.00000E+00  1.0E-07
  1.605E+02  9.71321E-01  2.34243E-25  8.36498E-09  0.00000E+00  1.0E-07
  1.610E+02  9.72759E-01  2.24268E-25  8.00876E-09  0.00000E+00  1.0E-07
  1.615E+02  9.74162E-01  2.14584E-25  7.66293E-09  0.00000E+00  1.0E-07
  1.620E+02  9.75528E-01  2.05189E-25  7.32742E-09  0.00000E+00  1.0E-07
  1.625E+02  9.76858E-01  1.96079E-25  7.00211E-09  0.00000E+00  1.0E-07
  1.630E+02  9.78152E-01  1.87253E-25  6.68694E-09  0.00000E+00  1.0E-07
  1.635E+02  9.79410E-01  1.78709E-25  6.38181E-09  0.00000E+00  1.0E-07
  1.640E+02  9.80631E-01  1.70443E-25  6.08664E-09  0.00000E+00  1.0E-07
  1.645E+02  9.81815E-01  1.62454E-25  5.80134E-09  0.00000E+00  1.0E-07
  1.650E+02  9.82963E-01  1.54740E-25  5.52585E-09  0.00000E+00  1.0E-07
  1.655E+02  9.84074E-01  1.47298E-25  5.26009E-09  0.00000E+00  1.0E-07
  1.660E+02  9.85148E-01  1.40126E-25  5.00399E-09  0.00000E+00  1.0E-07
  1.665E+02  9.86185E-01  1.33223E-25  4.75747E-09  0.00000E+00  1.0E-07
  1.670E+02  9.87185E-01  1.26586E-25  4.52048E-09  0.00000E+00  1.0E-07
  1.675E+02  9.88148E-01  1.20215E-25  4.29295E-09  0.00000E+00  1.0E-07
  1.680E+02  9.89074E-01  1.14106E-25  4.07481E-09  0.00000E+00  1.0E-07
  1.685E+02  9.89962E-01  1.08259E-25  3.86602E-09  0.00000E+00  1.0E-07
  1.690E+02  9.90814E-01  1.02673E-25  3.66651E-09  0.00000E+00  1.0E-07
  1.695E+02  9.91627E-01  9.73443E-26  3.47623E-09  0.00000E+00  1.0E-07
  1.700E+02  9.92404E-01  9.22731E-26  3.29513E-09  0.00000E+00  1.0E-07
  1.705E+02  9.93143E-01  8.74577E-26  3.12317E-09  0.00000E+00  1.0E-07
  1.710E+02  9.93844E-01  8.28968E-26  2.96030E-09  0.00000E+00  1.0E-07
  1.715E+02  9.94508E-01  7.85892E-26  2.80647E-09  0.00000E+00  1.0E-07
  1.720E+02  9.95134E-01  7.45337E-26  2.66165E-09  0.00000E+00  1.0E-07
  1.725E+02  9.95722E-01  7.07293E-26  2.52579E-09  0.00000E+00  1.0E-07
  1.730E+02  9.96273E-01  6.71750E-26  2.39886E-09  0.00000E+00  1.0E-07
  1.735E+02  9.96786E-01  6.38699E-26  2.28083E-09  0.00000E+00  1.0E-07
  1.740E+02  9.97261E-01  6.08130E-26  2.17167E-09  0.00000E+00  1.0E-07
  1.745E+02  9.97698E-01  5.80036E-26  2.07135E-09  0.00000E+00  1.0E-07
  1.750E+02  9.98097E-01  5.54410E-26  1.97983E-09  0.00000E+00  1.0E-07
  1.755E+02  9.98459E-01  5.31245E-26  1.89711E-09  0.00000E+00  1.0E-07
  1.760E+02  9.98782E-01  5.10534E-26  1.82315E-09  0.00000E+00  1.0E-07
  1.765E+02  9.99067E-01  4.92272E-26  1.75794E-09  0.00000E+00  1.0E-07
  1.770E+02  9.99315E-01  4.76455E-26  1.70145E-09  0.00000E+00  1.0E-07
  1.775E+02  9.99524E-01  4.63079E-26  1.65368E-09  0.00000E+00  1.0E-07
  1.780E+02  9.99695E-01  4.52139E-26  1.61462E-09  0.00000E+00  1.0E-07
  1.785E+02  9.99829E-01  4.43633E-26  1.58424E-09  0.00000E+00  1.0E-07
  1.790E+02  9.99924E-01  4.37559E-26  1.56255E-09  0.00000E+00  1.0E-07
  1.795E+02  9.99981E-01  4.33916E-26  1.54954E-09  0.00000E+00  1.0E-07
  1.800E+02  1.00000E+00  4.32701E-26  1.54520E-09  0.00000E+00  1.0E-07
