 #
 # Subroutine ELSEPA. Elastic scattering of electrons and positrons
 #                    by neutral atoms and positive ions
 #
 # Projectile: electron
 # Kinetic energy = 3.70000E+06 eV = 1.35973E+05 a.u.
 #
 # WARNING: High-energy factorization with free-atom DF screening.
 #          Absorption, polarization and exchange corrections are
 #          switched off.
 #          Phase shifts are calculated for the bare nucleus.
 #          Scattering amplitudes are not evaluated.
 #
 # Element: Md,  Z = 101,  atomic weight = 2.58000E+02 g/mol
 #
 # Nuclear model: Fermi distribution
 #                Average radius = 6.81172E-13 cm
 #                Skin thickness = 5.46000E-14 cm
 #
 # Number of electrons =101
 #
 # Total elastic cross section = 1.15441E-17 cm**2 = 4.12247E-01 a0**2
 # 1st transport cross section = 9.80225E-22 cm**2 = 3.50045E-05 a0**2
 # 2nd transport cross section = 2.49693E-21 cm**2 = 8.91670E-05 a0**2
 #
 #
 # Differential cross section:                       MU=(1-COS(THETA))/2
 #
 #  THETA        MU          DCS          DCS        Sherman      error
 #  (deg)                 (cm**2/sr)   (a0**2/sr)    function
 #----------------------------------------------------------------------
  0.000E+00  0.00000E+00  1.56171E-12  5.57695E+04  0.00000E+00  1.0E-05
  1.000E-04  7.61557E-13  1.56170E-12  5.57692E+04  0.00000E+00  1.0E-05
  1.250E-04  1.18994E-12  1.56169E-12  5.57690E+04  0.00000E+00  1.0E-05
  1.500E-04  1.71346E-12  1.56168E-12  5.57688E+04  0.00000E+00  1.0E-05
  1.750E-04  2.33225E-12  1.56168E-12  5.57685E+04  0.00000E+00  1.0E-05
  2.000E-04  3.04617E-12  1.56167E-12  5.57682E+04  0.00000E+00  1.0E-05
  2.250E-04  3.85530E-12  1.56166E-12  5.57678E+04  0.00000E+00  1.0E-05
  2.500E-04  4.75964E-12  1.56165E-12  5.57675E+04  0.00000E+00  1.0E-05
  2.750E-04  5.75917E-12  1.56164E-12  5.57670E+04  0.00000E+00  1.0E-05
  3.000E-04  6.85391E-12  1.56162E-12  5.57665E+04  0.00000E+00  1.0E-05
  3.250E-04  8.04379E-12  1.56161E-12  5.57660E+04  0.00000E+00  1.0E-05
  3.500E-04  9.32893E-12  1.56159E-12  5.57655E+04  0.00000E+00  1.0E-05
  3.750E-04  1.07092E-11  1.56158E-12  5.57649E+04  0.00000E+00  1.0E-05
  4.000E-04  1.21847E-11  1.56156E-12  5.57642E+04  0.00000E+00  1.0E-05
  4.250E-04  1.37554E-11  1.56154E-12  5.57636E+04  0.00000E+00  1.0E-05
  4.500E-04  1.54213E-11  1.56152E-12  5.57628E+04  0.00000E+00  1.0E-05
  4.750E-04  1.71823E-11  1.56150E-12  5.57621E+04  0.00000E+00  1.0E-05
  5.000E-04  1.90386E-11  1.56147E-12  5.57613E+04  0.00000E+00  1.0E-05
  5.250E-04  2.09900E-11  1.56145E-12  5.57604E+04  0.00000E+00  1.0E-05
  5.500E-04  2.30367E-11  1.56143E-12  5.57595E+04  0.00000E+00  1.0E-05
  5.750E-04  2.51785E-11  1.56140E-12  5.57586E+04  0.00000E+00  1.0E-05
  6.000E-04  2.74156E-11  1.56137E-12  5.57576E+04  0.00000E+00  1.0E-05
  6.250E-04  2.97478E-11  1.56134E-12  5.57566E+04  0.00000E+00  1.0E-05
  6.500E-04  3.21752E-11  1.56132E-12  5.57556E+04  0.00000E+00  1.0E-05
  6.750E-04  3.46979E-11  1.56128E-12  5.57545E+04  0.00000E+00  1.0E-05
  7.000E-04  3.73157E-11  1.56125E-12  5.57533E+04  0.00000E+00  1.0E-05
  7.250E-04  4.00286E-11  1.56122E-12  5.57522E+04  0.00000E+00  1.0E-05
  7.500E-04  4.28368E-11  1.56119E-12  5.57510E+04  0.00000E+00  1.0E-05
  7.750E-04  4.57402E-11  1.56115E-12  5.57497E+04  0.00000E+00  1.0E-05
  8.000E-04  4.87388E-11  1.56111E-12  5.57484E+04  0.00000E+00  1.0E-05
  8.250E-04  5.18325E-11  1.56108E-12  5.57471E+04  0.00000E+00  1.0E-05
  8.500E-04  5.50215E-11  1.56104E-12  5.57457E+04  0.00000E+00  1.0E-05
  8.750E-04  5.83057E-11  1.56100E-12  5.57443E+04  0.00000E+00  1.0E-05
  9.000E-04  6.16850E-11  1.56096E-12  5.57428E+04  0.00000E+00  1.0E-05
  9.250E-04  6.51595E-11  1.56091E-12  5.57413E+04  0.00000E+00  1.0E-05
  9.500E-04  6.87293E-11  1.56087E-12  5.57397E+04  0.00000E+00  1.0E-05
  9.750E-04  7.23943E-11  1.56083E-12  5.57381E+04  0.00000E+00  1.0E-05
  1.000E-03  7.61544E-11  1.56078E-12  5.57365E+04  0.00000E+00  1.0E-05
  1.250E-03  1.18991E-10  1.56026E-12  5.57179E+04  0.00000E+00  1.0E-05
  1.500E-03  1.71347E-10  1.55963E-12  5.56953E+04  0.00000E+00  1.0E-05
  1.750E-03  2.33223E-10  1.55888E-12  5.56685E+04  0.00000E+00  1.0E-05
  2.000E-03  3.04617E-10  1.55801E-12  5.56376E+04  0.00000E+00  1.0E-05
  2.250E-03  3.85531E-10  1.55703E-12  5.56026E+04  0.00000E+00  1.0E-05
  2.500E-03  4.75965E-10  1.55594E-12  5.55636E+04  0.00000E+00  1.0E-05
  2.750E-03  5.75917E-10  1.55473E-12  5.55205E+04  0.00000E+00  1.0E-05
  3.000E-03  6.85389E-10  1.55341E-12  5.54733E+04  0.00000E+00  1.0E-05
  3.250E-03  8.04380E-10  1.55198E-12  5.54222E+04  0.00000E+00  1.0E-05
  3.500E-03  9.32891E-10  1.55044E-12  5.53671E+04  0.00000E+00  1.0E-05
  3.750E-03  1.07092E-09  1.54878E-12  5.53080E+04  0.00000E+00  1.0E-05
  4.000E-03  1.21847E-09  1.54701E-12  5.52449E+04  0.00000E+00  1.0E-05
  4.250E-03  1.37554E-09  1.54514E-12  5.51779E+04  0.00000E+00  1.0E-05
  4.500E-03  1.54213E-09  1.54315E-12  5.51070E+04  0.00000E+00  1.0E-05
  4.750E-03  1.71823E-09  1.54106E-12  5.50323E+04  0.00000E+00  1.0E-05
  5.000E-03  1.90386E-09  1.53886E-12  5.49537E+04  0.00000E+00  1.0E-05
  5.250E-03  2.09900E-09  1.53655E-12  5.48713E+04  0.00000E+00  1.0E-05
  5.500E-03  2.30367E-09  1.53414E-12  5.47851E+04  0.00000E+00  1.0E-05
  5.750E-03  2.51785E-09  1.53162E-12  5.46952E+04  0.00000E+00  1.0E-05
  6.000E-03  2.74156E-09  1.52900E-12  5.46016E+04  0.00000E+00  1.0E-05
  6.250E-03  2.97478E-09  1.52628E-12  5.45043E+04  0.00000E+00  1.0E-05
  6.500E-03  3.21752E-09  1.52345E-12  5.44034E+04  0.00000E+00  1.0E-05
  6.750E-03  3.46978E-09  1.52052E-12  5.42989E+04  0.00000E+00  1.0E-05
  7.000E-03  3.73156E-09  1.51750E-12  5.41909E+04  0.00000E+00  1.0E-05
  7.250E-03  4.00286E-09  1.51437E-12  5.40793E+04  0.00000E+00  1.0E-05
  7.500E-03  4.28368E-09  1.51115E-12  5.39643E+04  0.00000E+00  1.0E-05
  7.750E-03  4.57402E-09  1.50784E-12  5.38458E+04  0.00000E+00  1.0E-05
  8.000E-03  4.87388E-09  1.50443E-12  5.37240E+04  0.00000E+00  1.0E-05
  8.250E-03  5.18326E-09  1.50092E-12  5.35989E+04  0.00000E+00  1.0E-05
  8.500E-03  5.50215E-09  1.49732E-12  5.34704E+04  0.00000E+00  1.0E-05
  8.750E-03  5.83057E-09  1.49364E-12  5.33387E+04  0.00000E+00  1.0E-05
  9.000E-03  6.16850E-09  1.48986E-12  5.32039E+04  0.00000E+00  1.0E-05
  9.250E-03  6.51596E-09  1.48600E-12  5.30659E+04  0.00000E+00  1.0E-05
  9.500E-03  6.87293E-09  1.48205E-12  5.29248E+04  0.00000E+00  1.0E-05
  9.750E-03  7.23942E-09  1.47801E-12  5.27807E+04  0.00000E+00  1.0E-05
  1.000E-02  7.61544E-09  1.47389E-12  5.26336E+04  0.00000E+00  1.0E-05
  1.250E-02  1.18991E-08  1.42845E-12  5.10107E+04  0.00000E+00  1.0E-05
  1.500E-02  1.71347E-08  1.37641E-12  4.91526E+04  0.00000E+00  1.0E-05
  1.750E-02  2.33223E-08  1.31938E-12  4.71157E+04  0.00000E+00  1.0E-05
  2.000E-02  3.04617E-08  1.25895E-12  4.49578E+04  0.00000E+00  1.0E-05
  2.250E-02  3.85531E-08  1.19670E-12  4.27349E+04  0.00000E+00  1.0E-05
  2.500E-02  4.75965E-08  1.13397E-12  4.04947E+04  0.00000E+00  1.0E-05
  2.750E-02  5.75917E-08  1.07182E-12  3.82754E+04  0.00000E+00  1.0E-05
  3.000E-02  6.85389E-08  1.01116E-12  3.61091E+04  0.00000E+00  1.0E-05
  3.250E-02  8.04380E-08  9.52730E-13  3.40226E+04  0.00000E+00  1.0E-05
  3.500E-02  9.32891E-08  8.97039E-13  3.20339E+04  0.00000E+00  1.0E-05
  3.750E-02  1.07092E-07  8.44311E-13  3.01509E+04  0.00000E+00  1.0E-05
  4.000E-02  1.21847E-07  7.94718E-13  2.83799E+04  0.00000E+00  1.0E-05
  4.250E-02  1.37554E-07  7.48335E-13  2.67235E+04  0.00000E+00  1.0E-05
  4.500E-02  1.54213E-07  7.05136E-13  2.51809E+04  0.00000E+00  1.0E-05
  4.750E-02  1.71823E-07  6.64956E-13  2.37460E+04  0.00000E+00  1.0E-05
  5.000E-02  1.90386E-07  6.27664E-13  2.24143E+04  0.00000E+00  1.0E-05
  5.250E-02  2.09900E-07  5.93100E-13  2.11800E+04  0.00000E+00  1.0E-05
  5.500E-02  2.30367E-07  5.61022E-13  2.00345E+04  0.00000E+00  1.0E-05
  5.750E-02  2.51785E-07  5.31262E-13  1.89717E+04  0.00000E+00  1.0E-05
  6.000E-02  2.74156E-07  5.03646E-13  1.79855E+04  0.00000E+00  1.0E-05
  6.250E-02  2.97478E-07  4.78002E-13  1.70698E+04  0.00000E+00  1.0E-05
  6.500E-02  3.21752E-07  4.54069E-13  1.62151E+04  0.00000E+00  1.0E-05
  6.750E-02  3.46978E-07  4.31745E-13  1.54179E+04  0.00000E+00  1.0E-05
  7.000E-02  3.73156E-07  4.10913E-13  1.46740E+04  0.00000E+00  1.0E-05
  7.250E-02  4.00286E-07  3.91449E-13  1.39789E+04  0.00000E+00  1.0E-05
  7.500E-02  4.28368E-07  3.73148E-13  1.33253E+04  0.00000E+00  1.0E-05
  7.750E-02  4.57402E-07  3.55931E-13  1.27105E+04  0.00000E+00  1.0E-05
  8.000E-02  4.87388E-07  3.39759E-13  1.21330E+04  0.00000E+00  1.0E-05
  8.250E-02  5.18325E-07  3.24548E-13  1.15898E+04  0.00000E+00  1.0E-05
  8.500E-02  5.50215E-07  3.10163E-13  1.10761E+04  0.00000E+00  1.0E-05
  8.750E-02  5.83057E-07  2.96516E-13  1.05888E+04  0.00000E+00  1.0E-05
  9.000E-02  6.16850E-07  2.83627E-13  1.01285E+04  0.00000E+00  1.0E-05
  9.250E-02  6.51596E-07  2.71439E-13  9.69326E+03  0.00000E+00  1.0E-05
  9.500E-02  6.87293E-07  2.59875E-13  9.28029E+03  0.00000E+00  1.0E-05
  9.750E-02  7.23942E-07  2.48829E-13  8.88583E+03  0.00000E+00  1.0E-05
  1.000E-01  7.61543E-07  2.38354E-13  8.51179E+03  0.00000E+00  1.0E-05
  1.250E-01  1.18991E-06  1.57349E-13  5.61905E+03  0.00000E+00  1.0E-05
  1.500E-01  1.71347E-06  1.04603E-13  3.73543E+03  0.00000E+00  1.0E-05
  1.750E-01  2.33223E-06  7.26059E-14  2.59280E+03  0.00000E+00  1.0E-05
  2.000E-01  3.04617E-06  5.16568E-14  1.84470E+03  0.00000E+00  1.0E-05
  2.250E-01  3.85531E-06  3.73599E-14  1.33415E+03  0.00000E+00  1.0E-05
  2.500E-01  4.75964E-06  2.76231E-14  9.86437E+02  0.00000E+00  1.0E-05
  2.750E-01  5.75916E-06  2.08934E-14  7.46118E+02  0.00000E+00  1.0E-05
  3.000E-01  6.85388E-06  1.61112E-14  5.75343E+02  0.00000E+00  1.0E-05
  3.250E-01  8.04378E-06  1.26141E-14  4.50458E+02  0.00000E+00  1.0E-05
  3.500E-01  9.32888E-06  1.00145E-14  3.57624E+02  0.00000E+00  1.0E-05
  3.750E-01  1.07092E-05  8.06784E-15  2.88108E+02  0.00000E+00  1.0E-05
  4.000E-01  1.21846E-05  6.58358E-15  2.35104E+02  0.00000E+00  1.0E-05
  4.250E-01  1.37553E-05  5.43193E-15  1.93978E+02  0.00000E+00  1.0E-05
  4.500E-01  1.54212E-05  4.52264E-15  1.61506E+02  0.00000E+00  1.0E-05
  4.750E-01  1.71822E-05  3.80198E-15  1.35771E+02  0.00000E+00  1.0E-05
  5.000E-01  1.90385E-05  3.22083E-15  1.15018E+02  0.00000E+00  1.0E-05
  5.250E-01  2.09899E-05  2.75413E-15  9.83517E+01  0.00000E+00  1.0E-05
  5.500E-01  2.30365E-05  2.36750E-15  8.45451E+01  0.00000E+00  1.0E-05
  5.750E-01  2.51783E-05  2.04716E-15  7.31055E+01  0.00000E+00  1.0E-05
  6.000E-01  2.74153E-05  1.77964E-15  6.35522E+01  0.00000E+00  1.0E-05
  6.250E-01  2.97475E-05  1.55485E-15  5.55247E+01  0.00000E+00  1.0E-05
  6.500E-01  3.21749E-05  1.36460E-15  4.87308E+01  0.00000E+00  1.0E-05
  6.750E-01  3.46974E-05  1.20170E-15  4.29136E+01  0.00000E+00  1.0E-05
  7.000E-01  3.73152E-05  1.06249E-15  3.79421E+01  0.00000E+00  1.0E-05
  7.250E-01  4.00281E-05  9.43216E-16  3.36828E+01  0.00000E+00  1.0E-05
  7.500E-01  4.28362E-05  8.40207E-16  3.00043E+01  0.00000E+00  1.0E-05
  7.750E-01  4.57395E-05  7.50956E-16  2.68171E+01  0.00000E+00  1.0E-05
  8.000E-01  4.87380E-05  6.73390E-16  2.40472E+01  0.00000E+00  1.0E-05
  8.250E-01  5.18317E-05  6.05674E-16  2.16290E+01  0.00000E+00  1.0E-05
  8.500E-01  5.50205E-05  5.46207E-16  1.95054E+01  0.00000E+00  1.0E-05
  8.750E-01  5.83045E-05  4.93789E-16  1.76335E+01  0.00000E+00  1.0E-05
  9.000E-01  6.16838E-05  4.47568E-16  1.59830E+01  0.00000E+00  1.0E-05
  9.250E-01  6.51582E-05  4.06681E-16  1.45228E+01  0.00000E+00  1.0E-05
  9.500E-01  6.87277E-05  3.70374E-16  1.32263E+01  0.00000E+00  1.0E-05
  9.750E-01  7.23925E-05  3.38006E-16  1.20704E+01  0.00000E+00  1.0E-05
  1.000E+00  7.61524E-05  3.09155E-16  1.10401E+01  0.00000E+00  1.4E-05
  1.100E+00  9.21439E-05  2.20708E-16  7.88163E+00  0.00000E+00  1.0E-05
  1.200E+00  1.09658E-04  1.61936E-16  5.78286E+00  0.00000E+00  5.5E-06
  1.300E+00  1.28695E-04  1.21519E-16  4.33951E+00  0.00000E+00  1.1E-06
  1.400E+00  1.49255E-04  9.28788E-17  3.31676E+00  0.00000E+00  2.2E-06
  1.500E+00  1.71338E-04  7.22603E-17  2.58046E+00  0.00000E+00  3.9E-06
  1.600E+00  1.94942E-04  5.70808E-17  2.03839E+00  0.00000E+00  4.2E-06
  1.700E+00  2.20070E-04  4.56901E-17  1.63162E+00  0.00000E+00  3.4E-06
  1.800E+00  2.46720E-04  3.69952E-17  1.32112E+00  0.00000E+00  1.9E-06
  1.900E+00  2.74892E-04  3.02973E-17  1.08194E+00  0.00000E+00  3.0E-07
  2.000E+00  3.04586E-04  2.50636E-17  8.95038E-01  0.00000E+00  9.9E-07
  2.100E+00  3.35803E-04  2.09247E-17  7.47236E-01  0.00000E+00  1.7E-06
  2.200E+00  3.68542E-04  1.76057E-17  6.28709E-01  0.00000E+00  1.9E-06
  2.300E+00  4.02802E-04  1.49263E-17  5.33029E-01  0.00000E+00  1.5E-06
  2.400E+00  4.38585E-04  1.27423E-17  4.55037E-01  0.00000E+00  8.6E-07
  2.500E+00  4.75889E-04  1.09459E-17  3.90885E-01  0.00000E+00  1.0E-07
  2.600E+00  5.14715E-04  9.45408E-18  3.37611E-01  0.00000E+00  5.6E-07
  2.700E+00  5.55063E-04  8.20813E-18  2.93118E-01  0.00000E+00  9.6E-07
  2.800E+00  5.96931E-04  7.16148E-18  2.55741E-01  0.00000E+00  1.0E-06
  2.900E+00  6.40321E-04  6.27672E-18  2.24146E-01  0.00000E+00  8.4E-07
  3.000E+00  6.85233E-04  5.52338E-18  1.97243E-01  0.00000E+00  4.6E-07
  3.100E+00  7.31665E-04  4.87930E-18  1.74243E-01  0.00000E+00  1.0E-07
  3.200E+00  7.79618E-04  4.32645E-18  1.54500E-01  0.00000E+00  3.7E-07
  3.300E+00  8.29092E-04  3.84976E-18  1.37478E-01  0.00000E+00  5.9E-07
  3.400E+00  8.80086E-04  3.43656E-18  1.22722E-01  0.00000E+00  6.4E-07
  3.500E+00  9.32601E-04  3.07709E-18  1.09885E-01  0.00000E+00  5.1E-07
  3.600E+00  9.86636E-04  2.76348E-18  9.86858E-02  0.00000E+00  2.7E-07
  3.700E+00  1.04219E-03  2.48887E-18  8.88791E-02  0.00000E+00  1.0E-07
  3.800E+00  1.09927E-03  2.24753E-18  8.02607E-02  0.00000E+00  2.6E-07
  3.900E+00  1.15786E-03  2.03464E-18  7.26582E-02  0.00000E+00  4.0E-07
  4.000E+00  1.21797E-03  1.84645E-18  6.59381E-02  0.00000E+00  4.2E-07
  4.100E+00  1.27961E-03  1.67961E-18  5.99800E-02  0.00000E+00  3.3E-07
  4.200E+00  1.34276E-03  1.53127E-18  5.46825E-02  0.00000E+00  1.6E-07
  4.300E+00  1.40743E-03  1.39890E-18  4.99557E-02  0.00000E+00  1.0E-07
  4.400E+00  1.47362E-03  1.28061E-18  4.57315E-02  0.00000E+00  1.9E-07
  4.500E+00  1.54133E-03  1.17463E-18  4.19470E-02  0.00000E+00  2.9E-07
  4.600E+00  1.61056E-03  1.07945E-18  3.85479E-02  0.00000E+00  3.0E-07
  4.700E+00  1.68131E-03  9.93720E-19  3.54864E-02  0.00000E+00  2.3E-07
  4.800E+00  1.75357E-03  9.16380E-19  3.27245E-02  0.00000E+00  1.1E-07
  4.900E+00  1.82735E-03  8.46462E-19  3.02277E-02  0.00000E+00  1.0E-07
  5.000E+00  1.90265E-03  7.83125E-19  2.79659E-02  0.00000E+00  1.5E-07
  5.100E+00  1.97947E-03  7.25616E-19  2.59122E-02  0.00000E+00  2.1E-07
  5.200E+00  2.05780E-03  6.73311E-19  2.40444E-02  0.00000E+00  2.2E-07
  5.300E+00  2.13765E-03  6.25662E-19  2.23428E-02  0.00000E+00  1.6E-07
  5.400E+00  2.21902E-03  5.82178E-19  2.07900E-02  0.00000E+00  1.0E-07
  5.500E+00  2.30190E-03  5.42419E-19  1.93701E-02  0.00000E+00  1.0E-07
  5.600E+00  2.38630E-03  5.06003E-19  1.80697E-02  0.00000E+00  1.2E-07
  5.700E+00  2.47222E-03  4.72610E-19  1.68772E-02  0.00000E+00  1.6E-07
  5.800E+00  2.55965E-03  4.41941E-19  1.57820E-02  0.00000E+00  1.6E-07
  5.900E+00  2.64859E-03  4.13727E-19  1.47745E-02  0.00000E+00  1.2E-07
  6.000E+00  2.73905E-03  3.87731E-19  1.38461E-02  0.00000E+00  1.0E-07
  6.100E+00  2.83103E-03  3.63755E-19  1.29899E-02  0.00000E+00  1.0E-07
  6.200E+00  2.92452E-03  3.41611E-19  1.21992E-02  0.00000E+00  1.0E-07
  6.300E+00  3.01952E-03  3.21134E-19  1.14679E-02  0.00000E+00  1.3E-07
  6.400E+00  3.11604E-03  3.02167E-19  1.07906E-02  0.00000E+00  1.3E-07
  6.500E+00  3.21407E-03  2.84585E-19  1.01627E-02  0.00000E+00  1.0E-07
  6.600E+00  3.31362E-03  2.68268E-19  9.58003E-03  0.00000E+00  1.0E-07
  6.700E+00  3.41468E-03  2.53109E-19  9.03869E-03  0.00000E+00  1.0E-07
  6.800E+00  3.51725E-03  2.39004E-19  8.53498E-03  0.00000E+00  1.0E-07
  6.900E+00  3.62133E-03  2.25871E-19  8.06599E-03  0.00000E+00  1.0E-07
  7.000E+00  3.72692E-03  2.13631E-19  7.62888E-03  0.00000E+00  1.0E-07
  7.100E+00  3.83403E-03  2.02211E-19  7.22109E-03  0.00000E+00  1.0E-07
  7.200E+00  3.94265E-03  1.91544E-19  6.84016E-03  0.00000E+00  1.0E-07
  7.300E+00  4.05278E-03  1.81573E-19  6.48407E-03  0.00000E+00  1.0E-07
  7.400E+00  4.16442E-03  1.72244E-19  6.15093E-03  0.00000E+00  1.0E-07
  7.500E+00  4.27757E-03  1.63508E-19  5.83898E-03  0.00000E+00  1.0E-07
  7.600E+00  4.39223E-03  1.55320E-19  5.54657E-03  0.00000E+00  1.0E-07
  7.700E+00  4.50840E-03  1.47638E-19  5.27224E-03  0.00000E+00  1.0E-07
  7.800E+00  4.62608E-03  1.40427E-19  5.01472E-03  0.00000E+00  1.0E-07
  7.900E+00  4.74527E-03  1.33652E-19  4.77279E-03  0.00000E+00  1.0E-07
  8.000E+00  4.86597E-03  1.27281E-19  4.54529E-03  0.00000E+00  1.0E-07
  8.100E+00  4.98817E-03  1.21286E-19  4.33119E-03  0.00000E+00  1.0E-07
  8.200E+00  5.11188E-03  1.15640E-19  4.12959E-03  0.00000E+00  1.0E-07
  8.300E+00  5.23711E-03  1.10321E-19  3.93962E-03  0.00000E+00  1.0E-07
  8.400E+00  5.36383E-03  1.05304E-19  3.76048E-03  0.00000E+00  1.0E-07
  8.500E+00  5.49207E-03  1.00570E-19  3.59141E-03  0.00000E+00  1.0E-07
  8.600E+00  5.62181E-03  9.60991E-20  3.43176E-03  0.00000E+00  1.0E-07
  8.700E+00  5.75306E-03  9.18752E-20  3.28092E-03  0.00000E+00  1.0E-07
  8.800E+00  5.88581E-03  8.78817E-20  3.13831E-03  0.00000E+00  1.0E-07
  8.900E+00  6.02007E-03  8.41028E-20  3.00336E-03  0.00000E+00  1.0E-07
  9.000E+00  6.15583E-03  8.05256E-20  2.87562E-03  0.00000E+00  1.0E-07
  9.100E+00  6.29310E-03  7.71374E-20  2.75463E-03  0.00000E+00  1.0E-07
  9.200E+00  6.43187E-03  7.39264E-20  2.63996E-03  0.00000E+00  1.0E-07
  9.300E+00  6.57214E-03  7.08808E-20  2.53120E-03  0.00000E+00  1.0E-07
  9.400E+00  6.71392E-03  6.79911E-20  2.42801E-03  0.00000E+00  1.0E-07
  9.500E+00  6.85720E-03  6.52479E-20  2.33004E-03  0.00000E+00  1.0E-07
  9.600E+00  7.00198E-03  6.26423E-20  2.23700E-03  0.00000E+00  1.0E-07
  9.700E+00  7.14827E-03  6.01658E-20  2.14856E-03  0.00000E+00  1.0E-07
  9.800E+00  7.29605E-03  5.78109E-20  2.06447E-03  0.00000E+00  1.0E-07
  9.900E+00  7.44534E-03  5.55708E-20  1.98447E-03  0.00000E+00  1.0E-07
  1.000E+01  7.59612E-03  5.34388E-20  1.90833E-03  0.00000E+00  1.0E-07
  1.025E+01  7.97965E-03  4.85412E-20  1.73344E-03  0.00000E+00  1.0E-07
  1.050E+01  8.37255E-03  4.41948E-20  1.57822E-03  0.00000E+00  1.0E-07
  1.075E+01  8.77480E-03  4.03267E-20  1.44009E-03  0.00000E+00  1.0E-07
  1.100E+01  9.18641E-03  3.68753E-20  1.31684E-03  0.00000E+00  1.0E-07
  1.125E+01  9.60736E-03  3.37878E-20  1.20658E-03  0.00000E+00  1.0E-07
  1.150E+01  1.00376E-02  3.10190E-20  1.10771E-03  0.00000E+00  1.0E-07
  1.175E+01  1.04773E-02  2.85303E-20  1.01884E-03  0.00000E+00  1.0E-07
  1.200E+01  1.09262E-02  2.62884E-20  9.38774E-04  0.00000E+00  1.0E-07
  1.225E+01  1.13844E-02  2.42643E-20  8.66495E-04  0.00000E+00  1.0E-07
  1.250E+01  1.18520E-02  2.24332E-20  8.01106E-04  0.00000E+00  1.0E-07
  1.275E+01  1.23288E-02  2.07735E-20  7.41834E-04  0.00000E+00  1.0E-07
  1.300E+01  1.28150E-02  1.92661E-20  6.88003E-04  0.00000E+00  1.0E-07
  1.325E+01  1.33104E-02  1.78944E-20  6.39020E-04  0.00000E+00  1.0E-07
  1.350E+01  1.38150E-02  1.66444E-20  5.94381E-04  0.00000E+00  1.0E-07
  1.375E+01  1.43290E-02  1.55029E-20  5.53620E-04  0.00000E+00  1.0E-07
  1.400E+01  1.48521E-02  1.44590E-20  5.16342E-04  0.00000E+00  1.0E-07
  1.425E+01  1.53845E-02  1.35029E-20  4.82197E-04  0.00000E+00  1.0E-07
  1.450E+01  1.59262E-02  1.26258E-20  4.50874E-04  0.00000E+00  1.0E-07
  1.475E+01  1.64770E-02  1.18198E-20  4.22094E-04  0.00000E+00  1.0E-07
  1.500E+01  1.70371E-02  1.10783E-20  3.95613E-04  0.00000E+00  1.0E-07
  1.525E+01  1.76063E-02  1.03951E-20  3.71214E-04  0.00000E+00  1.0E-07
  1.550E+01  1.81848E-02  9.76474E-21  3.48705E-04  0.00000E+00  1.0E-07
  1.575E+01  1.87724E-02  9.18243E-21  3.27910E-04  0.00000E+00  1.0E-07
  1.600E+01  1.93692E-02  8.64376E-21  3.08674E-04  0.00000E+00  1.0E-07
  1.625E+01  1.99751E-02  8.14490E-21  2.90860E-04  0.00000E+00  1.0E-07
  1.650E+01  2.05901E-02  7.68236E-21  2.74342E-04  0.00000E+00  1.0E-07
  1.675E+01  2.12143E-02  7.25299E-21  2.59009E-04  0.00000E+00  1.0E-07
  1.700E+01  2.18476E-02  6.85392E-21  2.44758E-04  0.00000E+00  1.0E-07
  1.725E+01  2.24900E-02  6.48266E-21  2.31500E-04  0.00000E+00  1.0E-07
  1.750E+01  2.31415E-02  6.13689E-21  2.19152E-04  0.00000E+00  1.0E-07
  1.775E+01  2.38021E-02  5.81454E-21  2.07641E-04  0.00000E+00  1.0E-07
  1.800E+01  2.44717E-02  5.51367E-21  1.96897E-04  0.00000E+00  1.0E-07
  1.825E+01  2.51504E-02  5.23262E-21  1.86860E-04  0.00000E+00  1.0E-07
  1.850E+01  2.58382E-02  4.96984E-21  1.77476E-04  0.00000E+00  1.0E-07
  1.875E+01  2.65349E-02  4.72390E-21  1.68693E-04  0.00000E+00  1.0E-07
  1.900E+01  2.72407E-02  4.49349E-21  1.60465E-04  0.00000E+00  1.0E-07
  1.925E+01  2.79555E-02  4.27746E-21  1.52751E-04  0.00000E+00  1.0E-07
  1.950E+01  2.86793E-02  4.07475E-21  1.45512E-04  0.00000E+00  1.0E-07
  1.975E+01  2.94120E-02  3.88437E-21  1.38713E-04  0.00000E+00  1.0E-07
  2.000E+01  3.01537E-02  3.70541E-21  1.32323E-04  0.00000E+00  1.0E-07
  2.025E+01  3.09043E-02  3.53706E-21  1.26311E-04  0.00000E+00  1.0E-07
  2.050E+01  3.16639E-02  3.37858E-21  1.20651E-04  0.00000E+00  1.0E-07
  2.075E+01  3.24324E-02  3.22926E-21  1.15319E-04  0.00000E+00  1.0E-07
  2.100E+01  3.32098E-02  3.08847E-21  1.10291E-04  0.00000E+00  1.0E-07
  2.125E+01  3.39961E-02  2.95562E-21  1.05547E-04  0.00000E+00  1.0E-07
  2.150E+01  3.47912E-02  2.83019E-21  1.01068E-04  0.00000E+00  1.0E-07
  2.175E+01  3.55952E-02  2.71167E-21  9.68357E-05  0.00000E+00  1.0E-07
  2.200E+01  3.64081E-02  2.59961E-21  9.28337E-05  0.00000E+00  1.0E-07
  2.225E+01  3.72297E-02  2.49358E-21  8.90473E-05  0.00000E+00  1.0E-07
  2.250E+01  3.80602E-02  2.39319E-21  8.54623E-05  0.00000E+00  1.0E-07
  2.275E+01  3.88995E-02  2.29808E-21  8.20661E-05  0.00000E+00  1.0E-07
  2.300E+01  3.97476E-02  2.20793E-21  7.88465E-05  0.00000E+00  1.0E-07
  2.325E+01  4.06044E-02  2.12240E-21  7.57924E-05  0.00000E+00  1.0E-07
  2.350E+01  4.14700E-02  2.04123E-21  7.28937E-05  0.00000E+00  1.0E-07
  2.375E+01  4.23443E-02  1.96415E-21  7.01409E-05  0.00000E+00  1.0E-07
  2.400E+01  4.32273E-02  1.89089E-21  6.75250E-05  0.00000E+00  1.0E-07
  2.425E+01  4.41190E-02  1.82124E-21  6.50378E-05  0.00000E+00  1.0E-07
  2.450E+01  4.50194E-02  1.75499E-21  6.26718E-05  0.00000E+00  1.0E-07
  2.475E+01  4.59284E-02  1.69192E-21  6.04197E-05  0.00000E+00  1.0E-07
  2.500E+01  4.68461E-02  1.63186E-21  5.82749E-05  0.00000E+00  1.0E-07
  2.550E+01  4.87074E-02  1.52008E-21  5.42829E-05  0.00000E+00  1.0E-07
  2.600E+01  5.06030E-02  1.41838E-21  5.06513E-05  0.00000E+00  1.0E-07
  2.650E+01  5.25328E-02  1.32567E-21  4.73406E-05  0.00000E+00  1.0E-07
  2.700E+01  5.44967E-02  1.24100E-21  4.43171E-05  0.00000E+00  1.0E-07
  2.750E+01  5.64946E-02  1.16353E-21  4.15504E-05  0.00000E+00  1.0E-07
  2.800E+01  5.85262E-02  1.09252E-21  3.90145E-05  0.00000E+00  1.0E-07
  2.850E+01  6.05914E-02  1.02731E-21  3.66859E-05  0.00000E+00  1.0E-07
  2.900E+01  6.26901E-02  9.67336E-22  3.45442E-05  0.00000E+00  1.0E-07
  2.950E+01  6.48222E-02  9.12084E-22  3.25711E-05  0.00000E+00  1.0E-07
  3.000E+01  6.69873E-02  8.61103E-22  3.07506E-05  0.00000E+00  1.0E-07
  3.050E+01  6.91854E-02  8.13990E-22  2.90681E-05  0.00000E+00  1.0E-07
  3.100E+01  7.14163E-02  7.70389E-22  2.75111E-05  0.00000E+00  1.0E-07
  3.150E+01  7.36799E-02  7.29978E-22  2.60680E-05  0.00000E+00  1.0E-07
  3.200E+01  7.59760E-02  6.92473E-22  2.47286E-05  0.00000E+00  1.0E-07
  3.250E+01  7.83043E-02  6.57615E-22  2.34839E-05  0.00000E+00  1.0E-07
  3.300E+01  8.06647E-02  6.25178E-22  2.23255E-05  0.00000E+00  1.0E-07
  3.350E+01  8.30571E-02  5.94951E-22  2.12461E-05  0.00000E+00  1.0E-07
  3.400E+01  8.54812E-02  5.66752E-22  2.02391E-05  0.00000E+00  1.0E-07
  3.450E+01  8.79369E-02  5.40411E-22  1.92984E-05  0.00000E+00  1.0E-07
  3.500E+01  9.04240E-02  5.15777E-22  1.84187E-05  0.00000E+00  1.0E-07
  3.550E+01  9.29422E-02  4.92711E-22  1.75950E-05  0.00000E+00  1.0E-07
  3.600E+01  9.54915E-02  4.71091E-22  1.68230E-05  0.00000E+00  1.0E-07
  3.650E+01  9.80716E-02  4.50803E-22  1.60985E-05  0.00000E+00  1.0E-07
  3.700E+01  1.00682E-01  4.31744E-22  1.54179E-05  0.00000E+00  1.0E-07
  3.750E+01  1.03323E-01  4.13821E-22  1.47778E-05  0.00000E+00  1.0E-07
  3.800E+01  1.05995E-01  3.96951E-22  1.41754E-05  0.00000E+00  1.0E-07
  3.850E+01  1.08696E-01  3.81054E-22  1.36077E-05  0.00000E+00  1.0E-07
  3.900E+01  1.11427E-01  3.66060E-22  1.30723E-05  0.00000E+00  1.0E-07
  3.950E+01  1.14188E-01  3.51905E-22  1.25667E-05  0.00000E+00  1.0E-07
  4.000E+01  1.16978E-01  3.38528E-22  1.20891E-05  0.00000E+00  1.0E-07
  4.050E+01  1.19797E-01  3.25877E-22  1.16373E-05  0.00000E+00  1.0E-07
  4.100E+01  1.22645E-01  3.13899E-22  1.12096E-05  0.00000E+00  1.0E-07
  4.150E+01  1.25522E-01  3.02551E-22  1.08043E-05  0.00000E+00  1.0E-07
  4.200E+01  1.28428E-01  2.91790E-22  1.04200E-05  0.00000E+00  1.0E-07
  4.250E+01  1.31361E-01  2.81577E-22  1.00553E-05  0.00000E+00  1.0E-07
  4.300E+01  1.34323E-01  2.71876E-22  9.70888E-06  0.00000E+00  1.0E-07
  4.350E+01  1.37313E-01  2.62655E-22  9.37958E-06  0.00000E+00  1.0E-07
  4.400E+01  1.40330E-01  2.53883E-22  9.06631E-06  0.00000E+00  1.0E-07
  4.450E+01  1.43375E-01  2.45531E-22  8.76807E-06  0.00000E+00  1.0E-07
  4.500E+01  1.46447E-01  2.37574E-22  8.48391E-06  0.00000E+00  1.0E-07
  4.550E+01  1.49545E-01  2.29987E-22  8.21297E-06  0.00000E+00  1.0E-07
  4.600E+01  1.52671E-01  2.22748E-22  7.95447E-06  0.00000E+00  1.0E-07
  4.650E+01  1.55823E-01  2.15837E-22  7.70767E-06  0.00000E+00  1.0E-07
  4.700E+01  1.59001E-01  2.09233E-22  7.47185E-06  0.00000E+00  1.0E-07
  4.750E+01  1.62205E-01  2.02920E-22  7.24641E-06  0.00000E+00  1.0E-07
  4.800E+01  1.65435E-01  1.96881E-22  7.03073E-06  0.00000E+00  1.0E-07
  4.850E+01  1.68690E-01  1.91099E-22  6.82427E-06  0.00000E+00  1.0E-07
  4.900E+01  1.71970E-01  1.85561E-22  6.62650E-06  0.00000E+00  1.0E-07
  4.950E+01  1.75276E-01  1.80253E-22  6.43694E-06  0.00000E+00  1.0E-07
  5.000E+01  1.78606E-01  1.75162E-22  6.25514E-06  0.00000E+00  1.0E-07
  5.050E+01  1.81961E-01  1.70276E-22  6.08068E-06  0.00000E+00  1.0E-07
  5.100E+01  1.85340E-01  1.65586E-22  5.91317E-06  0.00000E+00  1.0E-07
  5.150E+01  1.88743E-01  1.61079E-22  5.75225E-06  0.00000E+00  1.0E-07
  5.200E+01  1.92169E-01  1.56748E-22  5.59757E-06  0.00000E+00  1.0E-07
  5.250E+01  1.95619E-01  1.52582E-22  5.44882E-06  0.00000E+00  1.0E-07
  5.300E+01  1.99092E-01  1.48574E-22  5.30567E-06  0.00000E+00  1.0E-07
  5.350E+01  2.02589E-01  1.44715E-22  5.16787E-06  0.00000E+00  1.0E-07
  5.400E+01  2.06107E-01  1.40998E-22  5.03513E-06  0.00000E+00  1.0E-07
  5.450E+01  2.09649E-01  1.37416E-22  4.90721E-06  0.00000E+00  1.0E-07
  5.500E+01  2.13212E-01  1.33962E-22  4.78387E-06  0.00000E+00  1.0E-07
  5.550E+01  2.16797E-01  1.30630E-22  4.66489E-06  0.00000E+00  1.0E-07
  5.600E+01  2.20404E-01  1.27415E-22  4.55007E-06  0.00000E+00  1.0E-07
  5.650E+01  2.24032E-01  1.24310E-22  4.43920E-06  0.00000E+00  1.0E-07
  5.700E+01  2.27680E-01  1.21312E-22  4.33212E-06  0.00000E+00  1.0E-07
  5.750E+01  2.31350E-01  1.18414E-22  4.22864E-06  0.00000E+00  1.0E-07
  5.800E+01  2.35040E-01  1.15613E-22  4.12860E-06  0.00000E+00  1.0E-07
  5.850E+01  2.38751E-01  1.12903E-22  4.03184E-06  0.00000E+00  1.0E-07
  5.900E+01  2.42481E-01  1.10282E-22  3.93822E-06  0.00000E+00  1.0E-07
  5.950E+01  2.46231E-01  1.07744E-22  3.84760E-06  0.00000E+00  1.0E-07
  6.000E+01  2.50000E-01  1.05286E-22  3.75984E-06  0.00000E+00  1.0E-07
  6.050E+01  2.53788E-01  1.02906E-22  3.67483E-06  0.00000E+00  1.0E-07
  6.100E+01  2.57595E-01  1.00599E-22  3.59245E-06  0.00000E+00  1.0E-07
  6.150E+01  2.61421E-01  9.83623E-23  3.51258E-06  0.00000E+00  1.0E-07
  6.200E+01  2.65264E-01  9.61935E-23  3.43513E-06  0.00000E+00  1.0E-07
  6.250E+01  2.69126E-01  9.40894E-23  3.35999E-06  0.00000E+00  1.0E-07
  6.300E+01  2.73005E-01  9.20475E-23  3.28708E-06  0.00000E+00  1.0E-07
  6.350E+01  2.76901E-01  9.00651E-23  3.21628E-06  0.00000E+00  1.0E-07
  6.400E+01  2.80814E-01  8.81400E-23  3.14754E-06  0.00000E+00  1.0E-07
  6.450E+01  2.84744E-01  8.62698E-23  3.08075E-06  0.00000E+00  1.0E-07
  6.500E+01  2.88691E-01  8.44524E-23  3.01585E-06  0.00000E+00  1.0E-07
  6.550E+01  2.92653E-01  8.26857E-23  2.95276E-06  0.00000E+00  1.0E-07
  6.600E+01  2.96632E-01  8.09678E-23  2.89141E-06  0.00000E+00  1.0E-07
  6.650E+01  3.00625E-01  7.92970E-23  2.83175E-06  0.00000E+00  1.0E-07
  6.700E+01  3.04634E-01  7.76713E-23  2.77369E-06  0.00000E+00  1.0E-07
  6.750E+01  3.08658E-01  7.60892E-23  2.71719E-06  0.00000E+00  1.0E-07
  6.800E+01  3.12697E-01  7.45490E-23  2.66219E-06  0.00000E+00  1.0E-07
  6.850E+01  3.16749E-01  7.30492E-23  2.60863E-06  0.00000E+00  1.0E-07
  6.900E+01  3.20816E-01  7.15883E-23  2.55646E-06  0.00000E+00  1.0E-07
  6.950E+01  3.24896E-01  7.01649E-23  2.50563E-06  0.00000E+00  1.0E-07
  7.000E+01  3.28990E-01  6.87777E-23  2.45609E-06  0.00000E+00  1.0E-07
  7.050E+01  3.33097E-01  6.74254E-23  2.40780E-06  0.00000E+00  1.0E-07
  7.100E+01  3.37216E-01  6.61068E-23  2.36072E-06  0.00000E+00  1.0E-07
  7.150E+01  3.41348E-01  6.48208E-23  2.31479E-06  0.00000E+00  1.0E-07
  7.200E+01  3.45492E-01  6.35663E-23  2.27000E-06  0.00000E+00  1.0E-07
  7.250E+01  3.49647E-01  6.23423E-23  2.22628E-06  0.00000E+00  1.0E-07
  7.300E+01  3.53814E-01  6.11476E-23  2.18362E-06  0.00000E+00  1.0E-07
  7.350E+01  3.57992E-01  5.99813E-23  2.14197E-06  0.00000E+00  1.0E-07
  7.400E+01  3.62181E-01  5.88425E-23  2.10130E-06  0.00000E+00  1.0E-07
  7.450E+01  3.66381E-01  5.77303E-23  2.06158E-06  0.00000E+00  1.0E-07
  7.500E+01  3.70590E-01  5.66437E-23  2.02278E-06  0.00000E+00  1.0E-07
  7.550E+01  3.74810E-01  5.55821E-23  1.98487E-06  0.00000E+00  1.0E-07
  7.600E+01  3.79039E-01  5.45446E-23  1.94782E-06  0.00000E+00  1.0E-07
  7.650E+01  3.83277E-01  5.35305E-23  1.91161E-06  0.00000E+00  1.0E-07
  7.700E+01  3.87524E-01  5.25391E-23  1.87620E-06  0.00000E+00  1.0E-07
  7.750E+01  3.91780E-01  5.15696E-23  1.84158E-06  0.00000E+00  1.0E-07
  7.800E+01  3.96044E-01  5.06215E-23  1.80773E-06  0.00000E+00  1.0E-07
  7.850E+01  4.00316E-01  4.96940E-23  1.77460E-06  0.00000E+00  1.0E-07
  7.900E+01  4.04596E-01  4.87865E-23  1.74220E-06  0.00000E+00  1.0E-07
  7.950E+01  4.08882E-01  4.78984E-23  1.71048E-06  0.00000E+00  1.0E-07
  8.000E+01  4.13176E-01  4.70292E-23  1.67944E-06  0.00000E+00  1.0E-07
  8.050E+01  4.17476E-01  4.61784E-23  1.64906E-06  0.00000E+00  1.0E-07
  8.100E+01  4.21783E-01  4.53453E-23  1.61931E-06  0.00000E+00  1.0E-07
  8.150E+01  4.26095E-01  4.45295E-23  1.59018E-06  0.00000E+00  1.0E-07
  8.200E+01  4.30413E-01  4.37305E-23  1.56164E-06  0.00000E+00  1.0E-07
  8.250E+01  4.34737E-01  4.29478E-23  1.53369E-06  0.00000E+00  1.0E-07
  8.300E+01  4.39065E-01  4.21810E-23  1.50631E-06  0.00000E+00  1.0E-07
  8.350E+01  4.43398E-01  4.14297E-23  1.47948E-06  0.00000E+00  1.0E-07
  8.400E+01  4.47736E-01  4.06934E-23  1.45319E-06  0.00000E+00  1.0E-07
  8.450E+01  4.52077E-01  3.99717E-23  1.42741E-06  0.00000E+00  1.0E-07
  8.500E+01  4.56422E-01  3.92642E-23  1.40215E-06  0.00000E+00  1.0E-07
  8.550E+01  4.60770E-01  3.85705E-23  1.37738E-06  0.00000E+00  1.0E-07
  8.600E+01  4.65122E-01  3.78903E-23  1.35309E-06  0.00000E+00  1.0E-07
  8.650E+01  4.69476E-01  3.72232E-23  1.32926E-06  0.00000E+00  1.0E-07
  8.700E+01  4.73832E-01  3.65688E-23  1.30590E-06  0.00000E+00  1.0E-07
  8.750E+01  4.78190E-01  3.59270E-23  1.28298E-06  0.00000E+00  1.0E-07
  8.800E+01  4.82550E-01  3.52973E-23  1.26049E-06  0.00000E+00  1.0E-07
  8.850E+01  4.86912E-01  3.46794E-23  1.23842E-06  0.00000E+00  1.0E-07
  8.900E+01  4.91274E-01  3.40730E-23  1.21677E-06  0.00000E+00  1.0E-07
  8.950E+01  4.95637E-01  3.34779E-23  1.19552E-06  0.00000E+00  1.0E-07
  9.000E+01  5.00000E-01  3.28938E-23  1.17466E-06  0.00000E+00  1.0E-07
  9.050E+01  5.04363E-01  3.23203E-23  1.15418E-06  0.00000E+00  1.0E-07
  9.100E+01  5.08726E-01  3.17573E-23  1.13407E-06  0.00000E+00  1.0E-07
  9.150E+01  5.13088E-01  3.12044E-23  1.11433E-06  0.00000E+00  1.0E-07
  9.200E+01  5.17450E-01  3.06615E-23  1.09494E-06  0.00000E+00  1.0E-07
  9.250E+01  5.21810E-01  3.01283E-23  1.07590E-06  0.00000E+00  1.0E-07
  9.300E+01  5.26168E-01  2.96046E-23  1.05720E-06  0.00000E+00  1.0E-07
  9.350E+01  5.30524E-01  2.90901E-23  1.03883E-06  0.00000E+00  1.0E-07
  9.400E+01  5.34878E-01  2.85847E-23  1.02078E-06  0.00000E+00  1.0E-07
  9.450E+01  5.39230E-01  2.80881E-23  1.00305E-06  0.00000E+00  1.0E-07
  9.500E+01  5.43578E-01  2.76002E-23  9.85621E-07  0.00000E+00  1.0E-07
  9.550E+01  5.47923E-01  2.71207E-23  9.68498E-07  0.00000E+00  1.0E-07
  9.600E+01  5.52264E-01  2.66495E-23  9.51669E-07  0.00000E+00  1.0E-07
  9.650E+01  5.56602E-01  2.61862E-23  9.35128E-07  0.00000E+00  1.0E-07
  9.700E+01  5.60935E-01  2.57309E-23  9.18868E-07  0.00000E+00  1.0E-07
  9.750E+01  5.65263E-01  2.52833E-23  9.02883E-07  0.00000E+00  1.0E-07
  9.800E+01  5.69587E-01  2.48433E-23  8.87169E-07  0.00000E+00  1.0E-07
  9.850E+01  5.73905E-01  2.44106E-23  8.71718E-07  0.00000E+00  1.0E-07
  9.900E+01  5.78217E-01  2.39852E-23  8.56526E-07  0.00000E+00  1.0E-07
  9.950E+01  5.82524E-01  2.35668E-23  8.41586E-07  0.00000E+00  1.0E-07
  1.000E+02  5.86824E-01  2.31554E-23  8.26895E-07  0.00000E+00  1.0E-07
  1.005E+02  5.91118E-01  2.27508E-23  8.12445E-07  0.00000E+00  1.0E-07
  1.010E+02  5.95404E-01  2.23528E-23  7.98232E-07  0.00000E+00  1.0E-07
  1.015E+02  5.99684E-01  2.19613E-23  7.84251E-07  0.00000E+00  1.0E-07
  1.020E+02  6.03956E-01  2.15761E-23  7.70497E-07  0.00000E+00  1.0E-07
  1.025E+02  6.08220E-01  2.11972E-23  7.56965E-07  0.00000E+00  1.0E-07
  1.030E+02  6.12476E-01  2.08244E-23  7.43653E-07  0.00000E+00  1.0E-07
  1.035E+02  6.16723E-01  2.04576E-23  7.30554E-07  0.00000E+00  1.0E-07
  1.040E+02  6.20961E-01  2.00967E-23  7.17666E-07  0.00000E+00  1.0E-07
  1.045E+02  6.25190E-01  1.97415E-23  7.04983E-07  0.00000E+00  1.0E-07
  1.050E+02  6.29410E-01  1.93920E-23  6.92502E-07  0.00000E+00  1.0E-07
  1.055E+02  6.33619E-01  1.90481E-23  6.80219E-07  0.00000E+00  1.0E-07
  1.060E+02  6.37819E-01  1.87096E-23  6.68130E-07  0.00000E+00  1.0E-07
  1.065E+02  6.42008E-01  1.83763E-23  6.56231E-07  0.00000E+00  1.0E-07
  1.070E+02  6.46186E-01  1.80484E-23  6.44519E-07  0.00000E+00  1.0E-07
  1.075E+02  6.50353E-01  1.77255E-23  6.32989E-07  0.00000E+00  1.0E-07
  1.080E+02  6.54508E-01  1.74077E-23  6.21640E-07  0.00000E+00  1.0E-07
  1.085E+02  6.58652E-01  1.70948E-23  6.10466E-07  0.00000E+00  1.0E-07
  1.090E+02  6.62784E-01  1.67868E-23  5.99466E-07  0.00000E+00  1.0E-07
  1.095E+02  6.66903E-01  1.64835E-23  5.88636E-07  0.00000E+00  1.0E-07
  1.100E+02  6.71010E-01  1.61849E-23  5.77973E-07  0.00000E+00  1.0E-07
  1.105E+02  6.75104E-01  1.58909E-23  5.67474E-07  0.00000E+00  1.0E-07
  1.110E+02  6.79184E-01  1.56014E-23  5.57136E-07  0.00000E+00  1.0E-07
  1.115E+02  6.83251E-01  1.53163E-23  5.46956E-07  0.00000E+00  1.0E-07
  1.120E+02  6.87303E-01  1.50356E-23  5.36932E-07  0.00000E+00  1.0E-07
  1.125E+02  6.91342E-01  1.47592E-23  5.27060E-07  0.00000E+00  1.0E-07
  1.130E+02  6.95366E-01  1.44870E-23  5.17339E-07  0.00000E+00  1.0E-07
  1.135E+02  6.99375E-01  1.42188E-23  5.07764E-07  0.00000E+00  1.0E-07
  1.140E+02  7.03368E-01  1.39548E-23  4.98335E-07  0.00000E+00  1.0E-07
  1.145E+02  7.07347E-01  1.36947E-23  4.89048E-07  0.00000E+00  1.0E-07
  1.150E+02  7.11309E-01  1.34386E-23  4.79902E-07  0.00000E+00  1.0E-07
  1.155E+02  7.15256E-01  1.31863E-23  4.70893E-07  0.00000E+00  1.0E-07
  1.160E+02  7.19186E-01  1.29379E-23  4.62020E-07  0.00000E+00  1.0E-07
  1.165E+02  7.23099E-01  1.26931E-23  4.53280E-07  0.00000E+00  1.0E-07
  1.170E+02  7.26995E-01  1.24521E-23  4.44671E-07  0.00000E+00  1.0E-07
  1.175E+02  7.30874E-01  1.22146E-23  4.36191E-07  0.00000E+00  1.0E-07
  1.180E+02  7.34736E-01  1.19807E-23  4.27839E-07  0.00000E+00  1.0E-07
  1.185E+02  7.38579E-01  1.17503E-23  4.19611E-07  0.00000E+00  1.0E-07
  1.190E+02  7.42405E-01  1.15233E-23  4.11506E-07  0.00000E+00  1.0E-07
  1.195E+02  7.46212E-01  1.12998E-23  4.03522E-07  0.00000E+00  1.0E-07
  1.200E+02  7.50000E-01  1.10795E-23  3.95658E-07  0.00000E+00  1.0E-07
  1.205E+02  7.53769E-01  1.08626E-23  3.87911E-07  0.00000E+00  1.0E-07
  1.210E+02  7.57519E-01  1.06489E-23  3.80279E-07  0.00000E+00  1.0E-07
  1.215E+02  7.61249E-01  1.04384E-23  3.72761E-07  0.00000E+00  1.0E-07
  1.220E+02  7.64960E-01  1.02310E-23  3.65355E-07  0.00000E+00  1.0E-07
  1.225E+02  7.68650E-01  1.00267E-23  3.58060E-07  0.00000E+00  1.0E-07
  1.230E+02  7.72320E-01  9.82545E-24  3.50873E-07  0.00000E+00  1.0E-07
  1.235E+02  7.75968E-01  9.62721E-24  3.43794E-07  0.00000E+00  1.0E-07
  1.240E+02  7.79596E-01  9.43193E-24  3.36820E-07  0.00000E+00  1.0E-07
  1.245E+02  7.83203E-01  9.23956E-24  3.29951E-07  0.00000E+00  1.0E-07
  1.250E+02  7.86788E-01  9.05007E-24  3.23184E-07  0.00000E+00  1.0E-07
  1.255E+02  7.90351E-01  8.86341E-24  3.16518E-07  0.00000E+00  1.0E-07
  1.260E+02  7.93893E-01  8.67955E-24  3.09952E-07  0.00000E+00  1.0E-07
  1.265E+02  7.97411E-01  8.49844E-24  3.03485E-07  0.00000E+00  1.0E-07
  1.270E+02  8.00908E-01  8.32004E-24  2.97114E-07  0.00000E+00  1.0E-07
  1.275E+02  8.04381E-01  8.14433E-24  2.90839E-07  0.00000E+00  1.0E-07
  1.280E+02  8.07831E-01  7.97125E-24  2.84659E-07  0.00000E+00  1.0E-07
  1.285E+02  8.11257E-01  7.80079E-24  2.78571E-07  0.00000E+00  1.0E-07
  1.290E+02  8.14660E-01  7.63289E-24  2.72576E-07  0.00000E+00  1.0E-07
  1.295E+02  8.18039E-01  7.46754E-24  2.66671E-07  0.00000E+00  1.0E-07
  1.300E+02  8.21394E-01  7.30469E-24  2.60855E-07  0.00000E+00  1.0E-07
  1.305E+02  8.24724E-01  7.14431E-24  2.55128E-07  0.00000E+00  1.0E-07
  1.310E+02  8.28030E-01  6.98637E-24  2.49488E-07  0.00000E+00  1.0E-07
  1.315E+02  8.31310E-01  6.83085E-24  2.43934E-07  0.00000E+00  1.0E-07
  1.320E+02  8.34565E-01  6.67770E-24  2.38465E-07  0.00000E+00  1.0E-07
  1.325E+02  8.37795E-01  6.52690E-24  2.33080E-07  0.00000E+00  1.0E-07
  1.330E+02  8.40999E-01  6.37842E-24  2.27777E-07  0.00000E+00  1.0E-07
  1.335E+02  8.44177E-01  6.23223E-24  2.22557E-07  0.00000E+00  1.0E-07
  1.340E+02  8.47329E-01  6.08831E-24  2.17417E-07  0.00000E+00  1.0E-07
  1.345E+02  8.50455E-01  5.94662E-24  2.12358E-07  0.00000E+00  1.0E-07
  1.350E+02  8.53553E-01  5.80714E-24  2.07377E-07  0.00000E+00  1.0E-07
  1.355E+02  8.56625E-01  5.66984E-24  2.02474E-07  0.00000E+00  1.0E-07
  1.360E+02  8.59670E-01  5.53471E-24  1.97648E-07  0.00000E+00  1.0E-07
  1.365E+02  8.62687E-01  5.40170E-24  1.92898E-07  0.00000E+00  1.0E-07
  1.370E+02  8.65677E-01  5.27080E-24  1.88224E-07  0.00000E+00  1.0E-07
  1.375E+02  8.68639E-01  5.14199E-24  1.83624E-07  0.00000E+00  1.0E-07
  1.380E+02  8.71572E-01  5.01524E-24  1.79097E-07  0.00000E+00  1.0E-07
  1.385E+02  8.74478E-01  4.89053E-24  1.74644E-07  0.00000E+00  1.0E-07
  1.390E+02  8.77355E-01  4.76783E-24  1.70262E-07  0.00000E+00  1.0E-07
  1.395E+02  8.80203E-01  4.64712E-24  1.65952E-07  0.00000E+00  1.0E-07
  1.400E+02  8.83022E-01  4.52839E-24  1.61712E-07  0.00000E+00  1.0E-07
  1.405E+02  8.85812E-01  4.41161E-24  1.57541E-07  0.00000E+00  1.0E-07
  1.410E+02  8.88573E-01  4.29676E-24  1.53440E-07  0.00000E+00  1.0E-07
  1.415E+02  8.91304E-01  4.18382E-24  1.49407E-07  0.00000E+00  1.0E-07
  1.420E+02  8.94005E-01  4.07277E-24  1.45441E-07  0.00000E+00  1.0E-07
  1.425E+02  8.96677E-01  3.96359E-24  1.41542E-07  0.00000E+00  1.0E-07
  1.430E+02  8.99318E-01  3.85627E-24  1.37710E-07  0.00000E+00  1.0E-07
  1.435E+02  9.01928E-01  3.75078E-24  1.33943E-07  0.00000E+00  1.0E-07
  1.440E+02  9.04508E-01  3.64710E-24  1.30240E-07  0.00000E+00  1.0E-07
  1.445E+02  9.07058E-01  3.54523E-24  1.26602E-07  0.00000E+00  1.0E-07
  1.450E+02  9.09576E-01  3.44514E-24  1.23028E-07  0.00000E+00  1.0E-07
  1.455E+02  9.12063E-01  3.34681E-24  1.19517E-07  0.00000E+00  1.0E-07
  1.460E+02  9.14519E-01  3.25023E-24  1.16068E-07  0.00000E+00  1.0E-07
  1.465E+02  9.16943E-01  3.15538E-24  1.12681E-07  0.00000E+00  1.0E-07
  1.470E+02  9.19335E-01  3.06225E-24  1.09355E-07  0.00000E+00  1.0E-07
  1.475E+02  9.21696E-01  2.97082E-24  1.06090E-07  0.00000E+00  1.0E-07
  1.480E+02  9.24024E-01  2.88107E-24  1.02885E-07  0.00000E+00  1.0E-07
  1.485E+02  9.26320E-01  2.79300E-24  9.97398E-08  0.00000E+00  1.0E-07
  1.490E+02  9.28584E-01  2.70658E-24  9.66539E-08  0.00000E+00  1.0E-07
  1.495E+02  9.30815E-01  2.62181E-24  9.36266E-08  0.00000E+00  1.0E-07
  1.500E+02  9.33013E-01  2.53867E-24  9.06575E-08  0.00000E+00  1.0E-07
  1.505E+02  9.35178E-01  2.45714E-24  8.77461E-08  0.00000E+00  1.0E-07
  1.510E+02  9.37310E-01  2.37722E-24  8.48919E-08  0.00000E+00  1.0E-07
  1.515E+02  9.39409E-01  2.29888E-24  8.20946E-08  0.00000E+00  1.0E-07
  1.520E+02  9.41474E-01  2.22213E-24  7.93535E-08  0.00000E+00  1.0E-07
  1.525E+02  9.43505E-01  2.14693E-24  7.66684E-08  0.00000E+00  1.0E-07
  1.530E+02  9.45503E-01  2.07330E-24  7.40388E-08  0.00000E+00  1.0E-07
  1.535E+02  9.47467E-01  2.00120E-24  7.14642E-08  0.00000E+00  1.0E-07
  1.540E+02  9.49397E-01  1.93064E-24  6.89443E-08  0.00000E+00  1.0E-07
  1.545E+02  9.51293E-01  1.86159E-24  6.64787E-08  0.00000E+00  1.0E-07
  1.550E+02  9.53154E-01  1.79406E-24  6.40670E-08  0.00000E+00  1.0E-07
  1.555E+02  9.54981E-01  1.72802E-24  6.17087E-08  0.00000E+00  1.0E-07
  1.560E+02  9.56773E-01  1.66347E-24  5.94037E-08  0.00000E+00  1.0E-07
  1.565E+02  9.58530E-01  1.60040E-24  5.71514E-08  0.00000E+00  1.0E-07
  1.570E+02  9.60252E-01  1.53880E-24  5.49516E-08  0.00000E+00  1.0E-07
  1.575E+02  9.61940E-01  1.47866E-24  5.28038E-08  0.00000E+00  1.0E-07
  1.580E+02  9.63592E-01  1.41997E-24  5.07079E-08  0.00000E+00  1.0E-07
  1.585E+02  9.65209E-01  1.36271E-24  4.86634E-08  0.00000E+00  1.0E-07
  1.590E+02  9.66790E-01  1.30690E-24  4.66701E-08  0.00000E+00  1.0E-07
  1.595E+02  9.68336E-01  1.25250E-24  4.47277E-08  0.00000E+00  1.0E-07
  1.600E+02  9.69846E-01  1.19952E-24  4.28357E-08  0.00000E+00  1.0E-07
  1.605E+02  9.71321E-01  1.14795E-24  4.09941E-08  0.00000E+00  1.0E-07
  1.610E+02  9.72759E-01  1.09778E-24  3.92025E-08  0.00000E+00  1.0E-07
  1.615E+02  9.74162E-01  1.04900E-24  3.74606E-08  0.00000E+00  1.0E-07
  1.620E+02  9.75528E-01  1.00161E-24  3.57682E-08  0.00000E+00  1.0E-07
  1.625E+02  9.76858E-01  9.55596E-25  3.41250E-08  0.00000E+00  1.0E-07
  1.630E+02  9.78152E-01  9.10953E-25  3.25307E-08  0.00000E+00  1.0E-07
  1.635E+02  9.79410E-01  8.67675E-25  3.09852E-08  0.00000E+00  1.0E-07
  1.640E+02  9.80631E-01  8.25755E-25  2.94882E-08  0.00000E+00  1.0E-07
  1.645E+02  9.81815E-01  7.85187E-25  2.80396E-08  0.00000E+00  1.0E-07
  1.650E+02  9.82963E-01  7.45966E-25  2.66389E-08  0.00000E+00  1.0E-07
  1.655E+02  9.84074E-01  7.08085E-25  2.52862E-08  0.00000E+00  1.0E-07
  1.660E+02  9.85148E-01  6.71539E-25  2.39811E-08  0.00000E+00  1.0E-07
  1.665E+02  9.86185E-01  6.36323E-25  2.27235E-08  0.00000E+00  1.0E-07
  1.670E+02  9.87185E-01  6.02431E-25  2.15132E-08  0.00000E+00  1.0E-07
  1.675E+02  9.88148E-01  5.69858E-25  2.03500E-08  0.00000E+00  1.0E-07
  1.680E+02  9.89074E-01  5.38601E-25  1.92338E-08  0.00000E+00  1.0E-07
  1.685E+02  9.89962E-01  5.08653E-25  1.81643E-08  0.00000E+00  1.0E-07
  1.690E+02  9.90814E-01  4.80011E-25  1.71415E-08  0.00000E+00  1.0E-07
  1.695E+02  9.91627E-01  4.52671E-25  1.61652E-08  0.00000E+00  1.0E-07
  1.700E+02  9.92404E-01  4.26629E-25  1.52352E-08  0.00000E+00  1.0E-07
  1.705E+02  9.93143E-01  4.01881E-25  1.43514E-08  0.00000E+00  1.0E-07
  1.710E+02  9.93844E-01  3.78423E-25  1.35137E-08  0.00000E+00  1.0E-07
  1.715E+02  9.94508E-01  3.56252E-25  1.27220E-08  0.00000E+00  1.0E-07
  1.720E+02  9.95134E-01  3.35365E-25  1.19761E-08  0.00000E+00  1.0E-07
  1.725E+02  9.95722E-01  3.15759E-25  1.12760E-08  0.00000E+00  1.0E-07
  1.730E+02  9.96273E-01  2.97431E-25  1.06215E-08  0.00000E+00  1.0E-07
  1.735E+02  9.96786E-01  2.80378E-25  1.00125E-08  0.00000E+00  1.0E-07
  1.740E+02  9.97261E-01  2.64598E-25  9.44898E-09  0.00000E+00  1.0E-07
  1.745E+02  9.97698E-01  2.50089E-25  8.93084E-09  0.00000E+00  1.0E-07
  1.750E+02  9.98097E-01  2.36849E-25  8.45801E-09  0.00000E+00  1.0E-07
  1.755E+02  9.98459E-01  2.24875E-25  8.03042E-09  0.00000E+00  1.0E-07
  1.760E+02  9.98782E-01  2.14166E-25  7.64800E-09  0.00000E+00  1.0E-07
  1.765E+02  9.99067E-01  2.04720E-25  7.31070E-09  0.00000E+00  1.0E-07
  1.770E+02  9.99315E-01  1.96537E-25  7.01846E-09  0.00000E+00  1.0E-07
  1.775E+02  9.99524E-01  1.89615E-25  6.77126E-09  0.00000E+00  1.0E-07
  1.780E+02  9.99695E-01  1.83952E-25  6.56905E-09  0.00000E+00  1.0E-07
  1.785E+02  9.99829E-01  1.79549E-25  6.41181E-09  0.00000E+00  1.0E-07
  1.790E+02  9.99924E-01  1.76404E-25  6.29951E-09  0.00000E+00  1.0E-07
  1.795E+02  9.99981E-01  1.74518E-25  6.23214E-09  0.00000E+00  1.0E-07
  1.800E+02  1.00000E+00  1.73889E-25  6.20968E-09  0.00000E+00  1.0E-07
