 #
 # Subroutine ELSEPA. Elastic scattering of electrons and positrons
 #                    by neutral atoms and positive ions
 #
 # Projectile: electron
 # Kinetic energy = 3.70000E+06 eV = 1.35973E+05 a.u.
 #
 # WARNING: High-energy factorization with free-atom DF screening.
 #          Absorption, polarization and exchange corrections are
 #          switched off.
 #          Phase shifts are calculated for the bare nucleus.
 #          Scattering amplitudes are not evaluated.
 #
 # Element: Np,  Z =  93,  atomic weight = 2.37048E+02 g/mol
 #
 # Nuclear model: Fermi distribution
 #                Average radius = 6.62210E-13 cm
 #                Skin thickness = 5.46000E-14 cm
 #
 # Number of electrons = 93
 #
 # Total elastic cross section = 1.19390E-17 cm**2 = 4.26351E-01 a0**2
 # 1st transport cross section = 8.22347E-22 cm**2 = 2.93666E-05 a0**2
 # 2nd transport cross section = 2.13375E-21 cm**2 = 7.61977E-05 a0**2
 #
 #
 # Differential cross section:                       MU=(1-COS(THETA))/2
 #
 #  THETA        MU          DCS          DCS        Sherman      error
 #  (deg)                 (cm**2/sr)   (a0**2/sr)    function
 #----------------------------------------------------------------------
  0.000E+00  0.00000E+00  2.24784E-12  8.02718E+04  0.00000E+00  1.0E-05
  1.000E-04  7.61557E-13  2.24782E-12  8.02713E+04  0.00000E+00  1.0E-05
  1.250E-04  1.18994E-12  2.24782E-12  8.02709E+04  0.00000E+00  1.0E-05
  1.500E-04  1.71346E-12  2.24780E-12  8.02706E+04  0.00000E+00  1.0E-05
  1.750E-04  2.33225E-12  2.24779E-12  8.02701E+04  0.00000E+00  1.0E-05
  2.000E-04  3.04617E-12  2.24778E-12  8.02696E+04  0.00000E+00  1.0E-05
  2.250E-04  3.85530E-12  2.24776E-12  8.02690E+04  0.00000E+00  1.0E-05
  2.500E-04  4.75964E-12  2.24774E-12  8.02684E+04  0.00000E+00  1.0E-05
  2.750E-04  5.75917E-12  2.24772E-12  8.02677E+04  0.00000E+00  1.0E-05
  3.000E-04  6.85391E-12  2.24770E-12  8.02669E+04  0.00000E+00  1.0E-05
  3.250E-04  8.04379E-12  2.24768E-12  8.02660E+04  0.00000E+00  1.0E-05
  3.500E-04  9.32893E-12  2.24765E-12  8.02651E+04  0.00000E+00  1.0E-05
  3.750E-04  1.07092E-11  2.24762E-12  8.02641E+04  0.00000E+00  1.0E-05
  4.000E-04  1.21847E-11  2.24760E-12  8.02631E+04  0.00000E+00  1.0E-05
  4.250E-04  1.37554E-11  2.24756E-12  8.02620E+04  0.00000E+00  1.0E-05
  4.500E-04  1.54213E-11  2.24753E-12  8.02608E+04  0.00000E+00  1.0E-05
  4.750E-04  1.71823E-11  2.24750E-12  8.02595E+04  0.00000E+00  1.0E-05
  5.000E-04  1.90386E-11  2.24746E-12  8.02582E+04  0.00000E+00  1.0E-05
  5.250E-04  2.09900E-11  2.24742E-12  8.02568E+04  0.00000E+00  1.0E-05
  5.500E-04  2.30367E-11  2.24738E-12  8.02553E+04  0.00000E+00  1.0E-05
  5.750E-04  2.51785E-11  2.24733E-12  8.02538E+04  0.00000E+00  1.0E-05
  6.000E-04  2.74156E-11  2.24729E-12  8.02522E+04  0.00000E+00  1.0E-05
  6.250E-04  2.97478E-11  2.24724E-12  8.02505E+04  0.00000E+00  1.0E-05
  6.500E-04  3.21752E-11  2.24719E-12  8.02488E+04  0.00000E+00  1.0E-05
  6.750E-04  3.46979E-11  2.24714E-12  8.02470E+04  0.00000E+00  1.0E-05
  7.000E-04  3.73157E-11  2.24709E-12  8.02451E+04  0.00000E+00  1.0E-05
  7.250E-04  4.00286E-11  2.24704E-12  8.02431E+04  0.00000E+00  1.0E-05
  7.500E-04  4.28368E-11  2.24698E-12  8.02411E+04  0.00000E+00  1.0E-05
  7.750E-04  4.57402E-11  2.24692E-12  8.02391E+04  0.00000E+00  1.0E-05
  8.000E-04  4.87388E-11  2.24686E-12  8.02369E+04  0.00000E+00  1.0E-05
  8.250E-04  5.18325E-11  2.24680E-12  8.02347E+04  0.00000E+00  1.0E-05
  8.500E-04  5.50215E-11  2.24674E-12  8.02324E+04  0.00000E+00  1.0E-05
  8.750E-04  5.83057E-11  2.24667E-12  8.02300E+04  0.00000E+00  1.0E-05
  9.000E-04  6.16850E-11  2.24660E-12  8.02276E+04  0.00000E+00  1.0E-05
  9.250E-04  6.51595E-11  2.24653E-12  8.02251E+04  0.00000E+00  1.0E-05
  9.500E-04  6.87293E-11  2.24646E-12  8.02226E+04  0.00000E+00  1.0E-05
  9.750E-04  7.23943E-11  2.24639E-12  8.02200E+04  0.00000E+00  1.0E-05
  1.000E-03  7.61544E-11  2.24631E-12  8.02173E+04  0.00000E+00  1.0E-05
  1.250E-03  1.18991E-10  2.24545E-12  8.01866E+04  0.00000E+00  1.0E-05
  1.500E-03  1.71347E-10  2.24440E-12  8.01491E+04  0.00000E+00  1.0E-05
  1.750E-03  2.33223E-10  2.24316E-12  8.01049E+04  0.00000E+00  1.0E-05
  2.000E-03  3.04617E-10  2.24174E-12  8.00538E+04  0.00000E+00  1.0E-05
  2.250E-03  3.85531E-10  2.24012E-12  7.99961E+04  0.00000E+00  1.0E-05
  2.500E-03  4.75965E-10  2.23831E-12  7.99316E+04  0.00000E+00  1.0E-05
  2.750E-03  5.75917E-10  2.23632E-12  7.98604E+04  0.00000E+00  1.0E-05
  3.000E-03  6.85389E-10  2.23414E-12  7.97826E+04  0.00000E+00  1.0E-05
  3.250E-03  8.04380E-10  2.23178E-12  7.96982E+04  0.00000E+00  1.0E-05
  3.500E-03  9.32891E-10  2.22923E-12  7.96071E+04  0.00000E+00  1.0E-05
  3.750E-03  1.07092E-09  2.22649E-12  7.95095E+04  0.00000E+00  1.0E-05
  4.000E-03  1.21847E-09  2.22358E-12  7.94054E+04  0.00000E+00  1.0E-05
  4.250E-03  1.37554E-09  2.22048E-12  7.92949E+04  0.00000E+00  1.0E-05
  4.500E-03  1.54213E-09  2.21721E-12  7.91779E+04  0.00000E+00  1.0E-05
  4.750E-03  1.71823E-09  2.21375E-12  7.90545E+04  0.00000E+00  1.0E-05
  5.000E-03  1.90386E-09  2.21012E-12  7.89249E+04  0.00000E+00  1.0E-05
  5.250E-03  2.09900E-09  2.20631E-12  7.87889E+04  0.00000E+00  1.0E-05
  5.500E-03  2.30367E-09  2.20233E-12  7.86468E+04  0.00000E+00  1.0E-05
  5.750E-03  2.51785E-09  2.19818E-12  7.84985E+04  0.00000E+00  1.0E-05
  6.000E-03  2.74156E-09  2.19386E-12  7.83441E+04  0.00000E+00  1.0E-05
  6.250E-03  2.97478E-09  2.18937E-12  7.81837E+04  0.00000E+00  1.0E-05
  6.500E-03  3.21752E-09  2.18471E-12  7.80173E+04  0.00000E+00  1.0E-05
  6.750E-03  3.46978E-09  2.17988E-12  7.78451E+04  0.00000E+00  1.0E-05
  7.000E-03  3.73156E-09  2.17490E-12  7.76670E+04  0.00000E+00  1.0E-05
  7.250E-03  4.00286E-09  2.16975E-12  7.74832E+04  0.00000E+00  1.0E-05
  7.500E-03  4.28368E-09  2.16444E-12  7.72937E+04  0.00000E+00  1.0E-05
  7.750E-03  4.57402E-09  2.15898E-12  7.70986E+04  0.00000E+00  1.0E-05
  8.000E-03  4.87388E-09  2.15336E-12  7.68979E+04  0.00000E+00  1.0E-05
  8.250E-03  5.18326E-09  2.14759E-12  7.66919E+04  0.00000E+00  1.0E-05
  8.500E-03  5.50215E-09  2.14167E-12  7.64804E+04  0.00000E+00  1.0E-05
  8.750E-03  5.83057E-09  2.13560E-12  7.62637E+04  0.00000E+00  1.0E-05
  9.000E-03  6.16850E-09  2.12939E-12  7.60418E+04  0.00000E+00  1.0E-05
  9.250E-03  6.51596E-09  2.12303E-12  7.58148E+04  0.00000E+00  1.0E-05
  9.500E-03  6.87293E-09  2.11653E-12  7.55828E+04  0.00000E+00  1.0E-05
  9.750E-03  7.23942E-09  2.10990E-12  7.53458E+04  0.00000E+00  1.0E-05
  1.000E-02  7.61544E-09  2.10313E-12  7.51040E+04  0.00000E+00  1.0E-05
  1.250E-02  1.18991E-08  2.02852E-12  7.24399E+04  0.00000E+00  1.0E-05
  1.500E-02  1.71347E-08  1.94338E-12  6.93994E+04  0.00000E+00  1.0E-05
  1.750E-02  2.33223E-08  1.85037E-12  6.60780E+04  0.00000E+00  1.0E-05
  2.000E-02  3.04617E-08  1.75224E-12  6.25736E+04  0.00000E+00  1.0E-05
  2.250E-02  3.85531E-08  1.65164E-12  5.89811E+04  0.00000E+00  1.0E-05
  2.500E-02  4.75965E-08  1.55079E-12  5.53796E+04  0.00000E+00  1.0E-05
  2.750E-02  5.75917E-08  1.45144E-12  5.18319E+04  0.00000E+00  1.0E-05
  3.000E-02  6.85389E-08  1.35506E-12  4.83900E+04  0.00000E+00  1.0E-05
  3.250E-02  8.04380E-08  1.26285E-12  4.50971E+04  0.00000E+00  1.0E-05
  3.500E-02  9.32891E-08  1.17560E-12  4.19816E+04  0.00000E+00  1.0E-05
  3.750E-02  1.07092E-07  1.09362E-12  3.90538E+04  0.00000E+00  1.0E-05
  4.000E-02  1.21847E-07  1.01710E-12  3.63214E+04  0.00000E+00  1.0E-05
  4.250E-02  1.37554E-07  9.46141E-13  3.37873E+04  0.00000E+00  1.0E-05
  4.500E-02  1.54213E-07  8.80672E-13  3.14494E+04  0.00000E+00  1.0E-05
  4.750E-02  1.71823E-07  8.20327E-13  2.92944E+04  0.00000E+00  1.0E-05
  5.000E-02  1.90386E-07  7.64836E-13  2.73128E+04  0.00000E+00  1.0E-05
  5.250E-02  2.09900E-07  7.13895E-13  2.54937E+04  0.00000E+00  1.0E-05
  5.500E-02  2.30367E-07  6.67169E-13  2.38250E+04  0.00000E+00  1.0E-05
  5.750E-02  2.51785E-07  6.24265E-13  2.22929E+04  0.00000E+00  1.0E-05
  6.000E-02  2.74156E-07  5.84869E-13  2.08860E+04  0.00000E+00  1.0E-05
  6.250E-02  2.97478E-07  5.48677E-13  1.95936E+04  0.00000E+00  1.0E-05
  6.500E-02  3.21752E-07  5.15335E-13  1.84029E+04  0.00000E+00  1.0E-05
  6.750E-02  3.46978E-07  4.84596E-13  1.73052E+04  0.00000E+00  1.0E-05
  7.000E-02  3.73156E-07  4.56237E-13  1.62925E+04  0.00000E+00  1.0E-05
  7.250E-02  4.00286E-07  4.30041E-13  1.53570E+04  0.00000E+00  1.0E-05
  7.500E-02  4.28368E-07  4.05737E-13  1.44891E+04  0.00000E+00  1.0E-05
  7.750E-02  4.57402E-07  3.83164E-13  1.36830E+04  0.00000E+00  1.0E-05
  8.000E-02  4.87388E-07  3.62208E-13  1.29347E+04  0.00000E+00  1.0E-05
  8.250E-02  5.18325E-07  3.42724E-13  1.22389E+04  0.00000E+00  1.0E-05
  8.500E-02  5.50215E-07  3.24536E-13  1.15894E+04  0.00000E+00  1.0E-05
  8.750E-02  5.83057E-07  3.07513E-13  1.09815E+04  0.00000E+00  1.0E-05
  9.000E-02  6.16850E-07  2.91618E-13  1.04139E+04  0.00000E+00  1.0E-05
  9.250E-02  6.51596E-07  2.76758E-13  9.88322E+03  0.00000E+00  1.0E-05
  9.500E-02  6.87293E-07  2.62828E-13  9.38575E+03  0.00000E+00  1.0E-05
  9.750E-02  7.23942E-07  2.49702E-13  8.91701E+03  0.00000E+00  1.0E-05
  1.000E-01  7.61543E-07  2.37392E-13  8.47741E+03  0.00000E+00  1.0E-05
  1.250E-01  1.18991E-06  1.47329E-13  5.26122E+03  0.00000E+00  1.0E-05
  1.500E-01  1.71347E-06  9.45514E-14  3.37649E+03  0.00000E+00  1.0E-05
  1.750E-01  2.33223E-06  6.42017E-14  2.29269E+03  0.00000E+00  1.0E-05
  2.000E-01  3.04617E-06  4.52462E-14  1.61577E+03  0.00000E+00  1.0E-05
  2.250E-01  3.85531E-06  3.27277E-14  1.16873E+03  0.00000E+00  1.0E-05
  2.500E-01  4.75964E-06  2.42864E-14  8.67281E+02  0.00000E+00  1.0E-05
  2.750E-01  5.75916E-06  1.84597E-14  6.59209E+02  0.00000E+00  1.0E-05
  3.000E-01  6.85388E-06  1.43097E-14  5.11009E+02  0.00000E+00  1.0E-05
  3.250E-01  8.04378E-06  1.12589E-14  4.02064E+02  0.00000E+00  1.0E-05
  3.500E-01  9.32888E-06  8.97705E-15  3.20576E+02  0.00000E+00  1.0E-05
  3.750E-01  1.07092E-05  7.25956E-15  2.59243E+02  0.00000E+00  1.0E-05
  4.000E-01  1.21846E-05  5.94352E-15  2.12247E+02  0.00000E+00  1.0E-05
  4.250E-01  1.37553E-05  4.91719E-15  1.75596E+02  0.00000E+00  1.0E-05
  4.500E-01  1.54212E-05  4.10214E-15  1.46490E+02  0.00000E+00  1.0E-05
  4.750E-01  1.71822E-05  3.45333E-15  1.23321E+02  0.00000E+00  1.0E-05
  5.000E-01  1.90385E-05  2.92828E-15  1.04571E+02  0.00000E+00  1.0E-05
  5.250E-01  2.09899E-05  2.50458E-15  8.94402E+01  0.00000E+00  1.0E-05
  5.500E-01  2.30365E-05  2.15203E-15  7.68505E+01  0.00000E+00  1.0E-05
  5.750E-01  2.51783E-05  1.85930E-15  6.63969E+01  0.00000E+00  1.0E-05
  6.000E-01  2.74153E-05  1.61444E-15  5.76526E+01  0.00000E+00  1.0E-05
  6.250E-01  2.97475E-05  1.40843E-15  5.02961E+01  0.00000E+00  1.0E-05
  6.500E-01  3.21749E-05  1.23387E-15  4.40624E+01  0.00000E+00  1.0E-05
  6.750E-01  3.46974E-05  1.08462E-15  3.87325E+01  0.00000E+00  1.0E-05
  7.000E-01  3.73152E-05  9.57239E-16  3.41836E+01  0.00000E+00  1.0E-05
  7.250E-01  4.00281E-05  8.48258E-16  3.02918E+01  0.00000E+00  1.0E-05
  7.500E-01  4.28362E-05  7.54320E-16  2.69373E+01  0.00000E+00  1.0E-05
  7.750E-01  4.57395E-05  6.73105E-16  2.40370E+01  0.00000E+00  1.0E-05
  8.000E-01  4.87380E-05  6.02660E-16  2.15214E+01  0.00000E+00  1.0E-05
  8.250E-01  5.18317E-05  5.41279E-16  1.93294E+01  0.00000E+00  1.0E-05
  8.500E-01  5.50205E-05  4.87491E-16  1.74086E+01  0.00000E+00  1.0E-05
  8.750E-01  5.83045E-05  4.40176E-16  1.57190E+01  0.00000E+00  1.0E-05
  9.000E-01  6.16838E-05  3.98524E-16  1.42316E+01  0.00000E+00  1.0E-05
  9.250E-01  6.51582E-05  3.61738E-16  1.29179E+01  0.00000E+00  1.0E-05
  9.500E-01  6.87277E-05  3.29124E-16  1.17532E+01  0.00000E+00  1.0E-05
  9.750E-01  7.23925E-05  3.00091E-16  1.07164E+01  0.00000E+00  1.0E-05
  1.000E+00  7.61524E-05  2.74233E-16  9.79305E+00  0.00000E+00  1.3E-05
  1.100E+00  9.21439E-05  1.95153E-16  6.96903E+00  0.00000E+00  9.9E-06
  1.200E+00  1.09658E-04  1.42781E-16  5.09881E+00  0.00000E+00  5.4E-06
  1.300E+00  1.28695E-04  1.06881E-16  3.81678E+00  0.00000E+00  1.1E-06
  1.400E+00  1.49255E-04  8.15404E-17  2.91186E+00  0.00000E+00  2.1E-06
  1.500E+00  1.71338E-04  6.33554E-17  2.26246E+00  0.00000E+00  3.8E-06
  1.600E+00  1.94942E-04  5.00015E-17  1.78558E+00  0.00000E+00  4.1E-06
  1.700E+00  2.20070E-04  4.00017E-17  1.42849E+00  0.00000E+00  3.3E-06
  1.800E+00  2.46720E-04  3.23797E-17  1.15630E+00  0.00000E+00  1.8E-06
  1.900E+00  2.74892E-04  2.65080E-17  9.46616E-01  0.00000E+00  3.0E-07
  2.000E+00  3.04586E-04  2.19195E-17  7.82760E-01  0.00000E+00  9.6E-07
  2.100E+00  3.35803E-04  1.82895E-17  6.53131E-01  0.00000E+00  1.7E-06
  2.200E+00  3.68542E-04  1.53763E-17  5.49097E-01  0.00000E+00  1.8E-06
  2.300E+00  4.02802E-04  1.30239E-17  4.65093E-01  0.00000E+00  1.5E-06
  2.400E+00  4.38585E-04  1.11064E-17  3.96617E-01  0.00000E+00  8.4E-07
  2.500E+00  4.75889E-04  9.52962E-18  3.40309E-01  0.00000E+00  1.0E-07
  2.600E+00  5.14715E-04  8.22076E-18  2.93569E-01  0.00000E+00  5.5E-07
  2.700E+00  5.55063E-04  7.12874E-18  2.54572E-01  0.00000E+00  9.3E-07
  2.800E+00  5.96931E-04  6.21238E-18  2.21848E-01  0.00000E+00  1.0E-06
  2.900E+00  6.40321E-04  5.43868E-18  1.94219E-01  0.00000E+00  8.2E-07
  3.000E+00  6.85233E-04  4.78094E-18  1.70730E-01  0.00000E+00  4.4E-07
  3.100E+00  7.31665E-04  4.21947E-18  1.50680E-01  0.00000E+00  1.0E-07
  3.200E+00  7.79618E-04  3.73820E-18  1.33493E-01  0.00000E+00  3.5E-07
  3.300E+00  8.29092E-04  3.32378E-18  1.18694E-01  0.00000E+00  5.8E-07
  3.400E+00  8.80086E-04  2.96509E-18  1.05885E-01  0.00000E+00  6.2E-07
  3.500E+00  9.32601E-04  2.65348E-18  9.47573E-02  0.00000E+00  4.9E-07
  3.600E+00  9.86636E-04  2.38191E-18  8.50594E-02  0.00000E+00  2.6E-07
  3.700E+00  1.04219E-03  2.14433E-18  7.65754E-02  0.00000E+00  1.0E-07
  3.800E+00  1.09927E-03  1.93574E-18  6.91265E-02  0.00000E+00  2.5E-07
  3.900E+00  1.15786E-03  1.75190E-18  6.25614E-02  0.00000E+00  3.9E-07
  4.000E+00  1.21797E-03  1.58949E-18  5.67618E-02  0.00000E+00  4.1E-07
  4.100E+00  1.27961E-03  1.44558E-18  5.16225E-02  0.00000E+00  3.2E-07
  4.200E+00  1.34276E-03  1.31768E-18  4.70552E-02  0.00000E+00  1.6E-07
  4.300E+00  1.40743E-03  1.20361E-18  4.29817E-02  0.00000E+00  1.0E-07
  4.400E+00  1.47362E-03  1.10170E-18  3.93423E-02  0.00000E+00  1.8E-07
  4.500E+00  1.54133E-03  1.01041E-18  3.60824E-02  0.00000E+00  2.8E-07
  4.600E+00  1.61056E-03  9.28437E-19  3.31551E-02  0.00000E+00  2.9E-07
  4.700E+00  1.68131E-03  8.54615E-19  3.05188E-02  0.00000E+00  2.2E-07
  4.800E+00  1.75357E-03  7.88024E-19  2.81408E-02  0.00000E+00  1.0E-07
  4.900E+00  1.82735E-03  7.27829E-19  2.59912E-02  0.00000E+00  1.0E-07
  5.000E+00  1.90265E-03  6.73303E-19  2.40441E-02  0.00000E+00  1.4E-07
  5.100E+00  1.97947E-03  6.23796E-19  2.22762E-02  0.00000E+00  2.1E-07
  5.200E+00  2.05780E-03  5.78770E-19  2.06683E-02  0.00000E+00  2.1E-07
  5.300E+00  2.13765E-03  5.37755E-19  1.92036E-02  0.00000E+00  1.6E-07
  5.400E+00  2.21902E-03  5.00326E-19  1.78670E-02  0.00000E+00  1.0E-07
  5.500E+00  2.30190E-03  4.66104E-19  1.66449E-02  0.00000E+00  1.0E-07
  5.600E+00  2.38630E-03  4.34761E-19  1.55256E-02  0.00000E+00  1.1E-07
  5.700E+00  2.47222E-03  4.06021E-19  1.44993E-02  0.00000E+00  1.6E-07
  5.800E+00  2.55965E-03  3.79627E-19  1.35567E-02  0.00000E+00  1.6E-07
  5.900E+00  2.64859E-03  3.55348E-19  1.26897E-02  0.00000E+00  1.2E-07
  6.000E+00  2.73905E-03  3.32979E-19  1.18909E-02  0.00000E+00  1.0E-07
  6.100E+00  2.83103E-03  3.12350E-19  1.11542E-02  0.00000E+00  1.0E-07
  6.200E+00  2.92452E-03  2.93301E-19  1.04740E-02  0.00000E+00  1.0E-07
  6.300E+00  3.01952E-03  2.75686E-19  9.84492E-03  0.00000E+00  1.2E-07
  6.400E+00  3.11604E-03  2.59372E-19  9.26235E-03  0.00000E+00  1.2E-07
  6.500E+00  3.21407E-03  2.44252E-19  8.72240E-03  0.00000E+00  1.0E-07
  6.600E+00  3.31362E-03  2.30222E-19  8.22138E-03  0.00000E+00  1.0E-07
  6.700E+00  3.41468E-03  2.17189E-19  7.75597E-03  0.00000E+00  1.0E-07
  6.800E+00  3.51725E-03  2.05064E-19  7.32298E-03  0.00000E+00  1.0E-07
  6.900E+00  3.62133E-03  1.93777E-19  6.91990E-03  0.00000E+00  1.0E-07
  7.000E+00  3.72692E-03  1.83259E-19  6.54429E-03  0.00000E+00  1.0E-07
  7.100E+00  3.83403E-03  1.73447E-19  6.19392E-03  0.00000E+00  1.0E-07
  7.200E+00  3.94265E-03  1.64284E-19  5.86670E-03  0.00000E+00  1.0E-07
  7.300E+00  4.05278E-03  1.55720E-19  5.56086E-03  0.00000E+00  1.0E-07
  7.400E+00  4.16442E-03  1.47709E-19  5.27479E-03  0.00000E+00  1.0E-07
  7.500E+00  4.27757E-03  1.40209E-19  5.00695E-03  0.00000E+00  1.0E-07
  7.600E+00  4.39223E-03  1.33180E-19  4.75594E-03  0.00000E+00  1.0E-07
  7.700E+00  4.50840E-03  1.26587E-19  4.52050E-03  0.00000E+00  1.0E-07
  7.800E+00  4.62608E-03  1.20399E-19  4.29952E-03  0.00000E+00  1.0E-07
  7.900E+00  4.74527E-03  1.14586E-19  4.09195E-03  0.00000E+00  1.0E-07
  8.000E+00  4.86597E-03  1.09122E-19  3.89680E-03  0.00000E+00  1.0E-07
  8.100E+00  4.98817E-03  1.03980E-19  3.71318E-03  0.00000E+00  1.0E-07
  8.200E+00  5.11188E-03  9.91385E-20  3.54030E-03  0.00000E+00  1.0E-07
  8.300E+00  5.23711E-03  9.45776E-20  3.37743E-03  0.00000E+00  1.0E-07
  8.400E+00  5.36383E-03  9.02773E-20  3.22386E-03  0.00000E+00  1.0E-07
  8.500E+00  5.49207E-03  8.62193E-20  3.07895E-03  0.00000E+00  1.0E-07
  8.600E+00  5.62181E-03  8.23882E-20  2.94214E-03  0.00000E+00  1.0E-07
  8.700E+00  5.75306E-03  7.87689E-20  2.81289E-03  0.00000E+00  1.0E-07
  8.800E+00  5.88581E-03  7.53475E-20  2.69071E-03  0.00000E+00  1.0E-07
  8.900E+00  6.02007E-03  7.21105E-20  2.57511E-03  0.00000E+00  1.0E-07
  9.000E+00  6.15583E-03  6.90466E-20  2.46570E-03  0.00000E+00  1.0E-07
  9.100E+00  6.29310E-03  6.61450E-20  2.36208E-03  0.00000E+00  1.0E-07
  9.200E+00  6.43187E-03  6.33953E-20  2.26389E-03  0.00000E+00  1.0E-07
  9.300E+00  6.57214E-03  6.07877E-20  2.17077E-03  0.00000E+00  1.0E-07
  9.400E+00  6.71392E-03  5.83138E-20  2.08242E-03  0.00000E+00  1.0E-07
  9.500E+00  6.85720E-03  5.59655E-20  1.99856E-03  0.00000E+00  1.0E-07
  9.600E+00  7.00198E-03  5.37352E-20  1.91892E-03  0.00000E+00  1.0E-07
  9.700E+00  7.14827E-03  5.16156E-20  1.84323E-03  0.00000E+00  1.0E-07
  9.800E+00  7.29605E-03  4.96003E-20  1.77126E-03  0.00000E+00  1.0E-07
  9.900E+00  7.44534E-03  4.76834E-20  1.70280E-03  0.00000E+00  1.0E-07
  1.000E+01  7.59612E-03  4.58590E-20  1.63765E-03  0.00000E+00  1.0E-07
  1.025E+01  7.97965E-03  4.16685E-20  1.48801E-03  0.00000E+00  1.0E-07
  1.050E+01  8.37255E-03  3.79501E-20  1.35522E-03  0.00000E+00  1.0E-07
  1.075E+01  8.77480E-03  3.46412E-20  1.23706E-03  0.00000E+00  1.0E-07
  1.100E+01  9.18641E-03  3.16888E-20  1.13163E-03  0.00000E+00  1.0E-07
  1.125E+01  9.60736E-03  2.90477E-20  1.03731E-03  0.00000E+00  1.0E-07
  1.150E+01  1.00376E-02  2.66792E-20  9.52730E-04  0.00000E+00  1.0E-07
  1.175E+01  1.04773E-02  2.45501E-20  8.76699E-04  0.00000E+00  1.0E-07
  1.200E+01  1.09262E-02  2.26319E-20  8.08199E-04  0.00000E+00  1.0E-07
  1.225E+01  1.13844E-02  2.08999E-20  7.46349E-04  0.00000E+00  1.0E-07
  1.250E+01  1.18520E-02  1.93328E-20  6.90387E-04  0.00000E+00  1.0E-07
  1.275E+01  1.23288E-02  1.79120E-20  6.39651E-04  0.00000E+00  1.0E-07
  1.300E+01  1.28150E-02  1.66214E-20  5.93562E-04  0.00000E+00  1.0E-07
  1.325E+01  1.33104E-02  1.54468E-20  5.51614E-04  0.00000E+00  1.0E-07
  1.350E+01  1.38150E-02  1.43760E-20  5.13376E-04  0.00000E+00  1.0E-07
  1.375E+01  1.43290E-02  1.33980E-20  4.78450E-04  0.00000E+00  1.0E-07
  1.400E+01  1.48521E-02  1.25032E-20  4.46499E-04  0.00000E+00  1.0E-07
  1.425E+01  1.53845E-02  1.16835E-20  4.17224E-04  0.00000E+00  1.0E-07
  1.450E+01  1.59262E-02  1.09312E-20  3.90359E-04  0.00000E+00  1.0E-07
  1.475E+01  1.64770E-02  1.02397E-20  3.65665E-04  0.00000E+00  1.0E-07
  1.500E+01  1.70371E-02  9.60318E-21  3.42936E-04  0.00000E+00  1.0E-07
  1.525E+01  1.76063E-02  9.01653E-21  3.21986E-04  0.00000E+00  1.0E-07
  1.550E+01  1.81848E-02  8.47507E-21  3.02650E-04  0.00000E+00  1.0E-07
  1.575E+01  1.87724E-02  7.97464E-21  2.84779E-04  0.00000E+00  1.0E-07
  1.600E+01  1.93692E-02  7.51151E-21  2.68241E-04  0.00000E+00  1.0E-07
  1.625E+01  1.99751E-02  7.08241E-21  2.52918E-04  0.00000E+00  1.0E-07
  1.650E+01  2.05901E-02  6.68437E-21  2.38703E-04  0.00000E+00  1.0E-07
  1.675E+01  2.12143E-02  6.31470E-21  2.25502E-04  0.00000E+00  1.0E-07
  1.700E+01  2.18476E-02  5.97094E-21  2.13226E-04  0.00000E+00  1.0E-07
  1.725E+01  2.24900E-02  5.65097E-21  2.01800E-04  0.00000E+00  1.0E-07
  1.750E+01  2.31415E-02  5.35283E-21  1.91153E-04  0.00000E+00  1.0E-07
  1.775E+01  2.38021E-02  5.07473E-21  1.81222E-04  0.00000E+00  1.0E-07
  1.800E+01  2.44717E-02  4.81503E-21  1.71948E-04  0.00000E+00  1.0E-07
  1.825E+01  2.51504E-02  4.57230E-21  1.63280E-04  0.00000E+00  1.0E-07
  1.850E+01  2.58382E-02  4.34522E-21  1.55171E-04  0.00000E+00  1.0E-07
  1.875E+01  2.65349E-02  4.13258E-21  1.47577E-04  0.00000E+00  1.0E-07
  1.900E+01  2.72407E-02  3.93326E-21  1.40459E-04  0.00000E+00  1.0E-07
  1.925E+01  2.79555E-02  3.74627E-21  1.33782E-04  0.00000E+00  1.0E-07
  1.950E+01  2.86793E-02  3.57070E-21  1.27512E-04  0.00000E+00  1.0E-07
  1.975E+01  2.94120E-02  3.40572E-21  1.21620E-04  0.00000E+00  1.0E-07
  2.000E+01  3.01537E-02  3.25054E-21  1.16079E-04  0.00000E+00  1.0E-07
  2.025E+01  3.09043E-02  3.10448E-21  1.10863E-04  0.00000E+00  1.0E-07
  2.050E+01  3.16639E-02  2.96689E-21  1.05950E-04  0.00000E+00  1.0E-07
  2.075E+01  3.24324E-02  2.83718E-21  1.01318E-04  0.00000E+00  1.0E-07
  2.100E+01  3.32098E-02  2.71481E-21  9.69475E-05  0.00000E+00  1.0E-07
  2.125E+01  3.39961E-02  2.59927E-21  9.28215E-05  0.00000E+00  1.0E-07
  2.150E+01  3.47912E-02  2.49011E-21  8.89233E-05  0.00000E+00  1.0E-07
  2.175E+01  3.55952E-02  2.38690E-21  8.52378E-05  0.00000E+00  1.0E-07
  2.200E+01  3.64081E-02  2.28925E-21  8.17506E-05  0.00000E+00  1.0E-07
  2.225E+01  3.72297E-02  2.19680E-21  7.84492E-05  0.00000E+00  1.0E-07
  2.250E+01  3.80602E-02  2.10922E-21  7.53216E-05  0.00000E+00  1.0E-07
  2.275E+01  3.88995E-02  2.02619E-21  7.23566E-05  0.00000E+00  1.0E-07
  2.300E+01  3.97476E-02  1.94744E-21  6.95443E-05  0.00000E+00  1.0E-07
  2.325E+01  4.06044E-02  1.87268E-21  6.68746E-05  0.00000E+00  1.0E-07
  2.350E+01  4.14700E-02  1.80168E-21  6.43393E-05  0.00000E+00  1.0E-07
  2.375E+01  4.23443E-02  1.73422E-21  6.19301E-05  0.00000E+00  1.0E-07
  2.400E+01  4.32273E-02  1.67006E-21  5.96391E-05  0.00000E+00  1.0E-07
  2.425E+01  4.41190E-02  1.60903E-21  5.74596E-05  0.00000E+00  1.0E-07
  2.450E+01  4.50194E-02  1.55093E-21  5.53848E-05  0.00000E+00  1.0E-07
  2.475E+01  4.59284E-02  1.49560E-21  5.34088E-05  0.00000E+00  1.0E-07
  2.500E+01  4.68461E-02  1.44287E-21  5.15258E-05  0.00000E+00  1.0E-07
  2.550E+01  4.87074E-02  1.34463E-21  4.80176E-05  0.00000E+00  1.0E-07
  2.600E+01  5.06030E-02  1.25515E-21  4.48221E-05  0.00000E+00  1.0E-07
  2.650E+01  5.25328E-02  1.17347E-21  4.19055E-05  0.00000E+00  1.0E-07
  2.700E+01  5.44967E-02  1.09879E-21  3.92385E-05  0.00000E+00  1.0E-07
  2.750E+01  5.64946E-02  1.03037E-21  3.67952E-05  0.00000E+00  1.0E-07
  2.800E+01  5.85262E-02  9.67581E-22  3.45529E-05  0.00000E+00  1.0E-07
  2.850E+01  6.05914E-02  9.09857E-22  3.24916E-05  0.00000E+00  1.0E-07
  2.900E+01  6.26901E-02  8.56704E-22  3.05935E-05  0.00000E+00  1.0E-07
  2.950E+01  6.48222E-02  8.07680E-22  2.88428E-05  0.00000E+00  1.0E-07
  3.000E+01  6.69873E-02  7.62397E-22  2.72257E-05  0.00000E+00  1.0E-07
  3.050E+01  6.91854E-02  7.20504E-22  2.57297E-05  0.00000E+00  1.0E-07
  3.100E+01  7.14163E-02  6.81692E-22  2.43437E-05  0.00000E+00  1.0E-07
  3.150E+01  7.36799E-02  6.45683E-22  2.30578E-05  0.00000E+00  1.0E-07
  3.200E+01  7.59760E-02  6.12230E-22  2.18631E-05  0.00000E+00  1.0E-07
  3.250E+01  7.83043E-02  5.81110E-22  2.07518E-05  0.00000E+00  1.0E-07
  3.300E+01  8.06647E-02  5.52123E-22  1.97167E-05  0.00000E+00  1.0E-07
  3.350E+01  8.30571E-02  5.25087E-22  1.87512E-05  0.00000E+00  1.0E-07
  3.400E+01  8.54812E-02  4.99844E-22  1.78497E-05  0.00000E+00  1.0E-07
  3.450E+01  8.79369E-02  4.76245E-22  1.70070E-05  0.00000E+00  1.0E-07
  3.500E+01  9.04240E-02  4.54158E-22  1.62183E-05  0.00000E+00  1.0E-07
  3.550E+01  9.29422E-02  4.33462E-22  1.54792E-05  0.00000E+00  1.0E-07
  3.600E+01  9.54915E-02  4.14050E-22  1.47860E-05  0.00000E+00  1.0E-07
  3.650E+01  9.80716E-02  3.95822E-22  1.41351E-05  0.00000E+00  1.0E-07
  3.700E+01  1.00682E-01  3.78689E-22  1.35232E-05  0.00000E+00  1.0E-07
  3.750E+01  1.03323E-01  3.62568E-22  1.29475E-05  0.00000E+00  1.0E-07
  3.800E+01  1.05995E-01  3.47385E-22  1.24053E-05  0.00000E+00  1.0E-07
  3.850E+01  1.08696E-01  3.33072E-22  1.18942E-05  0.00000E+00  1.0E-07
  3.900E+01  1.11427E-01  3.19567E-22  1.14119E-05  0.00000E+00  1.0E-07
  3.950E+01  1.14188E-01  3.06811E-22  1.09564E-05  0.00000E+00  1.0E-07
  4.000E+01  1.16978E-01  2.94754E-22  1.05259E-05  0.00000E+00  1.0E-07
  4.050E+01  1.19797E-01  2.83348E-22  1.01185E-05  0.00000E+00  1.0E-07
  4.100E+01  1.22645E-01  2.72547E-22  9.73282E-06  0.00000E+00  1.0E-07
  4.150E+01  1.25522E-01  2.62311E-22  9.36730E-06  0.00000E+00  1.0E-07
  4.200E+01  1.28428E-01  2.52604E-22  9.02064E-06  0.00000E+00  1.0E-07
  4.250E+01  1.31361E-01  2.43390E-22  8.69162E-06  0.00000E+00  1.0E-07
  4.300E+01  1.34323E-01  2.34638E-22  8.37909E-06  0.00000E+00  1.0E-07
  4.350E+01  1.37313E-01  2.26319E-22  8.08200E-06  0.00000E+00  1.0E-07
  4.400E+01  1.40330E-01  2.18406E-22  7.79940E-06  0.00000E+00  1.0E-07
  4.450E+01  1.43375E-01  2.10872E-22  7.53039E-06  0.00000E+00  1.0E-07
  4.500E+01  1.46447E-01  2.03696E-22  7.27413E-06  0.00000E+00  1.0E-07
  4.550E+01  1.49545E-01  1.96856E-22  7.02984E-06  0.00000E+00  1.0E-07
  4.600E+01  1.52671E-01  1.90331E-22  6.79683E-06  0.00000E+00  1.0E-07
  4.650E+01  1.55823E-01  1.84103E-22  6.57443E-06  0.00000E+00  1.0E-07
  4.700E+01  1.59001E-01  1.78154E-22  6.36200E-06  0.00000E+00  1.0E-07
  4.750E+01  1.62205E-01  1.72470E-22  6.15900E-06  0.00000E+00  1.0E-07
  4.800E+01  1.65435E-01  1.67034E-22  5.96489E-06  0.00000E+00  1.0E-07
  4.850E+01  1.68690E-01  1.61833E-22  5.77915E-06  0.00000E+00  1.0E-07
  4.900E+01  1.71970E-01  1.56853E-22  5.60133E-06  0.00000E+00  1.0E-07
  4.950E+01  1.75276E-01  1.52083E-22  5.43100E-06  0.00000E+00  1.0E-07
  5.000E+01  1.78606E-01  1.47512E-22  5.26774E-06  0.00000E+00  1.0E-07
  5.050E+01  1.81961E-01  1.43128E-22  5.11119E-06  0.00000E+00  1.0E-07
  5.100E+01  1.85340E-01  1.38921E-22  4.96097E-06  0.00000E+00  1.0E-07
  5.150E+01  1.88743E-01  1.34883E-22  4.81678E-06  0.00000E+00  1.0E-07
  5.200E+01  1.92169E-01  1.31005E-22  4.67828E-06  0.00000E+00  1.0E-07
  5.250E+01  1.95619E-01  1.27279E-22  4.54521E-06  0.00000E+00  1.0E-07
  5.300E+01  1.99092E-01  1.23696E-22  4.41726E-06  0.00000E+00  1.0E-07
  5.350E+01  2.02589E-01  1.20250E-22  4.29421E-06  0.00000E+00  1.0E-07
  5.400E+01  2.06107E-01  1.16934E-22  4.17579E-06  0.00000E+00  1.0E-07
  5.450E+01  2.09649E-01  1.13741E-22  4.06177E-06  0.00000E+00  1.0E-07
  5.500E+01  2.13212E-01  1.10666E-22  3.95196E-06  0.00000E+00  1.0E-07
  5.550E+01  2.16797E-01  1.07703E-22  3.84615E-06  0.00000E+00  1.0E-07
  5.600E+01  2.20404E-01  1.04847E-22  3.74414E-06  0.00000E+00  1.0E-07
  5.650E+01  2.24032E-01  1.02092E-22  3.64577E-06  0.00000E+00  1.0E-07
  5.700E+01  2.27680E-01  9.94342E-23  3.55086E-06  0.00000E+00  1.0E-07
  5.750E+01  2.31350E-01  9.68690E-23  3.45926E-06  0.00000E+00  1.0E-07
  5.800E+01  2.35040E-01  9.43921E-23  3.37080E-06  0.00000E+00  1.0E-07
  5.850E+01  2.38751E-01  9.19996E-23  3.28536E-06  0.00000E+00  1.0E-07
  5.900E+01  2.42481E-01  8.96876E-23  3.20280E-06  0.00000E+00  1.0E-07
  5.950E+01  2.46231E-01  8.74526E-23  3.12299E-06  0.00000E+00  1.0E-07
  6.000E+01  2.50000E-01  8.52913E-23  3.04581E-06  0.00000E+00  1.0E-07
  6.050E+01  2.53788E-01  8.32005E-23  2.97114E-06  0.00000E+00  1.0E-07
  6.100E+01  2.57595E-01  8.11772E-23  2.89889E-06  0.00000E+00  1.0E-07
  6.150E+01  2.61421E-01  7.92186E-23  2.82895E-06  0.00000E+00  1.0E-07
  6.200E+01  2.65264E-01  7.73219E-23  2.76122E-06  0.00000E+00  1.0E-07
  6.250E+01  2.69126E-01  7.54847E-23  2.69561E-06  0.00000E+00  1.0E-07
  6.300E+01  2.73005E-01  7.37044E-23  2.63203E-06  0.00000E+00  1.0E-07
  6.350E+01  2.76901E-01  7.19787E-23  2.57041E-06  0.00000E+00  1.0E-07
  6.400E+01  2.80814E-01  7.03054E-23  2.51065E-06  0.00000E+00  1.0E-07
  6.450E+01  2.84744E-01  6.86825E-23  2.45270E-06  0.00000E+00  1.0E-07
  6.500E+01  2.88691E-01  6.71079E-23  2.39646E-06  0.00000E+00  1.0E-07
  6.550E+01  2.92653E-01  6.55797E-23  2.34189E-06  0.00000E+00  1.0E-07
  6.600E+01  2.96632E-01  6.40962E-23  2.28892E-06  0.00000E+00  1.0E-07
  6.650E+01  3.00625E-01  6.26556E-23  2.23747E-06  0.00000E+00  1.0E-07
  6.700E+01  3.04634E-01  6.12564E-23  2.18751E-06  0.00000E+00  1.0E-07
  6.750E+01  3.08658E-01  5.98970E-23  2.13896E-06  0.00000E+00  1.0E-07
  6.800E+01  3.12697E-01  5.85759E-23  2.09178E-06  0.00000E+00  1.0E-07
  6.850E+01  3.16749E-01  5.72916E-23  2.04592E-06  0.00000E+00  1.0E-07
  6.900E+01  3.20816E-01  5.60428E-23  2.00133E-06  0.00000E+00  1.0E-07
  6.950E+01  3.24896E-01  5.48282E-23  1.95795E-06  0.00000E+00  1.0E-07
  7.000E+01  3.28990E-01  5.36466E-23  1.91576E-06  0.00000E+00  1.0E-07
  7.050E+01  3.33097E-01  5.24968E-23  1.87469E-06  0.00000E+00  1.0E-07
  7.100E+01  3.37216E-01  5.13777E-23  1.83473E-06  0.00000E+00  1.0E-07
  7.150E+01  3.41348E-01  5.02881E-23  1.79582E-06  0.00000E+00  1.0E-07
  7.200E+01  3.45492E-01  4.92272E-23  1.75794E-06  0.00000E+00  1.0E-07
  7.250E+01  3.49647E-01  4.81939E-23  1.72104E-06  0.00000E+00  1.0E-07
  7.300E+01  3.53814E-01  4.71873E-23  1.68509E-06  0.00000E+00  1.0E-07
  7.350E+01  3.57992E-01  4.62064E-23  1.65006E-06  0.00000E+00  1.0E-07
  7.400E+01  3.62181E-01  4.52504E-23  1.61592E-06  0.00000E+00  1.0E-07
  7.450E+01  3.66381E-01  4.43184E-23  1.58264E-06  0.00000E+00  1.0E-07
  7.500E+01  3.70590E-01  4.34097E-23  1.55019E-06  0.00000E+00  1.0E-07
  7.550E+01  3.74810E-01  4.25235E-23  1.51854E-06  0.00000E+00  1.0E-07
  7.600E+01  3.79039E-01  4.16591E-23  1.48767E-06  0.00000E+00  1.0E-07
  7.650E+01  3.83277E-01  4.08157E-23  1.45755E-06  0.00000E+00  1.0E-07
  7.700E+01  3.87524E-01  3.99927E-23  1.42817E-06  0.00000E+00  1.0E-07
  7.750E+01  3.91780E-01  3.91895E-23  1.39948E-06  0.00000E+00  1.0E-07
  7.800E+01  3.96044E-01  3.84055E-23  1.37148E-06  0.00000E+00  1.0E-07
  7.850E+01  4.00316E-01  3.76400E-23  1.34415E-06  0.00000E+00  1.0E-07
  7.900E+01  4.04596E-01  3.68924E-23  1.31745E-06  0.00000E+00  1.0E-07
  7.950E+01  4.08882E-01  3.61623E-23  1.29138E-06  0.00000E+00  1.0E-07
  8.000E+01  4.13176E-01  3.54490E-23  1.26591E-06  0.00000E+00  1.0E-07
  8.050E+01  4.17476E-01  3.47521E-23  1.24102E-06  0.00000E+00  1.0E-07
  8.100E+01  4.21783E-01  3.40711E-23  1.21670E-06  0.00000E+00  1.0E-07
  8.150E+01  4.26095E-01  3.34055E-23  1.19293E-06  0.00000E+00  1.0E-07
  8.200E+01  4.30413E-01  3.27548E-23  1.16970E-06  0.00000E+00  1.0E-07
  8.250E+01  4.34737E-01  3.21187E-23  1.14698E-06  0.00000E+00  1.0E-07
  8.300E+01  4.39065E-01  3.14967E-23  1.12477E-06  0.00000E+00  1.0E-07
  8.350E+01  4.43398E-01  3.08884E-23  1.10304E-06  0.00000E+00  1.0E-07
  8.400E+01  4.47736E-01  3.02934E-23  1.08180E-06  0.00000E+00  1.0E-07
  8.450E+01  4.52077E-01  2.97113E-23  1.06101E-06  0.00000E+00  1.0E-07
  8.500E+01  4.56422E-01  2.91418E-23  1.04067E-06  0.00000E+00  1.0E-07
  8.550E+01  4.60770E-01  2.85844E-23  1.02077E-06  0.00000E+00  1.0E-07
  8.600E+01  4.65122E-01  2.80390E-23  1.00129E-06  0.00000E+00  1.0E-07
  8.650E+01  4.69476E-01  2.75051E-23  9.82224E-07  0.00000E+00  1.0E-07
  8.700E+01  4.73832E-01  2.69824E-23  9.63558E-07  0.00000E+00  1.0E-07
  8.750E+01  4.78190E-01  2.64706E-23  9.45283E-07  0.00000E+00  1.0E-07
  8.800E+01  4.82550E-01  2.59695E-23  9.27388E-07  0.00000E+00  1.0E-07
  8.850E+01  4.86912E-01  2.54787E-23  9.09863E-07  0.00000E+00  1.0E-07
  8.900E+01  4.91274E-01  2.49981E-23  8.92697E-07  0.00000E+00  1.0E-07
  8.950E+01  4.95637E-01  2.45272E-23  8.75883E-07  0.00000E+00  1.0E-07
  9.000E+01  5.00000E-01  2.40659E-23  8.59408E-07  0.00000E+00  1.0E-07
  9.050E+01  5.04363E-01  2.36139E-23  8.43267E-07  0.00000E+00  1.0E-07
  9.100E+01  5.08726E-01  2.31709E-23  8.27448E-07  0.00000E+00  1.0E-07
  9.150E+01  5.13088E-01  2.27367E-23  8.11944E-07  0.00000E+00  1.0E-07
  9.200E+01  5.17450E-01  2.23112E-23  7.96747E-07  0.00000E+00  1.0E-07
  9.250E+01  5.21810E-01  2.18940E-23  7.81851E-07  0.00000E+00  1.0E-07
  9.300E+01  5.26168E-01  2.14851E-23  7.67246E-07  0.00000E+00  1.0E-07
  9.350E+01  5.30524E-01  2.10841E-23  7.52927E-07  0.00000E+00  1.0E-07
  9.400E+01  5.34878E-01  2.06909E-23  7.38886E-07  0.00000E+00  1.0E-07
  9.450E+01  5.39230E-01  2.03053E-23  7.25116E-07  0.00000E+00  1.0E-07
  9.500E+01  5.43578E-01  1.99271E-23  7.11611E-07  0.00000E+00  1.0E-07
  9.550E+01  5.47923E-01  1.95562E-23  6.98364E-07  0.00000E+00  1.0E-07
  9.600E+01  5.52264E-01  1.91923E-23  6.85368E-07  0.00000E+00  1.0E-07
  9.650E+01  5.56602E-01  1.88352E-23  6.72617E-07  0.00000E+00  1.0E-07
  9.700E+01  5.60935E-01  1.84849E-23  6.60106E-07  0.00000E+00  1.0E-07
  9.750E+01  5.65263E-01  1.81411E-23  6.47829E-07  0.00000E+00  1.0E-07
  9.800E+01  5.69587E-01  1.78037E-23  6.35781E-07  0.00000E+00  1.0E-07
  9.850E+01  5.73905E-01  1.74726E-23  6.23957E-07  0.00000E+00  1.0E-07
  9.900E+01  5.78217E-01  1.71476E-23  6.12352E-07  0.00000E+00  1.0E-07
  9.950E+01  5.82524E-01  1.68286E-23  6.00960E-07  0.00000E+00  1.0E-07
  1.000E+02  5.86824E-01  1.65155E-23  5.89778E-07  0.00000E+00  1.0E-07
  1.005E+02  5.91118E-01  1.62080E-23  5.78799E-07  0.00000E+00  1.0E-07
  1.010E+02  5.95404E-01  1.59062E-23  5.68019E-07  0.00000E+00  1.0E-07
  1.015E+02  5.99684E-01  1.56097E-23  5.57433E-07  0.00000E+00  1.0E-07
  1.020E+02  6.03956E-01  1.53186E-23  5.47037E-07  0.00000E+00  1.0E-07
  1.025E+02  6.08220E-01  1.50327E-23  5.36827E-07  0.00000E+00  1.0E-07
  1.030E+02  6.12476E-01  1.47519E-23  5.26800E-07  0.00000E+00  1.0E-07
  1.035E+02  6.16723E-01  1.44761E-23  5.16951E-07  0.00000E+00  1.0E-07
  1.040E+02  6.20961E-01  1.42052E-23  5.07277E-07  0.00000E+00  1.0E-07
  1.045E+02  6.25190E-01  1.39391E-23  4.97773E-07  0.00000E+00  1.0E-07
  1.050E+02  6.29410E-01  1.36776E-23  4.88437E-07  0.00000E+00  1.0E-07
  1.055E+02  6.33619E-01  1.34208E-23  4.79265E-07  0.00000E+00  1.0E-07
  1.060E+02  6.37819E-01  1.31684E-23  4.70252E-07  0.00000E+00  1.0E-07
  1.065E+02  6.42008E-01  1.29204E-23  4.61395E-07  0.00000E+00  1.0E-07
  1.070E+02  6.46186E-01  1.26767E-23  4.52692E-07  0.00000E+00  1.0E-07
  1.075E+02  6.50353E-01  1.24372E-23  4.44139E-07  0.00000E+00  1.0E-07
  1.080E+02  6.54508E-01  1.22018E-23  4.35734E-07  0.00000E+00  1.0E-07
  1.085E+02  6.58652E-01  1.19704E-23  4.27472E-07  0.00000E+00  1.0E-07
  1.090E+02  6.62784E-01  1.17430E-23  4.19352E-07  0.00000E+00  1.0E-07
  1.095E+02  6.66903E-01  1.15195E-23  4.11370E-07  0.00000E+00  1.0E-07
  1.100E+02  6.71010E-01  1.12998E-23  4.03524E-07  0.00000E+00  1.0E-07
  1.105E+02  6.75104E-01  1.10838E-23  3.95811E-07  0.00000E+00  1.0E-07
  1.110E+02  6.79184E-01  1.08715E-23  3.88229E-07  0.00000E+00  1.0E-07
  1.115E+02  6.83251E-01  1.06628E-23  3.80774E-07  0.00000E+00  1.0E-07
  1.120E+02  6.87303E-01  1.04575E-23  3.73445E-07  0.00000E+00  1.0E-07
  1.125E+02  6.91342E-01  1.02557E-23  3.66239E-07  0.00000E+00  1.0E-07
  1.130E+02  6.95366E-01  1.00573E-23  3.59153E-07  0.00000E+00  1.0E-07
  1.135E+02  6.99375E-01  9.86218E-24  3.52185E-07  0.00000E+00  1.0E-07
  1.140E+02  7.03368E-01  9.67031E-24  3.45333E-07  0.00000E+00  1.0E-07
  1.145E+02  7.07347E-01  9.48163E-24  3.38595E-07  0.00000E+00  1.0E-07
  1.150E+02  7.11309E-01  9.29608E-24  3.31969E-07  0.00000E+00  1.0E-07
  1.155E+02  7.15256E-01  9.11360E-24  3.25452E-07  0.00000E+00  1.0E-07
  1.160E+02  7.19186E-01  8.93413E-24  3.19044E-07  0.00000E+00  1.0E-07
  1.165E+02  7.23099E-01  8.75762E-24  3.12740E-07  0.00000E+00  1.0E-07
  1.170E+02  7.26995E-01  8.58402E-24  3.06541E-07  0.00000E+00  1.0E-07
  1.175E+02  7.30874E-01  8.41327E-24  3.00443E-07  0.00000E+00  1.0E-07
  1.180E+02  7.34736E-01  8.24532E-24  2.94446E-07  0.00000E+00  1.0E-07
  1.185E+02  7.38579E-01  8.08012E-24  2.88546E-07  0.00000E+00  1.0E-07
  1.190E+02  7.42405E-01  7.91762E-24  2.82743E-07  0.00000E+00  1.0E-07
  1.195E+02  7.46212E-01  7.75778E-24  2.77035E-07  0.00000E+00  1.0E-07
  1.200E+02  7.50000E-01  7.60055E-24  2.71420E-07  0.00000E+00  1.0E-07
  1.205E+02  7.53769E-01  7.44587E-24  2.65897E-07  0.00000E+00  1.0E-07
  1.210E+02  7.57519E-01  7.29372E-24  2.60463E-07  0.00000E+00  1.0E-07
  1.215E+02  7.61249E-01  7.14404E-24  2.55118E-07  0.00000E+00  1.0E-07
  1.220E+02  7.64960E-01  6.99679E-24  2.49860E-07  0.00000E+00  1.0E-07
  1.225E+02  7.68650E-01  6.85194E-24  2.44687E-07  0.00000E+00  1.0E-07
  1.230E+02  7.72320E-01  6.70943E-24  2.39598E-07  0.00000E+00  1.0E-07
  1.235E+02  7.75968E-01  6.56925E-24  2.34592E-07  0.00000E+00  1.0E-07
  1.240E+02  7.79596E-01  6.43134E-24  2.29667E-07  0.00000E+00  1.0E-07
  1.245E+02  7.83203E-01  6.29566E-24  2.24822E-07  0.00000E+00  1.0E-07
  1.250E+02  7.86788E-01  6.16219E-24  2.20056E-07  0.00000E+00  1.0E-07
  1.255E+02  7.90351E-01  6.03088E-24  2.15367E-07  0.00000E+00  1.0E-07
  1.260E+02  7.93893E-01  5.90171E-24  2.10754E-07  0.00000E+00  1.0E-07
  1.265E+02  7.97411E-01  5.77463E-24  2.06216E-07  0.00000E+00  1.0E-07
  1.270E+02  8.00908E-01  5.64961E-24  2.01751E-07  0.00000E+00  1.0E-07
  1.275E+02  8.04381E-01  5.52663E-24  1.97359E-07  0.00000E+00  1.0E-07
  1.280E+02  8.07831E-01  5.40564E-24  1.93039E-07  0.00000E+00  1.0E-07
  1.285E+02  8.11257E-01  5.28662E-24  1.88789E-07  0.00000E+00  1.0E-07
  1.290E+02  8.14660E-01  5.16954E-24  1.84608E-07  0.00000E+00  1.0E-07
  1.295E+02  8.18039E-01  5.05437E-24  1.80495E-07  0.00000E+00  1.0E-07
  1.300E+02  8.21394E-01  4.94108E-24  1.76449E-07  0.00000E+00  1.0E-07
  1.305E+02  8.24724E-01  4.82964E-24  1.72470E-07  0.00000E+00  1.0E-07
  1.310E+02  8.28030E-01  4.72003E-24  1.68555E-07  0.00000E+00  1.0E-07
  1.315E+02  8.31310E-01  4.61221E-24  1.64705E-07  0.00000E+00  1.0E-07
  1.320E+02  8.34565E-01  4.50617E-24  1.60918E-07  0.00000E+00  1.0E-07
  1.325E+02  8.37795E-01  4.40187E-24  1.57194E-07  0.00000E+00  1.0E-07
  1.330E+02  8.40999E-01  4.29929E-24  1.53530E-07  0.00000E+00  1.0E-07
  1.335E+02  8.44177E-01  4.19841E-24  1.49928E-07  0.00000E+00  1.0E-07
  1.340E+02  8.47329E-01  4.09920E-24  1.46385E-07  0.00000E+00  1.0E-07
  1.345E+02  8.50455E-01  4.00163E-24  1.42901E-07  0.00000E+00  1.0E-07
  1.350E+02  8.53553E-01  3.90569E-24  1.39475E-07  0.00000E+00  1.0E-07
  1.355E+02  8.56625E-01  3.81136E-24  1.36106E-07  0.00000E+00  1.0E-07
  1.360E+02  8.59670E-01  3.71860E-24  1.32794E-07  0.00000E+00  1.0E-07
  1.365E+02  8.62687E-01  3.62741E-24  1.29537E-07  0.00000E+00  1.0E-07
  1.370E+02  8.65677E-01  3.53775E-24  1.26335E-07  0.00000E+00  1.0E-07
  1.375E+02  8.68639E-01  3.44961E-24  1.23188E-07  0.00000E+00  1.0E-07
  1.380E+02  8.71572E-01  3.36297E-24  1.20094E-07  0.00000E+00  1.0E-07
  1.385E+02  8.74478E-01  3.27780E-24  1.17053E-07  0.00000E+00  1.0E-07
  1.390E+02  8.77355E-01  3.19410E-24  1.14063E-07  0.00000E+00  1.0E-07
  1.395E+02  8.80203E-01  3.11184E-24  1.11126E-07  0.00000E+00  1.0E-07
  1.400E+02  8.83022E-01  3.03100E-24  1.08239E-07  0.00000E+00  1.0E-07
  1.405E+02  8.85812E-01  2.95156E-24  1.05402E-07  0.00000E+00  1.0E-07
  1.410E+02  8.88573E-01  2.87351E-24  1.02615E-07  0.00000E+00  1.0E-07
  1.415E+02  8.91304E-01  2.79683E-24  9.98767E-08  0.00000E+00  1.0E-07
  1.420E+02  8.94005E-01  2.72151E-24  9.71868E-08  0.00000E+00  1.0E-07
  1.425E+02  8.96677E-01  2.64752E-24  9.45446E-08  0.00000E+00  1.0E-07
  1.430E+02  8.99318E-01  2.57485E-24  9.19495E-08  0.00000E+00  1.0E-07
  1.435E+02  9.01928E-01  2.50349E-24  8.94011E-08  0.00000E+00  1.0E-07
  1.440E+02  9.04508E-01  2.43341E-24  8.68988E-08  0.00000E+00  1.0E-07
  1.445E+02  9.07058E-01  2.36462E-24  8.44420E-08  0.00000E+00  1.0E-07
  1.450E+02  9.09576E-01  2.29708E-24  8.20302E-08  0.00000E+00  1.0E-07
  1.455E+02  9.12063E-01  2.23079E-24  7.96629E-08  0.00000E+00  1.0E-07
  1.460E+02  9.14519E-01  2.16573E-24  7.73396E-08  0.00000E+00  1.0E-07
  1.465E+02  9.16943E-01  2.10189E-24  7.50599E-08  0.00000E+00  1.0E-07
  1.470E+02  9.19335E-01  2.03926E-24  7.28232E-08  0.00000E+00  1.0E-07
  1.475E+02  9.21696E-01  1.97782E-24  7.06291E-08  0.00000E+00  1.0E-07
  1.480E+02  9.24024E-01  1.91756E-24  6.84772E-08  0.00000E+00  1.0E-07
  1.485E+02  9.26320E-01  1.85846E-24  6.63669E-08  0.00000E+00  1.0E-07
  1.490E+02  9.28584E-01  1.80053E-24  6.42979E-08  0.00000E+00  1.0E-07
  1.495E+02  9.30815E-01  1.74373E-24  6.22698E-08  0.00000E+00  1.0E-07
  1.500E+02  9.33013E-01  1.68807E-24  6.02821E-08  0.00000E+00  1.0E-07
  1.505E+02  9.35178E-01  1.63353E-24  5.83345E-08  0.00000E+00  1.0E-07
  1.510E+02  9.37310E-01  1.58010E-24  5.64265E-08  0.00000E+00  1.0E-07
  1.515E+02  9.39409E-01  1.52777E-24  5.45578E-08  0.00000E+00  1.0E-07
  1.520E+02  9.41474E-01  1.47653E-24  5.27279E-08  0.00000E+00  1.0E-07
  1.525E+02  9.43505E-01  1.42637E-24  5.09366E-08  0.00000E+00  1.0E-07
  1.530E+02  9.45503E-01  1.37728E-24  4.91835E-08  0.00000E+00  1.0E-07
  1.535E+02  9.47467E-01  1.32925E-24  4.74682E-08  0.00000E+00  1.0E-07
  1.540E+02  9.49397E-01  1.28226E-24  4.57904E-08  0.00000E+00  1.0E-07
  1.545E+02  9.51293E-01  1.23632E-24  4.41498E-08  0.00000E+00  1.0E-07
  1.550E+02  9.53154E-01  1.19141E-24  4.25460E-08  0.00000E+00  1.0E-07
  1.555E+02  9.54981E-01  1.14752E-24  4.09787E-08  0.00000E+00  1.0E-07
  1.560E+02  9.56773E-01  1.10465E-24  3.94477E-08  0.00000E+00  1.0E-07
  1.565E+02  9.58530E-01  1.06278E-24  3.79526E-08  0.00000E+00  1.0E-07
  1.570E+02  9.60252E-01  1.02191E-24  3.64932E-08  0.00000E+00  1.0E-07
  1.575E+02  9.61940E-01  9.82034E-25  3.50691E-08  0.00000E+00  1.0E-07
  1.580E+02  9.63592E-01  9.43138E-25  3.36801E-08  0.00000E+00  1.0E-07
  1.585E+02  9.65209E-01  9.05217E-25  3.23259E-08  0.00000E+00  1.0E-07
  1.590E+02  9.66790E-01  8.68265E-25  3.10063E-08  0.00000E+00  1.0E-07
  1.595E+02  9.68336E-01  8.32273E-25  2.97210E-08  0.00000E+00  1.0E-07
  1.600E+02  9.69846E-01  7.97236E-25  2.84698E-08  0.00000E+00  1.0E-07
  1.605E+02  9.71321E-01  7.63146E-25  2.72524E-08  0.00000E+00  1.0E-07
  1.610E+02  9.72759E-01  7.29997E-25  2.60687E-08  0.00000E+00  1.0E-07
  1.615E+02  9.74162E-01  6.97783E-25  2.49183E-08  0.00000E+00  1.0E-07
  1.620E+02  9.75528E-01  6.66498E-25  2.38011E-08  0.00000E+00  1.0E-07
  1.625E+02  9.76858E-01  6.36136E-25  2.27168E-08  0.00000E+00  1.0E-07
  1.630E+02  9.78152E-01  6.06692E-25  2.16654E-08  0.00000E+00  1.0E-07
  1.635E+02  9.79410E-01  5.78159E-25  2.06464E-08  0.00000E+00  1.0E-07
  1.640E+02  9.80631E-01  5.50534E-25  1.96599E-08  0.00000E+00  1.0E-07
  1.645E+02  9.81815E-01  5.23809E-25  1.87056E-08  0.00000E+00  1.0E-07
  1.650E+02  9.82963E-01  4.97981E-25  1.77832E-08  0.00000E+00  1.0E-07
  1.655E+02  9.84074E-01  4.73045E-25  1.68927E-08  0.00000E+00  1.0E-07
  1.660E+02  9.85148E-01  4.48996E-25  1.60339E-08  0.00000E+00  1.0E-07
  1.665E+02  9.86185E-01  4.25830E-25  1.52067E-08  0.00000E+00  1.0E-07
  1.670E+02  9.87185E-01  4.03543E-25  1.44108E-08  0.00000E+00  1.0E-07
  1.675E+02  9.88148E-01  3.82129E-25  1.36461E-08  0.00000E+00  1.0E-07
  1.680E+02  9.89074E-01  3.61587E-25  1.29125E-08  0.00000E+00  1.0E-07
  1.685E+02  9.89962E-01  3.41911E-25  1.22099E-08  0.00000E+00  1.0E-07
  1.690E+02  9.90814E-01  3.23098E-25  1.15381E-08  0.00000E+00  1.0E-07
  1.695E+02  9.91627E-01  3.05146E-25  1.08969E-08  0.00000E+00  1.0E-07
  1.700E+02  9.92404E-01  2.88049E-25  1.02864E-08  0.00000E+00  1.0E-07
  1.705E+02  9.93143E-01  2.71806E-25  9.70638E-09  0.00000E+00  1.0E-07
  1.710E+02  9.93844E-01  2.56414E-25  9.15671E-09  0.00000E+00  1.0E-07
  1.715E+02  9.94508E-01  2.41869E-25  8.63731E-09  0.00000E+00  1.0E-07
  1.720E+02  9.95134E-01  2.28170E-25  8.14809E-09  0.00000E+00  1.0E-07
  1.725E+02  9.95722E-01  2.15313E-25  7.68895E-09  0.00000E+00  1.0E-07
  1.730E+02  9.96273E-01  2.03296E-25  7.25982E-09  0.00000E+00  1.0E-07
  1.735E+02  9.96786E-01  1.92117E-25  6.86062E-09  0.00000E+00  1.0E-07
  1.740E+02  9.97261E-01  1.81774E-25  6.49128E-09  0.00000E+00  1.0E-07
  1.745E+02  9.97698E-01  1.72266E-25  6.15173E-09  0.00000E+00  1.0E-07
  1.750E+02  9.98097E-01  1.63590E-25  5.84191E-09  0.00000E+00  1.0E-07
  1.755E+02  9.98459E-01  1.55745E-25  5.56176E-09  0.00000E+00  1.0E-07
  1.760E+02  9.98782E-01  1.48730E-25  5.31124E-09  0.00000E+00  1.0E-07
  1.765E+02  9.99067E-01  1.42543E-25  5.09029E-09  0.00000E+00  1.0E-07
  1.770E+02  9.99315E-01  1.37183E-25  4.89889E-09  0.00000E+00  1.0E-07
  1.775E+02  9.99524E-01  1.32649E-25  4.73699E-09  0.00000E+00  1.0E-07
  1.780E+02  9.99695E-01  1.28941E-25  4.60456E-09  0.00000E+00  1.0E-07
  1.785E+02  9.99829E-01  1.26057E-25  4.50159E-09  0.00000E+00  1.0E-07
  1.790E+02  9.99924E-01  1.23998E-25  4.42805E-09  0.00000E+00  1.0E-07
  1.795E+02  9.99981E-01  1.22763E-25  4.38393E-09  0.00000E+00  1.0E-07
  1.800E+02  1.00000E+00  1.22351E-25  4.36923E-09  0.00000E+00  1.0E-07
