 #
 # Subroutine ELSEPA. Elastic scattering of electrons and positrons
 #                    by neutral atoms and positive ions
 #
 # Projectile: electron
 # Kinetic energy = 3.70000E+06 eV = 1.35973E+05 a.u.
 #
 # WARNING: High-energy factorization with free-atom DF screening.
 #          Absorption, polarization and exchange corrections are
 #          switched off.
 #          Phase shifts are calculated for the bare nucleus.
 #          Scattering amplitudes are not evaluated.
 #
 # Element: Os,  Z =  76,  atomic weight = 1.90230E+02 g/mol
 #
 # Nuclear model: Fermi distribution
 #                Average radius = 6.15380E-13 cm
 #                Skin thickness = 5.46000E-14 cm
 #
 # Number of electrons = 76
 #
 # Total elastic cross section = 7.80414E-18 cm**2 = 2.78691E-01 a0**2
 # 1st transport cross section = 5.32440E-22 cm**2 = 1.90138E-05 a0**2
 # 2nd transport cross section = 1.42766E-21 cm**2 = 5.09825E-05 a0**2
 #
 #
 # Differential cross section:                       MU=(1-COS(THETA))/2
 #
 #  THETA        MU          DCS          DCS        Sherman      error
 #  (deg)                 (cm**2/sr)   (a0**2/sr)    function
 #----------------------------------------------------------------------
  0.000E+00  0.00000E+00  9.13385E-13  3.26176E+04  0.00000E+00  1.0E-05
  1.000E-04  7.61557E-13  9.13382E-13  3.26174E+04  0.00000E+00  1.0E-05
  1.250E-04  1.18994E-12  9.13380E-13  3.26174E+04  0.00000E+00  1.0E-05
  1.500E-04  1.71346E-12  9.13377E-13  3.26173E+04  0.00000E+00  1.0E-05
  1.750E-04  2.33225E-12  9.13375E-13  3.26172E+04  0.00000E+00  1.0E-05
  2.000E-04  3.04617E-12  9.13371E-13  3.26171E+04  0.00000E+00  1.0E-05
  2.250E-04  3.85530E-12  9.13368E-13  3.26170E+04  0.00000E+00  1.0E-05
  2.500E-04  4.75964E-12  9.13364E-13  3.26168E+04  0.00000E+00  1.0E-05
  2.750E-04  5.75917E-12  9.13359E-13  3.26167E+04  0.00000E+00  1.0E-05
  3.000E-04  6.85391E-12  9.13354E-13  3.26165E+04  0.00000E+00  1.0E-05
  3.250E-04  8.04379E-12  9.13349E-13  3.26163E+04  0.00000E+00  1.0E-05
  3.500E-04  9.32893E-12  9.13343E-13  3.26161E+04  0.00000E+00  1.0E-05
  3.750E-04  1.07092E-11  9.13337E-13  3.26159E+04  0.00000E+00  1.0E-05
  4.000E-04  1.21847E-11  9.13331E-13  3.26156E+04  0.00000E+00  1.0E-05
  4.250E-04  1.37554E-11  9.13324E-13  3.26154E+04  0.00000E+00  1.0E-05
  4.500E-04  1.54213E-11  9.13316E-13  3.26151E+04  0.00000E+00  1.0E-05
  4.750E-04  1.71823E-11  9.13308E-13  3.26148E+04  0.00000E+00  1.0E-05
  5.000E-04  1.90386E-11  9.13300E-13  3.26145E+04  0.00000E+00  1.0E-05
  5.250E-04  2.09900E-11  9.13291E-13  3.26142E+04  0.00000E+00  1.0E-05
  5.500E-04  2.30367E-11  9.13282E-13  3.26139E+04  0.00000E+00  1.0E-05
  5.750E-04  2.51785E-11  9.13273E-13  3.26136E+04  0.00000E+00  1.0E-05
  6.000E-04  2.74156E-11  9.13263E-13  3.26132E+04  0.00000E+00  1.0E-05
  6.250E-04  2.97478E-11  9.13252E-13  3.26128E+04  0.00000E+00  1.0E-05
  6.500E-04  3.21752E-11  9.13241E-13  3.26124E+04  0.00000E+00  1.0E-05
  6.750E-04  3.46979E-11  9.13230E-13  3.26120E+04  0.00000E+00  1.0E-05
  7.000E-04  3.73157E-11  9.13218E-13  3.26116E+04  0.00000E+00  1.0E-05
  7.250E-04  4.00286E-11  9.13206E-13  3.26112E+04  0.00000E+00  1.0E-05
  7.500E-04  4.28368E-11  9.13194E-13  3.26107E+04  0.00000E+00  1.0E-05
  7.750E-04  4.57402E-11  9.13181E-13  3.26103E+04  0.00000E+00  1.0E-05
  8.000E-04  4.87388E-11  9.13167E-13  3.26098E+04  0.00000E+00  1.0E-05
  8.250E-04  5.18325E-11  9.13153E-13  3.26093E+04  0.00000E+00  1.0E-05
  8.500E-04  5.50215E-11  9.13139E-13  3.26088E+04  0.00000E+00  1.0E-05
  8.750E-04  5.83057E-11  9.13124E-13  3.26083E+04  0.00000E+00  1.0E-05
  9.000E-04  6.16850E-11  9.13109E-13  3.26077E+04  0.00000E+00  1.0E-05
  9.250E-04  6.51595E-11  9.13094E-13  3.26072E+04  0.00000E+00  1.0E-05
  9.500E-04  6.87293E-11  9.13078E-13  3.26066E+04  0.00000E+00  1.0E-05
  9.750E-04  7.23943E-11  9.13061E-13  3.26060E+04  0.00000E+00  1.0E-05
  1.000E-03  7.61544E-11  9.13045E-13  3.26054E+04  0.00000E+00  1.0E-05
  1.250E-03  1.18991E-10  9.12853E-13  3.25986E+04  0.00000E+00  1.0E-05
  1.500E-03  1.71347E-10  9.12619E-13  3.25902E+04  0.00000E+00  1.0E-05
  1.750E-03  2.33223E-10  9.12342E-13  3.25803E+04  0.00000E+00  1.0E-05
  2.000E-03  3.04617E-10  9.12022E-13  3.25689E+04  0.00000E+00  1.0E-05
  2.250E-03  3.85531E-10  9.11661E-13  3.25560E+04  0.00000E+00  1.0E-05
  2.500E-03  4.75965E-10  9.11257E-13  3.25416E+04  0.00000E+00  1.0E-05
  2.750E-03  5.75917E-10  9.10810E-13  3.25256E+04  0.00000E+00  1.0E-05
  3.000E-03  6.85389E-10  9.10322E-13  3.25082E+04  0.00000E+00  1.0E-05
  3.250E-03  8.04380E-10  9.09792E-13  3.24893E+04  0.00000E+00  1.0E-05
  3.500E-03  9.32891E-10  9.09220E-13  3.24688E+04  0.00000E+00  1.0E-05
  3.750E-03  1.07092E-09  9.08606E-13  3.24469E+04  0.00000E+00  1.0E-05
  4.000E-03  1.21847E-09  9.07950E-13  3.24235E+04  0.00000E+00  1.0E-05
  4.250E-03  1.37554E-09  9.07253E-13  3.23986E+04  0.00000E+00  1.0E-05
  4.500E-03  1.54213E-09  9.06515E-13  3.23722E+04  0.00000E+00  1.0E-05
  4.750E-03  1.71823E-09  9.05736E-13  3.23444E+04  0.00000E+00  1.0E-05
  5.000E-03  1.90386E-09  9.04916E-13  3.23151E+04  0.00000E+00  1.0E-05
  5.250E-03  2.09900E-09  9.04055E-13  3.22844E+04  0.00000E+00  1.0E-05
  5.500E-03  2.30367E-09  9.03154E-13  3.22522E+04  0.00000E+00  1.0E-05
  5.750E-03  2.51785E-09  9.02212E-13  3.22186E+04  0.00000E+00  1.0E-05
  6.000E-03  2.74156E-09  9.01230E-13  3.21835E+04  0.00000E+00  1.0E-05
  6.250E-03  2.97478E-09  9.00209E-13  3.21470E+04  0.00000E+00  1.0E-05
  6.500E-03  3.21752E-09  8.99148E-13  3.21091E+04  0.00000E+00  1.0E-05
  6.750E-03  3.46978E-09  8.98047E-13  3.20698E+04  0.00000E+00  1.0E-05
  7.000E-03  3.73156E-09  8.96907E-13  3.20291E+04  0.00000E+00  1.0E-05
  7.250E-03  4.00286E-09  8.95729E-13  3.19871E+04  0.00000E+00  1.0E-05
  7.500E-03  4.28368E-09  8.94512E-13  3.19436E+04  0.00000E+00  1.0E-05
  7.750E-03  4.57402E-09  8.93257E-13  3.18988E+04  0.00000E+00  1.0E-05
  8.000E-03  4.87388E-09  8.91964E-13  3.18526E+04  0.00000E+00  1.0E-05
  8.250E-03  5.18326E-09  8.90633E-13  3.18051E+04  0.00000E+00  1.0E-05
  8.500E-03  5.50215E-09  8.89265E-13  3.17562E+04  0.00000E+00  1.0E-05
  8.750E-03  5.83057E-09  8.87859E-13  3.17060E+04  0.00000E+00  1.0E-05
  9.000E-03  6.16850E-09  8.86417E-13  3.16545E+04  0.00000E+00  1.0E-05
  9.250E-03  6.51596E-09  8.84939E-13  3.16017E+04  0.00000E+00  1.0E-05
  9.500E-03  6.87293E-09  8.83424E-13  3.15477E+04  0.00000E+00  1.0E-05
  9.750E-03  7.23942E-09  8.81874E-13  3.14923E+04  0.00000E+00  1.0E-05
  1.000E-02  7.61544E-09  8.80288E-13  3.14356E+04  0.00000E+00  1.0E-05
  1.250E-02  1.18991E-08  8.62563E-13  3.08027E+04  0.00000E+00  1.0E-05
  1.500E-02  1.71347E-08  8.41628E-13  3.00551E+04  0.00000E+00  1.0E-05
  1.750E-02  2.33223E-08  8.18082E-13  2.92142E+04  0.00000E+00  1.0E-05
  2.000E-02  3.04617E-08  7.92375E-13  2.82962E+04  0.00000E+00  1.0E-05
  2.250E-02  3.85531E-08  7.64811E-13  2.73119E+04  0.00000E+00  1.0E-05
  2.500E-02  4.75965E-08  7.35869E-13  2.62784E+04  0.00000E+00  1.0E-05
  2.750E-02  5.75917E-08  7.06115E-13  2.52158E+04  0.00000E+00  1.0E-05
  3.000E-02  6.85389E-08  6.75964E-13  2.41391E+04  0.00000E+00  1.0E-05
  3.250E-02  8.04380E-08  6.45630E-13  2.30559E+04  0.00000E+00  1.0E-05
  3.500E-02  9.32891E-08  6.15353E-13  2.19747E+04  0.00000E+00  1.0E-05
  3.750E-02  1.07092E-07  5.85614E-13  2.09127E+04  0.00000E+00  1.0E-05
  4.000E-02  1.21847E-07  5.56629E-13  1.98776E+04  0.00000E+00  1.0E-05
  4.250E-02  1.37554E-07  5.28492E-13  1.88728E+04  0.00000E+00  1.0E-05
  4.500E-02  1.54213E-07  5.01158E-13  1.78967E+04  0.00000E+00  1.0E-05
  4.750E-02  1.71823E-07  4.74980E-13  1.69618E+04  0.00000E+00  1.0E-05
  5.000E-02  1.90386E-07  4.50009E-13  1.60701E+04  0.00000E+00  1.0E-05
  5.250E-02  2.09900E-07  4.26264E-13  1.52222E+04  0.00000E+00  1.0E-05
  5.500E-02  2.30367E-07  4.03523E-13  1.44101E+04  0.00000E+00  1.0E-05
  5.750E-02  2.51785E-07  3.82033E-13  1.36426E+04  0.00000E+00  1.0E-05
  6.000E-02  2.74156E-07  3.61761E-13  1.29187E+04  0.00000E+00  1.0E-05
  6.250E-02  2.97478E-07  3.42665E-13  1.22368E+04  0.00000E+00  1.0E-05
  6.500E-02  3.21752E-07  3.24557E-13  1.15901E+04  0.00000E+00  1.0E-05
  6.750E-02  3.46978E-07  3.07517E-13  1.09816E+04  0.00000E+00  1.0E-05
  7.000E-02  3.73156E-07  2.91519E-13  1.04103E+04  0.00000E+00  1.0E-05
  7.250E-02  4.00286E-07  2.76503E-13  9.87410E+03  0.00000E+00  1.0E-05
  7.500E-02  4.28368E-07  2.62334E-13  9.36812E+03  0.00000E+00  1.0E-05
  7.750E-02  4.57402E-07  2.49000E-13  8.89194E+03  0.00000E+00  1.0E-05
  8.000E-02  4.87388E-07  2.36493E-13  8.44532E+03  0.00000E+00  1.0E-05
  8.250E-02  5.18325E-07  2.24759E-13  8.02627E+03  0.00000E+00  1.0E-05
  8.500E-02  5.50215E-07  2.13705E-13  7.63154E+03  0.00000E+00  1.0E-05
  8.750E-02  5.83057E-07  2.03279E-13  7.25921E+03  0.00000E+00  1.0E-05
  9.000E-02  6.16850E-07  1.93489E-13  6.90961E+03  0.00000E+00  1.0E-05
  9.250E-02  6.51596E-07  1.84290E-13  6.58113E+03  0.00000E+00  1.0E-05
  9.500E-02  6.87293E-07  1.75626E-13  6.27172E+03  0.00000E+00  1.0E-05
  9.750E-02  7.23942E-07  1.67426E-13  5.97889E+03  0.00000E+00  1.0E-05
  1.000E-01  7.61543E-07  1.59710E-13  5.70336E+03  0.00000E+00  1.0E-05
  1.250E-01  1.18991E-06  1.02479E-13  3.65958E+03  0.00000E+00  1.0E-05
  1.500E-01  1.71347E-06  6.78405E-14  2.42263E+03  0.00000E+00  1.0E-05
  1.750E-01  2.33223E-06  4.72938E-14  1.68889E+03  0.00000E+00  1.0E-05
  2.000E-01  3.04617E-06  3.40379E-14  1.21552E+03  0.00000E+00  1.0E-05
  2.250E-01  3.85531E-06  2.49962E-14  8.92629E+02  0.00000E+00  1.0E-05
  2.500E-01  4.75964E-06  1.87755E-14  6.70486E+02  0.00000E+00  1.0E-05
  2.750E-01  5.75916E-06  1.44192E-14  5.14919E+02  0.00000E+00  1.0E-05
  3.000E-01  6.85388E-06  1.12761E-14  4.02677E+02  0.00000E+00  1.0E-05
  3.250E-01  8.04378E-06  8.93273E-15  3.18994E+02  0.00000E+00  1.0E-05
  3.500E-01  9.32888E-06  7.15134E-15  2.55379E+02  0.00000E+00  1.0E-05
  3.750E-01  1.07092E-05  5.79294E-15  2.06870E+02  0.00000E+00  1.0E-05
  4.000E-01  1.21846E-05  4.73949E-15  1.69250E+02  0.00000E+00  1.0E-05
  4.250E-01  1.37553E-05  3.90845E-15  1.39573E+02  0.00000E+00  1.0E-05
  4.500E-01  1.54212E-05  3.24213E-15  1.15779E+02  0.00000E+00  1.0E-05
  4.750E-01  1.71822E-05  2.71054E-15  9.67952E+01  0.00000E+00  1.0E-05
  5.000E-01  1.90385E-05  2.28092E-15  8.14532E+01  0.00000E+00  1.0E-05
  5.250E-01  2.09899E-05  1.93437E-15  6.90776E+01  0.00000E+00  1.0E-05
  5.500E-01  2.30365E-05  1.64835E-15  5.88636E+01  0.00000E+00  1.0E-05
  5.750E-01  2.51783E-05  1.41310E-15  5.04627E+01  0.00000E+00  1.0E-05
  6.000E-01  2.74153E-05  1.21826E-15  4.35048E+01  0.00000E+00  1.0E-05
  6.250E-01  2.97475E-05  1.05599E-15  3.77100E+01  0.00000E+00  1.0E-05
  6.500E-01  3.21749E-05  9.20101E-16  3.28574E+01  0.00000E+00  1.0E-05
  6.750E-01  3.46974E-05  8.05257E-16  2.87563E+01  0.00000E+00  1.0E-05
  7.000E-01  3.73152E-05  7.08112E-16  2.52872E+01  0.00000E+00  1.0E-05
  7.250E-01  4.00281E-05  6.25633E-16  2.23418E+01  0.00000E+00  1.0E-05
  7.500E-01  4.28362E-05  5.55104E-16  1.98231E+01  0.00000E+00  1.0E-05
  7.750E-01  4.57395E-05  4.94485E-16  1.76584E+01  0.00000E+00  1.0E-05
  8.000E-01  4.87380E-05  4.42129E-16  1.57887E+01  0.00000E+00  1.0E-05
  8.250E-01  5.18317E-05  3.96671E-16  1.41654E+01  0.00000E+00  1.0E-05
  8.500E-01  5.50205E-05  3.56964E-16  1.27474E+01  0.00000E+00  1.0E-05
  8.750E-01  5.83045E-05  3.22114E-16  1.15029E+01  0.00000E+00  1.0E-05
  9.000E-01  6.16838E-05  2.91475E-16  1.04088E+01  0.00000E+00  1.0E-05
  9.250E-01  6.51582E-05  2.64444E-16  9.44347E+00  0.00000E+00  1.0E-05
  9.500E-01  6.87277E-05  2.40498E-16  8.58833E+00  0.00000E+00  1.0E-05
  9.750E-01  7.23925E-05  2.19188E-16  7.82736E+00  0.00000E+00  1.0E-05
  1.000E+00  7.61524E-05  2.00216E-16  7.14983E+00  0.00000E+00  9.7E-06
  1.100E+00  9.21439E-05  1.42177E-16  5.07723E+00  0.00000E+00  7.2E-06
  1.200E+00  1.09658E-04  1.03764E-16  3.70549E+00  0.00000E+00  3.9E-06
  1.300E+00  1.28695E-04  7.74706E-17  2.76652E+00  0.00000E+00  7.5E-07
  1.400E+00  1.49255E-04  5.89448E-17  2.10496E+00  0.00000E+00  1.6E-06
  1.500E+00  1.71338E-04  4.56788E-17  1.63122E+00  0.00000E+00  2.8E-06
  1.600E+00  1.94942E-04  3.59518E-17  1.28386E+00  0.00000E+00  3.0E-06
  1.700E+00  2.20070E-04  2.86785E-17  1.02413E+00  0.00000E+00  2.4E-06
  1.800E+00  2.46720E-04  2.31452E-17  8.26528E-01  0.00000E+00  1.3E-06
  1.900E+00  2.74892E-04  1.88890E-17  6.74539E-01  0.00000E+00  1.9E-07
  2.000E+00  3.04586E-04  1.55704E-17  5.56029E-01  0.00000E+00  7.3E-07
  2.100E+00  3.35803E-04  1.29512E-17  4.62495E-01  0.00000E+00  1.3E-06
  2.200E+00  3.68542E-04  1.08565E-17  3.87692E-01  0.00000E+00  1.4E-06
  2.300E+00  4.02802E-04  9.17033E-18  3.27479E-01  0.00000E+00  1.1E-06
  2.400E+00  4.38585E-04  7.80033E-18  2.78555E-01  0.00000E+00  6.0E-07
  2.500E+00  4.75889E-04  6.67768E-18  2.38464E-01  0.00000E+00  1.0E-07
  2.600E+00  5.14715E-04  5.74932E-18  2.05312E-01  0.00000E+00  4.2E-07
  2.700E+00  5.55063E-04  4.97733E-18  1.77744E-01  0.00000E+00  6.9E-07
  2.800E+00  5.96931E-04  4.33127E-18  1.54672E-01  0.00000E+00  7.4E-07
  2.900E+00  6.40321E-04  3.78717E-18  1.35242E-01  0.00000E+00  5.9E-07
  3.000E+00  6.85233E-04  3.32586E-18  1.18769E-01  0.00000E+00  3.2E-07
  3.100E+00  7.31665E-04  2.93288E-18  1.04735E-01  0.00000E+00  1.0E-07
  3.200E+00  7.79618E-04  2.59654E-18  9.27240E-02  0.00000E+00  2.7E-07
  3.300E+00  8.29092E-04  2.30728E-18  8.23946E-02  0.00000E+00  4.3E-07
  3.400E+00  8.80086E-04  2.05726E-18  7.34661E-02  0.00000E+00  4.6E-07
  3.500E+00  9.32601E-04  1.84023E-18  6.57160E-02  0.00000E+00  3.6E-07
  3.600E+00  9.86636E-04  1.65122E-18  5.89660E-02  0.00000E+00  1.8E-07
  3.700E+00  1.04219E-03  1.48595E-18  5.30643E-02  0.00000E+00  1.0E-07
  3.800E+00  1.09927E-03  1.34091E-18  4.78846E-02  0.00000E+00  1.9E-07
  3.900E+00  1.15786E-03  1.21311E-18  4.33210E-02  0.00000E+00  2.9E-07
  4.000E+00  1.21797E-03  1.10025E-18  3.92905E-02  0.00000E+00  3.0E-07
  4.100E+00  1.27961E-03  1.00025E-18  3.57197E-02  0.00000E+00  2.3E-07
  4.200E+00  1.34276E-03  9.11401E-19  3.25467E-02  0.00000E+00  1.1E-07
  4.300E+00  1.40743E-03  8.32173E-19  2.97174E-02  0.00000E+00  1.0E-07
  4.400E+00  1.47362E-03  7.61400E-19  2.71901E-02  0.00000E+00  1.4E-07
  4.500E+00  1.54133E-03  6.98019E-19  2.49267E-02  0.00000E+00  2.1E-07
  4.600E+00  1.61056E-03  6.41119E-19  2.28948E-02  0.00000E+00  2.1E-07
  4.700E+00  1.68131E-03  5.89889E-19  2.10653E-02  0.00000E+00  1.6E-07
  4.800E+00  1.75357E-03  5.43690E-19  1.94155E-02  0.00000E+00  1.0E-07
  4.900E+00  1.82735E-03  5.01942E-19  1.79247E-02  0.00000E+00  1.0E-07
  5.000E+00  1.90265E-03  4.64138E-19  1.65747E-02  0.00000E+00  1.1E-07
  5.100E+00  1.97947E-03  4.29827E-19  1.53494E-02  0.00000E+00  1.5E-07
  5.200E+00  2.05780E-03  3.98635E-19  1.42355E-02  0.00000E+00  1.5E-07
  5.300E+00  2.13765E-03  3.70232E-19  1.32212E-02  0.00000E+00  1.1E-07
  5.400E+00  2.21902E-03  3.44325E-19  1.22961E-02  0.00000E+00  1.0E-07
  5.500E+00  2.30190E-03  3.20648E-19  1.14505E-02  0.00000E+00  1.0E-07
  5.600E+00  2.38630E-03  2.98975E-19  1.06766E-02  0.00000E+00  1.0E-07
  5.700E+00  2.47222E-03  2.79111E-19  9.96724E-03  0.00000E+00  1.2E-07
  5.800E+00  2.55965E-03  2.60877E-19  9.31610E-03  0.00000E+00  1.2E-07
  5.900E+00  2.64859E-03  2.44113E-19  8.71744E-03  0.00000E+00  1.0E-07
  6.000E+00  2.73905E-03  2.28677E-19  8.16621E-03  0.00000E+00  1.0E-07
  6.100E+00  2.83103E-03  2.14448E-19  7.65809E-03  0.00000E+00  1.0E-07
  6.200E+00  2.92452E-03  2.01315E-19  7.18910E-03  0.00000E+00  1.0E-07
  6.300E+00  3.01952E-03  1.89177E-19  6.75564E-03  0.00000E+00  1.0E-07
  6.400E+00  3.11604E-03  1.77942E-19  6.35444E-03  0.00000E+00  1.0E-07
  6.500E+00  3.21407E-03  1.67535E-19  5.98277E-03  0.00000E+00  1.0E-07
  6.600E+00  3.31362E-03  1.57881E-19  5.63804E-03  0.00000E+00  1.0E-07
  6.700E+00  3.41468E-03  1.48918E-19  5.31795E-03  0.00000E+00  1.0E-07
  6.800E+00  3.51725E-03  1.40583E-19  5.02033E-03  0.00000E+00  1.0E-07
  6.900E+00  3.62133E-03  1.32828E-19  4.74337E-03  0.00000E+00  1.0E-07
  7.000E+00  3.72692E-03  1.25604E-19  4.48540E-03  0.00000E+00  1.0E-07
  7.100E+00  3.83403E-03  1.18868E-19  4.24485E-03  0.00000E+00  1.0E-07
  7.200E+00  3.94265E-03  1.12579E-19  4.02029E-03  0.00000E+00  1.0E-07
  7.300E+00  4.05278E-03  1.06704E-19  3.81049E-03  0.00000E+00  1.0E-07
  7.400E+00  4.16442E-03  1.01211E-19  3.61430E-03  0.00000E+00  1.0E-07
  7.500E+00  4.27757E-03  9.60690E-20  3.43069E-03  0.00000E+00  1.0E-07
  7.600E+00  4.39223E-03  9.12518E-20  3.25866E-03  0.00000E+00  1.0E-07
  7.700E+00  4.50840E-03  8.67349E-20  3.09736E-03  0.00000E+00  1.0E-07
  7.800E+00  4.62608E-03  8.24966E-20  2.94601E-03  0.00000E+00  1.0E-07
  7.900E+00  4.74527E-03  7.85163E-20  2.80387E-03  0.00000E+00  1.0E-07
  8.000E+00  4.86597E-03  7.47751E-20  2.67027E-03  0.00000E+00  1.0E-07
  8.100E+00  4.98817E-03  7.12558E-20  2.54459E-03  0.00000E+00  1.0E-07
  8.200E+00  5.11188E-03  6.79431E-20  2.42629E-03  0.00000E+00  1.0E-07
  8.300E+00  5.23711E-03  6.48226E-20  2.31486E-03  0.00000E+00  1.0E-07
  8.400E+00  5.36383E-03  6.18809E-20  2.20981E-03  0.00000E+00  1.0E-07
  8.500E+00  5.49207E-03  5.91056E-20  2.11070E-03  0.00000E+00  1.0E-07
  8.600E+00  5.62181E-03  5.64857E-20  2.01714E-03  0.00000E+00  1.0E-07
  8.700E+00  5.75306E-03  5.40109E-20  1.92876E-03  0.00000E+00  1.0E-07
  8.800E+00  5.88581E-03  5.16716E-20  1.84523E-03  0.00000E+00  1.0E-07
  8.900E+00  6.02007E-03  4.94588E-20  1.76620E-03  0.00000E+00  1.0E-07
  9.000E+00  6.15583E-03  4.73644E-20  1.69141E-03  0.00000E+00  1.0E-07
  9.100E+00  6.29310E-03  4.53810E-20  1.62058E-03  0.00000E+00  1.0E-07
  9.200E+00  6.43187E-03  4.35015E-20  1.55347E-03  0.00000E+00  1.0E-07
  9.300E+00  6.57214E-03  4.17193E-20  1.48982E-03  0.00000E+00  1.0E-07
  9.400E+00  6.71392E-03  4.00285E-20  1.42944E-03  0.00000E+00  1.0E-07
  9.500E+00  6.85720E-03  3.84235E-20  1.37213E-03  0.00000E+00  1.0E-07
  9.600E+00  7.00198E-03  3.68991E-20  1.31769E-03  0.00000E+00  1.0E-07
  9.700E+00  7.14827E-03  3.54505E-20  1.26596E-03  0.00000E+00  1.0E-07
  9.800E+00  7.29605E-03  3.40731E-20  1.21677E-03  0.00000E+00  1.0E-07
  9.900E+00  7.44534E-03  3.27628E-20  1.16998E-03  0.00000E+00  1.0E-07
  1.000E+01  7.59612E-03  3.15157E-20  1.12545E-03  0.00000E+00  1.0E-07
  1.025E+01  7.97965E-03  2.86511E-20  1.02315E-03  0.00000E+00  1.0E-07
  1.050E+01  8.37255E-03  2.61086E-20  9.32356E-04  0.00000E+00  1.0E-07
  1.075E+01  8.77480E-03  2.38456E-20  8.51542E-04  0.00000E+00  1.0E-07
  1.100E+01  9.18641E-03  2.18258E-20  7.79414E-04  0.00000E+00  1.0E-07
  1.125E+01  9.60736E-03  2.00184E-20  7.14868E-04  0.00000E+00  1.0E-07
  1.150E+01  1.00376E-02  1.83968E-20  6.56963E-04  0.00000E+00  1.0E-07
  1.175E+01  1.04773E-02  1.69387E-20  6.04891E-04  0.00000E+00  1.0E-07
  1.200E+01  1.09262E-02  1.56244E-20  5.57956E-04  0.00000E+00  1.0E-07
  1.225E+01  1.13844E-02  1.44371E-20  5.15559E-04  0.00000E+00  1.0E-07
  1.250E+01  1.18520E-02  1.33624E-20  4.77178E-04  0.00000E+00  1.0E-07
  1.275E+01  1.23288E-02  1.23875E-20  4.42364E-04  0.00000E+00  1.0E-07
  1.300E+01  1.28150E-02  1.15014E-20  4.10723E-04  0.00000E+00  1.0E-07
  1.325E+01  1.33104E-02  1.06945E-20  3.81909E-04  0.00000E+00  1.0E-07
  1.350E+01  1.38150E-02  9.95859E-21  3.55628E-04  0.00000E+00  1.0E-07
  1.375E+01  1.43290E-02  9.28604E-21  3.31611E-04  0.00000E+00  1.0E-07
  1.400E+01  1.48521E-02  8.67041E-21  3.09626E-04  0.00000E+00  1.0E-07
  1.425E+01  1.53845E-02  8.10601E-21  2.89471E-04  0.00000E+00  1.0E-07
  1.450E+01  1.59262E-02  7.58776E-21  2.70964E-04  0.00000E+00  1.0E-07
  1.475E+01  1.64770E-02  7.11114E-21  2.53943E-04  0.00000E+00  1.0E-07
  1.500E+01  1.70371E-02  6.67215E-21  2.38267E-04  0.00000E+00  1.0E-07
  1.525E+01  1.76063E-02  6.26729E-21  2.23809E-04  0.00000E+00  1.0E-07
  1.550E+01  1.81848E-02  5.89339E-21  2.10457E-04  0.00000E+00  1.0E-07
  1.575E+01  1.87724E-02  5.54761E-21  1.98109E-04  0.00000E+00  1.0E-07
  1.600E+01  1.93692E-02  5.22742E-21  1.86674E-04  0.00000E+00  1.0E-07
  1.625E+01  1.99751E-02  4.93057E-21  1.76074E-04  0.00000E+00  1.0E-07
  1.650E+01  2.05901E-02  4.65503E-21  1.66234E-04  0.00000E+00  1.0E-07
  1.675E+01  2.12143E-02  4.39897E-21  1.57090E-04  0.00000E+00  1.0E-07
  1.700E+01  2.18476E-02  4.16073E-21  1.48582E-04  0.00000E+00  1.0E-07
  1.725E+01  2.24900E-02  3.93883E-21  1.40658E-04  0.00000E+00  1.0E-07
  1.750E+01  2.31415E-02  3.73195E-21  1.33270E-04  0.00000E+00  1.0E-07
  1.775E+01  2.38021E-02  3.53885E-21  1.26375E-04  0.00000E+00  1.0E-07
  1.800E+01  2.44717E-02  3.35843E-21  1.19932E-04  0.00000E+00  1.0E-07
  1.825E+01  2.51504E-02  3.18970E-21  1.13906E-04  0.00000E+00  1.0E-07
  1.850E+01  2.58382E-02  3.03175E-21  1.08266E-04  0.00000E+00  1.0E-07
  1.875E+01  2.65349E-02  2.88375E-21  1.02981E-04  0.00000E+00  1.0E-07
  1.900E+01  2.72407E-02  2.74495E-21  9.80240E-05  0.00000E+00  1.0E-07
  1.925E+01  2.79555E-02  2.61466E-21  9.33713E-05  0.00000E+00  1.0E-07
  1.950E+01  2.86793E-02  2.49226E-21  8.90003E-05  0.00000E+00  1.0E-07
  1.975E+01  2.94120E-02  2.37718E-21  8.48906E-05  0.00000E+00  1.0E-07
  2.000E+01  3.01537E-02  2.26887E-21  8.10229E-05  0.00000E+00  1.0E-07
  2.025E+01  3.09043E-02  2.16687E-21  7.73805E-05  0.00000E+00  1.0E-07
  2.050E+01  3.16639E-02  2.07074E-21  7.39475E-05  0.00000E+00  1.0E-07
  2.075E+01  3.24324E-02  1.98007E-21  7.07094E-05  0.00000E+00  1.0E-07
  2.100E+01  3.32098E-02  1.89447E-21  6.76528E-05  0.00000E+00  1.0E-07
  2.125E+01  3.39961E-02  1.81362E-21  6.47655E-05  0.00000E+00  1.0E-07
  2.150E+01  3.47912E-02  1.73719E-21  6.20362E-05  0.00000E+00  1.0E-07
  2.175E+01  3.55952E-02  1.66489E-21  5.94545E-05  0.00000E+00  1.0E-07
  2.200E+01  3.64081E-02  1.59646E-21  5.70106E-05  0.00000E+00  1.0E-07
  2.225E+01  3.72297E-02  1.53164E-21  5.46958E-05  0.00000E+00  1.0E-07
  2.250E+01  3.80602E-02  1.47020E-21  5.25018E-05  0.00000E+00  1.0E-07
  2.275E+01  3.88995E-02  1.41193E-21  5.04210E-05  0.00000E+00  1.0E-07
  2.300E+01  3.97476E-02  1.35664E-21  4.84463E-05  0.00000E+00  1.0E-07
  2.325E+01  4.06044E-02  1.30413E-21  4.65712E-05  0.00000E+00  1.0E-07
  2.350E+01  4.14700E-02  1.25424E-21  4.47896E-05  0.00000E+00  1.0E-07
  2.375E+01  4.23443E-02  1.20681E-21  4.30959E-05  0.00000E+00  1.0E-07
  2.400E+01  4.32273E-02  1.16169E-21  4.14847E-05  0.00000E+00  1.0E-07
  2.425E+01  4.41190E-02  1.11875E-21  3.99513E-05  0.00000E+00  1.0E-07
  2.450E+01  4.50194E-02  1.07786E-21  3.84910E-05  0.00000E+00  1.0E-07
  2.475E+01  4.59284E-02  1.03890E-21  3.70998E-05  0.00000E+00  1.0E-07
  2.500E+01  4.68461E-02  1.00176E-21  3.57735E-05  0.00000E+00  1.0E-07
  2.550E+01  4.87074E-02  9.32536E-22  3.33015E-05  0.00000E+00  1.0E-07
  2.600E+01  5.06030E-02  8.69440E-22  3.10483E-05  0.00000E+00  1.0E-07
  2.650E+01  5.25328E-02  8.11820E-22  2.89906E-05  0.00000E+00  1.0E-07
  2.700E+01  5.44967E-02  7.59104E-22  2.71081E-05  0.00000E+00  1.0E-07
  2.750E+01  5.64946E-02  7.10787E-22  2.53827E-05  0.00000E+00  1.0E-07
  2.800E+01  5.85262E-02  6.66428E-22  2.37986E-05  0.00000E+00  1.0E-07
  2.850E+01  6.05914E-02  6.25634E-22  2.23418E-05  0.00000E+00  1.0E-07
  2.900E+01  6.26901E-02  5.88060E-22  2.10000E-05  0.00000E+00  1.0E-07
  2.950E+01  6.48222E-02  5.53397E-22  1.97622E-05  0.00000E+00  1.0E-07
  3.000E+01  6.69873E-02  5.21373E-22  1.86186E-05  0.00000E+00  1.0E-07
  3.050E+01  6.91854E-02  4.91744E-22  1.75605E-05  0.00000E+00  1.0E-07
  3.100E+01  7.14163E-02  4.64293E-22  1.65802E-05  0.00000E+00  1.0E-07
  3.150E+01  7.36799E-02  4.38826E-22  1.56708E-05  0.00000E+00  1.0E-07
  3.200E+01  7.59760E-02  4.15168E-22  1.48259E-05  0.00000E+00  1.0E-07
  3.250E+01  7.83043E-02  3.93164E-22  1.40401E-05  0.00000E+00  1.0E-07
  3.300E+01  8.06647E-02  3.72672E-22  1.33083E-05  0.00000E+00  1.0E-07
  3.350E+01  8.30571E-02  3.53565E-22  1.26260E-05  0.00000E+00  1.0E-07
  3.400E+01  8.54812E-02  3.35730E-22  1.19891E-05  0.00000E+00  1.0E-07
  3.450E+01  8.79369E-02  3.19064E-22  1.13940E-05  0.00000E+00  1.0E-07
  3.500E+01  9.04240E-02  3.03473E-22  1.08372E-05  0.00000E+00  1.0E-07
  3.550E+01  9.29422E-02  2.88872E-22  1.03158E-05  0.00000E+00  1.0E-07
  3.600E+01  9.54915E-02  2.75185E-22  9.82703E-06  0.00000E+00  1.0E-07
  3.650E+01  9.80716E-02  2.62341E-22  9.36837E-06  0.00000E+00  1.0E-07
  3.700E+01  1.00682E-01  2.50278E-22  8.93757E-06  0.00000E+00  1.0E-07
  3.750E+01  1.03323E-01  2.38935E-22  8.53254E-06  0.00000E+00  1.0E-07
  3.800E+01  1.05995E-01  2.28262E-22  8.15140E-06  0.00000E+00  1.0E-07
  3.850E+01  1.08696E-01  2.18210E-22  7.79242E-06  0.00000E+00  1.0E-07
  3.900E+01  1.11427E-01  2.08734E-22  7.45402E-06  0.00000E+00  1.0E-07
  3.950E+01  1.14188E-01  1.99793E-22  7.13474E-06  0.00000E+00  1.0E-07
  4.000E+01  1.16978E-01  1.91351E-22  6.83328E-06  0.00000E+00  1.0E-07
  4.050E+01  1.19797E-01  1.83374E-22  6.54840E-06  0.00000E+00  1.0E-07
  4.100E+01  1.22645E-01  1.75829E-22  6.27897E-06  0.00000E+00  1.0E-07
  4.150E+01  1.25522E-01  1.68688E-22  6.02397E-06  0.00000E+00  1.0E-07
  4.200E+01  1.28428E-01  1.61925E-22  5.78245E-06  0.00000E+00  1.0E-07
  4.250E+01  1.31361E-01  1.55515E-22  5.55353E-06  0.00000E+00  1.0E-07
  4.300E+01  1.34323E-01  1.49434E-22  5.33640E-06  0.00000E+00  1.0E-07
  4.350E+01  1.37313E-01  1.43663E-22  5.13030E-06  0.00000E+00  1.0E-07
  4.400E+01  1.40330E-01  1.38181E-22  4.93455E-06  0.00000E+00  1.0E-07
  4.450E+01  1.43375E-01  1.32972E-22  4.74851E-06  0.00000E+00  1.0E-07
  4.500E+01  1.46447E-01  1.28017E-22  4.57157E-06  0.00000E+00  1.0E-07
  4.550E+01  1.49545E-01  1.23302E-22  4.40320E-06  0.00000E+00  1.0E-07
  4.600E+01  1.52671E-01  1.18813E-22  4.24288E-06  0.00000E+00  1.0E-07
  4.650E+01  1.55823E-01  1.14535E-22  4.09013E-06  0.00000E+00  1.0E-07
  4.700E+01  1.59001E-01  1.10457E-22  3.94450E-06  0.00000E+00  1.0E-07
  4.750E+01  1.62205E-01  1.06568E-22  3.80560E-06  0.00000E+00  1.0E-07
  4.800E+01  1.65435E-01  1.02855E-22  3.67303E-06  0.00000E+00  1.0E-07
  4.850E+01  1.68690E-01  9.93101E-23  3.54643E-06  0.00000E+00  1.0E-07
  4.900E+01  1.71970E-01  9.59231E-23  3.42548E-06  0.00000E+00  1.0E-07
  4.950E+01  1.75276E-01  9.26854E-23  3.30986E-06  0.00000E+00  1.0E-07
  5.000E+01  1.78606E-01  8.95887E-23  3.19927E-06  0.00000E+00  1.0E-07
  5.050E+01  1.81961E-01  8.66256E-23  3.09346E-06  0.00000E+00  1.0E-07
  5.100E+01  1.85340E-01  8.37887E-23  2.99215E-06  0.00000E+00  1.0E-07
  5.150E+01  1.88743E-01  8.10716E-23  2.89512E-06  0.00000E+00  1.0E-07
  5.200E+01  1.92169E-01  7.84678E-23  2.80214E-06  0.00000E+00  1.0E-07
  5.250E+01  1.95619E-01  7.59715E-23  2.71299E-06  0.00000E+00  1.0E-07
  5.300E+01  1.99092E-01  7.35772E-23  2.62749E-06  0.00000E+00  1.0E-07
  5.350E+01  2.02589E-01  7.12797E-23  2.54544E-06  0.00000E+00  1.0E-07
  5.400E+01  2.06107E-01  6.90742E-23  2.46668E-06  0.00000E+00  1.0E-07
  5.450E+01  2.09649E-01  6.69560E-23  2.39104E-06  0.00000E+00  1.0E-07
  5.500E+01  2.13212E-01  6.49210E-23  2.31837E-06  0.00000E+00  1.0E-07
  5.550E+01  2.16797E-01  6.29649E-23  2.24852E-06  0.00000E+00  1.0E-07
  5.600E+01  2.20404E-01  6.10841E-23  2.18135E-06  0.00000E+00  1.0E-07
  5.650E+01  2.24032E-01  5.92748E-23  2.11674E-06  0.00000E+00  1.0E-07
  5.700E+01  2.27680E-01  5.75338E-23  2.05457E-06  0.00000E+00  1.0E-07
  5.750E+01  2.31350E-01  5.58578E-23  1.99472E-06  0.00000E+00  1.0E-07
  5.800E+01  2.35040E-01  5.42437E-23  1.93708E-06  0.00000E+00  1.0E-07
  5.850E+01  2.38751E-01  5.26888E-23  1.88155E-06  0.00000E+00  1.0E-07
  5.900E+01  2.42481E-01  5.11903E-23  1.82804E-06  0.00000E+00  1.0E-07
  5.950E+01  2.46231E-01  4.97458E-23  1.77645E-06  0.00000E+00  1.0E-07
  6.000E+01  2.50000E-01  4.83526E-23  1.72670E-06  0.00000E+00  1.0E-07
  6.050E+01  2.53788E-01  4.70087E-23  1.67871E-06  0.00000E+00  1.0E-07
  6.100E+01  2.57595E-01  4.57118E-23  1.63240E-06  0.00000E+00  1.0E-07
  6.150E+01  2.61421E-01  4.44599E-23  1.58769E-06  0.00000E+00  1.0E-07
  6.200E+01  2.65264E-01  4.32510E-23  1.54452E-06  0.00000E+00  1.0E-07
  6.250E+01  2.69126E-01  4.20833E-23  1.50282E-06  0.00000E+00  1.0E-07
  6.300E+01  2.73005E-01  4.09551E-23  1.46253E-06  0.00000E+00  1.0E-07
  6.350E+01  2.76901E-01  3.98646E-23  1.42359E-06  0.00000E+00  1.0E-07
  6.400E+01  2.80814E-01  3.88103E-23  1.38594E-06  0.00000E+00  1.0E-07
  6.450E+01  2.84744E-01  3.77908E-23  1.34953E-06  0.00000E+00  1.0E-07
  6.500E+01  2.88691E-01  3.68045E-23  1.31431E-06  0.00000E+00  1.0E-07
  6.550E+01  2.92653E-01  3.58502E-23  1.28023E-06  0.00000E+00  1.0E-07
  6.600E+01  2.96632E-01  3.49265E-23  1.24725E-06  0.00000E+00  1.0E-07
  6.650E+01  3.00625E-01  3.40322E-23  1.21531E-06  0.00000E+00  1.0E-07
  6.700E+01  3.04634E-01  3.31661E-23  1.18438E-06  0.00000E+00  1.0E-07
  6.750E+01  3.08658E-01  3.23273E-23  1.15443E-06  0.00000E+00  1.0E-07
  6.800E+01  3.12697E-01  3.15144E-23  1.12540E-06  0.00000E+00  1.0E-07
  6.850E+01  3.16749E-01  3.07267E-23  1.09727E-06  0.00000E+00  1.0E-07
  6.900E+01  3.20816E-01  2.99631E-23  1.07000E-06  0.00000E+00  1.0E-07
  6.950E+01  3.24896E-01  2.92226E-23  1.04356E-06  0.00000E+00  1.0E-07
  7.000E+01  3.28990E-01  2.85045E-23  1.01791E-06  0.00000E+00  1.0E-07
  7.050E+01  3.33097E-01  2.78078E-23  9.93036E-07  0.00000E+00  1.0E-07
  7.100E+01  3.37216E-01  2.71318E-23  9.68896E-07  0.00000E+00  1.0E-07
  7.150E+01  3.41348E-01  2.64758E-23  9.45467E-07  0.00000E+00  1.0E-07
  7.200E+01  3.45492E-01  2.58389E-23  9.22724E-07  0.00000E+00  1.0E-07
  7.250E+01  3.49647E-01  2.52205E-23  9.00640E-07  0.00000E+00  1.0E-07
  7.300E+01  3.53814E-01  2.46199E-23  8.79194E-07  0.00000E+00  1.0E-07
  7.350E+01  3.57992E-01  2.40365E-23  8.58360E-07  0.00000E+00  1.0E-07
  7.400E+01  3.62181E-01  2.34697E-23  8.38119E-07  0.00000E+00  1.0E-07
  7.450E+01  3.66381E-01  2.29189E-23  8.18448E-07  0.00000E+00  1.0E-07
  7.500E+01  3.70590E-01  2.23834E-23  7.99327E-07  0.00000E+00  1.0E-07
  7.550E+01  3.74810E-01  2.18629E-23  7.80739E-07  0.00000E+00  1.0E-07
  7.600E+01  3.79039E-01  2.13568E-23  7.62664E-07  0.00000E+00  1.0E-07
  7.650E+01  3.83277E-01  2.08645E-23  7.45084E-07  0.00000E+00  1.0E-07
  7.700E+01  3.87524E-01  2.03856E-23  7.27984E-07  0.00000E+00  1.0E-07
  7.750E+01  3.91780E-01  1.99197E-23  7.11346E-07  0.00000E+00  1.0E-07
  7.800E+01  3.96044E-01  1.94663E-23  6.95156E-07  0.00000E+00  1.0E-07
  7.850E+01  4.00316E-01  1.90251E-23  6.79398E-07  0.00000E+00  1.0E-07
  7.900E+01  4.04596E-01  1.85955E-23  6.64058E-07  0.00000E+00  1.0E-07
  7.950E+01  4.08882E-01  1.81773E-23  6.49121E-07  0.00000E+00  1.0E-07
  8.000E+01  4.13176E-01  1.77699E-23  6.34576E-07  0.00000E+00  1.0E-07
  8.050E+01  4.17476E-01  1.73732E-23  6.20410E-07  0.00000E+00  1.0E-07
  8.100E+01  4.21783E-01  1.69868E-23  6.06609E-07  0.00000E+00  1.0E-07
  8.150E+01  4.26095E-01  1.66103E-23  5.93163E-07  0.00000E+00  1.0E-07
  8.200E+01  4.30413E-01  1.62433E-23  5.80060E-07  0.00000E+00  1.0E-07
  8.250E+01  4.34737E-01  1.58857E-23  5.67290E-07  0.00000E+00  1.0E-07
  8.300E+01  4.39065E-01  1.55372E-23  5.54842E-07  0.00000E+00  1.0E-07
  8.350E+01  4.43398E-01  1.51973E-23  5.42706E-07  0.00000E+00  1.0E-07
  8.400E+01  4.47736E-01  1.48659E-23  5.30872E-07  0.00000E+00  1.0E-07
  8.450E+01  4.52077E-01  1.45428E-23  5.19331E-07  0.00000E+00  1.0E-07
  8.500E+01  4.56422E-01  1.42275E-23  5.08075E-07  0.00000E+00  1.0E-07
  8.550E+01  4.60770E-01  1.39200E-23  4.97094E-07  0.00000E+00  1.0E-07
  8.600E+01  4.65122E-01  1.36200E-23  4.86380E-07  0.00000E+00  1.0E-07
  8.650E+01  4.69476E-01  1.33272E-23  4.75925E-07  0.00000E+00  1.0E-07
  8.700E+01  4.73832E-01  1.30415E-23  4.65721E-07  0.00000E+00  1.0E-07
  8.750E+01  4.78190E-01  1.27626E-23  4.55762E-07  0.00000E+00  1.0E-07
  8.800E+01  4.82550E-01  1.24904E-23  4.46040E-07  0.00000E+00  1.0E-07
  8.850E+01  4.86912E-01  1.22246E-23  4.36548E-07  0.00000E+00  1.0E-07
  8.900E+01  4.91274E-01  1.19650E-23  4.27279E-07  0.00000E+00  1.0E-07
  8.950E+01  4.95637E-01  1.17115E-23  4.18227E-07  0.00000E+00  1.0E-07
  9.000E+01  5.00000E-01  1.14640E-23  4.09386E-07  0.00000E+00  1.0E-07
  9.050E+01  5.04363E-01  1.12221E-23  4.00749E-07  0.00000E+00  1.0E-07
  9.100E+01  5.08726E-01  1.09858E-23  3.92311E-07  0.00000E+00  1.0E-07
  9.150E+01  5.13088E-01  1.07550E-23  3.84067E-07  0.00000E+00  1.0E-07
  9.200E+01  5.17450E-01  1.05293E-23  3.76010E-07  0.00000E+00  1.0E-07
  9.250E+01  5.21810E-01  1.03088E-23  3.68136E-07  0.00000E+00  1.0E-07
  9.300E+01  5.26168E-01  1.00933E-23  3.60439E-07  0.00000E+00  1.0E-07
  9.350E+01  5.30524E-01  9.88264E-24  3.52916E-07  0.00000E+00  1.0E-07
  9.400E+01  5.34878E-01  9.67667E-24  3.45560E-07  0.00000E+00  1.0E-07
  9.450E+01  5.39230E-01  9.47527E-24  3.38368E-07  0.00000E+00  1.0E-07
  9.500E+01  5.43578E-01  9.27833E-24  3.31335E-07  0.00000E+00  1.0E-07
  9.550E+01  5.47923E-01  9.08573E-24  3.24457E-07  0.00000E+00  1.0E-07
  9.600E+01  5.52264E-01  8.89734E-24  3.17730E-07  0.00000E+00  1.0E-07
  9.650E+01  5.56602E-01  8.71306E-24  3.11149E-07  0.00000E+00  1.0E-07
  9.700E+01  5.60935E-01  8.53277E-24  3.04711E-07  0.00000E+00  1.0E-07
  9.750E+01  5.65263E-01  8.35637E-24  2.98412E-07  0.00000E+00  1.0E-07
  9.800E+01  5.69587E-01  8.18377E-24  2.92248E-07  0.00000E+00  1.0E-07
  9.850E+01  5.73905E-01  8.01486E-24  2.86216E-07  0.00000E+00  1.0E-07
  9.900E+01  5.78217E-01  7.84956E-24  2.80313E-07  0.00000E+00  1.0E-07
  9.950E+01  5.82524E-01  7.68777E-24  2.74535E-07  0.00000E+00  1.0E-07
  1.000E+02  5.86824E-01  7.52940E-24  2.68880E-07  0.00000E+00  1.0E-07
  1.005E+02  5.91118E-01  7.37437E-24  2.63344E-07  0.00000E+00  1.0E-07
  1.010E+02  5.95404E-01  7.22259E-24  2.57923E-07  0.00000E+00  1.0E-07
  1.015E+02  5.99684E-01  7.07395E-24  2.52615E-07  0.00000E+00  1.0E-07
  1.020E+02  6.03956E-01  6.92839E-24  2.47417E-07  0.00000E+00  1.0E-07
  1.025E+02  6.08220E-01  6.78585E-24  2.42327E-07  0.00000E+00  1.0E-07
  1.030E+02  6.12476E-01  6.64625E-24  2.37342E-07  0.00000E+00  1.0E-07
  1.035E+02  6.16723E-01  6.50951E-24  2.32459E-07  0.00000E+00  1.0E-07
  1.040E+02  6.20961E-01  6.37558E-24  2.27676E-07  0.00000E+00  1.0E-07
  1.045E+02  6.25190E-01  6.24438E-24  2.22991E-07  0.00000E+00  1.0E-07
  1.050E+02  6.29410E-01  6.11584E-24  2.18401E-07  0.00000E+00  1.0E-07
  1.055E+02  6.33619E-01  5.98990E-24  2.13903E-07  0.00000E+00  1.0E-07
  1.060E+02  6.37819E-01  5.86649E-24  2.09496E-07  0.00000E+00  1.0E-07
  1.065E+02  6.42008E-01  5.74555E-24  2.05177E-07  0.00000E+00  1.0E-07
  1.070E+02  6.46186E-01  5.62703E-24  2.00945E-07  0.00000E+00  1.0E-07
  1.075E+02  6.50353E-01  5.51087E-24  1.96797E-07  0.00000E+00  1.0E-07
  1.080E+02  6.54508E-01  5.39702E-24  1.92731E-07  0.00000E+00  1.0E-07
  1.085E+02  6.58652E-01  5.28542E-24  1.88746E-07  0.00000E+00  1.0E-07
  1.090E+02  6.62784E-01  5.17602E-24  1.84839E-07  0.00000E+00  1.0E-07
  1.095E+02  6.66903E-01  5.06878E-24  1.81009E-07  0.00000E+00  1.0E-07
  1.100E+02  6.71010E-01  4.96363E-24  1.77255E-07  0.00000E+00  1.0E-07
  1.105E+02  6.75104E-01  4.86054E-24  1.73573E-07  0.00000E+00  1.0E-07
  1.110E+02  6.79184E-01  4.75946E-24  1.69963E-07  0.00000E+00  1.0E-07
  1.115E+02  6.83251E-01  4.66034E-24  1.66424E-07  0.00000E+00  1.0E-07
  1.120E+02  6.87303E-01  4.56314E-24  1.62953E-07  0.00000E+00  1.0E-07
  1.125E+02  6.91342E-01  4.46781E-24  1.59548E-07  0.00000E+00  1.0E-07
  1.130E+02  6.95366E-01  4.37432E-24  1.56210E-07  0.00000E+00  1.0E-07
  1.135E+02  6.99375E-01  4.28262E-24  1.52935E-07  0.00000E+00  1.0E-07
  1.140E+02  7.03368E-01  4.19267E-24  1.49723E-07  0.00000E+00  1.0E-07
  1.145E+02  7.07347E-01  4.10444E-24  1.46572E-07  0.00000E+00  1.0E-07
  1.150E+02  7.11309E-01  4.01790E-24  1.43482E-07  0.00000E+00  1.0E-07
  1.155E+02  7.15256E-01  3.93299E-24  1.40450E-07  0.00000E+00  1.0E-07
  1.160E+02  7.19186E-01  3.84970E-24  1.37475E-07  0.00000E+00  1.0E-07
  1.165E+02  7.23099E-01  3.76798E-24  1.34557E-07  0.00000E+00  1.0E-07
  1.170E+02  7.26995E-01  3.68780E-24  1.31694E-07  0.00000E+00  1.0E-07
  1.175E+02  7.30874E-01  3.60913E-24  1.28884E-07  0.00000E+00  1.0E-07
  1.180E+02  7.34736E-01  3.53193E-24  1.26128E-07  0.00000E+00  1.0E-07
  1.185E+02  7.38579E-01  3.45619E-24  1.23423E-07  0.00000E+00  1.0E-07
  1.190E+02  7.42405E-01  3.38186E-24  1.20768E-07  0.00000E+00  1.0E-07
  1.195E+02  7.46212E-01  3.30891E-24  1.18163E-07  0.00000E+00  1.0E-07
  1.200E+02  7.50000E-01  3.23733E-24  1.15607E-07  0.00000E+00  1.0E-07
  1.205E+02  7.53769E-01  3.16708E-24  1.13098E-07  0.00000E+00  1.0E-07
  1.210E+02  7.57519E-01  3.09813E-24  1.10636E-07  0.00000E+00  1.0E-07
  1.215E+02  7.61249E-01  3.03046E-24  1.08220E-07  0.00000E+00  1.0E-07
  1.220E+02  7.64960E-01  2.96404E-24  1.05848E-07  0.00000E+00  1.0E-07
  1.225E+02  7.68650E-01  2.89885E-24  1.03520E-07  0.00000E+00  1.0E-07
  1.230E+02  7.72320E-01  2.83487E-24  1.01235E-07  0.00000E+00  1.0E-07
  1.235E+02  7.75968E-01  2.77206E-24  9.89921E-08  0.00000E+00  1.0E-07
  1.240E+02  7.79596E-01  2.71041E-24  9.67906E-08  0.00000E+00  1.0E-07
  1.245E+02  7.83203E-01  2.64990E-24  9.46296E-08  0.00000E+00  1.0E-07
  1.250E+02  7.86788E-01  2.59050E-24  9.25084E-08  0.00000E+00  1.0E-07
  1.255E+02  7.90351E-01  2.53219E-24  9.04261E-08  0.00000E+00  1.0E-07
  1.260E+02  7.93893E-01  2.47495E-24  8.83820E-08  0.00000E+00  1.0E-07
  1.265E+02  7.97411E-01  2.41876E-24  8.63755E-08  0.00000E+00  1.0E-07
  1.270E+02  8.00908E-01  2.36360E-24  8.44057E-08  0.00000E+00  1.0E-07
  1.275E+02  8.04381E-01  2.30945E-24  8.24721E-08  0.00000E+00  1.0E-07
  1.280E+02  8.07831E-01  2.25630E-24  8.05738E-08  0.00000E+00  1.0E-07
  1.285E+02  8.11257E-01  2.20411E-24  7.87104E-08  0.00000E+00  1.0E-07
  1.290E+02  8.14660E-01  2.15289E-24  7.68810E-08  0.00000E+00  1.0E-07
  1.295E+02  8.18039E-01  2.10260E-24  7.50852E-08  0.00000E+00  1.0E-07
  1.300E+02  8.21394E-01  2.05323E-24  7.33223E-08  0.00000E+00  1.0E-07
  1.305E+02  8.24724E-01  2.00477E-24  7.15917E-08  0.00000E+00  1.0E-07
  1.310E+02  8.28030E-01  1.95720E-24  6.98929E-08  0.00000E+00  1.0E-07
  1.315E+02  8.31310E-01  1.91050E-24  6.82252E-08  0.00000E+00  1.0E-07
  1.320E+02  8.34565E-01  1.86466E-24  6.65881E-08  0.00000E+00  1.0E-07
  1.325E+02  8.37795E-01  1.81966E-24  6.49812E-08  0.00000E+00  1.0E-07
  1.330E+02  8.40999E-01  1.77549E-24  6.34037E-08  0.00000E+00  1.0E-07
  1.335E+02  8.44177E-01  1.73213E-24  6.18553E-08  0.00000E+00  1.0E-07
  1.340E+02  8.47329E-01  1.68957E-24  6.03355E-08  0.00000E+00  1.0E-07
  1.345E+02  8.50455E-01  1.64779E-24  5.88437E-08  0.00000E+00  1.0E-07
  1.350E+02  8.53553E-01  1.60679E-24  5.73795E-08  0.00000E+00  1.0E-07
  1.355E+02  8.56625E-01  1.56655E-24  5.59424E-08  0.00000E+00  1.0E-07
  1.360E+02  8.59670E-01  1.52705E-24  5.45319E-08  0.00000E+00  1.0E-07
  1.365E+02  8.62687E-01  1.48829E-24  5.31477E-08  0.00000E+00  1.0E-07
  1.370E+02  8.65677E-01  1.45025E-24  5.17892E-08  0.00000E+00  1.0E-07
  1.375E+02  8.68639E-01  1.41292E-24  5.04561E-08  0.00000E+00  1.0E-07
  1.380E+02  8.71572E-01  1.37628E-24  4.91480E-08  0.00000E+00  1.0E-07
  1.385E+02  8.74478E-01  1.34034E-24  4.78644E-08  0.00000E+00  1.0E-07
  1.390E+02  8.77355E-01  1.30507E-24  4.66050E-08  0.00000E+00  1.0E-07
  1.395E+02  8.80203E-01  1.27047E-24  4.53693E-08  0.00000E+00  1.0E-07
  1.400E+02  8.83022E-01  1.23652E-24  4.41570E-08  0.00000E+00  1.0E-07
  1.405E+02  8.85812E-01  1.20322E-24  4.29678E-08  0.00000E+00  1.0E-07
  1.410E+02  8.88573E-01  1.17056E-24  4.18013E-08  0.00000E+00  1.0E-07
  1.415E+02  8.91304E-01  1.13851E-24  4.06571E-08  0.00000E+00  1.0E-07
  1.420E+02  8.94005E-01  1.10709E-24  3.95349E-08  0.00000E+00  1.0E-07
  1.425E+02  8.96677E-01  1.07627E-24  3.84343E-08  0.00000E+00  1.0E-07
  1.430E+02  8.99318E-01  1.04605E-24  3.73551E-08  0.00000E+00  1.0E-07
  1.435E+02  9.01928E-01  1.01642E-24  3.62969E-08  0.00000E+00  1.0E-07
  1.440E+02  9.04508E-01  9.87366E-25  3.52595E-08  0.00000E+00  1.0E-07
  1.445E+02  9.07058E-01  9.58885E-25  3.42424E-08  0.00000E+00  1.0E-07
  1.450E+02  9.09576E-01  9.30968E-25  3.32455E-08  0.00000E+00  1.0E-07
  1.455E+02  9.12063E-01  9.03607E-25  3.22684E-08  0.00000E+00  1.0E-07
  1.460E+02  9.14519E-01  8.76793E-25  3.13108E-08  0.00000E+00  1.0E-07
  1.465E+02  9.16943E-01  8.50519E-25  3.03726E-08  0.00000E+00  1.0E-07
  1.470E+02  9.19335E-01  8.24778E-25  2.94534E-08  0.00000E+00  1.0E-07
  1.475E+02  9.21696E-01  7.99562E-25  2.85529E-08  0.00000E+00  1.0E-07
  1.480E+02  9.24024E-01  7.74865E-25  2.76709E-08  0.00000E+00  1.0E-07
  1.485E+02  9.26320E-01  7.50678E-25  2.68072E-08  0.00000E+00  1.0E-07
  1.490E+02  9.28584E-01  7.26997E-25  2.59615E-08  0.00000E+00  1.0E-07
  1.495E+02  9.30815E-01  7.03813E-25  2.51336E-08  0.00000E+00  1.0E-07
  1.500E+02  9.33013E-01  6.81121E-25  2.43233E-08  0.00000E+00  1.0E-07
  1.505E+02  9.35178E-01  6.58915E-25  2.35303E-08  0.00000E+00  1.0E-07
  1.510E+02  9.37310E-01  6.37188E-25  2.27544E-08  0.00000E+00  1.0E-07
  1.515E+02  9.39409E-01  6.15934E-25  2.19954E-08  0.00000E+00  1.0E-07
  1.520E+02  9.41474E-01  5.95148E-25  2.12531E-08  0.00000E+00  1.0E-07
  1.525E+02  9.43505E-01  5.74824E-25  2.05273E-08  0.00000E+00  1.0E-07
  1.530E+02  9.45503E-01  5.54956E-25  1.98179E-08  0.00000E+00  1.0E-07
  1.535E+02  9.47467E-01  5.35540E-25  1.91245E-08  0.00000E+00  1.0E-07
  1.540E+02  9.49397E-01  5.16569E-25  1.84470E-08  0.00000E+00  1.0E-07
  1.545E+02  9.51293E-01  4.98040E-25  1.77853E-08  0.00000E+00  1.0E-07
  1.550E+02  9.53154E-01  4.79946E-25  1.71392E-08  0.00000E+00  1.0E-07
  1.555E+02  9.54981E-01  4.62283E-25  1.65084E-08  0.00000E+00  1.0E-07
  1.560E+02  9.56773E-01  4.45047E-25  1.58929E-08  0.00000E+00  1.0E-07
  1.565E+02  9.58530E-01  4.28232E-25  1.52924E-08  0.00000E+00  1.0E-07
  1.570E+02  9.60252E-01  4.11835E-25  1.47069E-08  0.00000E+00  1.0E-07
  1.575E+02  9.61940E-01  3.95851E-25  1.41361E-08  0.00000E+00  1.0E-07
  1.580E+02  9.63592E-01  3.80276E-25  1.35799E-08  0.00000E+00  1.0E-07
  1.585E+02  9.65209E-01  3.65106E-25  1.30382E-08  0.00000E+00  1.0E-07
  1.590E+02  9.66790E-01  3.50337E-25  1.25108E-08  0.00000E+00  1.0E-07
  1.595E+02  9.68336E-01  3.35965E-25  1.19975E-08  0.00000E+00  1.0E-07
  1.600E+02  9.69846E-01  3.21986E-25  1.14983E-08  0.00000E+00  1.0E-07
  1.605E+02  9.71321E-01  3.08398E-25  1.10131E-08  0.00000E+00  1.0E-07
  1.610E+02  9.72759E-01  2.95195E-25  1.05416E-08  0.00000E+00  1.0E-07
  1.615E+02  9.74162E-01  2.82375E-25  1.00838E-08  0.00000E+00  1.0E-07
  1.620E+02  9.75528E-01  2.69935E-25  9.63957E-09  0.00000E+00  1.0E-07
  1.625E+02  9.76858E-01  2.57872E-25  9.20877E-09  0.00000E+00  1.0E-07
  1.630E+02  9.78152E-01  2.46182E-25  8.79131E-09  0.00000E+00  1.0E-07
  1.635E+02  9.79410E-01  2.34862E-25  8.38707E-09  0.00000E+00  1.0E-07
  1.640E+02  9.80631E-01  2.23910E-25  7.99596E-09  0.00000E+00  1.0E-07
  1.645E+02  9.81815E-01  2.13322E-25  7.61787E-09  0.00000E+00  1.0E-07
  1.650E+02  9.82963E-01  2.03097E-25  7.25272E-09  0.00000E+00  1.0E-07
  1.655E+02  9.84074E-01  1.93231E-25  6.90040E-09  0.00000E+00  1.0E-07
  1.660E+02  9.85148E-01  1.83722E-25  6.56083E-09  0.00000E+00  1.0E-07
  1.665E+02  9.86185E-01  1.74568E-25  6.23392E-09  0.00000E+00  1.0E-07
  1.670E+02  9.87185E-01  1.65766E-25  5.91960E-09  0.00000E+00  1.0E-07
  1.675E+02  9.88148E-01  1.57314E-25  5.61778E-09  0.00000E+00  1.0E-07
  1.680E+02  9.89074E-01  1.49210E-25  5.32839E-09  0.00000E+00  1.0E-07
  1.685E+02  9.89962E-01  1.41452E-25  5.05135E-09  0.00000E+00  1.0E-07
  1.690E+02  9.90814E-01  1.34039E-25  4.78661E-09  0.00000E+00  1.0E-07
  1.695E+02  9.91627E-01  1.26967E-25  4.53408E-09  0.00000E+00  1.0E-07
  1.700E+02  9.92404E-01  1.20236E-25  4.29371E-09  0.00000E+00  1.0E-07
  1.705E+02  9.93143E-01  1.13844E-25  4.06544E-09  0.00000E+00  1.0E-07
  1.710E+02  9.93844E-01  1.07789E-25  3.84921E-09  0.00000E+00  1.0E-07
  1.715E+02  9.94508E-01  1.02069E-25  3.64496E-09  0.00000E+00  1.0E-07
  1.720E+02  9.95134E-01  9.66844E-26  3.45266E-09  0.00000E+00  1.0E-07
  1.725E+02  9.95722E-01  9.16323E-26  3.27225E-09  0.00000E+00  1.0E-07
  1.730E+02  9.96273E-01  8.69119E-26  3.10368E-09  0.00000E+00  1.0E-07
  1.735E+02  9.96786E-01  8.25222E-26  2.94692E-09  0.00000E+00  1.0E-07
  1.740E+02  9.97261E-01  7.84618E-26  2.80192E-09  0.00000E+00  1.0E-07
  1.745E+02  9.97698E-01  7.47300E-26  2.66866E-09  0.00000E+00  1.0E-07
  1.750E+02  9.98097E-01  7.13258E-26  2.54709E-09  0.00000E+00  1.0E-07
  1.755E+02  9.98459E-01  6.82482E-26  2.43719E-09  0.00000E+00  1.0E-07
  1.760E+02  9.98782E-01  6.54966E-26  2.33893E-09  0.00000E+00  1.0E-07
  1.765E+02  9.99067E-01  6.30704E-26  2.25228E-09  0.00000E+00  1.0E-07
  1.770E+02  9.99315E-01  6.09688E-26  2.17724E-09  0.00000E+00  1.0E-07
  1.775E+02  9.99524E-01  5.91914E-26  2.11376E-09  0.00000E+00  1.0E-07
  1.780E+02  9.99695E-01  5.77378E-26  2.06185E-09  0.00000E+00  1.0E-07
  1.785E+02  9.99829E-01  5.66076E-26  2.02149E-09  0.00000E+00  1.0E-07
  1.790E+02  9.99924E-01  5.58005E-26  1.99267E-09  0.00000E+00  1.0E-07
  1.795E+02  9.99981E-01  5.53163E-26  1.97538E-09  0.00000E+00  1.0E-07
  1.800E+02  1.00000E+00  5.51549E-26  1.96962E-09  0.00000E+00  1.0E-07
