 #
 # Subroutine ELSEPA. Elastic scattering of electrons and positrons
 #                    by neutral atoms and positive ions
 #
 # Projectile: electron
 # Kinetic energy = 3.70000E+06 eV = 1.35973E+05 a.u.
 #
 # WARNING: High-energy factorization with free-atom DF screening.
 #          Absorption, polarization and exchange corrections are
 #          switched off.
 #          Phase shifts are calculated for the bare nucleus.
 #          Scattering amplitudes are not evaluated.
 #
 # Element:  P,  Z =  15,  atomic weight = 3.09738E+01 g/mol
 #
 # Nuclear model: Fermi distribution
 #                Average radius = 3.36033E-13 cm
 #                Skin thickness = 5.46000E-14 cm
 #
 # Number of electrons = 15
 #
 # Total elastic cross section = 9.91916E-19 cm**2 = 3.54220E-02 a0**2
 # 1st transport cross section = 1.95474E-23 cm**2 = 6.98051E-07 a0**2
 # 2nd transport cross section = 5.57061E-23 cm**2 = 1.98930E-06 a0**2
 #
 #
 # Differential cross section:                       MU=(1-COS(THETA))/2
 #
 #  THETA        MU          DCS          DCS        Sherman      error
 #  (deg)                 (cm**2/sr)   (a0**2/sr)    function
 #----------------------------------------------------------------------
  0.000E+00  0.00000E+00  2.03571E-13  7.26966E+03  0.00000E+00  1.0E-05
  1.000E-04  7.61557E-13  2.03570E-13  7.26963E+03  0.00000E+00  1.0E-05
  1.250E-04  1.18994E-12  2.03570E-13  7.26962E+03  0.00000E+00  1.0E-05
  1.500E-04  1.71346E-12  2.03569E-13  7.26959E+03  0.00000E+00  1.0E-05
  1.750E-04  2.33225E-12  2.03569E-13  7.26957E+03  0.00000E+00  1.0E-05
  2.000E-04  3.04617E-12  2.03568E-13  7.26954E+03  0.00000E+00  1.0E-05
  2.250E-04  3.85530E-12  2.03567E-13  7.26951E+03  0.00000E+00  1.0E-05
  2.500E-04  4.75964E-12  2.03566E-13  7.26948E+03  0.00000E+00  1.0E-05
  2.750E-04  5.75917E-12  2.03565E-13  7.26944E+03  0.00000E+00  1.0E-05
  3.000E-04  6.85391E-12  2.03564E-13  7.26940E+03  0.00000E+00  1.0E-05
  3.250E-04  8.04379E-12  2.03563E-13  7.26935E+03  0.00000E+00  1.0E-05
  3.500E-04  9.32893E-12  2.03561E-13  7.26930E+03  0.00000E+00  1.0E-05
  3.750E-04  1.07092E-11  2.03560E-13  7.26925E+03  0.00000E+00  1.0E-05
  4.000E-04  1.21847E-11  2.03558E-13  7.26919E+03  0.00000E+00  1.0E-05
  4.250E-04  1.37554E-11  2.03556E-13  7.26913E+03  0.00000E+00  1.0E-05
  4.500E-04  1.54213E-11  2.03555E-13  7.26907E+03  0.00000E+00  1.0E-05
  4.750E-04  1.71823E-11  2.03553E-13  7.26900E+03  0.00000E+00  1.0E-05
  5.000E-04  1.90386E-11  2.03551E-13  7.26893E+03  0.00000E+00  1.0E-05
  5.250E-04  2.09900E-11  2.03549E-13  7.26886E+03  0.00000E+00  1.0E-05
  5.500E-04  2.30367E-11  2.03547E-13  7.26878E+03  0.00000E+00  1.0E-05
  5.750E-04  2.51785E-11  2.03544E-13  7.26870E+03  0.00000E+00  1.0E-05
  6.000E-04  2.74156E-11  2.03542E-13  7.26862E+03  0.00000E+00  1.0E-05
  6.250E-04  2.97478E-11  2.03539E-13  7.26853E+03  0.00000E+00  1.0E-05
  6.500E-04  3.21752E-11  2.03537E-13  7.26844E+03  0.00000E+00  1.0E-05
  6.750E-04  3.46979E-11  2.03534E-13  7.26834E+03  0.00000E+00  1.0E-05
  7.000E-04  3.73157E-11  2.03531E-13  7.26824E+03  0.00000E+00  1.0E-05
  7.250E-04  4.00286E-11  2.03529E-13  7.26814E+03  0.00000E+00  1.0E-05
  7.500E-04  4.28368E-11  2.03526E-13  7.26803E+03  0.00000E+00  1.0E-05
  7.750E-04  4.57402E-11  2.03523E-13  7.26792E+03  0.00000E+00  1.0E-05
  8.000E-04  4.87388E-11  2.03519E-13  7.26781E+03  0.00000E+00  1.0E-05
  8.250E-04  5.18325E-11  2.03516E-13  7.26769E+03  0.00000E+00  1.0E-05
  8.500E-04  5.50215E-11  2.03513E-13  7.26757E+03  0.00000E+00  1.0E-05
  8.750E-04  5.83057E-11  2.03509E-13  7.26745E+03  0.00000E+00  1.0E-05
  9.000E-04  6.16850E-11  2.03506E-13  7.26732E+03  0.00000E+00  1.0E-05
  9.250E-04  6.51595E-11  2.03502E-13  7.26719E+03  0.00000E+00  1.0E-05
  9.500E-04  6.87293E-11  2.03498E-13  7.26706E+03  0.00000E+00  1.0E-05
  9.750E-04  7.23943E-11  2.03494E-13  7.26692E+03  0.00000E+00  1.0E-05
  1.000E-03  7.61544E-11  2.03490E-13  7.26678E+03  0.00000E+00  1.0E-05
  1.250E-03  1.18991E-10  2.03445E-13  7.26516E+03  0.00000E+00  1.0E-05
  1.500E-03  1.71347E-10  2.03390E-13  7.26320E+03  0.00000E+00  1.0E-05
  1.750E-03  2.33223E-10  2.03325E-13  7.26087E+03  0.00000E+00  1.0E-05
  2.000E-03  3.04617E-10  2.03250E-13  7.25820E+03  0.00000E+00  1.0E-05
  2.250E-03  3.85531E-10  2.03165E-13  7.25516E+03  0.00000E+00  1.0E-05
  2.500E-03  4.75965E-10  2.03070E-13  7.25178E+03  0.00000E+00  1.0E-05
  2.750E-03  5.75917E-10  2.02966E-13  7.24804E+03  0.00000E+00  1.0E-05
  3.000E-03  6.85389E-10  2.02851E-13  7.24395E+03  0.00000E+00  1.0E-05
  3.250E-03  8.04380E-10  2.02727E-13  7.23951E+03  0.00000E+00  1.0E-05
  3.500E-03  9.32891E-10  2.02593E-13  7.23471E+03  0.00000E+00  1.0E-05
  3.750E-03  1.07092E-09  2.02449E-13  7.22957E+03  0.00000E+00  1.0E-05
  4.000E-03  1.21847E-09  2.02295E-13  7.22408E+03  0.00000E+00  1.0E-05
  4.250E-03  1.37554E-09  2.02132E-13  7.21825E+03  0.00000E+00  1.0E-05
  4.500E-03  1.54213E-09  2.01958E-13  7.21206E+03  0.00000E+00  1.0E-05
  4.750E-03  1.71823E-09  2.01775E-13  7.20553E+03  0.00000E+00  1.0E-05
  5.000E-03  1.90386E-09  2.01583E-13  7.19867E+03  0.00000E+00  1.0E-05
  5.250E-03  2.09900E-09  2.01381E-13  7.19145E+03  0.00000E+00  1.0E-05
  5.500E-03  2.30367E-09  2.01170E-13  7.18389E+03  0.00000E+00  1.0E-05
  5.750E-03  2.51785E-09  2.00949E-13  7.17600E+03  0.00000E+00  1.0E-05
  6.000E-03  2.74156E-09  2.00718E-13  7.16778E+03  0.00000E+00  1.0E-05
  6.250E-03  2.97478E-09  2.00478E-13  7.15921E+03  0.00000E+00  1.0E-05
  6.500E-03  3.21752E-09  2.00229E-13  7.15031E+03  0.00000E+00  1.0E-05
  6.750E-03  3.46978E-09  1.99971E-13  7.14109E+03  0.00000E+00  1.0E-05
  7.000E-03  3.73156E-09  1.99703E-13  7.13151E+03  0.00000E+00  1.0E-05
  7.250E-03  4.00286E-09  1.99426E-13  7.12162E+03  0.00000E+00  1.0E-05
  7.500E-03  4.28368E-09  1.99140E-13  7.11141E+03  0.00000E+00  1.0E-05
  7.750E-03  4.57402E-09  1.98845E-13  7.10087E+03  0.00000E+00  1.0E-05
  8.000E-03  4.87388E-09  1.98540E-13  7.09000E+03  0.00000E+00  1.0E-05
  8.250E-03  5.18326E-09  1.98227E-13  7.07882E+03  0.00000E+00  1.0E-05
  8.500E-03  5.50215E-09  1.97906E-13  7.06734E+03  0.00000E+00  1.0E-05
  8.750E-03  5.83057E-09  1.97574E-13  7.05550E+03  0.00000E+00  1.0E-05
  9.000E-03  6.16850E-09  1.97234E-13  7.04336E+03  0.00000E+00  1.0E-05
  9.250E-03  6.51596E-09  1.96886E-13  7.03094E+03  0.00000E+00  1.0E-05
  9.500E-03  6.87293E-09  1.96529E-13  7.01818E+03  0.00000E+00  1.0E-05
  9.750E-03  7.23942E-09  1.96163E-13  7.00511E+03  0.00000E+00  1.0E-05
  1.000E-02  7.61544E-09  1.95789E-13  6.99176E+03  0.00000E+00  1.0E-05
  1.250E-02  1.18991E-08  1.91597E-13  6.84207E+03  0.00000E+00  1.0E-05
  1.500E-02  1.71347E-08  1.86644E-13  6.66517E+03  0.00000E+00  1.0E-05
  1.750E-02  2.33223E-08  1.81019E-13  6.46432E+03  0.00000E+00  1.0E-05
  2.000E-02  3.04617E-08  1.74822E-13  6.24301E+03  0.00000E+00  1.0E-05
  2.250E-02  3.85531E-08  1.68154E-13  6.00489E+03  0.00000E+00  1.0E-05
  2.500E-02  4.75965E-08  1.61119E-13  5.75365E+03  0.00000E+00  1.0E-05
  2.750E-02  5.75917E-08  1.53816E-13  5.49288E+03  0.00000E+00  1.0E-05
  3.000E-02  6.85389E-08  1.46344E-13  5.22604E+03  0.00000E+00  1.0E-05
  3.250E-02  8.04380E-08  1.38791E-13  4.95632E+03  0.00000E+00  1.0E-05
  3.500E-02  9.32891E-08  1.31068E-13  4.68053E+03  0.00000E+00  1.0E-05
  3.750E-02  1.07092E-07  1.23367E-13  4.40550E+03  0.00000E+00  1.0E-05
  4.000E-02  1.21847E-07  1.16091E-13  4.14568E+03  0.00000E+00  1.0E-05
  4.250E-02  1.37554E-07  1.09257E-13  3.90165E+03  0.00000E+00  1.0E-05
  4.500E-02  1.54213E-07  1.02051E-13  3.64433E+03  0.00000E+00  1.0E-05
  4.750E-02  1.71823E-07  9.53615E-14  3.40542E+03  0.00000E+00  1.0E-05
  5.000E-02  1.90386E-07  8.91770E-14  3.18457E+03  0.00000E+00  1.0E-05
  5.250E-02  2.09900E-07  8.30944E-14  2.96736E+03  0.00000E+00  1.0E-05
  5.500E-02  2.30367E-07  7.72590E-14  2.75897E+03  0.00000E+00  1.0E-05
  5.750E-02  2.51785E-07  7.19161E-14  2.56817E+03  0.00000E+00  1.0E-05
  6.000E-02  2.74156E-07  6.69436E-14  2.39060E+03  0.00000E+00  1.0E-05
  6.250E-02  2.97478E-07  6.20514E-14  2.21589E+03  0.00000E+00  1.0E-05
  6.500E-02  3.21752E-07  5.75956E-14  2.05678E+03  0.00000E+00  1.0E-05
  6.750E-02  3.46978E-07  5.35376E-14  1.91186E+03  0.00000E+00  1.0E-05
  7.000E-02  3.73156E-07  4.96186E-14  1.77191E+03  0.00000E+00  1.0E-05
  7.250E-02  4.00286E-07  4.59980E-14  1.64262E+03  0.00000E+00  1.0E-05
  7.500E-02  4.28368E-07  4.27061E-14  1.52506E+03  0.00000E+00  1.0E-05
  7.750E-02  4.57402E-07  3.96432E-14  1.41569E+03  0.00000E+00  1.0E-05
  8.000E-02  4.87388E-07  3.67544E-14  1.31252E+03  0.00000E+00  1.0E-05
  8.250E-02  5.18325E-07  3.41273E-14  1.21871E+03  0.00000E+00  1.0E-05
  8.500E-02  5.50215E-07  3.17359E-14  1.13331E+03  0.00000E+00  1.0E-05
  8.750E-02  5.83057E-07  2.94601E-14  1.05204E+03  0.00000E+00  1.0E-05
  9.000E-02  6.16850E-07  2.73856E-14  9.77956E+02  0.00000E+00  1.0E-05
  9.250E-02  6.51596E-07  2.54941E-14  9.10412E+02  0.00000E+00  1.0E-05
  9.500E-02  6.87293E-07  2.37351E-14  8.47597E+02  0.00000E+00  1.0E-05
  9.750E-02  7.23942E-07  2.21065E-14  7.89437E+02  0.00000E+00  1.0E-05
  1.000E-01  7.61543E-07  2.06180E-14  7.36284E+02  0.00000E+00  1.0E-05
  1.250E-01  1.18991E-06  1.07844E-14  3.85119E+02  0.00000E+00  1.0E-05
  1.500E-01  1.71347E-06  6.22233E-15  2.22203E+02  0.00000E+00  1.0E-05
  1.750E-01  2.33223E-06  3.92203E-15  1.40058E+02  0.00000E+00  1.0E-05
  2.000E-01  3.04617E-06  2.64864E-15  9.45848E+01  0.00000E+00  1.0E-05
  2.250E-01  3.85531E-06  1.88120E-15  6.71788E+01  0.00000E+00  1.0E-05
  2.500E-01  4.75964E-06  1.38449E-15  4.94411E+01  0.00000E+00  1.0E-05
  2.750E-01  5.75916E-06  1.04501E-15  3.73180E+01  0.00000E+00  1.0E-05
  3.000E-01  6.85388E-06  8.03623E-16  2.86979E+01  0.00000E+00  1.0E-05
  3.250E-01  8.04378E-06  6.26942E-16  2.23885E+01  0.00000E+00  1.0E-05
  3.500E-01  9.32888E-06  4.93857E-16  1.76359E+01  0.00000E+00  1.0E-05
  3.750E-01  1.07092E-05  3.94488E-16  1.40874E+01  0.00000E+00  1.0E-05
  4.000E-01  1.21846E-05  3.16972E-16  1.13193E+01  0.00000E+00  1.0E-05
  4.250E-01  1.37553E-05  2.57112E-16  9.18163E+00  0.00000E+00  1.0E-05
  4.500E-01  1.54212E-05  2.10367E-16  7.51233E+00  0.00000E+00  1.0E-05
  4.750E-01  1.71822E-05  1.73406E-16  6.19244E+00  0.00000E+00  1.0E-05
  5.000E-01  1.90385E-05  1.43774E-16  5.13427E+00  0.00000E+00  1.0E-05
  5.250E-01  2.09899E-05  1.20118E-16  4.28949E+00  0.00000E+00  1.0E-05
  5.500E-01  2.30365E-05  1.01043E-16  3.60830E+00  0.00000E+00  1.0E-05
  5.750E-01  2.51783E-05  8.55105E-17  3.05364E+00  0.00000E+00  1.0E-05
  6.000E-01  2.74153E-05  7.27818E-17  2.59909E+00  0.00000E+00  1.0E-05
  6.250E-01  2.97475E-05  6.23164E-17  2.22536E+00  0.00000E+00  1.0E-05
  6.500E-01  3.21749E-05  5.36516E-17  1.91593E+00  0.00000E+00  1.0E-05
  6.750E-01  3.46974E-05  4.64237E-17  1.65782E+00  0.00000E+00  1.0E-05
  7.000E-01  3.73152E-05  4.03680E-17  1.44157E+00  0.00000E+00  1.0E-05
  7.250E-01  4.00281E-05  3.52698E-17  1.25951E+00  0.00000E+00  1.0E-05
  7.500E-01  4.28362E-05  3.09534E-17  1.10537E+00  0.00000E+00  1.0E-05
  7.750E-01  4.57395E-05  2.72772E-17  9.74086E-01  0.00000E+00  1.0E-05
  8.000E-01  4.87380E-05  2.41339E-17  8.61836E-01  0.00000E+00  1.0E-05
  8.250E-01  5.18317E-05  2.14336E-17  7.65408E-01  0.00000E+00  1.0E-05
  8.500E-01  5.50205E-05  1.91033E-17  6.82192E-01  0.00000E+00  1.0E-05
  8.750E-01  5.83045E-05  1.70828E-17  6.10038E-01  0.00000E+00  1.0E-05
  9.000E-01  6.16838E-05  1.53250E-17  5.47266E-01  0.00000E+00  1.0E-05
  9.250E-01  6.51582E-05  1.37899E-17  4.92445E-01  0.00000E+00  1.0E-05
  9.500E-01  6.87277E-05  1.24441E-17  4.44386E-01  0.00000E+00  1.0E-05
  9.750E-01  7.23925E-05  1.12599E-17  4.02098E-01  0.00000E+00  1.0E-05
  1.000E+00  7.61524E-05  1.02149E-17  3.64780E-01  0.00000E+00  2.3E-05
  1.100E+00  9.21439E-05  7.08158E-18  2.52888E-01  0.00000E+00  1.7E-05
  1.200E+00  1.09658E-04  5.06971E-18  1.81043E-01  0.00000E+00  9.5E-06
  1.300E+00  1.28695E-04  3.72784E-18  1.33123E-01  0.00000E+00  2.0E-06
  1.400E+00  1.49255E-04  2.80356E-18  1.00117E-01  0.00000E+00  3.7E-06
  1.500E+00  1.71338E-04  2.14947E-18  7.67589E-02  0.00000E+00  6.7E-06
  1.600E+00  1.94942E-04  1.67569E-18  5.98401E-02  0.00000E+00  7.1E-06
  1.700E+00  2.20070E-04  1.32554E-18  4.73358E-02  0.00000E+00  5.7E-06
  1.800E+00  2.46720E-04  1.06218E-18  3.79310E-02  0.00000E+00  3.3E-06
  1.900E+00  2.74892E-04  8.60983E-19  3.07463E-02  0.00000E+00  6.0E-07
  2.000E+00  3.04586E-04  7.05157E-19  2.51816E-02  0.00000E+00  1.7E-06
  2.100E+00  3.35803E-04  5.82958E-19  2.08178E-02  0.00000E+00  3.0E-06
  2.200E+00  3.68542E-04  4.86049E-19  1.73571E-02  0.00000E+00  3.2E-06
  2.300E+00  4.02802E-04  4.08413E-19  1.45847E-02  0.00000E+00  2.6E-06
  2.400E+00  4.38585E-04  3.45632E-19  1.23428E-02  0.00000E+00  1.5E-06
  2.500E+00  4.75889E-04  2.94432E-19  1.05144E-02  0.00000E+00  2.1E-07
  2.600E+00  5.14715E-04  2.52345E-19  9.01141E-03  0.00000E+00  9.7E-07
  2.700E+00  5.55063E-04  2.17497E-19  7.76696E-03  0.00000E+00  1.6E-06
  2.800E+00  5.96931E-04  1.88447E-19  6.72957E-03  0.00000E+00  1.8E-06
  2.900E+00  6.40321E-04  1.64078E-19  5.85932E-03  0.00000E+00  1.4E-06
  3.000E+00  6.85233E-04  1.43515E-19  5.12501E-03  0.00000E+00  8.1E-07
  3.100E+00  7.31665E-04  1.26068E-19  4.50196E-03  0.00000E+00  1.0E-07
  3.200E+00  7.79618E-04  1.11188E-19  3.97060E-03  0.00000E+00  6.3E-07
  3.300E+00  8.29092E-04  9.84367E-20  3.51524E-03  0.00000E+00  1.0E-06
  3.400E+00  8.80086E-04  8.74588E-20  3.12321E-03  0.00000E+00  1.1E-06
  3.500E+00  9.32601E-04  7.79671E-20  2.78425E-03  0.00000E+00  8.8E-07
  3.600E+00  9.86636E-04  6.97272E-20  2.49000E-03  0.00000E+00  4.8E-07
  3.700E+00  1.04219E-03  6.25465E-20  2.23358E-03  0.00000E+00  1.0E-07
  3.800E+00  1.09927E-03  5.62660E-20  2.00929E-03  0.00000E+00  4.4E-07
  3.900E+00  1.15786E-03  5.07537E-20  1.81245E-03  0.00000E+00  6.8E-07
  4.000E+00  1.21797E-03  4.58995E-20  1.63910E-03  0.00000E+00  7.2E-07
  4.100E+00  1.27961E-03  4.16116E-20  1.48598E-03  0.00000E+00  5.8E-07
  4.200E+00  1.34276E-03  3.78127E-20  1.35032E-03  0.00000E+00  3.0E-07
  4.300E+00  1.40743E-03  3.44374E-20  1.22978E-03  0.00000E+00  1.0E-07
  4.400E+00  1.47362E-03  3.14304E-20  1.12240E-03  0.00000E+00  3.3E-07
  4.500E+00  1.54133E-03  2.87444E-20  1.02648E-03  0.00000E+00  4.8E-07
  4.600E+00  1.61056E-03  2.63392E-20  9.40590E-04  0.00000E+00  5.0E-07
  4.700E+00  1.68131E-03  2.41804E-20  8.63498E-04  0.00000E+00  4.0E-07
  4.800E+00  1.75357E-03  2.22383E-20  7.94145E-04  0.00000E+00  2.0E-07
  4.900E+00  1.82735E-03  2.04874E-20  7.31618E-04  0.00000E+00  1.0E-07
  5.000E+00  1.90265E-03  1.89055E-20  6.75126E-04  0.00000E+00  2.5E-07
  5.100E+00  1.97947E-03  1.74733E-20  6.23984E-04  0.00000E+00  3.6E-07
  5.200E+00  2.05780E-03  1.61743E-20  5.77596E-04  0.00000E+00  3.7E-07
  5.300E+00  2.13765E-03  1.49939E-20  5.35440E-04  0.00000E+00  2.8E-07
  5.400E+00  2.21902E-03  1.39192E-20  4.97064E-04  0.00000E+00  1.3E-07
  5.500E+00  2.30190E-03  1.29392E-20  4.62066E-04  0.00000E+00  1.0E-07
  5.600E+00  2.38630E-03  1.20439E-20  4.30096E-04  0.00000E+00  2.0E-07
  5.700E+00  2.47222E-03  1.12248E-20  4.00846E-04  0.00000E+00  2.7E-07
  5.800E+00  2.55965E-03  1.04742E-20  3.74042E-04  0.00000E+00  2.8E-07
  5.900E+00  2.64859E-03  9.78540E-21  3.49443E-04  0.00000E+00  2.1E-07
  6.000E+00  2.73905E-03  9.15231E-21  3.26835E-04  0.00000E+00  1.0E-07
  6.100E+00  2.83103E-03  8.56964E-21  3.06027E-04  0.00000E+00  1.0E-07
  6.200E+00  2.92452E-03  8.03264E-21  2.86851E-04  0.00000E+00  1.6E-07
  6.300E+00  3.01952E-03  7.53709E-21  2.69154E-04  0.00000E+00  2.2E-07
  6.400E+00  3.11604E-03  7.07921E-21  2.52803E-04  0.00000E+00  2.1E-07
  6.500E+00  3.21407E-03  6.65560E-21  2.37676E-04  0.00000E+00  1.6E-07
  6.600E+00  3.31362E-03  6.26325E-21  2.23665E-04  0.00000E+00  1.0E-07
  6.700E+00  3.41468E-03  5.89941E-21  2.10672E-04  0.00000E+00  1.0E-07
  6.800E+00  3.51725E-03  5.56164E-21  1.98610E-04  0.00000E+00  1.3E-07
  6.900E+00  3.62133E-03  5.24773E-21  1.87400E-04  0.00000E+00  1.7E-07
  7.000E+00  3.72692E-03  4.95567E-21  1.76970E-04  0.00000E+00  1.7E-07
  7.100E+00  3.83403E-03  4.68368E-21  1.67257E-04  0.00000E+00  1.2E-07
  7.200E+00  3.94265E-03  4.43012E-21  1.58202E-04  0.00000E+00  1.0E-07
  7.300E+00  4.05278E-03  4.19350E-21  1.49753E-04  0.00000E+00  1.0E-07
  7.400E+00  4.16442E-03  3.97250E-21  1.41860E-04  0.00000E+00  1.1E-07
  7.500E+00  4.27757E-03  3.76588E-21  1.34482E-04  0.00000E+00  1.4E-07
  7.600E+00  4.39223E-03  3.57253E-21  1.27578E-04  0.00000E+00  1.3E-07
  7.700E+00  4.50840E-03  3.39146E-21  1.21111E-04  0.00000E+00  1.0E-07
  7.800E+00  4.62608E-03  3.22173E-21  1.15050E-04  0.00000E+00  1.0E-07
  7.900E+00  4.74527E-03  3.06249E-21  1.09364E-04  0.00000E+00  1.0E-07
  8.000E+00  4.86597E-03  2.91299E-21  1.04025E-04  0.00000E+00  1.0E-07
  8.100E+00  4.98817E-03  2.77251E-21  9.90082E-05  0.00000E+00  1.1E-07
  8.200E+00  5.11188E-03  2.64041E-21  9.42908E-05  0.00000E+00  1.1E-07
  8.300E+00  5.23711E-03  2.51610E-21  8.98515E-05  0.00000E+00  1.0E-07
  8.400E+00  5.36383E-03  2.39902E-21  8.56707E-05  0.00000E+00  1.0E-07
  8.500E+00  5.49207E-03  2.28869E-21  8.17307E-05  0.00000E+00  1.0E-07
  8.600E+00  5.62181E-03  2.18464E-21  7.80149E-05  0.00000E+00  1.0E-07
  8.700E+00  5.75306E-03  2.08644E-21  7.45082E-05  0.00000E+00  1.0E-07
  8.800E+00  5.88581E-03  1.99371E-21  7.11967E-05  0.00000E+00  1.0E-07
  8.900E+00  6.02007E-03  1.90608E-21  6.80673E-05  0.00000E+00  1.0E-07
  9.000E+00  6.15583E-03  1.82322E-21  6.51083E-05  0.00000E+00  1.0E-07
  9.100E+00  6.29310E-03  1.74482E-21  6.23086E-05  0.00000E+00  1.0E-07
  9.200E+00  6.43187E-03  1.67059E-21  5.96580E-05  0.00000E+00  1.0E-07
  9.300E+00  6.57214E-03  1.60028E-21  5.71470E-05  0.00000E+00  1.0E-07
  9.400E+00  6.71392E-03  1.53363E-21  5.47670E-05  0.00000E+00  1.0E-07
  9.500E+00  6.85720E-03  1.47042E-21  5.25098E-05  0.00000E+00  1.0E-07
  9.600E+00  7.00198E-03  1.41045E-21  5.03679E-05  0.00000E+00  1.0E-07
  9.700E+00  7.14827E-03  1.35350E-21  4.83343E-05  0.00000E+00  1.0E-07
  9.800E+00  7.29605E-03  1.29940E-21  4.64025E-05  0.00000E+00  1.0E-07
  9.900E+00  7.44534E-03  1.24798E-21  4.45663E-05  0.00000E+00  1.0E-07
  1.000E+01  7.59612E-03  1.19909E-21  4.28203E-05  0.00000E+00  1.0E-07
  1.025E+01  7.97965E-03  1.08694E-21  3.88154E-05  0.00000E+00  1.0E-07
  1.050E+01  8.37255E-03  9.87610E-22  3.52682E-05  0.00000E+00  1.0E-07
  1.075E+01  8.77480E-03  8.99388E-22  3.21177E-05  0.00000E+00  1.0E-07
  1.100E+01  9.18641E-03  8.20816E-22  2.93119E-05  0.00000E+00  1.0E-07
  1.125E+01  9.60736E-03  7.50654E-22  2.68063E-05  0.00000E+00  1.0E-07
  1.150E+01  1.00376E-02  6.87844E-22  2.45633E-05  0.00000E+00  1.0E-07
  1.175E+01  1.04773E-02  6.31478E-22  2.25505E-05  0.00000E+00  1.0E-07
  1.200E+01  1.09262E-02  5.80780E-22  2.07400E-05  0.00000E+00  1.0E-07
  1.225E+01  1.13844E-02  5.35077E-22  1.91079E-05  0.00000E+00  1.0E-07
  1.250E+01  1.18520E-02  4.93790E-22  1.76336E-05  0.00000E+00  1.0E-07
  1.275E+01  1.23288E-02  4.56416E-22  1.62989E-05  0.00000E+00  1.0E-07
  1.300E+01  1.28150E-02  4.22518E-22  1.50884E-05  0.00000E+00  1.0E-07
  1.325E+01  1.33104E-02  3.91715E-22  1.39884E-05  0.00000E+00  1.0E-07
  1.350E+01  1.38150E-02  3.63673E-22  1.29870E-05  0.00000E+00  1.0E-07
  1.375E+01  1.43290E-02  3.38100E-22  1.20738E-05  0.00000E+00  1.0E-07
  1.400E+01  1.48521E-02  3.14740E-22  1.12396E-05  0.00000E+00  1.0E-07
  1.425E+01  1.53845E-02  2.93366E-22  1.04763E-05  0.00000E+00  1.0E-07
  1.450E+01  1.59262E-02  2.73779E-22  9.77684E-06  0.00000E+00  1.0E-07
  1.475E+01  1.64770E-02  2.55803E-22  9.13489E-06  0.00000E+00  1.0E-07
  1.500E+01  1.70371E-02  2.39280E-22  8.54486E-06  0.00000E+00  1.0E-07
  1.525E+01  1.76063E-02  2.24073E-22  8.00178E-06  0.00000E+00  1.0E-07
  1.550E+01  1.81848E-02  2.10056E-22  7.50124E-06  0.00000E+00  1.0E-07
  1.575E+01  1.87724E-02  1.97120E-22  7.03929E-06  0.00000E+00  1.0E-07
  1.600E+01  1.93692E-02  1.85166E-22  6.61241E-06  0.00000E+00  1.0E-07
  1.625E+01  1.99751E-02  1.74107E-22  6.21746E-06  0.00000E+00  1.0E-07
  1.650E+01  2.05901E-02  1.63862E-22  5.85161E-06  0.00000E+00  1.0E-07
  1.675E+01  2.12143E-02  1.54360E-22  5.51231E-06  0.00000E+00  1.0E-07
  1.700E+01  2.18476E-02  1.45539E-22  5.19729E-06  0.00000E+00  1.0E-07
  1.725E+01  2.24900E-02  1.37340E-22  4.90448E-06  0.00000E+00  1.0E-07
  1.750E+01  2.31415E-02  1.29710E-22  4.63204E-06  0.00000E+00  1.0E-07
  1.775E+01  2.38021E-02  1.22604E-22  4.37828E-06  0.00000E+00  1.0E-07
  1.800E+01  2.44717E-02  1.15979E-22  4.14169E-06  0.00000E+00  1.0E-07
  1.825E+01  2.51504E-02  1.09796E-22  3.92088E-06  0.00000E+00  1.0E-07
  1.850E+01  2.58382E-02  1.04020E-22  3.71461E-06  0.00000E+00  1.0E-07
  1.875E+01  2.65349E-02  9.86191E-23  3.52175E-06  0.00000E+00  1.0E-07
  1.900E+01  2.72407E-02  9.35648E-23  3.34126E-06  0.00000E+00  1.0E-07
  1.925E+01  2.79555E-02  8.88305E-23  3.17220E-06  0.00000E+00  1.0E-07
  1.950E+01  2.86793E-02  8.43923E-23  3.01370E-06  0.00000E+00  1.0E-07
  1.975E+01  2.94120E-02  8.02281E-23  2.86500E-06  0.00000E+00  1.0E-07
  2.000E+01  3.01537E-02  7.63178E-23  2.72536E-06  0.00000E+00  1.0E-07
  2.025E+01  3.09043E-02  7.26432E-23  2.59413E-06  0.00000E+00  1.0E-07
  2.050E+01  3.16639E-02  6.91872E-23  2.47072E-06  0.00000E+00  1.0E-07
  2.075E+01  3.24324E-02  6.59346E-23  2.35457E-06  0.00000E+00  1.0E-07
  2.100E+01  3.32098E-02  6.28710E-23  2.24516E-06  0.00000E+00  1.0E-07
  2.125E+01  3.39961E-02  5.99834E-23  2.14205E-06  0.00000E+00  1.0E-07
  2.150E+01  3.47912E-02  5.72598E-23  2.04479E-06  0.00000E+00  1.0E-07
  2.175E+01  3.55952E-02  5.46892E-23  1.95299E-06  0.00000E+00  1.0E-07
  2.200E+01  3.64081E-02  5.22613E-23  1.86629E-06  0.00000E+00  1.0E-07
  2.225E+01  3.72297E-02  4.99667E-23  1.78434E-06  0.00000E+00  1.0E-07
  2.250E+01  3.80602E-02  4.77968E-23  1.70685E-06  0.00000E+00  1.0E-07
  2.275E+01  3.88995E-02  4.57434E-23  1.63353E-06  0.00000E+00  1.0E-07
  2.300E+01  3.97476E-02  4.37991E-23  1.56409E-06  0.00000E+00  1.0E-07
  2.325E+01  4.06044E-02  4.19571E-23  1.49831E-06  0.00000E+00  1.0E-07
  2.350E+01  4.14700E-02  4.02109E-23  1.43596E-06  0.00000E+00  1.0E-07
  2.375E+01  4.23443E-02  3.85546E-23  1.37681E-06  0.00000E+00  1.0E-07
  2.400E+01  4.32273E-02  3.69828E-23  1.32068E-06  0.00000E+00  1.0E-07
  2.425E+01  4.41190E-02  3.54902E-23  1.26738E-06  0.00000E+00  1.0E-07
  2.450E+01  4.50194E-02  3.40722E-23  1.21674E-06  0.00000E+00  1.0E-07
  2.475E+01  4.59284E-02  3.27242E-23  1.16860E-06  0.00000E+00  1.0E-07
  2.500E+01  4.68461E-02  3.14423E-23  1.12282E-06  0.00000E+00  1.0E-07
  2.550E+01  4.87074E-02  2.90612E-23  1.03779E-06  0.00000E+00  1.0E-07
  2.600E+01  5.06030E-02  2.69012E-23  9.60660E-07  0.00000E+00  1.0E-07
  2.650E+01  5.25328E-02  2.49381E-23  8.90556E-07  0.00000E+00  1.0E-07
  2.700E+01  5.44967E-02  2.31507E-23  8.26726E-07  0.00000E+00  1.0E-07
  2.750E+01  5.64946E-02  2.15204E-23  7.68507E-07  0.00000E+00  1.0E-07
  2.800E+01  5.85262E-02  2.00310E-23  7.15319E-07  0.00000E+00  1.0E-07
  2.850E+01  6.05914E-02  1.86680E-23  6.66646E-07  0.00000E+00  1.0E-07
  2.900E+01  6.26901E-02  1.74188E-23  6.22037E-07  0.00000E+00  1.0E-07
  2.950E+01  6.48222E-02  1.62722E-23  5.81091E-07  0.00000E+00  1.0E-07
  3.000E+01  6.69873E-02  1.52182E-23  5.43453E-07  0.00000E+00  1.0E-07
  3.050E+01  6.91854E-02  1.42480E-23  5.08806E-07  0.00000E+00  1.0E-07
  3.100E+01  7.14163E-02  1.33537E-23  4.76870E-07  0.00000E+00  1.0E-07
  3.150E+01  7.36799E-02  1.25283E-23  4.47394E-07  0.00000E+00  1.0E-07
  3.200E+01  7.59760E-02  1.17655E-23  4.20154E-07  0.00000E+00  1.0E-07
  3.250E+01  7.83043E-02  1.10597E-23  3.94949E-07  0.00000E+00  1.0E-07
  3.300E+01  8.06647E-02  1.04058E-23  3.71599E-07  0.00000E+00  1.0E-07
  3.350E+01  8.30571E-02  9.79943E-24  3.49944E-07  0.00000E+00  1.0E-07
  3.400E+01  8.54812E-02  9.23637E-24  3.29837E-07  0.00000E+00  1.0E-07
  3.450E+01  8.79369E-02  8.71300E-24  3.11147E-07  0.00000E+00  1.0E-07
  3.500E+01  9.04240E-02  8.22602E-24  2.93756E-07  0.00000E+00  1.0E-07
  3.550E+01  9.29422E-02  7.77242E-24  2.77558E-07  0.00000E+00  1.0E-07
  3.600E+01  9.54915E-02  7.34950E-24  2.62455E-07  0.00000E+00  1.0E-07
  3.650E+01  9.80716E-02  6.95479E-24  2.48360E-07  0.00000E+00  1.0E-07
  3.700E+01  1.00682E-01  6.58608E-24  2.35193E-07  0.00000E+00  1.0E-07
  3.750E+01  1.03323E-01  6.24133E-24  2.22882E-07  0.00000E+00  1.0E-07
  3.800E+01  1.05995E-01  5.91870E-24  2.11361E-07  0.00000E+00  1.0E-07
  3.850E+01  1.08696E-01  5.61651E-24  2.00569E-07  0.00000E+00  1.0E-07
  3.900E+01  1.11427E-01  5.33322E-24  1.90453E-07  0.00000E+00  1.0E-07
  3.950E+01  1.14188E-01  5.06744E-24  1.80962E-07  0.00000E+00  1.0E-07
  4.000E+01  1.16978E-01  4.81788E-24  1.72050E-07  0.00000E+00  1.0E-07
  4.050E+01  1.19797E-01  4.58337E-24  1.63675E-07  0.00000E+00  1.0E-07
  4.100E+01  1.22645E-01  4.36283E-24  1.55799E-07  0.00000E+00  1.0E-07
  4.150E+01  1.25522E-01  4.15527E-24  1.48387E-07  0.00000E+00  1.0E-07
  4.200E+01  1.28428E-01  3.95980E-24  1.41407E-07  0.00000E+00  1.0E-07
  4.250E+01  1.31361E-01  3.77557E-24  1.34828E-07  0.00000E+00  1.0E-07
  4.300E+01  1.34323E-01  3.60183E-24  1.28624E-07  0.00000E+00  1.0E-07
  4.350E+01  1.37313E-01  3.43786E-24  1.22768E-07  0.00000E+00  1.0E-07
  4.400E+01  1.40330E-01  3.28301E-24  1.17238E-07  0.00000E+00  1.0E-07
  4.450E+01  1.43375E-01  3.13668E-24  1.12013E-07  0.00000E+00  1.0E-07
  4.500E+01  1.46447E-01  2.99832E-24  1.07072E-07  0.00000E+00  1.0E-07
  4.550E+01  1.49545E-01  2.86740E-24  1.02397E-07  0.00000E+00  1.0E-07
  4.600E+01  1.52671E-01  2.74346E-24  9.79709E-08  0.00000E+00  1.0E-07
  4.650E+01  1.55823E-01  2.62606E-24  9.37783E-08  0.00000E+00  1.0E-07
  4.700E+01  1.59001E-01  2.51478E-24  8.98046E-08  0.00000E+00  1.0E-07
  4.750E+01  1.62205E-01  2.40925E-24  8.60361E-08  0.00000E+00  1.0E-07
  4.800E+01  1.65435E-01  2.30912E-24  8.24602E-08  0.00000E+00  1.0E-07
  4.850E+01  1.68690E-01  2.21406E-24  7.90654E-08  0.00000E+00  1.0E-07
  4.900E+01  1.71970E-01  2.12376E-24  7.58407E-08  0.00000E+00  1.0E-07
  4.950E+01  1.75276E-01  2.03794E-24  7.27760E-08  0.00000E+00  1.0E-07
  5.000E+01  1.78606E-01  1.95633E-24  6.98620E-08  0.00000E+00  1.0E-07
  5.050E+01  1.81961E-01  1.87871E-24  6.70898E-08  0.00000E+00  1.0E-07
  5.100E+01  1.85340E-01  1.80482E-24  6.44513E-08  0.00000E+00  1.0E-07
  5.150E+01  1.88743E-01  1.73446E-24  6.19388E-08  0.00000E+00  1.0E-07
  5.200E+01  1.92169E-01  1.66743E-24  5.95451E-08  0.00000E+00  1.0E-07
  5.250E+01  1.95619E-01  1.60355E-24  5.72638E-08  0.00000E+00  1.0E-07
  5.300E+01  1.99092E-01  1.54263E-24  5.50884E-08  0.00000E+00  1.0E-07
  5.350E+01  2.02589E-01  1.48452E-24  5.30131E-08  0.00000E+00  1.0E-07
  5.400E+01  2.06107E-01  1.42906E-24  5.10326E-08  0.00000E+00  1.0E-07
  5.450E+01  2.09649E-01  1.37611E-24  4.91416E-08  0.00000E+00  1.0E-07
  5.500E+01  2.13212E-01  1.32553E-24  4.73354E-08  0.00000E+00  1.0E-07
  5.550E+01  2.16797E-01  1.27720E-24  4.56095E-08  0.00000E+00  1.0E-07
  5.600E+01  2.20404E-01  1.23099E-24  4.39596E-08  0.00000E+00  1.0E-07
  5.650E+01  2.24032E-01  1.18681E-24  4.23818E-08  0.00000E+00  1.0E-07
  5.700E+01  2.27680E-01  1.14454E-24  4.08723E-08  0.00000E+00  1.0E-07
  5.750E+01  2.31350E-01  1.10409E-24  3.94277E-08  0.00000E+00  1.0E-07
  5.800E+01  2.35040E-01  1.06536E-24  3.80447E-08  0.00000E+00  1.0E-07
  5.850E+01  2.38751E-01  1.02827E-24  3.67200E-08  0.00000E+00  1.0E-07
  5.900E+01  2.42481E-01  9.92726E-25  3.54509E-08  0.00000E+00  1.0E-07
  5.950E+01  2.46231E-01  9.58665E-25  3.42345E-08  0.00000E+00  1.0E-07
  6.000E+01  2.50000E-01  9.26008E-25  3.30683E-08  0.00000E+00  1.0E-07
  6.050E+01  2.53788E-01  8.94687E-25  3.19499E-08  0.00000E+00  1.0E-07
  6.100E+01  2.57595E-01  8.64638E-25  3.08768E-08  0.00000E+00  1.0E-07
  6.150E+01  2.61421E-01  8.35799E-25  2.98469E-08  0.00000E+00  1.0E-07
  6.200E+01  2.65264E-01  8.08113E-25  2.88582E-08  0.00000E+00  1.0E-07
  6.250E+01  2.69126E-01  7.81525E-25  2.79088E-08  0.00000E+00  1.0E-07
  6.300E+01  2.73005E-01  7.55984E-25  2.69967E-08  0.00000E+00  1.0E-07
  6.350E+01  2.76901E-01  7.31440E-25  2.61202E-08  0.00000E+00  1.0E-07
  6.400E+01  2.80814E-01  7.07849E-25  2.52777E-08  0.00000E+00  1.0E-07
  6.450E+01  2.84744E-01  6.85165E-25  2.44677E-08  0.00000E+00  1.0E-07
  6.500E+01  2.88691E-01  6.63349E-25  2.36886E-08  0.00000E+00  1.0E-07
  6.550E+01  2.92653E-01  6.42360E-25  2.29391E-08  0.00000E+00  1.0E-07
  6.600E+01  2.96632E-01  6.22161E-25  2.22178E-08  0.00000E+00  1.0E-07
  6.650E+01  3.00625E-01  6.02718E-25  2.15235E-08  0.00000E+00  1.0E-07
  6.700E+01  3.04634E-01  5.83997E-25  2.08549E-08  0.00000E+00  1.0E-07
  6.750E+01  3.08658E-01  5.65966E-25  2.02110E-08  0.00000E+00  1.0E-07
  6.800E+01  3.12697E-01  5.48595E-25  1.95907E-08  0.00000E+00  1.0E-07
  6.850E+01  3.16749E-01  5.31856E-25  1.89929E-08  0.00000E+00  1.0E-07
  6.900E+01  3.20816E-01  5.15722E-25  1.84168E-08  0.00000E+00  1.0E-07
  6.950E+01  3.24896E-01  5.00166E-25  1.78613E-08  0.00000E+00  1.0E-07
  7.000E+01  3.28990E-01  4.85164E-25  1.73255E-08  0.00000E+00  1.0E-07
  7.050E+01  3.33097E-01  4.70694E-25  1.68088E-08  0.00000E+00  1.0E-07
  7.100E+01  3.37216E-01  4.56732E-25  1.63102E-08  0.00000E+00  1.0E-07
  7.150E+01  3.41348E-01  4.43258E-25  1.58290E-08  0.00000E+00  1.0E-07
  7.200E+01  3.45492E-01  4.30251E-25  1.53645E-08  0.00000E+00  1.0E-07
  7.250E+01  3.49647E-01  4.17693E-25  1.49161E-08  0.00000E+00  1.0E-07
  7.300E+01  3.53814E-01  4.05565E-25  1.44830E-08  0.00000E+00  1.0E-07
  7.350E+01  3.57992E-01  3.93850E-25  1.40646E-08  0.00000E+00  1.0E-07
  7.400E+01  3.62181E-01  3.82531E-25  1.36604E-08  0.00000E+00  1.0E-07
  7.450E+01  3.66381E-01  3.71592E-25  1.32698E-08  0.00000E+00  1.0E-07
  7.500E+01  3.70590E-01  3.61019E-25  1.28922E-08  0.00000E+00  1.0E-07
  7.550E+01  3.74810E-01  3.50797E-25  1.25272E-08  0.00000E+00  1.0E-07
  7.600E+01  3.79039E-01  3.40912E-25  1.21742E-08  0.00000E+00  1.0E-07
  7.650E+01  3.83277E-01  3.31351E-25  1.18328E-08  0.00000E+00  1.0E-07
  7.700E+01  3.87524E-01  3.22102E-25  1.15025E-08  0.00000E+00  1.0E-07
  7.750E+01  3.91780E-01  3.13152E-25  1.11829E-08  0.00000E+00  1.0E-07
  7.800E+01  3.96044E-01  3.04491E-25  1.08736E-08  0.00000E+00  1.0E-07
  7.850E+01  4.00316E-01  2.96107E-25  1.05742E-08  0.00000E+00  1.0E-07
  7.900E+01  4.04596E-01  2.87990E-25  1.02843E-08  0.00000E+00  1.0E-07
  7.950E+01  4.08882E-01  2.80130E-25  1.00036E-08  0.00000E+00  1.0E-07
  8.000E+01  4.13176E-01  2.72517E-25  9.73176E-09  0.00000E+00  1.0E-07
  8.050E+01  4.17476E-01  2.65142E-25  9.46841E-09  0.00000E+00  1.0E-07
  8.100E+01  4.21783E-01  2.57997E-25  9.21325E-09  0.00000E+00  1.0E-07
  8.150E+01  4.26095E-01  2.51073E-25  8.96599E-09  0.00000E+00  1.0E-07
  8.200E+01  4.30413E-01  2.44362E-25  8.72633E-09  0.00000E+00  1.0E-07
  8.250E+01  4.34737E-01  2.37856E-25  8.49400E-09  0.00000E+00  1.0E-07
  8.300E+01  4.39065E-01  2.31548E-25  8.26874E-09  0.00000E+00  1.0E-07
  8.350E+01  4.43398E-01  2.25431E-25  8.05030E-09  0.00000E+00  1.0E-07
  8.400E+01  4.47736E-01  2.19498E-25  7.83843E-09  0.00000E+00  1.0E-07
  8.450E+01  4.52077E-01  2.13743E-25  7.63290E-09  0.00000E+00  1.0E-07
  8.500E+01  4.56422E-01  2.08159E-25  7.43350E-09  0.00000E+00  1.0E-07
  8.550E+01  4.60770E-01  2.02741E-25  7.24000E-09  0.00000E+00  1.0E-07
  8.600E+01  4.65122E-01  1.97482E-25  7.05220E-09  0.00000E+00  1.0E-07
  8.650E+01  4.69476E-01  1.92377E-25  6.86990E-09  0.00000E+00  1.0E-07
  8.700E+01  4.73832E-01  1.87421E-25  6.69292E-09  0.00000E+00  1.0E-07
  8.750E+01  4.78190E-01  1.82609E-25  6.52107E-09  0.00000E+00  1.0E-07
  8.800E+01  4.82550E-01  1.77935E-25  6.35419E-09  0.00000E+00  1.0E-07
  8.850E+01  4.86912E-01  1.73396E-25  6.19209E-09  0.00000E+00  1.0E-07
  8.900E+01  4.91274E-01  1.68987E-25  6.03463E-09  0.00000E+00  1.0E-07
  8.950E+01  4.95637E-01  1.64703E-25  5.88164E-09  0.00000E+00  1.0E-07
  9.000E+01  5.00000E-01  1.60540E-25  5.73298E-09  0.00000E+00  1.0E-07
  9.050E+01  5.04363E-01  1.56494E-25  5.58850E-09  0.00000E+00  1.0E-07
  9.100E+01  5.08726E-01  1.52562E-25  5.44807E-09  0.00000E+00  1.0E-07
  9.150E+01  5.13088E-01  1.48739E-25  5.31156E-09  0.00000E+00  1.0E-07
  9.200E+01  5.17450E-01  1.45022E-25  5.17883E-09  0.00000E+00  1.0E-07
  9.250E+01  5.21810E-01  1.41408E-25  5.04977E-09  0.00000E+00  1.0E-07
  9.300E+01  5.26168E-01  1.37893E-25  4.92426E-09  0.00000E+00  1.0E-07
  9.350E+01  5.30524E-01  1.34475E-25  4.80218E-09  0.00000E+00  1.0E-07
  9.400E+01  5.34878E-01  1.31149E-25  4.68342E-09  0.00000E+00  1.0E-07
  9.450E+01  5.39230E-01  1.27914E-25  4.56788E-09  0.00000E+00  1.0E-07
  9.500E+01  5.43578E-01  1.24766E-25  4.45546E-09  0.00000E+00  1.0E-07
  9.550E+01  5.47923E-01  1.21702E-25  4.34606E-09  0.00000E+00  1.0E-07
  9.600E+01  5.52264E-01  1.18720E-25  4.23958E-09  0.00000E+00  1.0E-07
  9.650E+01  5.56602E-01  1.15818E-25  4.13594E-09  0.00000E+00  1.0E-07
  9.700E+01  5.60935E-01  1.12993E-25  4.03504E-09  0.00000E+00  1.0E-07
  9.750E+01  5.65263E-01  1.10242E-25  3.93681E-09  0.00000E+00  1.0E-07
  9.800E+01  5.69587E-01  1.07563E-25  3.84115E-09  0.00000E+00  1.0E-07
  9.850E+01  5.73905E-01  1.04955E-25  3.74800E-09  0.00000E+00  1.0E-07
  9.900E+01  5.78217E-01  1.02414E-25  3.65727E-09  0.00000E+00  1.0E-07
  9.950E+01  5.82524E-01  9.99394E-26  3.56890E-09  0.00000E+00  1.0E-07
  1.000E+02  5.86824E-01  9.75286E-26  3.48281E-09  0.00000E+00  1.0E-07
  1.005E+02  5.91118E-01  9.51799E-26  3.39893E-09  0.00000E+00  1.0E-07
  1.010E+02  5.95404E-01  9.28912E-26  3.31721E-09  0.00000E+00  1.0E-07
  1.015E+02  5.99684E-01  9.06610E-26  3.23756E-09  0.00000E+00  1.0E-07
  1.020E+02  6.03956E-01  8.84874E-26  3.15994E-09  0.00000E+00  1.0E-07
  1.025E+02  6.08220E-01  8.63688E-26  3.08429E-09  0.00000E+00  1.0E-07
  1.030E+02  6.12476E-01  8.43036E-26  3.01054E-09  0.00000E+00  1.0E-07
  1.035E+02  6.16723E-01  8.22902E-26  2.93864E-09  0.00000E+00  1.0E-07
  1.040E+02  6.20961E-01  8.03272E-26  2.86854E-09  0.00000E+00  1.0E-07
  1.045E+02  6.25190E-01  7.84131E-26  2.80018E-09  0.00000E+00  1.0E-07
  1.050E+02  6.29410E-01  7.65465E-26  2.73353E-09  0.00000E+00  1.0E-07
  1.055E+02  6.33619E-01  7.47260E-26  2.66851E-09  0.00000E+00  1.0E-07
  1.060E+02  6.37819E-01  7.29504E-26  2.60511E-09  0.00000E+00  1.0E-07
  1.065E+02  6.42008E-01  7.12183E-26  2.54325E-09  0.00000E+00  1.0E-07
  1.070E+02  6.46186E-01  6.95286E-26  2.48291E-09  0.00000E+00  1.0E-07
  1.075E+02  6.50353E-01  6.78800E-26  2.42404E-09  0.00000E+00  1.0E-07
  1.080E+02  6.54508E-01  6.62714E-26  2.36660E-09  0.00000E+00  1.0E-07
  1.085E+02  6.58652E-01  6.47018E-26  2.31054E-09  0.00000E+00  1.0E-07
  1.090E+02  6.62784E-01  6.31700E-26  2.25584E-09  0.00000E+00  1.0E-07
  1.095E+02  6.66903E-01  6.16749E-26  2.20245E-09  0.00000E+00  1.0E-07
  1.100E+02  6.71010E-01  6.02157E-26  2.15034E-09  0.00000E+00  1.0E-07
  1.105E+02  6.75104E-01  5.87912E-26  2.09947E-09  0.00000E+00  1.0E-07
  1.110E+02  6.79184E-01  5.74006E-26  2.04981E-09  0.00000E+00  1.0E-07
  1.115E+02  6.83251E-01  5.60430E-26  2.00133E-09  0.00000E+00  1.0E-07
  1.120E+02  6.87303E-01  5.47175E-26  1.95400E-09  0.00000E+00  1.0E-07
  1.125E+02  6.91342E-01  5.34231E-26  1.90777E-09  0.00000E+00  1.0E-07
  1.130E+02  6.95366E-01  5.21591E-26  1.86264E-09  0.00000E+00  1.0E-07
  1.135E+02  6.99375E-01  5.09247E-26  1.81855E-09  0.00000E+00  1.0E-07
  1.140E+02  7.03368E-01  4.97191E-26  1.77550E-09  0.00000E+00  1.0E-07
  1.145E+02  7.07347E-01  4.85415E-26  1.73345E-09  0.00000E+00  1.0E-07
  1.150E+02  7.11309E-01  4.73912E-26  1.69237E-09  0.00000E+00  1.0E-07
  1.155E+02  7.15256E-01  4.62675E-26  1.65224E-09  0.00000E+00  1.0E-07
  1.160E+02  7.19186E-01  4.51698E-26  1.61304E-09  0.00000E+00  1.0E-07
  1.165E+02  7.23099E-01  4.40972E-26  1.57474E-09  0.00000E+00  1.0E-07
  1.170E+02  7.26995E-01  4.30492E-26  1.53732E-09  0.00000E+00  1.0E-07
  1.175E+02  7.30874E-01  4.20252E-26  1.50075E-09  0.00000E+00  1.0E-07
  1.180E+02  7.34736E-01  4.10245E-26  1.46501E-09  0.00000E+00  1.0E-07
  1.185E+02  7.38579E-01  4.00466E-26  1.43009E-09  0.00000E+00  1.0E-07
  1.190E+02  7.42405E-01  3.90909E-26  1.39596E-09  0.00000E+00  1.0E-07
  1.195E+02  7.46212E-01  3.81568E-26  1.36260E-09  0.00000E+00  1.0E-07
  1.200E+02  7.50000E-01  3.72437E-26  1.33000E-09  0.00000E+00  1.0E-07
  1.205E+02  7.53769E-01  3.63512E-26  1.29813E-09  0.00000E+00  1.0E-07
  1.210E+02  7.57519E-01  3.54788E-26  1.26697E-09  0.00000E+00  1.0E-07
  1.215E+02  7.61249E-01  3.46259E-26  1.23651E-09  0.00000E+00  1.0E-07
  1.220E+02  7.64960E-01  3.37921E-26  1.20674E-09  0.00000E+00  1.0E-07
  1.225E+02  7.68650E-01  3.29769E-26  1.17763E-09  0.00000E+00  1.0E-07
  1.230E+02  7.72320E-01  3.21798E-26  1.14916E-09  0.00000E+00  1.0E-07
  1.235E+02  7.75968E-01  3.14005E-26  1.12133E-09  0.00000E+00  1.0E-07
  1.240E+02  7.79596E-01  3.06384E-26  1.09412E-09  0.00000E+00  1.0E-07
  1.245E+02  7.83203E-01  2.98932E-26  1.06751E-09  0.00000E+00  1.0E-07
  1.250E+02  7.86788E-01  2.91645E-26  1.04148E-09  0.00000E+00  1.0E-07
  1.255E+02  7.90351E-01  2.84518E-26  1.01603E-09  0.00000E+00  1.0E-07
  1.260E+02  7.93893E-01  2.77548E-26  9.91142E-10  0.00000E+00  1.0E-07
  1.265E+02  7.97411E-01  2.70732E-26  9.66800E-10  0.00000E+00  1.0E-07
  1.270E+02  8.00908E-01  2.64065E-26  9.42992E-10  0.00000E+00  1.0E-07
  1.275E+02  8.04381E-01  2.57544E-26  9.19706E-10  0.00000E+00  1.0E-07
  1.280E+02  8.07831E-01  2.51166E-26  8.96929E-10  0.00000E+00  1.0E-07
  1.285E+02  8.11257E-01  2.44927E-26  8.74651E-10  0.00000E+00  1.0E-07
  1.290E+02  8.14660E-01  2.38825E-26  8.52859E-10  0.00000E+00  1.0E-07
  1.295E+02  8.18039E-01  2.32855E-26  8.31542E-10  0.00000E+00  1.0E-07
  1.300E+02  8.21394E-01  2.27016E-26  8.10689E-10  0.00000E+00  1.0E-07
  1.305E+02  8.24724E-01  2.21304E-26  7.90291E-10  0.00000E+00  1.0E-07
  1.310E+02  8.28030E-01  2.15716E-26  7.70336E-10  0.00000E+00  1.0E-07
  1.315E+02  8.31310E-01  2.10250E-26  7.50815E-10  0.00000E+00  1.0E-07
  1.320E+02  8.34565E-01  2.04902E-26  7.31718E-10  0.00000E+00  1.0E-07
  1.325E+02  8.37795E-01  1.99670E-26  7.13035E-10  0.00000E+00  1.0E-07
  1.330E+02  8.40999E-01  1.94552E-26  6.94758E-10  0.00000E+00  1.0E-07
  1.335E+02  8.44177E-01  1.89545E-26  6.76877E-10  0.00000E+00  1.0E-07
  1.340E+02  8.47329E-01  1.84646E-26  6.59384E-10  0.00000E+00  1.0E-07
  1.345E+02  8.50455E-01  1.79854E-26  6.42271E-10  0.00000E+00  1.0E-07
  1.350E+02  8.53553E-01  1.75166E-26  6.25528E-10  0.00000E+00  1.0E-07
  1.355E+02  8.56625E-01  1.70579E-26  6.09149E-10  0.00000E+00  1.0E-07
  1.360E+02  8.59670E-01  1.66092E-26  5.93125E-10  0.00000E+00  1.0E-07
  1.365E+02  8.62687E-01  1.61702E-26  5.77449E-10  0.00000E+00  1.0E-07
  1.370E+02  8.65677E-01  1.57408E-26  5.62114E-10  0.00000E+00  1.0E-07
  1.375E+02  8.68639E-01  1.53207E-26  5.47111E-10  0.00000E+00  1.0E-07
  1.380E+02  8.71572E-01  1.49097E-26  5.32435E-10  0.00000E+00  1.0E-07
  1.385E+02  8.74478E-01  1.45077E-26  5.18079E-10  0.00000E+00  1.0E-07
  1.390E+02  8.77355E-01  1.41144E-26  5.04036E-10  0.00000E+00  1.0E-07
  1.395E+02  8.80203E-01  1.37298E-26  4.90299E-10  0.00000E+00  1.0E-07
  1.400E+02  8.83022E-01  1.33535E-26  4.76862E-10  0.00000E+00  1.0E-07
  1.405E+02  8.85812E-01  1.29855E-26  4.63719E-10  0.00000E+00  1.0E-07
  1.410E+02  8.88573E-01  1.26255E-26  4.50865E-10  0.00000E+00  1.0E-07
  1.415E+02  8.91304E-01  1.22735E-26  4.38293E-10  0.00000E+00  1.0E-07
  1.420E+02  8.94005E-01  1.19292E-26  4.25998E-10  0.00000E+00  1.0E-07
  1.425E+02  8.96677E-01  1.15925E-26  4.13975E-10  0.00000E+00  1.0E-07
  1.430E+02  8.99318E-01  1.12632E-26  4.02217E-10  0.00000E+00  1.0E-07
  1.435E+02  9.01928E-01  1.09413E-26  3.90721E-10  0.00000E+00  1.0E-07
  1.440E+02  9.04508E-01  1.06265E-26  3.79480E-10  0.00000E+00  1.0E-07
  1.445E+02  9.07058E-01  1.03188E-26  3.68490E-10  0.00000E+00  1.0E-07
  1.450E+02  9.09576E-01  1.00179E-26  3.57746E-10  0.00000E+00  1.0E-07
  1.455E+02  9.12063E-01  9.72384E-27  3.47244E-10  0.00000E+00  1.0E-07
  1.460E+02  9.14519E-01  9.43639E-27  3.36979E-10  0.00000E+00  1.0E-07
  1.465E+02  9.16943E-01  9.15545E-27  3.26947E-10  0.00000E+00  1.0E-07
  1.470E+02  9.19335E-01  8.88091E-27  3.17143E-10  0.00000E+00  1.0E-07
  1.475E+02  9.21696E-01  8.61265E-27  3.07563E-10  0.00000E+00  1.0E-07
  1.480E+02  9.24024E-01  8.35055E-27  2.98204E-10  0.00000E+00  1.0E-07
  1.485E+02  9.26320E-01  8.09450E-27  2.89060E-10  0.00000E+00  1.0E-07
  1.490E+02  9.28584E-01  7.84441E-27  2.80129E-10  0.00000E+00  1.0E-07
  1.495E+02  9.30815E-01  7.60015E-27  2.71406E-10  0.00000E+00  1.0E-07
  1.500E+02  9.33013E-01  7.36163E-27  2.62889E-10  0.00000E+00  1.0E-07
  1.505E+02  9.35178E-01  7.12876E-27  2.54572E-10  0.00000E+00  1.0E-07
  1.510E+02  9.37310E-01  6.90142E-27  2.46454E-10  0.00000E+00  1.0E-07
  1.515E+02  9.39409E-01  6.67954E-27  2.38531E-10  0.00000E+00  1.0E-07
  1.520E+02  9.41474E-01  6.46302E-27  2.30799E-10  0.00000E+00  1.0E-07
  1.525E+02  9.43505E-01  6.25178E-27  2.23255E-10  0.00000E+00  1.0E-07
  1.530E+02  9.45503E-01  6.04571E-27  2.15896E-10  0.00000E+00  1.0E-07
  1.535E+02  9.47467E-01  5.84475E-27  2.08720E-10  0.00000E+00  1.0E-07
  1.540E+02  9.49397E-01  5.64881E-27  2.01723E-10  0.00000E+00  1.0E-07
  1.545E+02  9.51293E-01  5.45782E-27  1.94902E-10  0.00000E+00  1.0E-07
  1.550E+02  9.53154E-01  5.27168E-27  1.88255E-10  0.00000E+00  1.0E-07
  1.555E+02  9.54981E-01  5.09034E-27  1.81779E-10  0.00000E+00  1.0E-07
  1.560E+02  9.56773E-01  4.91372E-27  1.75472E-10  0.00000E+00  1.0E-07
  1.565E+02  9.58530E-01  4.74174E-27  1.69331E-10  0.00000E+00  1.0E-07
  1.570E+02  9.60252E-01  4.57435E-27  1.63353E-10  0.00000E+00  1.0E-07
  1.575E+02  9.61940E-01  4.41147E-27  1.57536E-10  0.00000E+00  1.0E-07
  1.580E+02  9.63592E-01  4.25304E-27  1.51879E-10  0.00000E+00  1.0E-07
  1.585E+02  9.65209E-01  4.09899E-27  1.46378E-10  0.00000E+00  1.0E-07
  1.590E+02  9.66790E-01  3.94928E-27  1.41031E-10  0.00000E+00  1.0E-07
  1.595E+02  9.68336E-01  3.80383E-27  1.35837E-10  0.00000E+00  1.0E-07
  1.600E+02  9.69846E-01  3.66259E-27  1.30793E-10  0.00000E+00  1.0E-07
  1.605E+02  9.71321E-01  3.52551E-27  1.25898E-10  0.00000E+00  1.0E-07
  1.610E+02  9.72759E-01  3.39254E-27  1.21150E-10  0.00000E+00  1.0E-07
  1.615E+02  9.74162E-01  3.26361E-27  1.16546E-10  0.00000E+00  1.0E-07
  1.620E+02  9.75528E-01  3.13869E-27  1.12085E-10  0.00000E+00  1.0E-07
  1.625E+02  9.76858E-01  3.01773E-27  1.07765E-10  0.00000E+00  1.0E-07
  1.630E+02  9.78152E-01  2.90067E-27  1.03585E-10  0.00000E+00  1.0E-07
  1.635E+02  9.79410E-01  2.78748E-27  9.95426E-11  0.00000E+00  1.0E-07
  1.640E+02  9.80631E-01  2.67810E-27  9.56368E-11  0.00000E+00  1.0E-07
  1.645E+02  9.81815E-01  2.57251E-27  9.18660E-11  0.00000E+00  1.0E-07
  1.650E+02  9.82963E-01  2.47065E-27  8.82287E-11  0.00000E+00  1.0E-07
  1.655E+02  9.84074E-01  2.37250E-27  8.47235E-11  0.00000E+00  1.0E-07
  1.660E+02  9.85148E-01  2.27801E-27  8.13491E-11  0.00000E+00  1.0E-07
  1.665E+02  9.86185E-01  2.18714E-27  7.81042E-11  0.00000E+00  1.0E-07
  1.670E+02  9.87185E-01  2.09987E-27  7.49876E-11  0.00000E+00  1.0E-07
  1.675E+02  9.88148E-01  2.01615E-27  7.19981E-11  0.00000E+00  1.0E-07
  1.680E+02  9.89074E-01  1.93597E-27  6.91346E-11  0.00000E+00  1.0E-07
  1.685E+02  9.89962E-01  1.85928E-27  6.63961E-11  0.00000E+00  1.0E-07
  1.690E+02  9.90814E-01  1.78606E-27  6.37815E-11  0.00000E+00  1.0E-07
  1.695E+02  9.91627E-01  1.71629E-27  6.12897E-11  0.00000E+00  1.0E-07
  1.700E+02  9.92404E-01  1.64993E-27  5.89200E-11  0.00000E+00  1.0E-07
  1.705E+02  9.93143E-01  1.58696E-27  5.66714E-11  0.00000E+00  1.0E-07
  1.710E+02  9.93844E-01  1.52736E-27  5.45430E-11  0.00000E+00  1.0E-07
  1.715E+02  9.94508E-01  1.47111E-27  5.25342E-11  0.00000E+00  1.0E-07
  1.720E+02  9.95134E-01  1.41818E-27  5.06440E-11  0.00000E+00  1.0E-07
  1.725E+02  9.95722E-01  1.36855E-27  4.88719E-11  0.00000E+00  1.0E-07
  1.730E+02  9.96273E-01  1.32222E-27  4.72172E-11  0.00000E+00  1.0E-07
  1.735E+02  9.96786E-01  1.27915E-27  4.56792E-11  0.00000E+00  1.0E-07
  1.740E+02  9.97261E-01  1.23933E-27  4.42574E-11  0.00000E+00  1.0E-07
  1.745E+02  9.97698E-01  1.20276E-27  4.29513E-11  0.00000E+00  1.0E-07
  1.750E+02  9.98097E-01  1.16941E-27  4.17603E-11  0.00000E+00  1.0E-07
  1.755E+02  9.98459E-01  1.13927E-27  4.06841E-11  0.00000E+00  1.0E-07
  1.760E+02  9.98782E-01  1.11234E-27  3.97223E-11  0.00000E+00  1.0E-07
  1.765E+02  9.99067E-01  1.08859E-27  3.88744E-11  0.00000E+00  1.0E-07
  1.770E+02  9.99315E-01  1.06803E-27  3.81402E-11  0.00000E+00  1.0E-07
  1.775E+02  9.99524E-01  1.05065E-27  3.75194E-11  0.00000E+00  1.0E-07
  1.780E+02  9.99695E-01  1.03644E-27  3.70118E-11  0.00000E+00  1.0E-07
  1.785E+02  9.99829E-01  1.02539E-27  3.66172E-11  0.00000E+00  1.0E-07
  1.790E+02  9.99924E-01  1.01750E-27  3.63355E-11  0.00000E+00  1.1E-07
  1.795E+02  9.99981E-01  1.01276E-27  3.61665E-11  0.00000E+00  1.5E-07
  1.800E+02  1.00000E+00  1.01119E-27  3.61101E-11  0.00000E+00  7.0E-07
