 #
 # Subroutine ELSEPA. Elastic scattering of electrons and positrons
 #                    by neutral atoms and positive ions
 #
 # Projectile: electron
 # Kinetic energy = 3.70000E+06 eV = 1.35973E+05 a.u.
 #
 # WARNING: High-energy factorization with free-atom DF screening.
 #          Absorption, polarization and exchange corrections are
 #          switched off.
 #          Phase shifts are calculated for the bare nucleus.
 #          Scattering amplitudes are not evaluated.
 #
 # Element: Pr,  Z =  59,  atomic weight = 1.40908E+02 g/mol
 #
 # Nuclear model: Fermi distribution
 #                Average radius = 5.56795E-13 cm
 #                Skin thickness = 5.46000E-14 cm
 #
 # Number of electrons = 59
 #
 # Total elastic cross section = 7.39429E-18 cm**2 = 2.64055E-01 a0**2
 # 1st transport cross section = 3.12259E-22 cm**2 = 1.11510E-05 a0**2
 # 2nd transport cross section = 8.58369E-22 cm**2 = 3.06529E-05 a0**2
 #
 #
 # Differential cross section:                       MU=(1-COS(THETA))/2
 #
 #  THETA        MU          DCS          DCS        Sherman      error
 #  (deg)                 (cm**2/sr)   (a0**2/sr)    function
 #----------------------------------------------------------------------
  0.000E+00  0.00000E+00  1.89241E-12  6.75793E+04  0.00000E+00  1.0E-05
  1.000E-04  7.61557E-13  1.89240E-12  6.75787E+04  0.00000E+00  1.0E-05
  1.250E-04  1.18994E-12  1.89239E-12  6.75783E+04  0.00000E+00  1.0E-05
  1.500E-04  1.71346E-12  1.89237E-12  6.75779E+04  0.00000E+00  1.0E-05
  1.750E-04  2.33225E-12  1.89236E-12  6.75774E+04  0.00000E+00  1.0E-05
  2.000E-04  3.04617E-12  1.89234E-12  6.75767E+04  0.00000E+00  1.0E-05
  2.250E-04  3.85530E-12  1.89232E-12  6.75760E+04  0.00000E+00  1.0E-05
  2.500E-04  4.75964E-12  1.89230E-12  6.75753E+04  0.00000E+00  1.0E-05
  2.750E-04  5.75917E-12  1.89228E-12  6.75744E+04  0.00000E+00  1.0E-05
  3.000E-04  6.85391E-12  1.89225E-12  6.75735E+04  0.00000E+00  1.0E-05
  3.250E-04  8.04379E-12  1.89222E-12  6.75724E+04  0.00000E+00  1.0E-05
  3.500E-04  9.32893E-12  1.89219E-12  6.75713E+04  0.00000E+00  1.0E-05
  3.750E-04  1.07092E-11  1.89216E-12  6.75701E+04  0.00000E+00  1.0E-05
  4.000E-04  1.21847E-11  1.89212E-12  6.75689E+04  0.00000E+00  1.0E-05
  4.250E-04  1.37554E-11  1.89208E-12  6.75675E+04  0.00000E+00  1.0E-05
  4.500E-04  1.54213E-11  1.89204E-12  6.75661E+04  0.00000E+00  1.0E-05
  4.750E-04  1.71823E-11  1.89200E-12  6.75645E+04  0.00000E+00  1.0E-05
  5.000E-04  1.90386E-11  1.89196E-12  6.75629E+04  0.00000E+00  1.0E-05
  5.250E-04  2.09900E-11  1.89191E-12  6.75613E+04  0.00000E+00  1.0E-05
  5.500E-04  2.30367E-11  1.89186E-12  6.75595E+04  0.00000E+00  1.0E-05
  5.750E-04  2.51785E-11  1.89181E-12  6.75576E+04  0.00000E+00  1.0E-05
  6.000E-04  2.74156E-11  1.89175E-12  6.75557E+04  0.00000E+00  1.0E-05
  6.250E-04  2.97478E-11  1.89170E-12  6.75537E+04  0.00000E+00  1.0E-05
  6.500E-04  3.21752E-11  1.89164E-12  6.75516E+04  0.00000E+00  1.0E-05
  6.750E-04  3.46979E-11  1.89158E-12  6.75494E+04  0.00000E+00  1.0E-05
  7.000E-04  3.73157E-11  1.89151E-12  6.75472E+04  0.00000E+00  1.0E-05
  7.250E-04  4.00286E-11  1.89145E-12  6.75448E+04  0.00000E+00  1.0E-05
  7.500E-04  4.28368E-11  1.89138E-12  6.75424E+04  0.00000E+00  1.0E-05
  7.750E-04  4.57402E-11  1.89131E-12  6.75399E+04  0.00000E+00  1.0E-05
  8.000E-04  4.87388E-11  1.89124E-12  6.75373E+04  0.00000E+00  1.0E-05
  8.250E-04  5.18325E-11  1.89116E-12  6.75346E+04  0.00000E+00  1.0E-05
  8.500E-04  5.50215E-11  1.89109E-12  6.75319E+04  0.00000E+00  1.0E-05
  8.750E-04  5.83057E-11  1.89101E-12  6.75291E+04  0.00000E+00  1.0E-05
  9.000E-04  6.16850E-11  1.89092E-12  6.75261E+04  0.00000E+00  1.0E-05
  9.250E-04  6.51595E-11  1.89084E-12  6.75231E+04  0.00000E+00  1.0E-05
  9.500E-04  6.87293E-11  1.89075E-12  6.75201E+04  0.00000E+00  1.0E-05
  9.750E-04  7.23943E-11  1.89067E-12  6.75169E+04  0.00000E+00  1.0E-05
  1.000E-03  7.61544E-11  1.89057E-12  6.75137E+04  0.00000E+00  1.0E-05
  1.250E-03  1.18991E-10  1.88954E-12  6.74767E+04  0.00000E+00  1.0E-05
  1.500E-03  1.71347E-10  1.88828E-12  6.74316E+04  0.00000E+00  1.0E-05
  1.750E-03  2.33223E-10  1.88679E-12  6.73783E+04  0.00000E+00  1.0E-05
  2.000E-03  3.04617E-10  1.88507E-12  6.73170E+04  0.00000E+00  1.0E-05
  2.250E-03  3.85531E-10  1.88312E-12  6.72475E+04  0.00000E+00  1.0E-05
  2.500E-03  4.75965E-10  1.88095E-12  6.71700E+04  0.00000E+00  1.0E-05
  2.750E-03  5.75917E-10  1.87856E-12  6.70846E+04  0.00000E+00  1.0E-05
  3.000E-03  6.85389E-10  1.87594E-12  6.69911E+04  0.00000E+00  1.0E-05
  3.250E-03  8.04380E-10  1.87311E-12  6.68898E+04  0.00000E+00  1.0E-05
  3.500E-03  9.32891E-10  1.87005E-12  6.67807E+04  0.00000E+00  1.0E-05
  3.750E-03  1.07092E-09  1.86678E-12  6.66638E+04  0.00000E+00  1.0E-05
  4.000E-03  1.21847E-09  1.86329E-12  6.65392E+04  0.00000E+00  1.0E-05
  4.250E-03  1.37554E-09  1.85958E-12  6.64070E+04  0.00000E+00  1.0E-05
  4.500E-03  1.54213E-09  1.85567E-12  6.62672E+04  0.00000E+00  1.0E-05
  4.750E-03  1.71823E-09  1.85155E-12  6.61200E+04  0.00000E+00  1.0E-05
  5.000E-03  1.90386E-09  1.84722E-12  6.59654E+04  0.00000E+00  1.0E-05
  5.250E-03  2.09900E-09  1.84268E-12  6.58034E+04  0.00000E+00  1.0E-05
  5.500E-03  2.30367E-09  1.83795E-12  6.56343E+04  0.00000E+00  1.0E-05
  5.750E-03  2.51785E-09  1.83301E-12  6.54581E+04  0.00000E+00  1.0E-05
  6.000E-03  2.74156E-09  1.82788E-12  6.52748E+04  0.00000E+00  1.0E-05
  6.250E-03  2.97478E-09  1.82256E-12  6.50846E+04  0.00000E+00  1.0E-05
  6.500E-03  3.21752E-09  1.81704E-12  6.48877E+04  0.00000E+00  1.0E-05
  6.750E-03  3.46978E-09  1.81134E-12  6.46840E+04  0.00000E+00  1.0E-05
  7.000E-03  3.73156E-09  1.80545E-12  6.44738E+04  0.00000E+00  1.0E-05
  7.250E-03  4.00286E-09  1.79938E-12  6.42570E+04  0.00000E+00  1.0E-05
  7.500E-03  4.28368E-09  1.79313E-12  6.40339E+04  0.00000E+00  1.0E-05
  7.750E-03  4.57402E-09  1.78671E-12  6.38046E+04  0.00000E+00  1.0E-05
  8.000E-03  4.87388E-09  1.78012E-12  6.35692E+04  0.00000E+00  1.0E-05
  8.250E-03  5.18326E-09  1.77336E-12  6.33277E+04  0.00000E+00  1.0E-05
  8.500E-03  5.50215E-09  1.76643E-12  6.30804E+04  0.00000E+00  1.0E-05
  8.750E-03  5.83057E-09  1.75935E-12  6.28275E+04  0.00000E+00  1.0E-05
  9.000E-03  6.16850E-09  1.75211E-12  6.25689E+04  0.00000E+00  1.0E-05
  9.250E-03  6.51596E-09  1.74471E-12  6.23047E+04  0.00000E+00  1.0E-05
  9.500E-03  6.87293E-09  1.73716E-12  6.20353E+04  0.00000E+00  1.0E-05
  9.750E-03  7.23942E-09  1.72948E-12  6.17607E+04  0.00000E+00  1.0E-05
  1.000E-02  7.61544E-09  1.72164E-12  6.14810E+04  0.00000E+00  1.0E-05
  1.250E-02  1.18991E-08  1.63639E-12  5.84367E+04  0.00000E+00  1.0E-05
  1.500E-02  1.71347E-08  1.54181E-12  5.50592E+04  0.00000E+00  1.0E-05
  1.750E-02  2.33223E-08  1.44096E-12  5.14574E+04  0.00000E+00  1.0E-05
  2.000E-02  3.04617E-08  1.33750E-12  4.77629E+04  0.00000E+00  1.0E-05
  2.250E-02  3.85531E-08  1.23524E-12  4.41112E+04  0.00000E+00  1.0E-05
  2.500E-02  4.75965E-08  1.13643E-12  4.05828E+04  0.00000E+00  1.0E-05
  2.750E-02  5.75917E-08  1.04231E-12  3.72217E+04  0.00000E+00  1.0E-05
  3.000E-02  6.85389E-08  9.54065E-13  3.40703E+04  0.00000E+00  1.0E-05
  3.250E-02  8.04380E-08  8.72857E-13  3.11703E+04  0.00000E+00  1.0E-05
  3.500E-02  9.32891E-08  7.99038E-13  2.85342E+04  0.00000E+00  1.0E-05
  3.750E-02  1.07092E-07  7.31864E-13  2.61353E+04  0.00000E+00  1.0E-05
  4.000E-02  1.21847E-07  6.71113E-13  2.39659E+04  0.00000E+00  1.0E-05
  4.250E-02  1.37554E-07  6.16565E-13  2.20180E+04  0.00000E+00  1.0E-05
  4.500E-02  1.54213E-07  5.67985E-13  2.02831E+04  0.00000E+00  1.0E-05
  4.750E-02  1.71823E-07  5.24304E-13  1.87232E+04  0.00000E+00  1.0E-05
  5.000E-02  1.90386E-07  4.85063E-13  1.73219E+04  0.00000E+00  1.0E-05
  5.250E-02  2.09900E-07  4.49816E-13  1.60632E+04  0.00000E+00  1.0E-05
  5.500E-02  2.30367E-07  4.18298E-13  1.49377E+04  0.00000E+00  1.0E-05
  5.750E-02  2.51785E-07  3.89800E-13  1.39200E+04  0.00000E+00  1.0E-05
  6.000E-02  2.74156E-07  3.63991E-13  1.29983E+04  0.00000E+00  1.0E-05
  6.250E-02  2.97478E-07  3.40571E-13  1.21620E+04  0.00000E+00  1.0E-05
  6.500E-02  3.21752E-07  3.19274E-13  1.14015E+04  0.00000E+00  1.0E-05
  6.750E-02  3.46978E-07  2.99795E-13  1.07059E+04  0.00000E+00  1.0E-05
  7.000E-02  3.73156E-07  2.81934E-13  1.00681E+04  0.00000E+00  1.0E-05
  7.250E-02  4.00286E-07  2.65518E-13  9.48183E+03  0.00000E+00  1.0E-05
  7.500E-02  4.28368E-07  2.50357E-13  8.94041E+03  0.00000E+00  1.0E-05
  7.750E-02  4.57402E-07  2.36312E-13  8.43887E+03  0.00000E+00  1.0E-05
  8.000E-02  4.87388E-07  2.23292E-13  7.97391E+03  0.00000E+00  1.0E-05
  8.250E-02  5.18325E-07  2.11199E-13  7.54206E+03  0.00000E+00  1.0E-05
  8.500E-02  5.50215E-07  1.99915E-13  7.13910E+03  0.00000E+00  1.0E-05
  8.750E-02  5.83057E-07  1.89351E-13  6.76183E+03  0.00000E+00  1.0E-05
  9.000E-02  6.16850E-07  1.79482E-13  6.40942E+03  0.00000E+00  1.0E-05
  9.250E-02  6.51596E-07  1.70251E-13  6.07977E+03  0.00000E+00  1.0E-05
  9.500E-02  6.87293E-07  1.61590E-13  5.77049E+03  0.00000E+00  1.0E-05
  9.750E-02  7.23942E-07  1.53421E-13  5.47876E+03  0.00000E+00  1.0E-05
  1.000E-01  7.61543E-07  1.45754E-13  5.20496E+03  0.00000E+00  1.0E-05
  1.250E-01  1.18991E-06  8.95536E-14  3.19802E+03  0.00000E+00  1.0E-05
  1.500E-01  1.71347E-06  5.68472E-14  2.03005E+03  0.00000E+00  1.0E-05
  1.750E-01  2.33223E-06  3.82449E-14  1.36575E+03  0.00000E+00  1.0E-05
  2.000E-01  3.04617E-06  2.67552E-14  9.55447E+02  0.00000E+00  1.0E-05
  2.250E-01  3.85531E-06  1.92294E-14  6.86693E+02  0.00000E+00  1.0E-05
  2.500E-01  4.75964E-06  1.41607E-14  5.05687E+02  0.00000E+00  1.0E-05
  2.750E-01  5.75916E-06  1.06622E-14  3.80754E+02  0.00000E+00  1.0E-05
  3.000E-01  6.85388E-06  8.17059E-15  2.91777E+02  0.00000E+00  1.0E-05
  3.250E-01  8.04378E-06  6.33959E-15  2.26391E+02  0.00000E+00  1.0E-05
  3.500E-01  9.32888E-06  4.97620E-15  1.77703E+02  0.00000E+00  1.0E-05
  3.750E-01  1.07092E-05  3.95909E-15  1.41382E+02  0.00000E+00  1.0E-05
  4.000E-01  1.21846E-05  3.18848E-15  1.13863E+02  0.00000E+00  1.0E-05
  4.250E-01  1.37553E-05  2.59623E-15  9.27131E+01  0.00000E+00  1.0E-05
  4.500E-01  1.54212E-05  2.13532E-15  7.62538E+01  0.00000E+00  1.0E-05
  4.750E-01  1.71822E-05  1.77500E-15  6.33863E+01  0.00000E+00  1.0E-05
  5.000E-01  1.90385E-05  1.48921E-15  5.31805E+01  0.00000E+00  1.0E-05
  5.250E-01  2.09899E-05  1.26160E-15  4.50524E+01  0.00000E+00  1.0E-05
  5.500E-01  2.30365E-05  1.07657E-15  3.84451E+01  0.00000E+00  1.0E-05
  5.750E-01  2.51783E-05  9.25279E-16  3.30423E+01  0.00000E+00  1.0E-05
  6.000E-01  2.74153E-05  8.00389E-16  2.85824E+01  0.00000E+00  1.0E-05
  6.250E-01  2.97475E-05  6.96457E-16  2.48709E+01  0.00000E+00  1.0E-05
  6.500E-01  3.21749E-05  6.09128E-16  2.17523E+01  0.00000E+00  1.0E-05
  6.750E-01  3.46974E-05  5.35073E-16  1.91078E+01  0.00000E+00  1.0E-05
  7.000E-01  3.73152E-05  4.72102E-16  1.68591E+01  0.00000E+00  1.0E-05
  7.250E-01  4.00281E-05  4.18293E-16  1.49375E+01  0.00000E+00  1.0E-05
  7.500E-01  4.28362E-05  3.71901E-16  1.32808E+01  0.00000E+00  1.0E-05
  7.750E-01  4.57395E-05  3.31737E-16  1.18465E+01  0.00000E+00  1.0E-05
  8.000E-01  4.87380E-05  2.96851E-16  1.06007E+01  0.00000E+00  1.0E-05
  8.250E-01  5.18317E-05  2.66405E-16  9.51350E+00  0.00000E+00  1.0E-05
  8.500E-01  5.50205E-05  2.39670E-16  8.55876E+00  0.00000E+00  1.0E-05
  8.750E-01  5.83045E-05  2.16104E-16  7.71720E+00  0.00000E+00  1.0E-05
  9.000E-01  6.16838E-05  1.95332E-16  6.97543E+00  0.00000E+00  1.0E-05
  9.250E-01  6.51582E-05  1.76968E-16  6.31964E+00  0.00000E+00  1.0E-05
  9.500E-01  6.87277E-05  1.60673E-16  5.73772E+00  0.00000E+00  1.0E-05
  9.750E-01  7.23925E-05  1.46155E-16  5.21928E+00  0.00000E+00  1.0E-05
  1.000E+00  7.61524E-05  1.33230E-16  4.75774E+00  0.00000E+00  7.2E-06
  1.100E+00  9.21439E-05  9.37582E-17  3.34816E+00  0.00000E+00  5.4E-06
  1.200E+00  1.09658E-04  6.78256E-17  2.42210E+00  0.00000E+00  2.9E-06
  1.300E+00  1.28695E-04  5.02578E-17  1.79474E+00  0.00000E+00  6.2E-07
  1.400E+00  1.49255E-04  3.80186E-17  1.35767E+00  0.00000E+00  1.1E-06
  1.500E+00  1.71338E-04  2.93217E-17  1.04710E+00  0.00000E+00  2.1E-06
  1.600E+00  1.94942E-04  2.29904E-17  8.21003E-01  0.00000E+00  2.2E-06
  1.700E+00  2.20070E-04  1.82864E-17  6.53018E-01  0.00000E+00  1.8E-06
  1.800E+00  2.46720E-04  1.47274E-17  5.25926E-01  0.00000E+00  1.0E-06
  1.900E+00  2.74892E-04  1.19983E-17  4.28468E-01  0.00000E+00  1.8E-07
  2.000E+00  3.04586E-04  9.87619E-18  3.52685E-01  0.00000E+00  5.2E-07
  2.100E+00  3.35803E-04  8.20488E-18  2.93002E-01  0.00000E+00  9.2E-07
  2.200E+00  3.68542E-04  6.87083E-18  2.45362E-01  0.00000E+00  1.0E-06
  2.300E+00  4.02802E-04  5.79804E-18  2.07052E-01  0.00000E+00  8.2E-07
  2.400E+00  4.38585E-04  4.92715E-18  1.75952E-01  0.00000E+00  4.6E-07
  2.500E+00  4.75889E-04  4.21408E-18  1.50488E-01  0.00000E+00  1.0E-07
  2.600E+00  5.14715E-04  3.62469E-18  1.29440E-01  0.00000E+00  2.9E-07
  2.700E+00  5.55063E-04  3.13489E-18  1.11949E-01  0.00000E+00  5.0E-07
  2.800E+00  5.96931E-04  2.72518E-18  9.73180E-02  0.00000E+00  5.5E-07
  2.900E+00  6.40321E-04  2.38031E-18  8.50023E-02  0.00000E+00  4.5E-07
  3.000E+00  6.85233E-04  2.08810E-18  7.45673E-02  0.00000E+00  2.5E-07
  3.100E+00  7.31665E-04  1.83933E-18  6.56835E-02  0.00000E+00  1.0E-07
  3.200E+00  7.79618E-04  1.62657E-18  5.80858E-02  0.00000E+00  1.9E-07
  3.300E+00  8.29092E-04  1.44373E-18  5.15566E-02  0.00000E+00  3.1E-07
  3.400E+00  8.80086E-04  1.28584E-18  4.59184E-02  0.00000E+00  3.4E-07
  3.500E+00  9.32601E-04  1.14893E-18  4.10290E-02  0.00000E+00  2.7E-07
  3.600E+00  9.86636E-04  1.02980E-18  3.67747E-02  0.00000E+00  1.5E-07
  3.700E+00  1.04219E-03  9.25746E-19  3.30590E-02  0.00000E+00  1.0E-07
  3.800E+00  1.09927E-03  8.34523E-19  2.98013E-02  0.00000E+00  1.3E-07
  3.900E+00  1.15786E-03  7.54253E-19  2.69348E-02  0.00000E+00  2.1E-07
  4.000E+00  1.21797E-03  6.83436E-19  2.44059E-02  0.00000E+00  2.2E-07
  4.100E+00  1.27961E-03  6.20764E-19  2.21679E-02  0.00000E+00  1.8E-07
  4.200E+00  1.34276E-03  5.65135E-19  2.01813E-02  0.00000E+00  1.0E-07
  4.300E+00  1.40743E-03  5.15599E-19  1.84124E-02  0.00000E+00  1.0E-07
  4.400E+00  1.47362E-03  4.71396E-19  1.68338E-02  0.00000E+00  1.0E-07
  4.500E+00  1.54133E-03  4.31849E-19  1.54216E-02  0.00000E+00  1.5E-07
  4.600E+00  1.61056E-03  3.96381E-19  1.41550E-02  0.00000E+00  1.6E-07
  4.700E+00  1.68131E-03  3.64486E-19  1.30160E-02  0.00000E+00  1.2E-07
  4.800E+00  1.75357E-03  3.35750E-19  1.19898E-02  0.00000E+00  1.0E-07
  4.900E+00  1.82735E-03  3.09805E-19  1.10633E-02  0.00000E+00  1.0E-07
  5.000E+00  1.90265E-03  2.86331E-19  1.02251E-02  0.00000E+00  1.0E-07
  5.100E+00  1.97947E-03  2.65046E-19  9.46495E-03  0.00000E+00  1.1E-07
  5.200E+00  2.05780E-03  2.45711E-19  8.77451E-03  0.00000E+00  1.1E-07
  5.300E+00  2.13765E-03  2.28118E-19  8.14625E-03  0.00000E+00  1.0E-07
  5.400E+00  2.21902E-03  2.12081E-19  7.57355E-03  0.00000E+00  1.0E-07
  5.500E+00  2.30190E-03  1.97435E-19  7.05054E-03  0.00000E+00  1.0E-07
  5.600E+00  2.38630E-03  1.84038E-19  6.57212E-03  0.00000E+00  1.0E-07
  5.700E+00  2.47222E-03  1.71765E-19  6.13385E-03  0.00000E+00  1.0E-07
  5.800E+00  2.55965E-03  1.60505E-19  5.73175E-03  0.00000E+00  1.0E-07
  5.900E+00  2.64859E-03  1.50159E-19  5.36226E-03  0.00000E+00  1.0E-07
  6.000E+00  2.73905E-03  1.40636E-19  5.02221E-03  0.00000E+00  1.0E-07
  6.100E+00  2.83103E-03  1.31862E-19  4.70888E-03  0.00000E+00  1.0E-07
  6.200E+00  2.92452E-03  1.23766E-19  4.41977E-03  0.00000E+00  1.0E-07
  6.300E+00  3.01952E-03  1.16287E-19  4.15267E-03  0.00000E+00  1.0E-07
  6.400E+00  3.11604E-03  1.09366E-19  3.90554E-03  0.00000E+00  1.0E-07
  6.500E+00  3.21407E-03  1.02957E-19  3.67666E-03  0.00000E+00  1.0E-07
  6.600E+00  3.31362E-03  9.70137E-20  3.46442E-03  0.00000E+00  1.0E-07
  6.700E+00  3.41468E-03  9.14964E-20  3.26740E-03  0.00000E+00  1.0E-07
  6.800E+00  3.51725E-03  8.63680E-20  3.08426E-03  0.00000E+00  1.0E-07
  6.900E+00  3.62133E-03  8.15965E-20  2.91387E-03  0.00000E+00  1.0E-07
  7.000E+00  3.72692E-03  7.71527E-20  2.75517E-03  0.00000E+00  1.0E-07
  7.100E+00  3.83403E-03  7.30097E-20  2.60722E-03  0.00000E+00  1.0E-07
  7.200E+00  3.94265E-03  6.91427E-20  2.46913E-03  0.00000E+00  1.0E-07
  7.300E+00  4.05278E-03  6.55304E-20  2.34013E-03  0.00000E+00  1.0E-07
  7.400E+00  4.16442E-03  6.21529E-20  2.21952E-03  0.00000E+00  1.0E-07
  7.500E+00  4.27757E-03  5.89920E-20  2.10664E-03  0.00000E+00  1.0E-07
  7.600E+00  4.39223E-03  5.60309E-20  2.00090E-03  0.00000E+00  1.0E-07
  7.700E+00  4.50840E-03  5.32547E-20  1.90176E-03  0.00000E+00  1.0E-07
  7.800E+00  4.62608E-03  5.06498E-20  1.80874E-03  0.00000E+00  1.0E-07
  7.900E+00  4.74527E-03  4.82036E-20  1.72138E-03  0.00000E+00  1.0E-07
  8.000E+00  4.86597E-03  4.59045E-20  1.63928E-03  0.00000E+00  1.0E-07
  8.100E+00  4.98817E-03  4.37419E-20  1.56205E-03  0.00000E+00  1.0E-07
  8.200E+00  5.11188E-03  4.17063E-20  1.48936E-03  0.00000E+00  1.0E-07
  8.300E+00  5.23711E-03  3.97888E-20  1.42088E-03  0.00000E+00  1.0E-07
  8.400E+00  5.36383E-03  3.79812E-20  1.35633E-03  0.00000E+00  1.0E-07
  8.500E+00  5.49207E-03  3.62759E-20  1.29544E-03  0.00000E+00  1.0E-07
  8.600E+00  5.62181E-03  3.46661E-20  1.23795E-03  0.00000E+00  1.0E-07
  8.700E+00  5.75306E-03  3.31455E-20  1.18365E-03  0.00000E+00  1.0E-07
  8.800E+00  5.88581E-03  3.17081E-20  1.13232E-03  0.00000E+00  1.0E-07
  8.900E+00  6.02007E-03  3.03485E-20  1.08376E-03  0.00000E+00  1.0E-07
  9.000E+00  6.15583E-03  2.90616E-20  1.03781E-03  0.00000E+00  1.0E-07
  9.100E+00  6.29310E-03  2.78429E-20  9.94289E-04  0.00000E+00  1.0E-07
  9.200E+00  6.43187E-03  2.66881E-20  9.53048E-04  0.00000E+00  1.0E-07
  9.300E+00  6.57214E-03  2.55931E-20  9.13944E-04  0.00000E+00  1.0E-07
  9.400E+00  6.71392E-03  2.45541E-20  8.76843E-04  0.00000E+00  1.0E-07
  9.500E+00  6.85720E-03  2.35679E-20  8.41625E-04  0.00000E+00  1.0E-07
  9.600E+00  7.00198E-03  2.26313E-20  8.08177E-04  0.00000E+00  1.0E-07
  9.700E+00  7.14827E-03  2.17411E-20  7.76389E-04  0.00000E+00  1.0E-07
  9.800E+00  7.29605E-03  2.08947E-20  7.46164E-04  0.00000E+00  1.0E-07
  9.900E+00  7.44534E-03  2.00896E-20  7.17412E-04  0.00000E+00  1.0E-07
  1.000E+01  7.59612E-03  1.93233E-20  6.90047E-04  0.00000E+00  1.0E-07
  1.025E+01  7.97965E-03  1.75630E-20  6.27185E-04  0.00000E+00  1.0E-07
  1.050E+01  8.37255E-03  1.60006E-20  5.71393E-04  0.00000E+00  1.0E-07
  1.075E+01  8.77480E-03  1.46100E-20  5.21732E-04  0.00000E+00  1.0E-07
  1.100E+01  9.18641E-03  1.33688E-20  4.77408E-04  0.00000E+00  1.0E-07
  1.125E+01  9.60736E-03  1.22581E-20  4.37744E-04  0.00000E+00  1.0E-07
  1.150E+01  1.00376E-02  1.12617E-20  4.02162E-04  0.00000E+00  1.0E-07
  1.175E+01  1.04773E-02  1.03656E-20  3.70164E-04  0.00000E+00  1.0E-07
  1.200E+01  1.09262E-02  9.55802E-21  3.41323E-04  0.00000E+00  1.0E-07
  1.225E+01  1.13844E-02  8.82851E-21  3.15272E-04  0.00000E+00  1.0E-07
  1.250E+01  1.18520E-02  8.16816E-21  2.91690E-04  0.00000E+00  1.0E-07
  1.275E+01  1.23288E-02  7.56919E-21  2.70301E-04  0.00000E+00  1.0E-07
  1.300E+01  1.28150E-02  7.02485E-21  2.50862E-04  0.00000E+00  1.0E-07
  1.325E+01  1.33104E-02  6.52920E-21  2.33162E-04  0.00000E+00  1.0E-07
  1.350E+01  1.38150E-02  6.07715E-21  2.17019E-04  0.00000E+00  1.0E-07
  1.375E+01  1.43290E-02  5.66408E-21  2.02268E-04  0.00000E+00  1.0E-07
  1.400E+01  1.48521E-02  5.28602E-21  1.88767E-04  0.00000E+00  1.0E-07
  1.425E+01  1.53845E-02  4.93945E-21  1.76391E-04  0.00000E+00  1.0E-07
  1.450E+01  1.59262E-02  4.62126E-21  1.65028E-04  0.00000E+00  1.0E-07
  1.475E+01  1.64770E-02  4.32867E-21  1.54579E-04  0.00000E+00  1.0E-07
  1.500E+01  1.70371E-02  4.05922E-21  1.44957E-04  0.00000E+00  1.0E-07
  1.525E+01  1.76063E-02  3.81075E-21  1.36084E-04  0.00000E+00  1.0E-07
  1.550E+01  1.81848E-02  3.58132E-21  1.27891E-04  0.00000E+00  1.0E-07
  1.575E+01  1.87724E-02  3.36919E-21  1.20316E-04  0.00000E+00  1.0E-07
  1.600E+01  1.93692E-02  3.17278E-21  1.13302E-04  0.00000E+00  1.0E-07
  1.625E+01  1.99751E-02  2.99073E-21  1.06801E-04  0.00000E+00  1.0E-07
  1.650E+01  2.05901E-02  2.82179E-21  1.00768E-04  0.00000E+00  1.0E-07
  1.675E+01  2.12143E-02  2.66481E-21  9.51623E-05  0.00000E+00  1.0E-07
  1.700E+01  2.18476E-02  2.51880E-21  8.99479E-05  0.00000E+00  1.0E-07
  1.725E+01  2.24900E-02  2.38283E-21  8.50924E-05  0.00000E+00  1.0E-07
  1.750E+01  2.31415E-02  2.25609E-21  8.05663E-05  0.00000E+00  1.0E-07
  1.775E+01  2.38021E-02  2.13782E-21  7.63429E-05  0.00000E+00  1.0E-07
  1.800E+01  2.44717E-02  2.02734E-21  7.23978E-05  0.00000E+00  1.0E-07
  1.825E+01  2.51504E-02  1.92405E-21  6.87092E-05  0.00000E+00  1.0E-07
  1.850E+01  2.58382E-02  1.82739E-21  6.52572E-05  0.00000E+00  1.0E-07
  1.875E+01  2.65349E-02  1.73684E-21  6.20236E-05  0.00000E+00  1.0E-07
  1.900E+01  2.72407E-02  1.65194E-21  5.89918E-05  0.00000E+00  1.0E-07
  1.925E+01  2.79555E-02  1.57227E-21  5.61468E-05  0.00000E+00  1.0E-07
  1.950E+01  2.86793E-02  1.49745E-21  5.34748E-05  0.00000E+00  1.0E-07
  1.975E+01  2.94120E-02  1.42712E-21  5.09633E-05  0.00000E+00  1.0E-07
  2.000E+01  3.01537E-02  1.36095E-21  4.86005E-05  0.00000E+00  1.0E-07
  2.025E+01  3.09043E-02  1.29866E-21  4.63760E-05  0.00000E+00  1.0E-07
  2.050E+01  3.16639E-02  1.23997E-21  4.42801E-05  0.00000E+00  1.0E-07
  2.075E+01  3.24324E-02  1.18463E-21  4.23038E-05  0.00000E+00  1.0E-07
  2.100E+01  3.32098E-02  1.13241E-21  4.04390E-05  0.00000E+00  1.0E-07
  2.125E+01  3.39961E-02  1.08310E-21  3.86781E-05  0.00000E+00  1.0E-07
  2.150E+01  3.47912E-02  1.03650E-21  3.70142E-05  0.00000E+00  1.0E-07
  2.175E+01  3.55952E-02  9.92446E-22  3.54409E-05  0.00000E+00  1.0E-07
  2.200E+01  3.64081E-02  9.50757E-22  3.39522E-05  0.00000E+00  1.0E-07
  2.225E+01  3.72297E-02  9.11284E-22  3.25425E-05  0.00000E+00  1.0E-07
  2.250E+01  3.80602E-02  8.73887E-22  3.12071E-05  0.00000E+00  1.0E-07
  2.275E+01  3.88995E-02  8.38434E-22  2.99410E-05  0.00000E+00  1.0E-07
  2.300E+01  3.97476E-02  8.04802E-22  2.87400E-05  0.00000E+00  1.0E-07
  2.325E+01  4.06044E-02  7.72881E-22  2.76001E-05  0.00000E+00  1.0E-07
  2.350E+01  4.14700E-02  7.42564E-22  2.65174E-05  0.00000E+00  1.0E-07
  2.375E+01  4.23443E-02  7.13755E-22  2.54887E-05  0.00000E+00  1.0E-07
  2.400E+01  4.32273E-02  6.86364E-22  2.45105E-05  0.00000E+00  1.0E-07
  2.425E+01  4.41190E-02  6.60306E-22  2.35800E-05  0.00000E+00  1.0E-07
  2.450E+01  4.50194E-02  6.35504E-22  2.26942E-05  0.00000E+00  1.0E-07
  2.475E+01  4.59284E-02  6.11884E-22  2.18508E-05  0.00000E+00  1.0E-07
  2.500E+01  4.68461E-02  5.89379E-22  2.10471E-05  0.00000E+00  1.0E-07
  2.550E+01  4.87074E-02  5.47462E-22  1.95502E-05  0.00000E+00  1.0E-07
  2.600E+01  5.06030E-02  5.09295E-22  1.81873E-05  0.00000E+00  1.0E-07
  2.650E+01  5.25328E-02  4.74478E-22  1.69439E-05  0.00000E+00  1.0E-07
  2.700E+01  5.44967E-02  4.42658E-22  1.58076E-05  0.00000E+00  1.0E-07
  2.750E+01  5.64946E-02  4.13528E-22  1.47673E-05  0.00000E+00  1.0E-07
  2.800E+01  5.85262E-02  3.86814E-22  1.38134E-05  0.00000E+00  1.0E-07
  2.850E+01  6.05914E-02  3.62276E-22  1.29371E-05  0.00000E+00  1.0E-07
  2.900E+01  6.26901E-02  3.39702E-22  1.21310E-05  0.00000E+00  1.0E-07
  2.950E+01  6.48222E-02  3.18904E-22  1.13883E-05  0.00000E+00  1.0E-07
  3.000E+01  6.69873E-02  2.99713E-22  1.07030E-05  0.00000E+00  1.0E-07
  3.050E+01  6.91854E-02  2.81982E-22  1.00697E-05  0.00000E+00  1.0E-07
  3.100E+01  7.14163E-02  2.65575E-22  9.48387E-06  0.00000E+00  1.0E-07
  3.150E+01  7.36799E-02  2.50376E-22  8.94108E-06  0.00000E+00  1.0E-07
  3.200E+01  7.59760E-02  2.36276E-22  8.43756E-06  0.00000E+00  1.0E-07
  3.250E+01  7.83043E-02  2.23180E-22  7.96990E-06  0.00000E+00  1.0E-07
  3.300E+01  8.06647E-02  2.11002E-22  7.53501E-06  0.00000E+00  1.0E-07
  3.350E+01  8.30571E-02  1.99664E-22  7.13014E-06  0.00000E+00  1.0E-07
  3.400E+01  8.54812E-02  1.89097E-22  6.75279E-06  0.00000E+00  1.0E-07
  3.450E+01  8.79369E-02  1.79238E-22  6.40070E-06  0.00000E+00  1.0E-07
  3.500E+01  9.04240E-02  1.70029E-22  6.07185E-06  0.00000E+00  1.0E-07
  3.550E+01  9.29422E-02  1.61419E-22  5.76437E-06  0.00000E+00  1.0E-07
  3.600E+01  9.54915E-02  1.53360E-22  5.47660E-06  0.00000E+00  1.0E-07
  3.650E+01  9.80716E-02  1.45811E-22  5.20700E-06  0.00000E+00  1.0E-07
  3.700E+01  1.00682E-01  1.38732E-22  4.95421E-06  0.00000E+00  1.0E-07
  3.750E+01  1.03323E-01  1.32088E-22  4.71693E-06  0.00000E+00  1.0E-07
  3.800E+01  1.05995E-01  1.25846E-22  4.49404E-06  0.00000E+00  1.0E-07
  3.850E+01  1.08696E-01  1.19977E-22  4.28447E-06  0.00000E+00  1.0E-07
  3.900E+01  1.11427E-01  1.14455E-22  4.08726E-06  0.00000E+00  1.0E-07
  3.950E+01  1.14188E-01  1.09254E-22  3.90153E-06  0.00000E+00  1.0E-07
  4.000E+01  1.16978E-01  1.04352E-22  3.72647E-06  0.00000E+00  1.0E-07
  4.050E+01  1.19797E-01  9.97278E-23  3.56134E-06  0.00000E+00  1.0E-07
  4.100E+01  1.22645E-01  9.53628E-23  3.40547E-06  0.00000E+00  1.0E-07
  4.150E+01  1.25522E-01  9.12392E-23  3.25821E-06  0.00000E+00  1.0E-07
  4.200E+01  1.28428E-01  8.73409E-23  3.11900E-06  0.00000E+00  1.0E-07
  4.250E+01  1.31361E-01  8.36529E-23  2.98730E-06  0.00000E+00  1.0E-07
  4.300E+01  1.34323E-01  8.01615E-23  2.86262E-06  0.00000E+00  1.0E-07
  4.350E+01  1.37313E-01  7.68539E-23  2.74450E-06  0.00000E+00  1.0E-07
  4.400E+01  1.40330E-01  7.37186E-23  2.63254E-06  0.00000E+00  1.0E-07
  4.450E+01  1.43375E-01  7.07446E-23  2.52633E-06  0.00000E+00  1.0E-07
  4.500E+01  1.46447E-01  6.79218E-23  2.42553E-06  0.00000E+00  1.0E-07
  4.550E+01  1.49545E-01  6.52410E-23  2.32980E-06  0.00000E+00  1.0E-07
  4.600E+01  1.52671E-01  6.26934E-23  2.23882E-06  0.00000E+00  1.0E-07
  4.650E+01  1.55823E-01  6.02711E-23  2.15232E-06  0.00000E+00  1.0E-07
  4.700E+01  1.59001E-01  5.79666E-23  2.07002E-06  0.00000E+00  1.0E-07
  4.750E+01  1.62205E-01  5.57728E-23  1.99168E-06  0.00000E+00  1.0E-07
  4.800E+01  1.65435E-01  5.36834E-23  1.91707E-06  0.00000E+00  1.0E-07
  4.850E+01  1.68690E-01  5.16923E-23  1.84596E-06  0.00000E+00  1.0E-07
  4.900E+01  1.71970E-01  4.97939E-23  1.77817E-06  0.00000E+00  1.0E-07
  4.950E+01  1.75276E-01  4.79829E-23  1.71350E-06  0.00000E+00  1.0E-07
  5.000E+01  1.78606E-01  4.62546E-23  1.65178E-06  0.00000E+00  1.0E-07
  5.050E+01  1.81961E-01  4.46043E-23  1.59285E-06  0.00000E+00  1.0E-07
  5.100E+01  1.85340E-01  4.30278E-23  1.53655E-06  0.00000E+00  1.0E-07
  5.150E+01  1.88743E-01  4.15209E-23  1.48274E-06  0.00000E+00  1.0E-07
  5.200E+01  1.92169E-01  4.00801E-23  1.43129E-06  0.00000E+00  1.0E-07
  5.250E+01  1.95619E-01  3.87017E-23  1.38206E-06  0.00000E+00  1.0E-07
  5.300E+01  1.99092E-01  3.73824E-23  1.33495E-06  0.00000E+00  1.0E-07
  5.350E+01  2.02589E-01  3.61193E-23  1.28984E-06  0.00000E+00  1.0E-07
  5.400E+01  2.06107E-01  3.49094E-23  1.24664E-06  0.00000E+00  1.0E-07
  5.450E+01  2.09649E-01  3.37499E-23  1.20523E-06  0.00000E+00  1.0E-07
  5.500E+01  2.13212E-01  3.26384E-23  1.16554E-06  0.00000E+00  1.0E-07
  5.550E+01  2.16797E-01  3.15724E-23  1.12747E-06  0.00000E+00  1.0E-07
  5.600E+01  2.20404E-01  3.05497E-23  1.09095E-06  0.00000E+00  1.0E-07
  5.650E+01  2.24032E-01  2.95681E-23  1.05590E-06  0.00000E+00  1.0E-07
  5.700E+01  2.27680E-01  2.86255E-23  1.02224E-06  0.00000E+00  1.0E-07
  5.750E+01  2.31350E-01  2.77202E-23  9.89907E-07  0.00000E+00  1.0E-07
  5.800E+01  2.35040E-01  2.68503E-23  9.58842E-07  0.00000E+00  1.0E-07
  5.850E+01  2.38751E-01  2.60142E-23  9.28983E-07  0.00000E+00  1.0E-07
  5.900E+01  2.42481E-01  2.52102E-23  9.00272E-07  0.00000E+00  1.0E-07
  5.950E+01  2.46231E-01  2.44369E-23  8.72656E-07  0.00000E+00  1.0E-07
  6.000E+01  2.50000E-01  2.36928E-23  8.46084E-07  0.00000E+00  1.0E-07
  6.050E+01  2.53788E-01  2.29766E-23  8.20509E-07  0.00000E+00  1.0E-07
  6.100E+01  2.57595E-01  2.22870E-23  7.95884E-07  0.00000E+00  1.0E-07
  6.150E+01  2.61421E-01  2.16229E-23  7.72166E-07  0.00000E+00  1.0E-07
  6.200E+01  2.65264E-01  2.09830E-23  7.49316E-07  0.00000E+00  1.0E-07
  6.250E+01  2.69126E-01  2.03663E-23  7.27293E-07  0.00000E+00  1.0E-07
  6.300E+01  2.73005E-01  1.97718E-23  7.06063E-07  0.00000E+00  1.0E-07
  6.350E+01  2.76901E-01  1.91985E-23  6.85590E-07  0.00000E+00  1.0E-07
  6.400E+01  2.80814E-01  1.86455E-23  6.65843E-07  0.00000E+00  1.0E-07
  6.450E+01  2.84744E-01  1.81119E-23  6.46789E-07  0.00000E+00  1.0E-07
  6.500E+01  2.88691E-01  1.75970E-23  6.28399E-07  0.00000E+00  1.0E-07
  6.550E+01  2.92653E-01  1.70998E-23  6.10645E-07  0.00000E+00  1.0E-07
  6.600E+01  2.96632E-01  1.66197E-23  5.93500E-07  0.00000E+00  1.0E-07
  6.650E+01  3.00625E-01  1.61559E-23  5.76939E-07  0.00000E+00  1.0E-07
  6.700E+01  3.04634E-01  1.57079E-23  5.60938E-07  0.00000E+00  1.0E-07
  6.750E+01  3.08658E-01  1.52748E-23  5.45473E-07  0.00000E+00  1.0E-07
  6.800E+01  3.12697E-01  1.48562E-23  5.30523E-07  0.00000E+00  1.0E-07
  6.850E+01  3.16749E-01  1.44513E-23  5.16067E-07  0.00000E+00  1.0E-07
  6.900E+01  3.20816E-01  1.40598E-23  5.02086E-07  0.00000E+00  1.0E-07
  6.950E+01  3.24896E-01  1.36811E-23  4.88560E-07  0.00000E+00  1.0E-07
  7.000E+01  3.28990E-01  1.33146E-23  4.75472E-07  0.00000E+00  1.0E-07
  7.050E+01  3.33097E-01  1.29598E-23  4.62804E-07  0.00000E+00  1.0E-07
  7.100E+01  3.37216E-01  1.26164E-23  4.50540E-07  0.00000E+00  1.0E-07
  7.150E+01  3.41348E-01  1.22839E-23  4.38665E-07  0.00000E+00  1.0E-07
  7.200E+01  3.45492E-01  1.19618E-23  4.27162E-07  0.00000E+00  1.0E-07
  7.250E+01  3.49647E-01  1.16497E-23  4.16019E-07  0.00000E+00  1.0E-07
  7.300E+01  3.53814E-01  1.13474E-23  4.05222E-07  0.00000E+00  1.0E-07
  7.350E+01  3.57992E-01  1.10543E-23  3.94757E-07  0.00000E+00  1.0E-07
  7.400E+01  3.62181E-01  1.07702E-23  3.84612E-07  0.00000E+00  1.0E-07
  7.450E+01  3.66381E-01  1.04948E-23  3.74776E-07  0.00000E+00  1.0E-07
  7.500E+01  3.70590E-01  1.02277E-23  3.65238E-07  0.00000E+00  1.0E-07
  7.550E+01  3.74810E-01  9.96860E-24  3.55985E-07  0.00000E+00  1.0E-07
  7.600E+01  3.79039E-01  9.71722E-24  3.47008E-07  0.00000E+00  1.0E-07
  7.650E+01  3.83277E-01  9.47330E-24  3.38298E-07  0.00000E+00  1.0E-07
  7.700E+01  3.87524E-01  9.23654E-24  3.29843E-07  0.00000E+00  1.0E-07
  7.750E+01  3.91780E-01  9.00671E-24  3.21636E-07  0.00000E+00  1.0E-07
  7.800E+01  3.96044E-01  8.78356E-24  3.13667E-07  0.00000E+00  1.0E-07
  7.850E+01  4.00316E-01  8.56685E-24  3.05928E-07  0.00000E+00  1.0E-07
  7.900E+01  4.04596E-01  8.35636E-24  2.98411E-07  0.00000E+00  1.0E-07
  7.950E+01  4.08882E-01  8.15188E-24  2.91109E-07  0.00000E+00  1.0E-07
  8.000E+01  4.13176E-01  7.95320E-24  2.84014E-07  0.00000E+00  1.0E-07
  8.050E+01  4.17476E-01  7.76013E-24  2.77119E-07  0.00000E+00  1.0E-07
  8.100E+01  4.21783E-01  7.57246E-24  2.70417E-07  0.00000E+00  1.0E-07
  8.150E+01  4.26095E-01  7.39002E-24  2.63902E-07  0.00000E+00  1.0E-07
  8.200E+01  4.30413E-01  7.21263E-24  2.57568E-07  0.00000E+00  1.0E-07
  8.250E+01  4.34737E-01  7.04012E-24  2.51407E-07  0.00000E+00  1.0E-07
  8.300E+01  4.39065E-01  6.87233E-24  2.45415E-07  0.00000E+00  1.0E-07
  8.350E+01  4.43398E-01  6.70911E-24  2.39587E-07  0.00000E+00  1.0E-07
  8.400E+01  4.47736E-01  6.55030E-24  2.33916E-07  0.00000E+00  1.0E-07
  8.450E+01  4.52077E-01  6.39577E-24  2.28397E-07  0.00000E+00  1.0E-07
  8.500E+01  4.56422E-01  6.24537E-24  2.23026E-07  0.00000E+00  1.0E-07
  8.550E+01  4.60770E-01  6.09898E-24  2.17798E-07  0.00000E+00  1.0E-07
  8.600E+01  4.65122E-01  5.95646E-24  2.12709E-07  0.00000E+00  1.0E-07
  8.650E+01  4.69476E-01  5.81769E-24  2.07754E-07  0.00000E+00  1.0E-07
  8.700E+01  4.73832E-01  5.68256E-24  2.02928E-07  0.00000E+00  1.0E-07
  8.750E+01  4.78190E-01  5.55094E-24  1.98228E-07  0.00000E+00  1.0E-07
  8.800E+01  4.82550E-01  5.42273E-24  1.93649E-07  0.00000E+00  1.0E-07
  8.850E+01  4.86912E-01  5.29782E-24  1.89189E-07  0.00000E+00  1.0E-07
  8.900E+01  4.91274E-01  5.17612E-24  1.84842E-07  0.00000E+00  1.0E-07
  8.950E+01  4.95637E-01  5.05751E-24  1.80607E-07  0.00000E+00  1.0E-07
  9.000E+01  5.00000E-01  4.94191E-24  1.76479E-07  0.00000E+00  1.0E-07
  9.050E+01  5.04363E-01  4.82924E-24  1.72455E-07  0.00000E+00  1.0E-07
  9.100E+01  5.08726E-01  4.71939E-24  1.68532E-07  0.00000E+00  1.0E-07
  9.150E+01  5.13088E-01  4.61229E-24  1.64708E-07  0.00000E+00  1.0E-07
  9.200E+01  5.17450E-01  4.50785E-24  1.60978E-07  0.00000E+00  1.0E-07
  9.250E+01  5.21810E-01  4.40600E-24  1.57341E-07  0.00000E+00  1.0E-07
  9.300E+01  5.26168E-01  4.30665E-24  1.53793E-07  0.00000E+00  1.0E-07
  9.350E+01  5.30524E-01  4.20974E-24  1.50332E-07  0.00000E+00  1.0E-07
  9.400E+01  5.34878E-01  4.11518E-24  1.46956E-07  0.00000E+00  1.0E-07
  9.450E+01  5.39230E-01  4.02292E-24  1.43661E-07  0.00000E+00  1.0E-07
  9.500E+01  5.43578E-01  3.93289E-24  1.40446E-07  0.00000E+00  1.0E-07
  9.550E+01  5.47923E-01  3.84502E-24  1.37308E-07  0.00000E+00  1.0E-07
  9.600E+01  5.52264E-01  3.75926E-24  1.34246E-07  0.00000E+00  1.0E-07
  9.650E+01  5.56602E-01  3.67554E-24  1.31256E-07  0.00000E+00  1.0E-07
  9.700E+01  5.60935E-01  3.59381E-24  1.28337E-07  0.00000E+00  1.0E-07
  9.750E+01  5.65263E-01  3.51401E-24  1.25488E-07  0.00000E+00  1.0E-07
  9.800E+01  5.69587E-01  3.43609E-24  1.22705E-07  0.00000E+00  1.0E-07
  9.850E+01  5.73905E-01  3.35999E-24  1.19987E-07  0.00000E+00  1.0E-07
  9.900E+01  5.78217E-01  3.28565E-24  1.17333E-07  0.00000E+00  1.0E-07
  9.950E+01  5.82524E-01  3.21304E-24  1.14740E-07  0.00000E+00  1.0E-07
  1.000E+02  5.86824E-01  3.14211E-24  1.12207E-07  0.00000E+00  1.0E-07
  1.005E+02  5.91118E-01  3.07281E-24  1.09732E-07  0.00000E+00  1.0E-07
  1.010E+02  5.95404E-01  3.00509E-24  1.07314E-07  0.00000E+00  1.0E-07
  1.015E+02  5.99684E-01  2.93893E-24  1.04951E-07  0.00000E+00  1.0E-07
  1.020E+02  6.03956E-01  2.87427E-24  1.02642E-07  0.00000E+00  1.0E-07
  1.025E+02  6.08220E-01  2.81108E-24  1.00385E-07  0.00000E+00  1.0E-07
  1.030E+02  6.12476E-01  2.74931E-24  9.81795E-08  0.00000E+00  1.0E-07
  1.035E+02  6.16723E-01  2.68892E-24  9.60231E-08  0.00000E+00  1.0E-07
  1.040E+02  6.20961E-01  2.62988E-24  9.39148E-08  0.00000E+00  1.0E-07
  1.045E+02  6.25190E-01  2.57216E-24  9.18535E-08  0.00000E+00  1.0E-07
  1.050E+02  6.29410E-01  2.51572E-24  8.98378E-08  0.00000E+00  1.0E-07
  1.055E+02  6.33619E-01  2.46052E-24  8.78668E-08  0.00000E+00  1.0E-07
  1.060E+02  6.37819E-01  2.40654E-24  8.59392E-08  0.00000E+00  1.0E-07
  1.065E+02  6.42008E-01  2.35375E-24  8.40540E-08  0.00000E+00  1.0E-07
  1.070E+02  6.46186E-01  2.30211E-24  8.22100E-08  0.00000E+00  1.0E-07
  1.075E+02  6.50353E-01  2.25160E-24  8.04062E-08  0.00000E+00  1.0E-07
  1.080E+02  6.54508E-01  2.20219E-24  7.86416E-08  0.00000E+00  1.0E-07
  1.085E+02  6.58652E-01  2.15384E-24  7.69152E-08  0.00000E+00  1.0E-07
  1.090E+02  6.62784E-01  2.10654E-24  7.52260E-08  0.00000E+00  1.0E-07
  1.095E+02  6.66903E-01  2.06026E-24  7.35731E-08  0.00000E+00  1.0E-07
  1.100E+02  6.71010E-01  2.01496E-24  7.19555E-08  0.00000E+00  1.0E-07
  1.105E+02  6.75104E-01  1.97063E-24  7.03725E-08  0.00000E+00  1.0E-07
  1.110E+02  6.79184E-01  1.92725E-24  6.88232E-08  0.00000E+00  1.0E-07
  1.115E+02  6.83251E-01  1.88478E-24  6.73068E-08  0.00000E+00  1.0E-07
  1.120E+02  6.87303E-01  1.84322E-24  6.58225E-08  0.00000E+00  1.0E-07
  1.125E+02  6.91342E-01  1.80253E-24  6.43694E-08  0.00000E+00  1.0E-07
  1.130E+02  6.95366E-01  1.76269E-24  6.29469E-08  0.00000E+00  1.0E-07
  1.135E+02  6.99375E-01  1.72370E-24  6.15543E-08  0.00000E+00  1.0E-07
  1.140E+02  7.03368E-01  1.68551E-24  6.01908E-08  0.00000E+00  1.0E-07
  1.145E+02  7.07347E-01  1.64813E-24  5.88557E-08  0.00000E+00  1.0E-07
  1.150E+02  7.11309E-01  1.61152E-24  5.75483E-08  0.00000E+00  1.0E-07
  1.155E+02  7.15256E-01  1.57567E-24  5.62680E-08  0.00000E+00  1.0E-07
  1.160E+02  7.19186E-01  1.54056E-24  5.50143E-08  0.00000E+00  1.0E-07
  1.165E+02  7.23099E-01  1.50617E-24  5.37863E-08  0.00000E+00  1.0E-07
  1.170E+02  7.26995E-01  1.47249E-24  5.25836E-08  0.00000E+00  1.0E-07
  1.175E+02  7.30874E-01  1.43950E-24  5.14056E-08  0.00000E+00  1.0E-07
  1.180E+02  7.34736E-01  1.40719E-24  5.02517E-08  0.00000E+00  1.0E-07
  1.185E+02  7.38579E-01  1.37554E-24  4.91214E-08  0.00000E+00  1.0E-07
  1.190E+02  7.42405E-01  1.34453E-24  4.80141E-08  0.00000E+00  1.0E-07
  1.195E+02  7.46212E-01  1.31416E-24  4.69293E-08  0.00000E+00  1.0E-07
  1.200E+02  7.50000E-01  1.28440E-24  4.58666E-08  0.00000E+00  1.0E-07
  1.205E+02  7.53769E-01  1.25524E-24  4.48254E-08  0.00000E+00  1.0E-07
  1.210E+02  7.57519E-01  1.22667E-24  4.38052E-08  0.00000E+00  1.0E-07
  1.215E+02  7.61249E-01  1.19868E-24  4.28056E-08  0.00000E+00  1.0E-07
  1.220E+02  7.64960E-01  1.17125E-24  4.18261E-08  0.00000E+00  1.0E-07
  1.225E+02  7.68650E-01  1.14437E-24  4.08663E-08  0.00000E+00  1.0E-07
  1.230E+02  7.72320E-01  1.11803E-24  3.99257E-08  0.00000E+00  1.0E-07
  1.235E+02  7.75968E-01  1.09222E-24  3.90040E-08  0.00000E+00  1.0E-07
  1.240E+02  7.79596E-01  1.06693E-24  3.81008E-08  0.00000E+00  1.0E-07
  1.245E+02  7.83203E-01  1.04214E-24  3.72155E-08  0.00000E+00  1.0E-07
  1.250E+02  7.86788E-01  1.01785E-24  3.63479E-08  0.00000E+00  1.0E-07
  1.255E+02  7.90351E-01  9.94036E-25  3.54977E-08  0.00000E+00  1.0E-07
  1.260E+02  7.93893E-01  9.70699E-25  3.46643E-08  0.00000E+00  1.0E-07
  1.265E+02  7.97411E-01  9.47826E-25  3.38475E-08  0.00000E+00  1.0E-07
  1.270E+02  8.00908E-01  9.25407E-25  3.30469E-08  0.00000E+00  1.0E-07
  1.275E+02  8.04381E-01  9.03433E-25  3.22622E-08  0.00000E+00  1.0E-07
  1.280E+02  8.07831E-01  8.81895E-25  3.14930E-08  0.00000E+00  1.0E-07
  1.285E+02  8.11257E-01  8.60783E-25  3.07391E-08  0.00000E+00  1.0E-07
  1.290E+02  8.14660E-01  8.40090E-25  3.00001E-08  0.00000E+00  1.0E-07
  1.295E+02  8.18039E-01  8.19805E-25  2.92758E-08  0.00000E+00  1.0E-07
  1.300E+02  8.21394E-01  7.99922E-25  2.85657E-08  0.00000E+00  1.0E-07
  1.305E+02  8.24724E-01  7.80433E-25  2.78698E-08  0.00000E+00  1.0E-07
  1.310E+02  8.28030E-01  7.61328E-25  2.71875E-08  0.00000E+00  1.0E-07
  1.315E+02  8.31310E-01  7.42601E-25  2.65188E-08  0.00000E+00  1.0E-07
  1.320E+02  8.34565E-01  7.24244E-25  2.58632E-08  0.00000E+00  1.0E-07
  1.325E+02  8.37795E-01  7.06250E-25  2.52207E-08  0.00000E+00  1.0E-07
  1.330E+02  8.40999E-01  6.88613E-25  2.45908E-08  0.00000E+00  1.0E-07
  1.335E+02  8.44177E-01  6.71324E-25  2.39734E-08  0.00000E+00  1.0E-07
  1.340E+02  8.47329E-01  6.54377E-25  2.33682E-08  0.00000E+00  1.0E-07
  1.345E+02  8.50455E-01  6.37766E-25  2.27750E-08  0.00000E+00  1.0E-07
  1.350E+02  8.53553E-01  6.21485E-25  2.21936E-08  0.00000E+00  1.0E-07
  1.355E+02  8.56625E-01  6.05526E-25  2.16237E-08  0.00000E+00  1.0E-07
  1.360E+02  8.59670E-01  5.89885E-25  2.10652E-08  0.00000E+00  1.0E-07
  1.365E+02  8.62687E-01  5.74555E-25  2.05177E-08  0.00000E+00  1.0E-07
  1.370E+02  8.65677E-01  5.59530E-25  1.99812E-08  0.00000E+00  1.0E-07
  1.375E+02  8.68639E-01  5.44806E-25  1.94554E-08  0.00000E+00  1.0E-07
  1.380E+02  8.71572E-01  5.30375E-25  1.89400E-08  0.00000E+00  1.0E-07
  1.385E+02  8.74478E-01  5.16234E-25  1.84350E-08  0.00000E+00  1.0E-07
  1.390E+02  8.77355E-01  5.02376E-25  1.79402E-08  0.00000E+00  1.0E-07
  1.395E+02  8.80203E-01  4.88797E-25  1.74552E-08  0.00000E+00  1.0E-07
  1.400E+02  8.83022E-01  4.75491E-25  1.69801E-08  0.00000E+00  1.0E-07
  1.405E+02  8.85812E-01  4.62455E-25  1.65146E-08  0.00000E+00  1.0E-07
  1.410E+02  8.88573E-01  4.49683E-25  1.60585E-08  0.00000E+00  1.0E-07
  1.415E+02  8.91304E-01  4.37170E-25  1.56116E-08  0.00000E+00  1.0E-07
  1.420E+02  8.94005E-01  4.24912E-25  1.51739E-08  0.00000E+00  1.0E-07
  1.425E+02  8.96677E-01  4.12906E-25  1.47451E-08  0.00000E+00  1.0E-07
  1.430E+02  8.99318E-01  4.01146E-25  1.43252E-08  0.00000E+00  1.0E-07
  1.435E+02  9.01928E-01  3.89628E-25  1.39139E-08  0.00000E+00  1.0E-07
  1.440E+02  9.04508E-01  3.78348E-25  1.35111E-08  0.00000E+00  1.0E-07
  1.445E+02  9.07058E-01  3.67303E-25  1.31166E-08  0.00000E+00  1.0E-07
  1.450E+02  9.09576E-01  3.56489E-25  1.27305E-08  0.00000E+00  1.0E-07
  1.455E+02  9.12063E-01  3.45901E-25  1.23524E-08  0.00000E+00  1.0E-07
  1.460E+02  9.14519E-01  3.35537E-25  1.19822E-08  0.00000E+00  1.0E-07
  1.465E+02  9.16943E-01  3.25392E-25  1.16200E-08  0.00000E+00  1.0E-07
  1.470E+02  9.19335E-01  3.15464E-25  1.12654E-08  0.00000E+00  1.0E-07
  1.475E+02  9.21696E-01  3.05748E-25  1.09185E-08  0.00000E+00  1.0E-07
  1.480E+02  9.24024E-01  2.96242E-25  1.05790E-08  0.00000E+00  1.0E-07
  1.485E+02  9.26320E-01  2.86942E-25  1.02469E-08  0.00000E+00  1.0E-07
  1.490E+02  9.28584E-01  2.77845E-25  9.92204E-09  0.00000E+00  1.0E-07
  1.495E+02  9.30815E-01  2.68949E-25  9.60433E-09  0.00000E+00  1.0E-07
  1.500E+02  9.33013E-01  2.60249E-25  9.29367E-09  0.00000E+00  1.0E-07
  1.505E+02  9.35178E-01  2.51744E-25  8.98994E-09  0.00000E+00  1.0E-07
  1.510E+02  9.37310E-01  2.43430E-25  8.69305E-09  0.00000E+00  1.0E-07
  1.515E+02  9.39409E-01  2.35305E-25  8.40290E-09  0.00000E+00  1.0E-07
  1.520E+02  9.41474E-01  2.27366E-25  8.11939E-09  0.00000E+00  1.0E-07
  1.525E+02  9.43505E-01  2.19611E-25  7.84244E-09  0.00000E+00  1.0E-07
  1.530E+02  9.45503E-01  2.12036E-25  7.57194E-09  0.00000E+00  1.0E-07
  1.535E+02  9.47467E-01  2.04640E-25  7.30782E-09  0.00000E+00  1.0E-07
  1.540E+02  9.49397E-01  1.97420E-25  7.04998E-09  0.00000E+00  1.0E-07
  1.545E+02  9.51293E-01  1.90373E-25  6.79835E-09  0.00000E+00  1.0E-07
  1.550E+02  9.53154E-01  1.83498E-25  6.55284E-09  0.00000E+00  1.0E-07
  1.555E+02  9.54981E-01  1.76793E-25  6.31338E-09  0.00000E+00  1.0E-07
  1.560E+02  9.56773E-01  1.70254E-25  6.07988E-09  0.00000E+00  1.0E-07
  1.565E+02  9.58530E-01  1.63880E-25  5.85228E-09  0.00000E+00  1.0E-07
  1.570E+02  9.60252E-01  1.57670E-25  5.63049E-09  0.00000E+00  1.0E-07
  1.575E+02  9.61940E-01  1.51620E-25  5.41446E-09  0.00000E+00  1.0E-07
  1.580E+02  9.63592E-01  1.45730E-25  5.20411E-09  0.00000E+00  1.0E-07
  1.585E+02  9.65209E-01  1.39997E-25  4.99938E-09  0.00000E+00  1.0E-07
  1.590E+02  9.66790E-01  1.34419E-25  4.80020E-09  0.00000E+00  1.0E-07
  1.595E+02  9.68336E-01  1.28995E-25  4.60650E-09  0.00000E+00  1.0E-07
  1.600E+02  9.69846E-01  1.23723E-25  4.41824E-09  0.00000E+00  1.0E-07
  1.605E+02  9.71321E-01  1.18602E-25  4.23535E-09  0.00000E+00  1.0E-07
  1.610E+02  9.72759E-01  1.13629E-25  4.05777E-09  0.00000E+00  1.0E-07
  1.615E+02  9.74162E-01  1.08804E-25  3.88545E-09  0.00000E+00  1.0E-07
  1.620E+02  9.75528E-01  1.04124E-25  3.71833E-09  0.00000E+00  1.0E-07
  1.625E+02  9.76858E-01  9.95885E-26  3.55637E-09  0.00000E+00  1.0E-07
  1.630E+02  9.78152E-01  9.51961E-26  3.39951E-09  0.00000E+00  1.0E-07
  1.635E+02  9.79410E-01  9.09452E-26  3.24771E-09  0.00000E+00  1.0E-07
  1.640E+02  9.80631E-01  8.68346E-26  3.10092E-09  0.00000E+00  1.0E-07
  1.645E+02  9.81815E-01  8.28629E-26  2.95909E-09  0.00000E+00  1.0E-07
  1.650E+02  9.82963E-01  7.90291E-26  2.82218E-09  0.00000E+00  1.0E-07
  1.655E+02  9.84074E-01  7.53320E-26  2.69015E-09  0.00000E+00  1.0E-07
  1.660E+02  9.85148E-01  7.17703E-26  2.56296E-09  0.00000E+00  1.0E-07
  1.665E+02  9.86185E-01  6.83431E-26  2.44058E-09  0.00000E+00  1.0E-07
  1.670E+02  9.87185E-01  6.50493E-26  2.32295E-09  0.00000E+00  1.0E-07
  1.675E+02  9.88148E-01  6.18878E-26  2.21005E-09  0.00000E+00  1.0E-07
  1.680E+02  9.89074E-01  5.88578E-26  2.10185E-09  0.00000E+00  1.0E-07
  1.685E+02  9.89962E-01  5.59584E-26  1.99831E-09  0.00000E+00  1.0E-07
  1.690E+02  9.90814E-01  5.31886E-26  1.89940E-09  0.00000E+00  1.0E-07
  1.695E+02  9.91627E-01  5.05476E-26  1.80509E-09  0.00000E+00  1.0E-07
  1.700E+02  9.92404E-01  4.80347E-26  1.71535E-09  0.00000E+00  1.0E-07
  1.705E+02  9.93143E-01  4.56490E-26  1.63016E-09  0.00000E+00  1.0E-07
  1.710E+02  9.93844E-01  4.33900E-26  1.54948E-09  0.00000E+00  1.0E-07
  1.715E+02  9.94508E-01  4.12568E-26  1.47331E-09  0.00000E+00  1.0E-07
  1.720E+02  9.95134E-01  3.92489E-26  1.40160E-09  0.00000E+00  1.0E-07
  1.725E+02  9.95722E-01  3.73656E-26  1.33435E-09  0.00000E+00  1.0E-07
  1.730E+02  9.96273E-01  3.56064E-26  1.27153E-09  0.00000E+00  1.0E-07
  1.735E+02  9.96786E-01  3.39709E-26  1.21312E-09  0.00000E+00  1.0E-07
  1.740E+02  9.97261E-01  3.24584E-26  1.15911E-09  0.00000E+00  1.0E-07
  1.745E+02  9.97698E-01  3.10685E-26  1.10948E-09  0.00000E+00  1.0E-07
  1.750E+02  9.98097E-01  2.98009E-26  1.06421E-09  0.00000E+00  1.0E-07
  1.755E+02  9.98459E-01  2.86551E-26  1.02329E-09  0.00000E+00  1.0E-07
  1.760E+02  9.98782E-01  2.76309E-26  9.86717E-10  0.00000E+00  1.0E-07
  1.765E+02  9.99067E-01  2.67278E-26  9.54469E-10  0.00000E+00  1.0E-07
  1.770E+02  9.99315E-01  2.59457E-26  9.26540E-10  0.00000E+00  1.0E-07
  1.775E+02  9.99524E-01  2.52844E-26  9.02921E-10  0.00000E+00  1.0E-07
  1.780E+02  9.99695E-01  2.47435E-26  8.83607E-10  0.00000E+00  1.0E-07
  1.785E+02  9.99829E-01  2.43230E-26  8.68590E-10  0.00000E+00  1.0E-07
  1.790E+02  9.99924E-01  2.40227E-26  8.57867E-10  0.00000E+00  1.0E-07
  1.795E+02  9.99981E-01  2.38426E-26  8.51435E-10  0.00000E+00  1.0E-07
  1.800E+02  1.00000E+00  2.37826E-26  8.49291E-10  0.00000E+00  1.0E-07
