 #
 # Subroutine ELSEPA. Elastic scattering of electrons and positrons
 #                    by neutral atoms and positive ions
 #
 # Projectile: electron
 # Kinetic energy = 3.70000E+06 eV = 1.35973E+05 a.u.
 #
 # WARNING: High-energy factorization with free-atom DF screening.
 #          Absorption, polarization and exchange corrections are
 #          switched off.
 #          Phase shifts are calculated for the bare nucleus.
 #          Scattering amplitudes are not evaluated.
 #
 # Element: Pt,  Z =  78,  atomic weight = 1.95078E+02 g/mol
 #
 # Nuclear model: Fermi distribution
 #                Average radius = 6.20564E-13 cm
 #                Skin thickness = 5.46000E-14 cm
 #
 # Number of electrons = 78
 #
 # Total elastic cross section = 7.75463E-18 cm**2 = 2.76923E-01 a0**2
 # 1st transport cross section = 5.62826E-22 cm**2 = 2.00989E-05 a0**2
 # 2nd transport cross section = 1.50392E-21 cm**2 = 5.37058E-05 a0**2
 #
 #
 # Differential cross section:                       MU=(1-COS(THETA))/2
 #
 #  THETA        MU          DCS          DCS        Sherman      error
 #  (deg)                 (cm**2/sr)   (a0**2/sr)    function
 #----------------------------------------------------------------------
  0.000E+00  0.00000E+00  7.35448E-13  2.62633E+04  0.00000E+00  1.0E-05
  1.000E-04  7.61557E-13  7.35446E-13  2.62633E+04  0.00000E+00  1.0E-05
  1.250E-04  1.18994E-12  7.35445E-13  2.62632E+04  0.00000E+00  1.0E-05
  1.500E-04  1.71346E-12  7.35443E-13  2.62632E+04  0.00000E+00  1.0E-05
  1.750E-04  2.33225E-12  7.35442E-13  2.62631E+04  0.00000E+00  1.0E-05
  2.000E-04  3.04617E-12  7.35440E-13  2.62630E+04  0.00000E+00  1.0E-05
  2.250E-04  3.85530E-12  7.35438E-13  2.62630E+04  0.00000E+00  1.0E-05
  2.500E-04  4.75964E-12  7.35435E-13  2.62629E+04  0.00000E+00  1.0E-05
  2.750E-04  5.75917E-12  7.35432E-13  2.62628E+04  0.00000E+00  1.0E-05
  3.000E-04  6.85391E-12  7.35429E-13  2.62627E+04  0.00000E+00  1.0E-05
  3.250E-04  8.04379E-12  7.35426E-13  2.62625E+04  0.00000E+00  1.0E-05
  3.500E-04  9.32893E-12  7.35422E-13  2.62624E+04  0.00000E+00  1.0E-05
  3.750E-04  1.07092E-11  7.35419E-13  2.62623E+04  0.00000E+00  1.0E-05
  4.000E-04  1.21847E-11  7.35414E-13  2.62621E+04  0.00000E+00  1.0E-05
  4.250E-04  1.37554E-11  7.35410E-13  2.62620E+04  0.00000E+00  1.0E-05
  4.500E-04  1.54213E-11  7.35405E-13  2.62618E+04  0.00000E+00  1.0E-05
  4.750E-04  1.71823E-11  7.35401E-13  2.62616E+04  0.00000E+00  1.0E-05
  5.000E-04  1.90386E-11  7.35395E-13  2.62614E+04  0.00000E+00  1.0E-05
  5.250E-04  2.09900E-11  7.35390E-13  2.62613E+04  0.00000E+00  1.0E-05
  5.500E-04  2.30367E-11  7.35384E-13  2.62610E+04  0.00000E+00  1.0E-05
  5.750E-04  2.51785E-11  7.35378E-13  2.62608E+04  0.00000E+00  1.0E-05
  6.000E-04  2.74156E-11  7.35372E-13  2.62606E+04  0.00000E+00  1.0E-05
  6.250E-04  2.97478E-11  7.35366E-13  2.62604E+04  0.00000E+00  1.0E-05
  6.500E-04  3.21752E-11  7.35359E-13  2.62601E+04  0.00000E+00  1.0E-05
  6.750E-04  3.46979E-11  7.35352E-13  2.62599E+04  0.00000E+00  1.0E-05
  7.000E-04  3.73157E-11  7.35344E-13  2.62596E+04  0.00000E+00  1.0E-05
  7.250E-04  4.00286E-11  7.35337E-13  2.62594E+04  0.00000E+00  1.0E-05
  7.500E-04  4.28368E-11  7.35329E-13  2.62591E+04  0.00000E+00  1.0E-05
  7.750E-04  4.57402E-11  7.35321E-13  2.62588E+04  0.00000E+00  1.0E-05
  8.000E-04  4.87388E-11  7.35313E-13  2.62585E+04  0.00000E+00  1.0E-05
  8.250E-04  5.18325E-11  7.35304E-13  2.62582E+04  0.00000E+00  1.0E-05
  8.500E-04  5.50215E-11  7.35295E-13  2.62579E+04  0.00000E+00  1.0E-05
  8.750E-04  5.83057E-11  7.35286E-13  2.62575E+04  0.00000E+00  1.0E-05
  9.000E-04  6.16850E-11  7.35276E-13  2.62572E+04  0.00000E+00  1.0E-05
  9.250E-04  6.51595E-11  7.35267E-13  2.62569E+04  0.00000E+00  1.0E-05
  9.500E-04  6.87293E-11  7.35257E-13  2.62565E+04  0.00000E+00  1.0E-05
  9.750E-04  7.23943E-11  7.35247E-13  2.62561E+04  0.00000E+00  1.0E-05
  1.000E-03  7.61544E-11  7.35236E-13  2.62558E+04  0.00000E+00  1.0E-05
  1.250E-03  1.18991E-10  7.35116E-13  2.62515E+04  0.00000E+00  1.0E-05
  1.500E-03  1.71347E-10  7.34970E-13  2.62463E+04  0.00000E+00  1.0E-05
  1.750E-03  2.33223E-10  7.34797E-13  2.62401E+04  0.00000E+00  1.0E-05
  2.000E-03  3.04617E-10  7.34598E-13  2.62330E+04  0.00000E+00  1.0E-05
  2.250E-03  3.85531E-10  7.34372E-13  2.62249E+04  0.00000E+00  1.0E-05
  2.500E-03  4.75965E-10  7.34120E-13  2.62159E+04  0.00000E+00  1.0E-05
  2.750E-03  5.75917E-10  7.33841E-13  2.62059E+04  0.00000E+00  1.0E-05
  3.000E-03  6.85389E-10  7.33536E-13  2.61951E+04  0.00000E+00  1.0E-05
  3.250E-03  8.04380E-10  7.33205E-13  2.61832E+04  0.00000E+00  1.0E-05
  3.500E-03  9.32891E-10  7.32847E-13  2.61705E+04  0.00000E+00  1.0E-05
  3.750E-03  1.07092E-09  7.32464E-13  2.61568E+04  0.00000E+00  1.0E-05
  4.000E-03  1.21847E-09  7.32054E-13  2.61421E+04  0.00000E+00  1.0E-05
  4.250E-03  1.37554E-09  7.31618E-13  2.61266E+04  0.00000E+00  1.0E-05
  4.500E-03  1.54213E-09  7.31156E-13  2.61101E+04  0.00000E+00  1.0E-05
  4.750E-03  1.71823E-09  7.30669E-13  2.60927E+04  0.00000E+00  1.0E-05
  5.000E-03  1.90386E-09  7.30156E-13  2.60743E+04  0.00000E+00  1.0E-05
  5.250E-03  2.09900E-09  7.29617E-13  2.60551E+04  0.00000E+00  1.0E-05
  5.500E-03  2.30367E-09  7.29053E-13  2.60349E+04  0.00000E+00  1.0E-05
  5.750E-03  2.51785E-09  7.28463E-13  2.60139E+04  0.00000E+00  1.0E-05
  6.000E-03  2.74156E-09  7.27848E-13  2.59919E+04  0.00000E+00  1.0E-05
  6.250E-03  2.97478E-09  7.27208E-13  2.59691E+04  0.00000E+00  1.0E-05
  6.500E-03  3.21752E-09  7.26543E-13  2.59453E+04  0.00000E+00  1.0E-05
  6.750E-03  3.46978E-09  7.25852E-13  2.59207E+04  0.00000E+00  1.0E-05
  7.000E-03  3.73156E-09  7.25138E-13  2.58951E+04  0.00000E+00  1.0E-05
  7.250E-03  4.00286E-09  7.24398E-13  2.58687E+04  0.00000E+00  1.0E-05
  7.500E-03  4.28368E-09  7.23634E-13  2.58414E+04  0.00000E+00  1.0E-05
  7.750E-03  4.57402E-09  7.22846E-13  2.58133E+04  0.00000E+00  1.0E-05
  8.000E-03  4.87388E-09  7.22033E-13  2.57843E+04  0.00000E+00  1.0E-05
  8.250E-03  5.18326E-09  7.21197E-13  2.57544E+04  0.00000E+00  1.0E-05
  8.500E-03  5.50215E-09  7.20336E-13  2.57237E+04  0.00000E+00  1.0E-05
  8.750E-03  5.83057E-09  7.19452E-13  2.56921E+04  0.00000E+00  1.0E-05
  9.000E-03  6.16850E-09  7.18545E-13  2.56597E+04  0.00000E+00  1.0E-05
  9.250E-03  6.51596E-09  7.17614E-13  2.56264E+04  0.00000E+00  1.0E-05
  9.500E-03  6.87293E-09  7.16660E-13  2.55924E+04  0.00000E+00  1.0E-05
  9.750E-03  7.23942E-09  7.15682E-13  2.55575E+04  0.00000E+00  1.0E-05
  1.000E-02  7.61544E-09  7.14682E-13  2.55218E+04  0.00000E+00  1.0E-05
  1.250E-02  1.18991E-08  7.03469E-13  2.51213E+04  0.00000E+00  1.0E-05
  1.500E-02  1.71347E-08  6.90125E-13  2.46448E+04  0.00000E+00  1.0E-05
  1.750E-02  2.33223E-08  6.75015E-13  2.41052E+04  0.00000E+00  1.0E-05
  2.000E-02  3.04617E-08  6.58384E-13  2.35113E+04  0.00000E+00  1.0E-05
  2.250E-02  3.85531E-08  6.40363E-13  2.28678E+04  0.00000E+00  1.0E-05
  2.500E-02  4.75965E-08  6.21223E-13  2.21843E+04  0.00000E+00  1.0E-05
  2.750E-02  5.75917E-08  6.01324E-13  2.14737E+04  0.00000E+00  1.0E-05
  3.000E-02  6.85389E-08  5.80924E-13  2.07452E+04  0.00000E+00  1.0E-05
  3.250E-02  8.04380E-08  5.60114E-13  2.00020E+04  0.00000E+00  1.0E-05
  3.500E-02  9.32891E-08  5.39018E-13  1.92487E+04  0.00000E+00  1.0E-05
  3.750E-02  1.07092E-07  5.18009E-13  1.84984E+04  0.00000E+00  1.0E-05
  4.000E-02  1.21847E-07  4.97241E-13  1.77568E+04  0.00000E+00  1.0E-05
  4.250E-02  1.37554E-07  4.76772E-13  1.70258E+04  0.00000E+00  1.0E-05
  4.500E-02  1.54213E-07  4.56518E-13  1.63026E+04  0.00000E+00  1.0E-05
  4.750E-02  1.71823E-07  4.36827E-13  1.55994E+04  0.00000E+00  1.0E-05
  5.000E-02  1.90386E-07  4.17758E-13  1.49184E+04  0.00000E+00  1.0E-05
  5.250E-02  2.09900E-07  3.99351E-13  1.42611E+04  0.00000E+00  1.0E-05
  5.500E-02  2.30367E-07  3.81371E-13  1.36190E+04  0.00000E+00  1.0E-05
  5.750E-02  2.51785E-07  3.64123E-13  1.30031E+04  0.00000E+00  1.0E-05
  6.000E-02  2.74156E-07  3.47614E-13  1.24135E+04  0.00000E+00  1.0E-05
  6.250E-02  2.97478E-07  3.31835E-13  1.18500E+04  0.00000E+00  1.0E-05
  6.500E-02  3.21752E-07  3.16602E-13  1.13060E+04  0.00000E+00  1.0E-05
  6.750E-02  3.46978E-07  3.02056E-13  1.07866E+04  0.00000E+00  1.0E-05
  7.000E-02  3.73156E-07  2.88217E-13  1.02924E+04  0.00000E+00  1.0E-05
  7.250E-02  4.00286E-07  2.75058E-13  9.82251E+03  0.00000E+00  1.0E-05
  7.500E-02  4.28368E-07  2.62452E-13  9.37232E+03  0.00000E+00  1.0E-05
  7.750E-02  4.57402E-07  2.50427E-13  8.94291E+03  0.00000E+00  1.0E-05
  8.000E-02  4.87388E-07  2.39019E-13  8.53553E+03  0.00000E+00  1.0E-05
  8.250E-02  5.18325E-07  2.28198E-13  8.14909E+03  0.00000E+00  1.0E-05
  8.500E-02  5.50215E-07  2.17881E-13  7.78067E+03  0.00000E+00  1.0E-05
  8.750E-02  5.83057E-07  2.08033E-13  7.42901E+03  0.00000E+00  1.0E-05
  9.000E-02  6.16850E-07  1.98701E-13  7.09576E+03  0.00000E+00  1.0E-05
  9.250E-02  6.51596E-07  1.89856E-13  6.77987E+03  0.00000E+00  1.0E-05
  9.500E-02  6.87293E-07  1.81448E-13  6.47963E+03  0.00000E+00  1.0E-05
  9.750E-02  7.23942E-07  1.73411E-13  6.19263E+03  0.00000E+00  1.0E-05
  1.000E-01  7.61543E-07  1.65795E-13  5.92065E+03  0.00000E+00  1.0E-05
  1.250E-01  1.18991E-06  1.07576E-13  3.84163E+03  0.00000E+00  1.0E-05
  1.500E-01  1.71347E-06  7.10558E-14  2.53745E+03  0.00000E+00  1.0E-05
  1.750E-01  2.33223E-06  4.93040E-14  1.76068E+03  0.00000E+00  1.0E-05
  2.000E-01  3.04617E-06  3.52725E-14  1.25960E+03  0.00000E+00  1.0E-05
  2.250E-01  3.85531E-06  2.57719E-14  9.20331E+02  0.00000E+00  1.0E-05
  2.500E-01  4.75964E-06  1.92917E-14  6.88918E+02  0.00000E+00  1.0E-05
  2.750E-01  5.75916E-06  1.47842E-14  5.27953E+02  0.00000E+00  1.0E-05
  3.000E-01  6.85388E-06  1.15512E-14  4.12500E+02  0.00000E+00  1.0E-05
  3.250E-01  8.04378E-06  9.15350E-15  3.26877E+02  0.00000E+00  1.0E-05
  3.500E-01  9.32888E-06  7.33688E-15  2.62005E+02  0.00000E+00  1.0E-05
  3.750E-01  1.07092E-05  5.95306E-15  2.12588E+02  0.00000E+00  1.0E-05
  4.000E-01  1.21846E-05  4.88004E-15  1.74270E+02  0.00000E+00  1.0E-05
  4.250E-01  1.37553E-05  4.03289E-15  1.44017E+02  0.00000E+00  1.0E-05
  4.500E-01  1.54212E-05  3.35222E-15  1.19710E+02  0.00000E+00  1.0E-05
  4.750E-01  1.71822E-05  2.80790E-15  1.00272E+02  0.00000E+00  1.0E-05
  5.000E-01  1.90385E-05  2.36685E-15  8.45216E+01  0.00000E+00  1.0E-05
  5.250E-01  2.09899E-05  2.01024E-15  7.17870E+01  0.00000E+00  1.0E-05
  5.500E-01  2.30365E-05  1.71491E-15  6.12405E+01  0.00000E+00  1.0E-05
  5.750E-01  2.51783E-05  1.47144E-15  5.25460E+01  0.00000E+00  1.0E-05
  6.000E-01  2.74153E-05  1.26937E-15  4.53299E+01  0.00000E+00  1.0E-05
  6.250E-01  2.97475E-05  1.10078E-15  3.93095E+01  0.00000E+00  1.0E-05
  6.500E-01  3.21749E-05  9.59352E-16  3.42591E+01  0.00000E+00  1.0E-05
  6.750E-01  3.46974E-05  8.39685E-16  2.99857E+01  0.00000E+00  1.0E-05
  7.000E-01  3.73152E-05  7.38386E-16  2.63683E+01  0.00000E+00  1.0E-05
  7.250E-01  4.00281E-05  6.52338E-16  2.32954E+01  0.00000E+00  1.0E-05
  7.500E-01  4.28362E-05  5.78731E-16  2.06669E+01  0.00000E+00  1.0E-05
  7.750E-01  4.57395E-05  5.15463E-16  1.84075E+01  0.00000E+00  1.0E-05
  8.000E-01  4.87380E-05  4.60821E-16  1.64562E+01  0.00000E+00  1.0E-05
  8.250E-01  5.18317E-05  4.13384E-16  1.47622E+01  0.00000E+00  1.0E-05
  8.500E-01  5.50205E-05  3.71955E-16  1.32828E+01  0.00000E+00  1.0E-05
  8.750E-01  5.83045E-05  3.35605E-16  1.19847E+01  0.00000E+00  1.0E-05
  9.000E-01  6.16838E-05  3.03655E-16  1.08437E+01  0.00000E+00  1.0E-05
  9.250E-01  6.51582E-05  2.75474E-16  9.83734E+00  0.00000E+00  1.0E-05
  9.500E-01  6.87277E-05  2.50515E-16  8.94606E+00  0.00000E+00  1.0E-05
  9.750E-01  7.23925E-05  2.28312E-16  8.15318E+00  0.00000E+00  1.0E-05
  1.000E+00  7.61524E-05  2.08548E-16  7.44738E+00  0.00000E+00  8.8E-06
  1.100E+00  9.21439E-05  1.48119E-16  5.28942E+00  0.00000E+00  6.6E-06
  1.200E+00  1.09658E-04  1.08143E-16  3.86187E+00  0.00000E+00  3.6E-06
  1.300E+00  1.28695E-04  8.07814E-17  2.88476E+00  0.00000E+00  7.3E-07
  1.400E+00  1.49255E-04  6.14996E-17  2.19619E+00  0.00000E+00  1.4E-06
  1.500E+00  1.71338E-04  4.76863E-17  1.70291E+00  0.00000E+00  2.5E-06
  1.600E+00  1.94942E-04  3.75537E-17  1.34107E+00  0.00000E+00  2.7E-06
  1.700E+00  2.20070E-04  2.99730E-17  1.07035E+00  0.00000E+00  2.2E-06
  1.800E+00  2.46720E-04  2.42018E-17  8.64263E-01  0.00000E+00  1.2E-06
  1.900E+00  2.74892E-04  1.97603E-17  7.05652E-01  0.00000E+00  2.1E-07
  2.000E+00  3.04586E-04  1.62951E-17  5.81908E-01  0.00000E+00  6.4E-07
  2.100E+00  3.35803E-04  1.35587E-17  4.84189E-01  0.00000E+00  1.1E-06
  2.200E+00  3.68542E-04  1.13688E-17  4.05986E-01  0.00000E+00  1.2E-06
  2.300E+00  4.02802E-04  9.60522E-18  3.43008E-01  0.00000E+00  1.0E-06
  2.400E+00  4.38585E-04  8.17176E-18  2.91819E-01  0.00000E+00  5.6E-07
  2.500E+00  4.75889E-04  6.99669E-18  2.49856E-01  0.00000E+00  1.0E-07
  2.600E+00  5.14715E-04  6.02465E-18  2.15144E-01  0.00000E+00  3.6E-07
  2.700E+00  5.55063E-04  5.21615E-18  1.86272E-01  0.00000E+00  6.2E-07
  2.800E+00  5.96931E-04  4.53943E-18  1.62106E-01  0.00000E+00  6.7E-07
  2.900E+00  6.40321E-04  3.96943E-18  1.41751E-01  0.00000E+00  5.5E-07
  3.000E+00  6.85233E-04  3.48612E-18  1.24491E-01  0.00000E+00  3.0E-07
  3.100E+00  7.31665E-04  3.07435E-18  1.09787E-01  0.00000E+00  1.0E-07
  3.200E+00  7.79618E-04  2.72193E-18  9.72018E-02  0.00000E+00  2.3E-07
  3.300E+00  8.29092E-04  2.41884E-18  8.63783E-02  0.00000E+00  3.8E-07
  3.400E+00  8.80086E-04  2.15685E-18  7.70224E-02  0.00000E+00  4.1E-07
  3.500E+00  9.32601E-04  1.92943E-18  6.89012E-02  0.00000E+00  3.3E-07
  3.600E+00  9.86636E-04  1.73136E-18  6.18281E-02  0.00000E+00  1.8E-07
  3.700E+00  1.04219E-03  1.55818E-18  5.56436E-02  0.00000E+00  1.0E-07
  3.800E+00  1.09927E-03  1.40618E-18  5.02157E-02  0.00000E+00  1.6E-07
  3.900E+00  1.15786E-03  1.27226E-18  4.54333E-02  0.00000E+00  2.6E-07
  4.000E+00  1.21797E-03  1.15398E-18  4.12094E-02  0.00000E+00  2.7E-07
  4.100E+00  1.27961E-03  1.04919E-18  3.74671E-02  0.00000E+00  2.2E-07
  4.200E+00  1.34276E-03  9.56064E-19  3.41417E-02  0.00000E+00  1.1E-07
  4.300E+00  1.40743E-03  8.73023E-19  3.11762E-02  0.00000E+00  1.0E-07
  4.400E+00  1.47362E-03  7.98838E-19  2.85270E-02  0.00000E+00  1.2E-07
  4.500E+00  1.54133E-03  7.32399E-19  2.61544E-02  0.00000E+00  1.8E-07
  4.600E+00  1.61056E-03  6.72748E-19  2.40243E-02  0.00000E+00  1.9E-07
  4.700E+00  1.68131E-03  6.19037E-19  2.21062E-02  0.00000E+00  1.5E-07
  4.800E+00  1.75357E-03  5.70597E-19  2.03764E-02  0.00000E+00  1.0E-07
  4.900E+00  1.82735E-03  5.26819E-19  1.88130E-02  0.00000E+00  1.0E-07
  5.000E+00  1.90265E-03  4.87174E-19  1.73973E-02  0.00000E+00  1.0E-07
  5.100E+00  1.97947E-03  4.51189E-19  1.61123E-02  0.00000E+00  1.4E-07
  5.200E+00  2.05780E-03  4.18472E-19  1.49439E-02  0.00000E+00  1.4E-07
  5.300E+00  2.13765E-03  3.88678E-19  1.38800E-02  0.00000E+00  1.1E-07
  5.400E+00  2.21902E-03  3.61500E-19  1.29094E-02  0.00000E+00  1.0E-07
  5.500E+00  2.30190E-03  3.36659E-19  1.20223E-02  0.00000E+00  1.0E-07
  5.600E+00  2.38630E-03  3.13918E-19  1.12102E-02  0.00000E+00  1.0E-07
  5.700E+00  2.47222E-03  2.93074E-19  1.04659E-02  0.00000E+00  1.1E-07
  5.800E+00  2.55965E-03  2.73939E-19  9.78255E-03  0.00000E+00  1.1E-07
  5.900E+00  2.64859E-03  2.56346E-19  9.15426E-03  0.00000E+00  1.0E-07
  6.000E+00  2.73905E-03  2.40144E-19  8.57569E-03  0.00000E+00  1.0E-07
  6.100E+00  2.83103E-03  2.25208E-19  8.04234E-03  0.00000E+00  1.0E-07
  6.200E+00  2.92452E-03  2.11422E-19  7.55002E-03  0.00000E+00  1.0E-07
  6.300E+00  3.01952E-03  1.98680E-19  7.09498E-03  0.00000E+00  1.0E-07
  6.400E+00  3.11604E-03  1.86885E-19  6.67377E-03  0.00000E+00  1.0E-07
  6.500E+00  3.21407E-03  1.75957E-19  6.28354E-03  0.00000E+00  1.0E-07
  6.600E+00  3.31362E-03  1.65821E-19  5.92158E-03  0.00000E+00  1.0E-07
  6.700E+00  3.41468E-03  1.56409E-19  5.58547E-03  0.00000E+00  1.0E-07
  6.800E+00  3.51725E-03  1.47657E-19  5.27294E-03  0.00000E+00  1.0E-07
  6.900E+00  3.62133E-03  1.39513E-19  4.98210E-03  0.00000E+00  1.0E-07
  7.000E+00  3.72692E-03  1.31926E-19  4.71117E-03  0.00000E+00  1.0E-07
  7.100E+00  3.83403E-03  1.24852E-19  4.45854E-03  0.00000E+00  1.0E-07
  7.200E+00  3.94265E-03  1.18247E-19  4.22269E-03  0.00000E+00  1.0E-07
  7.300E+00  4.05278E-03  1.12077E-19  4.00234E-03  0.00000E+00  1.0E-07
  7.400E+00  4.16442E-03  1.06307E-19  3.79628E-03  0.00000E+00  1.0E-07
  7.500E+00  4.27757E-03  1.00906E-19  3.60342E-03  0.00000E+00  1.0E-07
  7.600E+00  4.39223E-03  9.58461E-20  3.42273E-03  0.00000E+00  1.0E-07
  7.700E+00  4.50840E-03  9.11016E-20  3.25330E-03  0.00000E+00  1.0E-07
  7.800E+00  4.62608E-03  8.66494E-20  3.09431E-03  0.00000E+00  1.0E-07
  7.900E+00  4.74527E-03  8.24684E-20  2.94500E-03  0.00000E+00  1.0E-07
  8.000E+00  4.86597E-03  7.85384E-20  2.80466E-03  0.00000E+00  1.0E-07
  8.100E+00  4.98817E-03  7.48415E-20  2.67264E-03  0.00000E+00  1.0E-07
  8.200E+00  5.11188E-03  7.13616E-20  2.54837E-03  0.00000E+00  1.0E-07
  8.300E+00  5.23711E-03  6.80835E-20  2.43131E-03  0.00000E+00  1.0E-07
  8.400E+00  5.36383E-03  6.49932E-20  2.32095E-03  0.00000E+00  1.0E-07
  8.500E+00  5.49207E-03  6.20777E-20  2.21683E-03  0.00000E+00  1.0E-07
  8.600E+00  5.62181E-03  5.93255E-20  2.11855E-03  0.00000E+00  1.0E-07
  8.700E+00  5.75306E-03  5.67257E-20  2.02571E-03  0.00000E+00  1.0E-07
  8.800E+00  5.88581E-03  5.42682E-20  1.93795E-03  0.00000E+00  1.0E-07
  8.900E+00  6.02007E-03  5.19435E-20  1.85494E-03  0.00000E+00  1.0E-07
  9.000E+00  6.15583E-03  4.97434E-20  1.77637E-03  0.00000E+00  1.0E-07
  9.100E+00  6.29310E-03  4.76597E-20  1.70196E-03  0.00000E+00  1.0E-07
  9.200E+00  6.43187E-03  4.56854E-20  1.63145E-03  0.00000E+00  1.0E-07
  9.300E+00  6.57214E-03  4.38131E-20  1.56460E-03  0.00000E+00  1.0E-07
  9.400E+00  6.71392E-03  4.20369E-20  1.50117E-03  0.00000E+00  1.0E-07
  9.500E+00  6.85720E-03  4.03509E-20  1.44096E-03  0.00000E+00  1.0E-07
  9.600E+00  7.00198E-03  3.87496E-20  1.38377E-03  0.00000E+00  1.0E-07
  9.700E+00  7.14827E-03  3.72278E-20  1.32943E-03  0.00000E+00  1.0E-07
  9.800E+00  7.29605E-03  3.57809E-20  1.27776E-03  0.00000E+00  1.0E-07
  9.900E+00  7.44534E-03  3.44045E-20  1.22861E-03  0.00000E+00  1.0E-07
  1.000E+01  7.59612E-03  3.30946E-20  1.18183E-03  0.00000E+00  1.0E-07
  1.025E+01  7.97965E-03  3.00855E-20  1.07437E-03  0.00000E+00  1.0E-07
  1.050E+01  8.37255E-03  2.74149E-20  9.79005E-04  0.00000E+00  1.0E-07
  1.075E+01  8.77480E-03  2.50380E-20  8.94122E-04  0.00000E+00  1.0E-07
  1.100E+01  9.18641E-03  2.29165E-20  8.18364E-04  0.00000E+00  1.0E-07
  1.125E+01  9.60736E-03  2.10182E-20  7.50574E-04  0.00000E+00  1.0E-07
  1.150E+01  1.00376E-02  1.93152E-20  6.89760E-04  0.00000E+00  1.0E-07
  1.175E+01  1.04773E-02  1.77839E-20  6.35074E-04  0.00000E+00  1.0E-07
  1.200E+01  1.09262E-02  1.64037E-20  5.85785E-04  0.00000E+00  1.0E-07
  1.225E+01  1.13844E-02  1.51569E-20  5.41263E-04  0.00000E+00  1.0E-07
  1.250E+01  1.18520E-02  1.40283E-20  5.00961E-04  0.00000E+00  1.0E-07
  1.275E+01  1.23288E-02  1.30047E-20  4.64405E-04  0.00000E+00  1.0E-07
  1.300E+01  1.28150E-02  1.20743E-20  4.31182E-04  0.00000E+00  1.0E-07
  1.325E+01  1.33104E-02  1.12272E-20  4.00929E-04  0.00000E+00  1.0E-07
  1.350E+01  1.38150E-02  1.04545E-20  3.73337E-04  0.00000E+00  1.0E-07
  1.375E+01  1.43290E-02  9.74841E-21  3.48122E-04  0.00000E+00  1.0E-07
  1.400E+01  1.48521E-02  9.10211E-21  3.25042E-04  0.00000E+00  1.0E-07
  1.425E+01  1.53845E-02  8.50962E-21  3.03884E-04  0.00000E+00  1.0E-07
  1.450E+01  1.59262E-02  7.96559E-21  2.84456E-04  0.00000E+00  1.0E-07
  1.475E+01  1.64770E-02  7.46527E-21  2.66590E-04  0.00000E+00  1.0E-07
  1.500E+01  1.70371E-02  7.00448E-21  2.50135E-04  0.00000E+00  1.0E-07
  1.525E+01  1.76063E-02  6.57953E-21  2.34959E-04  0.00000E+00  1.0E-07
  1.550E+01  1.81848E-02  6.18708E-21  2.20945E-04  0.00000E+00  1.0E-07
  1.575E+01  1.87724E-02  5.82417E-21  2.07985E-04  0.00000E+00  1.0E-07
  1.600E+01  1.93692E-02  5.48811E-21  1.95984E-04  0.00000E+00  1.0E-07
  1.625E+01  1.99751E-02  5.17657E-21  1.84859E-04  0.00000E+00  1.0E-07
  1.650E+01  2.05901E-02  4.88740E-21  1.74532E-04  0.00000E+00  1.0E-07
  1.675E+01  2.12143E-02  4.61868E-21  1.64936E-04  0.00000E+00  1.0E-07
  1.700E+01  2.18476E-02  4.36866E-21  1.56008E-04  0.00000E+00  1.0E-07
  1.725E+01  2.24900E-02  4.13581E-21  1.47693E-04  0.00000E+00  1.0E-07
  1.750E+01  2.31415E-02  3.91871E-21  1.39940E-04  0.00000E+00  1.0E-07
  1.775E+01  2.38021E-02  3.71609E-21  1.32704E-04  0.00000E+00  1.0E-07
  1.800E+01  2.44717E-02  3.52677E-21  1.25943E-04  0.00000E+00  1.0E-07
  1.825E+01  2.51504E-02  3.34972E-21  1.19621E-04  0.00000E+00  1.0E-07
  1.850E+01  2.58382E-02  3.18399E-21  1.13702E-04  0.00000E+00  1.0E-07
  1.875E+01  2.65349E-02  3.02871E-21  1.08157E-04  0.00000E+00  1.0E-07
  1.900E+01  2.72407E-02  2.88307E-21  1.02956E-04  0.00000E+00  1.0E-07
  1.925E+01  2.79555E-02  2.74637E-21  9.80746E-05  0.00000E+00  1.0E-07
  1.950E+01  2.86793E-02  2.61795E-21  9.34885E-05  0.00000E+00  1.0E-07
  1.975E+01  2.94120E-02  2.49720E-21  8.91766E-05  0.00000E+00  1.0E-07
  2.000E+01  3.01537E-02  2.38357E-21  8.51187E-05  0.00000E+00  1.0E-07
  2.025E+01  3.09043E-02  2.27655E-21  8.12972E-05  0.00000E+00  1.0E-07
  2.050E+01  3.16639E-02  2.17569E-21  7.76954E-05  0.00000E+00  1.0E-07
  2.075E+01  3.24324E-02  2.08056E-21  7.42982E-05  0.00000E+00  1.0E-07
  2.100E+01  3.32098E-02  1.99076E-21  7.10914E-05  0.00000E+00  1.0E-07
  2.125E+01  3.39961E-02  1.90594E-21  6.80622E-05  0.00000E+00  1.0E-07
  2.150E+01  3.47912E-02  1.82575E-21  6.51988E-05  0.00000E+00  1.0E-07
  2.175E+01  3.55952E-02  1.74991E-21  6.24903E-05  0.00000E+00  1.0E-07
  2.200E+01  3.64081E-02  1.67811E-21  5.99264E-05  0.00000E+00  1.0E-07
  2.225E+01  3.72297E-02  1.61010E-21  5.74978E-05  0.00000E+00  1.0E-07
  2.250E+01  3.80602E-02  1.54565E-21  5.51960E-05  0.00000E+00  1.0E-07
  2.275E+01  3.88995E-02  1.48452E-21  5.30130E-05  0.00000E+00  1.0E-07
  2.300E+01  3.97476E-02  1.42650E-21  5.09413E-05  0.00000E+00  1.0E-07
  2.325E+01  4.06044E-02  1.37141E-21  4.89740E-05  0.00000E+00  1.0E-07
  2.350E+01  4.14700E-02  1.31907E-21  4.71048E-05  0.00000E+00  1.0E-07
  2.375E+01  4.23443E-02  1.26931E-21  4.53278E-05  0.00000E+00  1.0E-07
  2.400E+01  4.32273E-02  1.22197E-21  4.36374E-05  0.00000E+00  1.0E-07
  2.425E+01  4.41190E-02  1.17692E-21  4.20285E-05  0.00000E+00  1.0E-07
  2.450E+01  4.50194E-02  1.13402E-21  4.04965E-05  0.00000E+00  1.0E-07
  2.475E+01  4.59284E-02  1.09314E-21  3.90367E-05  0.00000E+00  1.0E-07
  2.500E+01  4.68461E-02  1.05417E-21  3.76452E-05  0.00000E+00  1.0E-07
  2.550E+01  4.87074E-02  9.81537E-22  3.50513E-05  0.00000E+00  1.0E-07
  2.600E+01  5.06030E-02  9.15331E-22  3.26871E-05  0.00000E+00  1.0E-07
  2.650E+01  5.25328E-02  8.54867E-22  3.05279E-05  0.00000E+00  1.0E-07
  2.700E+01  5.44967E-02  7.99546E-22  2.85523E-05  0.00000E+00  1.0E-07
  2.750E+01  5.64946E-02  7.48839E-22  2.67415E-05  0.00000E+00  1.0E-07
  2.800E+01  5.85262E-02  7.02283E-22  2.50790E-05  0.00000E+00  1.0E-07
  2.850E+01  6.05914E-02  6.59465E-22  2.35499E-05  0.00000E+00  1.0E-07
  2.900E+01  6.26901E-02  6.20024E-22  2.21414E-05  0.00000E+00  1.0E-07
  2.950E+01  6.48222E-02  5.83635E-22  2.08420E-05  0.00000E+00  1.0E-07
  3.000E+01  6.69873E-02  5.50014E-22  1.96414E-05  0.00000E+00  1.0E-07
  3.050E+01  6.91854E-02  5.18905E-22  1.85304E-05  0.00000E+00  1.0E-07
  3.100E+01  7.14163E-02  4.90080E-22  1.75011E-05  0.00000E+00  1.0E-07
  3.150E+01  7.36799E-02  4.63334E-22  1.65460E-05  0.00000E+00  1.0E-07
  3.200E+01  7.59760E-02  4.38487E-22  1.56586E-05  0.00000E+00  1.0E-07
  3.250E+01  7.83043E-02  4.15372E-22  1.48332E-05  0.00000E+00  1.0E-07
  3.300E+01  8.06647E-02  3.93845E-22  1.40644E-05  0.00000E+00  1.0E-07
  3.350E+01  8.30571E-02  3.73770E-22  1.33476E-05  0.00000E+00  1.0E-07
  3.400E+01  8.54812E-02  3.55028E-22  1.26783E-05  0.00000E+00  1.0E-07
  3.450E+01  8.79369E-02  3.37513E-22  1.20528E-05  0.00000E+00  1.0E-07
  3.500E+01  9.04240E-02  3.21125E-22  1.14676E-05  0.00000E+00  1.0E-07
  3.550E+01  9.29422E-02  3.05776E-22  1.09194E-05  0.00000E+00  1.0E-07
  3.600E+01  9.54915E-02  2.91384E-22  1.04055E-05  0.00000E+00  1.0E-07
  3.650E+01  9.80716E-02  2.77878E-22  9.92320E-06  0.00000E+00  1.0E-07
  3.700E+01  1.00682E-01  2.65190E-22  9.47010E-06  0.00000E+00  1.0E-07
  3.750E+01  1.03323E-01  2.53258E-22  9.04402E-06  0.00000E+00  1.0E-07
  3.800E+01  1.05995E-01  2.42029E-22  8.64301E-06  0.00000E+00  1.0E-07
  3.850E+01  1.08696E-01  2.31451E-22  8.26525E-06  0.00000E+00  1.0E-07
  3.900E+01  1.11427E-01  2.21477E-22  7.90908E-06  0.00000E+00  1.0E-07
  3.950E+01  1.14188E-01  2.12065E-22  7.57298E-06  0.00000E+00  1.0E-07
  4.000E+01  1.16978E-01  2.03176E-22  7.25556E-06  0.00000E+00  1.0E-07
  4.050E+01  1.19797E-01  1.94775E-22  6.95555E-06  0.00000E+00  1.0E-07
  4.100E+01  1.22645E-01  1.86828E-22  6.67176E-06  0.00000E+00  1.0E-07
  4.150E+01  1.25522E-01  1.79305E-22  6.40311E-06  0.00000E+00  1.0E-07
  4.200E+01  1.28428E-01  1.72178E-22  6.14860E-06  0.00000E+00  1.0E-07
  4.250E+01  1.31361E-01  1.65422E-22  5.90732E-06  0.00000E+00  1.0E-07
  4.300E+01  1.34323E-01  1.59012E-22  5.67841E-06  0.00000E+00  1.0E-07
  4.350E+01  1.37313E-01  1.52926E-22  5.46109E-06  0.00000E+00  1.0E-07
  4.400E+01  1.40330E-01  1.47145E-22  5.25464E-06  0.00000E+00  1.0E-07
  4.450E+01  1.43375E-01  1.41649E-22  5.05838E-06  0.00000E+00  1.0E-07
  4.500E+01  1.46447E-01  1.36421E-22  4.87169E-06  0.00000E+00  1.0E-07
  4.550E+01  1.49545E-01  1.31445E-22  4.69398E-06  0.00000E+00  1.0E-07
  4.600E+01  1.52671E-01  1.26706E-22  4.52474E-06  0.00000E+00  1.0E-07
  4.650E+01  1.55823E-01  1.22189E-22  4.36345E-06  0.00000E+00  1.0E-07
  4.700E+01  1.59001E-01  1.17882E-22  4.20964E-06  0.00000E+00  1.0E-07
  4.750E+01  1.62205E-01  1.13773E-22  4.06289E-06  0.00000E+00  1.0E-07
  4.800E+01  1.65435E-01  1.09850E-22  3.92281E-06  0.00000E+00  1.0E-07
  4.850E+01  1.68690E-01  1.06103E-22  3.78899E-06  0.00000E+00  1.0E-07
  4.900E+01  1.71970E-01  1.02522E-22  3.66112E-06  0.00000E+00  1.0E-07
  4.950E+01  1.75276E-01  9.90977E-23  3.53884E-06  0.00000E+00  1.0E-07
  5.000E+01  1.78606E-01  9.58220E-23  3.42187E-06  0.00000E+00  1.0E-07
  5.050E+01  1.81961E-01  9.26868E-23  3.30991E-06  0.00000E+00  1.0E-07
  5.100E+01  1.85340E-01  8.96844E-23  3.20269E-06  0.00000E+00  1.0E-07
  5.150E+01  1.88743E-01  8.68078E-23  3.09996E-06  0.00000E+00  1.0E-07
  5.200E+01  1.92169E-01  8.40506E-23  3.00150E-06  0.00000E+00  1.0E-07
  5.250E+01  1.95619E-01  8.14064E-23  2.90708E-06  0.00000E+00  1.0E-07
  5.300E+01  1.99092E-01  7.88696E-23  2.81649E-06  0.00000E+00  1.0E-07
  5.350E+01  2.02589E-01  7.64347E-23  2.72953E-06  0.00000E+00  1.0E-07
  5.400E+01  2.06107E-01  7.40966E-23  2.64604E-06  0.00000E+00  1.0E-07
  5.450E+01  2.09649E-01  7.18505E-23  2.56583E-06  0.00000E+00  1.0E-07
  5.500E+01  2.13212E-01  6.96918E-23  2.48874E-06  0.00000E+00  1.0E-07
  5.550E+01  2.16797E-01  6.76164E-23  2.41463E-06  0.00000E+00  1.0E-07
  5.600E+01  2.20404E-01  6.56202E-23  2.34334E-06  0.00000E+00  1.0E-07
  5.650E+01  2.24032E-01  6.36994E-23  2.27475E-06  0.00000E+00  1.0E-07
  5.700E+01  2.27680E-01  6.18505E-23  2.20872E-06  0.00000E+00  1.0E-07
  5.750E+01  2.31350E-01  6.00701E-23  2.14514E-06  0.00000E+00  1.0E-07
  5.800E+01  2.35040E-01  5.83551E-23  2.08390E-06  0.00000E+00  1.0E-07
  5.850E+01  2.38751E-01  5.67024E-23  2.02488E-06  0.00000E+00  1.0E-07
  5.900E+01  2.42481E-01  5.51092E-23  1.96798E-06  0.00000E+00  1.0E-07
  5.950E+01  2.46231E-01  5.35728E-23  1.91312E-06  0.00000E+00  1.0E-07
  6.000E+01  2.50000E-01  5.20907E-23  1.86019E-06  0.00000E+00  1.0E-07
  6.050E+01  2.53788E-01  5.06606E-23  1.80912E-06  0.00000E+00  1.0E-07
  6.100E+01  2.57595E-01  4.92800E-23  1.75982E-06  0.00000E+00  1.0E-07
  6.150E+01  2.61421E-01  4.79469E-23  1.71222E-06  0.00000E+00  1.0E-07
  6.200E+01  2.65264E-01  4.66593E-23  1.66623E-06  0.00000E+00  1.0E-07
  6.250E+01  2.69126E-01  4.54151E-23  1.62180E-06  0.00000E+00  1.0E-07
  6.300E+01  2.73005E-01  4.42126E-23  1.57886E-06  0.00000E+00  1.0E-07
  6.350E+01  2.76901E-01  4.30501E-23  1.53735E-06  0.00000E+00  1.0E-07
  6.400E+01  2.80814E-01  4.19257E-23  1.49719E-06  0.00000E+00  1.0E-07
  6.450E+01  2.84744E-01  4.08381E-23  1.45835E-06  0.00000E+00  1.0E-07
  6.500E+01  2.88691E-01  3.97856E-23  1.42077E-06  0.00000E+00  1.0E-07
  6.550E+01  2.92653E-01  3.87668E-23  1.38439E-06  0.00000E+00  1.0E-07
  6.600E+01  2.96632E-01  3.77805E-23  1.34917E-06  0.00000E+00  1.0E-07
  6.650E+01  3.00625E-01  3.68253E-23  1.31505E-06  0.00000E+00  1.0E-07
  6.700E+01  3.04634E-01  3.59000E-23  1.28201E-06  0.00000E+00  1.0E-07
  6.750E+01  3.08658E-01  3.50034E-23  1.24999E-06  0.00000E+00  1.0E-07
  6.800E+01  3.12697E-01  3.41343E-23  1.21896E-06  0.00000E+00  1.0E-07
  6.850E+01  3.16749E-01  3.32919E-23  1.18887E-06  0.00000E+00  1.0E-07
  6.900E+01  3.20816E-01  3.24749E-23  1.15970E-06  0.00000E+00  1.0E-07
  6.950E+01  3.24896E-01  3.16825E-23  1.13140E-06  0.00000E+00  1.0E-07
  7.000E+01  3.28990E-01  3.09138E-23  1.10395E-06  0.00000E+00  1.0E-07
  7.050E+01  3.33097E-01  3.01678E-23  1.07731E-06  0.00000E+00  1.0E-07
  7.100E+01  3.37216E-01  2.94437E-23  1.05145E-06  0.00000E+00  1.0E-07
  7.150E+01  3.41348E-01  2.87407E-23  1.02635E-06  0.00000E+00  1.0E-07
  7.200E+01  3.45492E-01  2.80580E-23  1.00197E-06  0.00000E+00  1.0E-07
  7.250E+01  3.49647E-01  2.73950E-23  9.78293E-07  0.00000E+00  1.0E-07
  7.300E+01  3.53814E-01  2.67509E-23  9.55291E-07  0.00000E+00  1.0E-07
  7.350E+01  3.57992E-01  2.61250E-23  9.32939E-07  0.00000E+00  1.0E-07
  7.400E+01  3.62181E-01  2.55166E-23  9.11215E-07  0.00000E+00  1.0E-07
  7.450E+01  3.66381E-01  2.49253E-23  8.90097E-07  0.00000E+00  1.0E-07
  7.500E+01  3.70590E-01  2.43503E-23  8.69564E-07  0.00000E+00  1.0E-07
  7.550E+01  3.74810E-01  2.37911E-23  8.49596E-07  0.00000E+00  1.0E-07
  7.600E+01  3.79039E-01  2.32472E-23  8.30172E-07  0.00000E+00  1.0E-07
  7.650E+01  3.83277E-01  2.27180E-23  8.11276E-07  0.00000E+00  1.0E-07
  7.700E+01  3.87524E-01  2.22031E-23  7.92888E-07  0.00000E+00  1.0E-07
  7.750E+01  3.91780E-01  2.17020E-23  7.74993E-07  0.00000E+00  1.0E-07
  7.800E+01  3.96044E-01  2.12142E-23  7.57572E-07  0.00000E+00  1.0E-07
  7.850E+01  4.00316E-01  2.07393E-23  7.40612E-07  0.00000E+00  1.0E-07
  7.900E+01  4.04596E-01  2.02768E-23  7.24096E-07  0.00000E+00  1.0E-07
  7.950E+01  4.08882E-01  1.98263E-23  7.08011E-07  0.00000E+00  1.0E-07
  8.000E+01  4.13176E-01  1.93875E-23  6.92341E-07  0.00000E+00  1.0E-07
  8.050E+01  4.17476E-01  1.89600E-23  6.77074E-07  0.00000E+00  1.0E-07
  8.100E+01  4.21783E-01  1.85434E-23  6.62197E-07  0.00000E+00  1.0E-07
  8.150E+01  4.26095E-01  1.81374E-23  6.47698E-07  0.00000E+00  1.0E-07
  8.200E+01  4.30413E-01  1.77416E-23  6.33564E-07  0.00000E+00  1.0E-07
  8.250E+01  4.34737E-01  1.73557E-23  6.19785E-07  0.00000E+00  1.0E-07
  8.300E+01  4.39065E-01  1.69795E-23  6.06349E-07  0.00000E+00  1.0E-07
  8.350E+01  4.43398E-01  1.66126E-23  5.93246E-07  0.00000E+00  1.0E-07
  8.400E+01  4.47736E-01  1.62547E-23  5.80465E-07  0.00000E+00  1.0E-07
  8.450E+01  4.52077E-01  1.59055E-23  5.67997E-07  0.00000E+00  1.0E-07
  8.500E+01  4.56422E-01  1.55649E-23  5.55832E-07  0.00000E+00  1.0E-07
  8.550E+01  4.60770E-01  1.52325E-23  5.43961E-07  0.00000E+00  1.0E-07
  8.600E+01  4.65122E-01  1.49080E-23  5.32375E-07  0.00000E+00  1.0E-07
  8.650E+01  4.69476E-01  1.45913E-23  5.21066E-07  0.00000E+00  1.0E-07
  8.700E+01  4.73832E-01  1.42822E-23  5.10025E-07  0.00000E+00  1.0E-07
  8.750E+01  4.78190E-01  1.39803E-23  4.99245E-07  0.00000E+00  1.0E-07
  8.800E+01  4.82550E-01  1.36855E-23  4.88719E-07  0.00000E+00  1.0E-07
  8.850E+01  4.86912E-01  1.33976E-23  4.78438E-07  0.00000E+00  1.0E-07
  8.900E+01  4.91274E-01  1.31164E-23  4.68397E-07  0.00000E+00  1.0E-07
  8.950E+01  4.95637E-01  1.28417E-23  4.58587E-07  0.00000E+00  1.0E-07
  9.000E+01  5.00000E-01  1.25734E-23  4.49003E-07  0.00000E+00  1.0E-07
  9.050E+01  5.04363E-01  1.23111E-23  4.39638E-07  0.00000E+00  1.0E-07
  9.100E+01  5.08726E-01  1.20548E-23  4.30485E-07  0.00000E+00  1.0E-07
  9.150E+01  5.13088E-01  1.18043E-23  4.21539E-07  0.00000E+00  1.0E-07
  9.200E+01  5.17450E-01  1.15594E-23  4.12795E-07  0.00000E+00  1.0E-07
  9.250E+01  5.21810E-01  1.13200E-23  4.04246E-07  0.00000E+00  1.0E-07
  9.300E+01  5.26168E-01  1.10860E-23  3.95887E-07  0.00000E+00  1.0E-07
  9.350E+01  5.30524E-01  1.08571E-23  3.87714E-07  0.00000E+00  1.0E-07
  9.400E+01  5.34878E-01  1.06333E-23  3.79721E-07  0.00000E+00  1.0E-07
  9.450E+01  5.39230E-01  1.04144E-23  3.71903E-07  0.00000E+00  1.0E-07
  9.500E+01  5.43578E-01  1.02002E-23  3.64257E-07  0.00000E+00  1.0E-07
  9.550E+01  5.47923E-01  9.99074E-24  3.56776E-07  0.00000E+00  1.0E-07
  9.600E+01  5.52264E-01  9.78578E-24  3.49457E-07  0.00000E+00  1.0E-07
  9.650E+01  5.56602E-01  9.58523E-24  3.42295E-07  0.00000E+00  1.0E-07
  9.700E+01  5.60935E-01  9.38896E-24  3.35286E-07  0.00000E+00  1.0E-07
  9.750E+01  5.65263E-01  9.19688E-24  3.28426E-07  0.00000E+00  1.0E-07
  9.800E+01  5.69587E-01  9.00887E-24  3.21713E-07  0.00000E+00  1.0E-07
  9.850E+01  5.73905E-01  8.82483E-24  3.15140E-07  0.00000E+00  1.0E-07
  9.900E+01  5.78217E-01  8.64467E-24  3.08707E-07  0.00000E+00  1.0E-07
  9.950E+01  5.82524E-01  8.46829E-24  3.02408E-07  0.00000E+00  1.0E-07
  1.000E+02  5.86824E-01  8.29559E-24  2.96241E-07  0.00000E+00  1.0E-07
  1.005E+02  5.91118E-01  8.12648E-24  2.90202E-07  0.00000E+00  1.0E-07
  1.010E+02  5.95404E-01  7.96087E-24  2.84288E-07  0.00000E+00  1.0E-07
  1.015E+02  5.99684E-01  7.79863E-24  2.78494E-07  0.00000E+00  1.0E-07
  1.020E+02  6.03956E-01  7.63972E-24  2.72819E-07  0.00000E+00  1.0E-07
  1.025E+02  6.08220E-01  7.48406E-24  2.67260E-07  0.00000E+00  1.0E-07
  1.030E+02  6.12476E-01  7.33156E-24  2.61815E-07  0.00000E+00  1.0E-07
  1.035E+02  6.16723E-01  7.18215E-24  2.56479E-07  0.00000E+00  1.0E-07
  1.040E+02  6.20961E-01  7.03577E-24  2.51252E-07  0.00000E+00  1.0E-07
  1.045E+02  6.25190E-01  6.89232E-24  2.46129E-07  0.00000E+00  1.0E-07
  1.050E+02  6.29410E-01  6.75175E-24  2.41110E-07  0.00000E+00  1.0E-07
  1.055E+02  6.33619E-01  6.61399E-24  2.36190E-07  0.00000E+00  1.0E-07
  1.060E+02  6.37819E-01  6.47895E-24  2.31368E-07  0.00000E+00  1.0E-07
  1.065E+02  6.42008E-01  6.34659E-24  2.26641E-07  0.00000E+00  1.0E-07
  1.070E+02  6.46186E-01  6.21683E-24  2.22007E-07  0.00000E+00  1.0E-07
  1.075E+02  6.50353E-01  6.08963E-24  2.17465E-07  0.00000E+00  1.0E-07
  1.080E+02  6.54508E-01  5.96491E-24  2.13011E-07  0.00000E+00  1.0E-07
  1.085E+02  6.58652E-01  5.84263E-24  2.08644E-07  0.00000E+00  1.0E-07
  1.090E+02  6.62784E-01  5.72274E-24  2.04363E-07  0.00000E+00  1.0E-07
  1.095E+02  6.66903E-01  5.60516E-24  2.00164E-07  0.00000E+00  1.0E-07
  1.100E+02  6.71010E-01  5.48987E-24  1.96047E-07  0.00000E+00  1.0E-07
  1.105E+02  6.75104E-01  5.37679E-24  1.92009E-07  0.00000E+00  1.0E-07
  1.110E+02  6.79184E-01  5.26589E-24  1.88048E-07  0.00000E+00  1.0E-07
  1.115E+02  6.83251E-01  5.15711E-24  1.84164E-07  0.00000E+00  1.0E-07
  1.120E+02  6.87303E-01  5.05041E-24  1.80353E-07  0.00000E+00  1.0E-07
  1.125E+02  6.91342E-01  4.94574E-24  1.76615E-07  0.00000E+00  1.0E-07
  1.130E+02  6.95366E-01  4.84305E-24  1.72949E-07  0.00000E+00  1.0E-07
  1.135E+02  6.99375E-01  4.74231E-24  1.69351E-07  0.00000E+00  1.0E-07
  1.140E+02  7.03368E-01  4.64348E-24  1.65822E-07  0.00000E+00  1.0E-07
  1.145E+02  7.07347E-01  4.54650E-24  1.62359E-07  0.00000E+00  1.0E-07
  1.150E+02  7.11309E-01  4.45135E-24  1.58961E-07  0.00000E+00  1.0E-07
  1.155E+02  7.15256E-01  4.35798E-24  1.55626E-07  0.00000E+00  1.0E-07
  1.160E+02  7.19186E-01  4.26636E-24  1.52354E-07  0.00000E+00  1.0E-07
  1.165E+02  7.23099E-01  4.17644E-24  1.49144E-07  0.00000E+00  1.0E-07
  1.170E+02  7.26995E-01  4.08821E-24  1.45992E-07  0.00000E+00  1.0E-07
  1.175E+02  7.30874E-01  4.00161E-24  1.42900E-07  0.00000E+00  1.0E-07
  1.180E+02  7.34736E-01  3.91661E-24  1.39865E-07  0.00000E+00  1.0E-07
  1.185E+02  7.38579E-01  3.83319E-24  1.36886E-07  0.00000E+00  1.0E-07
  1.190E+02  7.42405E-01  3.75131E-24  1.33962E-07  0.00000E+00  1.0E-07
  1.195E+02  7.46212E-01  3.67094E-24  1.31091E-07  0.00000E+00  1.0E-07
  1.200E+02  7.50000E-01  3.59204E-24  1.28274E-07  0.00000E+00  1.0E-07
  1.205E+02  7.53769E-01  3.51460E-24  1.25508E-07  0.00000E+00  1.0E-07
  1.210E+02  7.57519E-01  3.43857E-24  1.22794E-07  0.00000E+00  1.0E-07
  1.215E+02  7.61249E-01  3.36394E-24  1.20128E-07  0.00000E+00  1.0E-07
  1.220E+02  7.64960E-01  3.29067E-24  1.17512E-07  0.00000E+00  1.0E-07
  1.225E+02  7.68650E-01  3.21873E-24  1.14943E-07  0.00000E+00  1.0E-07
  1.230E+02  7.72320E-01  3.14812E-24  1.12421E-07  0.00000E+00  1.0E-07
  1.235E+02  7.75968E-01  3.07878E-24  1.09945E-07  0.00000E+00  1.0E-07
  1.240E+02  7.79596E-01  3.01071E-24  1.07514E-07  0.00000E+00  1.0E-07
  1.245E+02  7.83203E-01  2.94388E-24  1.05128E-07  0.00000E+00  1.0E-07
  1.250E+02  7.86788E-01  2.87826E-24  1.02785E-07  0.00000E+00  1.0E-07
  1.255E+02  7.90351E-01  2.81383E-24  1.00484E-07  0.00000E+00  1.0E-07
  1.260E+02  7.93893E-01  2.75057E-24  9.82248E-08  0.00000E+00  1.0E-07
  1.265E+02  7.97411E-01  2.68846E-24  9.60067E-08  0.00000E+00  1.0E-07
  1.270E+02  8.00908E-01  2.62748E-24  9.38288E-08  0.00000E+00  1.0E-07
  1.275E+02  8.04381E-01  2.56759E-24  9.16904E-08  0.00000E+00  1.0E-07
  1.280E+02  8.07831E-01  2.50880E-24  8.95907E-08  0.00000E+00  1.0E-07
  1.285E+02  8.11257E-01  2.45106E-24  8.75290E-08  0.00000E+00  1.0E-07
  1.290E+02  8.14660E-01  2.39438E-24  8.55047E-08  0.00000E+00  1.0E-07
  1.295E+02  8.18039E-01  2.33872E-24  8.35170E-08  0.00000E+00  1.0E-07
  1.300E+02  8.21394E-01  2.28406E-24  8.15654E-08  0.00000E+00  1.0E-07
  1.305E+02  8.24724E-01  2.23040E-24  7.96491E-08  0.00000E+00  1.0E-07
  1.310E+02  8.28030E-01  2.17771E-24  7.77676E-08  0.00000E+00  1.0E-07
  1.315E+02  8.31310E-01  2.12598E-24  7.59202E-08  0.00000E+00  1.0E-07
  1.320E+02  8.34565E-01  2.07519E-24  7.41064E-08  0.00000E+00  1.0E-07
  1.325E+02  8.37795E-01  2.02532E-24  7.23255E-08  0.00000E+00  1.0E-07
  1.330E+02  8.40999E-01  1.97636E-24  7.05771E-08  0.00000E+00  1.0E-07
  1.335E+02  8.44177E-01  1.92829E-24  6.88605E-08  0.00000E+00  1.0E-07
  1.340E+02  8.47329E-01  1.88110E-24  6.71752E-08  0.00000E+00  1.0E-07
  1.345E+02  8.50455E-01  1.83477E-24  6.55207E-08  0.00000E+00  1.0E-07
  1.350E+02  8.53553E-01  1.78928E-24  6.38965E-08  0.00000E+00  1.0E-07
  1.355E+02  8.56625E-01  1.74463E-24  6.23020E-08  0.00000E+00  1.0E-07
  1.360E+02  8.59670E-01  1.70080E-24  6.07368E-08  0.00000E+00  1.0E-07
  1.365E+02  8.62687E-01  1.65778E-24  5.92004E-08  0.00000E+00  1.0E-07
  1.370E+02  8.65677E-01  1.61555E-24  5.76924E-08  0.00000E+00  1.0E-07
  1.375E+02  8.68639E-01  1.57410E-24  5.62122E-08  0.00000E+00  1.0E-07
  1.380E+02  8.71572E-01  1.53342E-24  5.47595E-08  0.00000E+00  1.0E-07
  1.385E+02  8.74478E-01  1.49350E-24  5.33338E-08  0.00000E+00  1.0E-07
  1.390E+02  8.77355E-01  1.45432E-24  5.19347E-08  0.00000E+00  1.0E-07
  1.395E+02  8.80203E-01  1.41587E-24  5.05617E-08  0.00000E+00  1.0E-07
  1.400E+02  8.83022E-01  1.37815E-24  4.92146E-08  0.00000E+00  1.0E-07
  1.405E+02  8.85812E-01  1.34113E-24  4.78927E-08  0.00000E+00  1.0E-07
  1.410E+02  8.88573E-01  1.30482E-24  4.65959E-08  0.00000E+00  1.0E-07
  1.415E+02  8.91304E-01  1.26919E-24  4.53237E-08  0.00000E+00  1.0E-07
  1.420E+02  8.94005E-01  1.23425E-24  4.40758E-08  0.00000E+00  1.0E-07
  1.425E+02  8.96677E-01  1.19997E-24  4.28517E-08  0.00000E+00  1.0E-07
  1.430E+02  8.99318E-01  1.16635E-24  4.16512E-08  0.00000E+00  1.0E-07
  1.435E+02  9.01928E-01  1.13338E-24  4.04738E-08  0.00000E+00  1.0E-07
  1.440E+02  9.04508E-01  1.10105E-24  3.93193E-08  0.00000E+00  1.0E-07
  1.445E+02  9.07058E-01  1.06936E-24  3.81874E-08  0.00000E+00  1.0E-07
  1.450E+02  9.09576E-01  1.03828E-24  3.70777E-08  0.00000E+00  1.0E-07
  1.455E+02  9.12063E-01  1.00782E-24  3.59899E-08  0.00000E+00  1.0E-07
  1.460E+02  9.14519E-01  9.77964E-25  3.49237E-08  0.00000E+00  1.0E-07
  1.465E+02  9.16943E-01  9.48705E-25  3.38789E-08  0.00000E+00  1.0E-07
  1.470E+02  9.19335E-01  9.20034E-25  3.28550E-08  0.00000E+00  1.0E-07
  1.475E+02  9.21696E-01  8.91945E-25  3.18519E-08  0.00000E+00  1.0E-07
  1.480E+02  9.24024E-01  8.64429E-25  3.08693E-08  0.00000E+00  1.0E-07
  1.485E+02  9.26320E-01  8.37479E-25  2.99069E-08  0.00000E+00  1.0E-07
  1.490E+02  9.28584E-01  8.11088E-25  2.89645E-08  0.00000E+00  1.0E-07
  1.495E+02  9.30815E-01  7.85248E-25  2.80417E-08  0.00000E+00  1.0E-07
  1.500E+02  9.33013E-01  7.59953E-25  2.71384E-08  0.00000E+00  1.0E-07
  1.505E+02  9.35178E-01  7.35195E-25  2.62543E-08  0.00000E+00  1.0E-07
  1.510E+02  9.37310E-01  7.10969E-25  2.53892E-08  0.00000E+00  1.0E-07
  1.515E+02  9.39409E-01  6.87268E-25  2.45428E-08  0.00000E+00  1.0E-07
  1.520E+02  9.41474E-01  6.64085E-25  2.37149E-08  0.00000E+00  1.0E-07
  1.525E+02  9.43505E-01  6.41414E-25  2.29053E-08  0.00000E+00  1.0E-07
  1.530E+02  9.45503E-01  6.19250E-25  2.21138E-08  0.00000E+00  1.0E-07
  1.535E+02  9.47467E-01  5.97587E-25  2.13402E-08  0.00000E+00  1.0E-07
  1.540E+02  9.49397E-01  5.76418E-25  2.05843E-08  0.00000E+00  1.0E-07
  1.545E+02  9.51293E-01  5.55739E-25  1.98458E-08  0.00000E+00  1.0E-07
  1.550E+02  9.53154E-01  5.35544E-25  1.91246E-08  0.00000E+00  1.0E-07
  1.555E+02  9.54981E-01  5.15829E-25  1.84206E-08  0.00000E+00  1.0E-07
  1.560E+02  9.56773E-01  4.96587E-25  1.77334E-08  0.00000E+00  1.0E-07
  1.565E+02  9.58530E-01  4.77814E-25  1.70630E-08  0.00000E+00  1.0E-07
  1.570E+02  9.60252E-01  4.59505E-25  1.64092E-08  0.00000E+00  1.0E-07
  1.575E+02  9.61940E-01  4.41655E-25  1.57718E-08  0.00000E+00  1.0E-07
  1.580E+02  9.63592E-01  4.24260E-25  1.51506E-08  0.00000E+00  1.0E-07
  1.585E+02  9.65209E-01  4.07316E-25  1.45455E-08  0.00000E+00  1.0E-07
  1.590E+02  9.66790E-01  3.90819E-25  1.39564E-08  0.00000E+00  1.0E-07
  1.595E+02  9.68336E-01  3.74763E-25  1.33830E-08  0.00000E+00  1.0E-07
  1.600E+02  9.69846E-01  3.59145E-25  1.28253E-08  0.00000E+00  1.0E-07
  1.605E+02  9.71321E-01  3.43961E-25  1.22831E-08  0.00000E+00  1.0E-07
  1.610E+02  9.72759E-01  3.29208E-25  1.17562E-08  0.00000E+00  1.0E-07
  1.615E+02  9.74162E-01  3.14881E-25  1.12446E-08  0.00000E+00  1.0E-07
  1.620E+02  9.75528E-01  3.00978E-25  1.07481E-08  0.00000E+00  1.0E-07
  1.625E+02  9.76858E-01  2.87494E-25  1.02666E-08  0.00000E+00  1.0E-07
  1.630E+02  9.78152E-01  2.74426E-25  9.79993E-09  0.00000E+00  1.0E-07
  1.635E+02  9.79410E-01  2.61771E-25  9.34803E-09  0.00000E+00  1.0E-07
  1.640E+02  9.80631E-01  2.49527E-25  8.91076E-09  0.00000E+00  1.0E-07
  1.645E+02  9.81815E-01  2.37689E-25  8.48803E-09  0.00000E+00  1.0E-07
  1.650E+02  9.82963E-01  2.26255E-25  8.07972E-09  0.00000E+00  1.0E-07
  1.655E+02  9.84074E-01  2.15223E-25  7.68575E-09  0.00000E+00  1.0E-07
  1.660E+02  9.85148E-01  2.04589E-25  7.30600E-09  0.00000E+00  1.0E-07
  1.665E+02  9.86185E-01  1.94351E-25  6.94039E-09  0.00000E+00  1.0E-07
  1.670E+02  9.87185E-01  1.84506E-25  6.58883E-09  0.00000E+00  1.0E-07
  1.675E+02  9.88148E-01  1.75053E-25  6.25124E-09  0.00000E+00  1.0E-07
  1.680E+02  9.89074E-01  1.65988E-25  5.92753E-09  0.00000E+00  1.0E-07
  1.685E+02  9.89962E-01  1.57309E-25  5.61762E-09  0.00000E+00  1.0E-07
  1.690E+02  9.90814E-01  1.49016E-25  5.32145E-09  0.00000E+00  1.0E-07
  1.695E+02  9.91627E-01  1.41104E-25  5.03893E-09  0.00000E+00  1.0E-07
  1.700E+02  9.92404E-01  1.33573E-25  4.76999E-09  0.00000E+00  1.0E-07
  1.705E+02  9.93143E-01  1.26421E-25  4.51459E-09  0.00000E+00  1.0E-07
  1.710E+02  9.93844E-01  1.19646E-25  4.27264E-09  0.00000E+00  1.0E-07
  1.715E+02  9.94508E-01  1.13246E-25  4.04410E-09  0.00000E+00  1.0E-07
  1.720E+02  9.95134E-01  1.07220E-25  3.82891E-09  0.00000E+00  1.0E-07
  1.725E+02  9.95722E-01  1.01567E-25  3.62702E-09  0.00000E+00  1.0E-07
  1.730E+02  9.96273E-01  9.62844E-26  3.43838E-09  0.00000E+00  1.0E-07
  1.735E+02  9.96786E-01  9.13717E-26  3.26294E-09  0.00000E+00  1.0E-07
  1.740E+02  9.97261E-01  8.68275E-26  3.10067E-09  0.00000E+00  1.0E-07
  1.745E+02  9.97698E-01  8.26509E-26  2.95152E-09  0.00000E+00  1.0E-07
  1.750E+02  9.98097E-01  7.88407E-26  2.81545E-09  0.00000E+00  1.0E-07
  1.755E+02  9.98459E-01  7.53962E-26  2.69245E-09  0.00000E+00  1.0E-07
  1.760E+02  9.98782E-01  7.23164E-26  2.58247E-09  0.00000E+00  1.0E-07
  1.765E+02  9.99067E-01  6.96007E-26  2.48549E-09  0.00000E+00  1.0E-07
  1.770E+02  9.99315E-01  6.72484E-26  2.40148E-09  0.00000E+00  1.0E-07
  1.775E+02  9.99524E-01  6.52589E-26  2.33044E-09  0.00000E+00  1.0E-07
  1.780E+02  9.99695E-01  6.36318E-26  2.27233E-09  0.00000E+00  1.0E-07
  1.785E+02  9.99829E-01  6.23667E-26  2.22716E-09  0.00000E+00  1.0E-07
  1.790E+02  9.99924E-01  6.14633E-26  2.19489E-09  0.00000E+00  1.0E-07
  1.795E+02  9.99981E-01  6.09213E-26  2.17554E-09  0.00000E+00  1.0E-07
  1.800E+02  1.00000E+00  6.07407E-26  2.16909E-09  0.00000E+00  1.0E-07
