 #
 # Subroutine ELSEPA. Elastic scattering of electrons and positrons
 #                    by neutral atoms and positive ions
 #
 # Projectile: electron
 # Kinetic energy = 3.70000E+06 eV = 1.35973E+05 a.u.
 #
 # WARNING: High-energy factorization with free-atom DF screening.
 #          Absorption, polarization and exchange corrections are
 #          switched off.
 #          Phase shifts are calculated for the bare nucleus.
 #          Scattering amplitudes are not evaluated.
 #
 # Element: Rb,  Z =  37,  atomic weight = 8.54678E+01 g/mol
 #
 # Nuclear model: Fermi distribution
 #                Average radius = 4.71322E-13 cm
 #                Skin thickness = 5.46000E-14 cm
 #
 # Number of electrons = 37
 #
 # Total elastic cross section = 3.37978E-18 cm**2 = 1.20694E-01 a0**2
 # 1st transport cross section = 1.18751E-22 cm**2 = 4.24067E-06 a0**2
 # 2nd transport cross section = 3.33512E-22 cm**2 = 1.19099E-05 a0**2
 #
 #
 # Differential cross section:                       MU=(1-COS(THETA))/2
 #
 #  THETA        MU          DCS          DCS        Sherman      error
 #  (deg)                 (cm**2/sr)   (a0**2/sr)    function
 #----------------------------------------------------------------------
  0.000E+00  0.00000E+00  9.28514E-13  3.31578E+04  0.00000E+00  1.0E-05
  1.000E-04  7.61557E-13  9.28503E-13  3.31574E+04  0.00000E+00  1.0E-05
  1.250E-04  1.18994E-12  9.28497E-13  3.31572E+04  0.00000E+00  1.0E-05
  1.500E-04  1.71346E-12  9.28489E-13  3.31569E+04  0.00000E+00  1.0E-05
  1.750E-04  2.33225E-12  9.28480E-13  3.31566E+04  0.00000E+00  1.0E-05
  2.000E-04  3.04617E-12  9.28469E-13  3.31562E+04  0.00000E+00  1.0E-05
  2.250E-04  3.85530E-12  9.28457E-13  3.31558E+04  0.00000E+00  1.0E-05
  2.500E-04  4.75964E-12  9.28443E-13  3.31553E+04  0.00000E+00  1.0E-05
  2.750E-04  5.75917E-12  9.28428E-13  3.31548E+04  0.00000E+00  1.0E-05
  3.000E-04  6.85391E-12  9.28412E-13  3.31542E+04  0.00000E+00  1.0E-05
  3.250E-04  8.04379E-12  9.28394E-13  3.31536E+04  0.00000E+00  1.0E-05
  3.500E-04  9.32893E-12  9.28375E-13  3.31529E+04  0.00000E+00  1.0E-05
  3.750E-04  1.07092E-11  9.28354E-13  3.31521E+04  0.00000E+00  1.0E-05
  4.000E-04  1.21847E-11  9.28332E-13  3.31513E+04  0.00000E+00  1.0E-05
  4.250E-04  1.37554E-11  9.28309E-13  3.31505E+04  0.00000E+00  1.0E-05
  4.500E-04  1.54213E-11  9.28284E-13  3.31496E+04  0.00000E+00  1.0E-05
  4.750E-04  1.71823E-11  9.28258E-13  3.31487E+04  0.00000E+00  1.0E-05
  5.000E-04  1.90386E-11  9.28230E-13  3.31477E+04  0.00000E+00  1.0E-05
  5.250E-04  2.09900E-11  9.28201E-13  3.31466E+04  0.00000E+00  1.0E-05
  5.500E-04  2.30367E-11  9.28170E-13  3.31456E+04  0.00000E+00  1.0E-05
  5.750E-04  2.51785E-11  9.28138E-13  3.31444E+04  0.00000E+00  1.0E-05
  6.000E-04  2.74156E-11  9.28105E-13  3.31432E+04  0.00000E+00  1.0E-05
  6.250E-04  2.97478E-11  9.28070E-13  3.31420E+04  0.00000E+00  1.0E-05
  6.500E-04  3.21752E-11  9.28033E-13  3.31407E+04  0.00000E+00  1.0E-05
  6.750E-04  3.46979E-11  9.27996E-13  3.31393E+04  0.00000E+00  1.0E-05
  7.000E-04  3.73157E-11  9.27957E-13  3.31379E+04  0.00000E+00  1.0E-05
  7.250E-04  4.00286E-11  9.27916E-13  3.31365E+04  0.00000E+00  1.0E-05
  7.500E-04  4.28368E-11  9.27874E-13  3.31350E+04  0.00000E+00  1.0E-05
  7.750E-04  4.57402E-11  9.27831E-13  3.31334E+04  0.00000E+00  1.0E-05
  8.000E-04  4.87388E-11  9.27786E-13  3.31318E+04  0.00000E+00  1.0E-05
  8.250E-04  5.18325E-11  9.27740E-13  3.31302E+04  0.00000E+00  1.0E-05
  8.500E-04  5.50215E-11  9.27692E-13  3.31285E+04  0.00000E+00  1.0E-05
  8.750E-04  5.83057E-11  9.27643E-13  3.31267E+04  0.00000E+00  1.0E-05
  9.000E-04  6.16850E-11  9.27593E-13  3.31249E+04  0.00000E+00  1.0E-05
  9.250E-04  6.51595E-11  9.27541E-13  3.31231E+04  0.00000E+00  1.0E-05
  9.500E-04  6.87293E-11  9.27487E-13  3.31212E+04  0.00000E+00  1.0E-05
  9.750E-04  7.23943E-11  9.27433E-13  3.31192E+04  0.00000E+00  1.0E-05
  1.000E-03  7.61544E-11  9.27376E-13  3.31172E+04  0.00000E+00  1.0E-05
  1.250E-03  1.18991E-10  9.26737E-13  3.30944E+04  0.00000E+00  1.0E-05
  1.500E-03  1.71347E-10  9.25957E-13  3.30665E+04  0.00000E+00  1.0E-05
  1.750E-03  2.33223E-10  9.25036E-13  3.30336E+04  0.00000E+00  1.0E-05
  2.000E-03  3.04617E-10  9.23975E-13  3.29957E+04  0.00000E+00  1.0E-05
  2.250E-03  3.85531E-10  9.22775E-13  3.29529E+04  0.00000E+00  1.0E-05
  2.500E-03  4.75965E-10  9.21437E-13  3.29051E+04  0.00000E+00  1.0E-05
  2.750E-03  5.75917E-10  9.19962E-13  3.28524E+04  0.00000E+00  1.0E-05
  3.000E-03  6.85389E-10  9.18351E-13  3.27949E+04  0.00000E+00  1.0E-05
  3.250E-03  8.04380E-10  9.16605E-13  3.27326E+04  0.00000E+00  1.0E-05
  3.500E-03  9.32891E-10  9.14726E-13  3.26655E+04  0.00000E+00  1.0E-05
  3.750E-03  1.07092E-09  9.12715E-13  3.25937E+04  0.00000E+00  1.0E-05
  4.000E-03  1.21847E-09  9.10574E-13  3.25172E+04  0.00000E+00  1.0E-05
  4.250E-03  1.37554E-09  9.08303E-13  3.24361E+04  0.00000E+00  1.0E-05
  4.500E-03  1.54213E-09  9.05906E-13  3.23505E+04  0.00000E+00  1.0E-05
  4.750E-03  1.71823E-09  9.03383E-13  3.22604E+04  0.00000E+00  1.0E-05
  5.000E-03  1.90386E-09  9.00737E-13  3.21659E+04  0.00000E+00  1.0E-05
  5.250E-03  2.09900E-09  8.97968E-13  3.20670E+04  0.00000E+00  1.0E-05
  5.500E-03  2.30367E-09  8.95082E-13  3.19639E+04  0.00000E+00  1.0E-05
  5.750E-03  2.51785E-09  8.92077E-13  3.18567E+04  0.00000E+00  1.0E-05
  6.000E-03  2.74156E-09  8.88957E-13  3.17452E+04  0.00000E+00  1.0E-05
  6.250E-03  2.97478E-09  8.85723E-13  3.16297E+04  0.00000E+00  1.0E-05
  6.500E-03  3.21752E-09  8.82379E-13  3.15103E+04  0.00000E+00  1.0E-05
  6.750E-03  3.46978E-09  8.78928E-13  3.13871E+04  0.00000E+00  1.0E-05
  7.000E-03  3.73156E-09  8.75369E-13  3.12600E+04  0.00000E+00  1.0E-05
  7.250E-03  4.00286E-09  8.71707E-13  3.11292E+04  0.00000E+00  1.0E-05
  7.500E-03  4.28368E-09  8.67944E-13  3.09949E+04  0.00000E+00  1.0E-05
  7.750E-03  4.57402E-09  8.64084E-13  3.08570E+04  0.00000E+00  1.0E-05
  8.000E-03  4.87388E-09  8.60127E-13  3.07157E+04  0.00000E+00  1.0E-05
  8.250E-03  5.18326E-09  8.56076E-13  3.05710E+04  0.00000E+00  1.0E-05
  8.500E-03  5.50215E-09  8.51935E-13  3.04232E+04  0.00000E+00  1.0E-05
  8.750E-03  5.83057E-09  8.47709E-13  3.02722E+04  0.00000E+00  1.0E-05
  9.000E-03  6.16850E-09  8.43396E-13  3.01182E+04  0.00000E+00  1.0E-05
  9.250E-03  6.51596E-09  8.39000E-13  2.99612E+04  0.00000E+00  1.0E-05
  9.500E-03  6.87293E-09  8.34524E-13  2.98014E+04  0.00000E+00  1.0E-05
  9.750E-03  7.23942E-09  8.29974E-13  2.96389E+04  0.00000E+00  1.0E-05
  1.000E-02  7.61544E-09  8.25350E-13  2.94738E+04  0.00000E+00  1.0E-05
  1.250E-02  1.18991E-08  7.75669E-13  2.76997E+04  0.00000E+00  1.0E-05
  1.500E-02  1.71347E-08  7.22245E-13  2.57919E+04  0.00000E+00  1.0E-05
  1.750E-02  2.33223E-08  6.66644E-13  2.38063E+04  0.00000E+00  1.0E-05
  2.000E-02  3.04617E-08  6.11210E-13  2.18267E+04  0.00000E+00  1.0E-05
  2.250E-02  3.85531E-08  5.58384E-13  1.99402E+04  0.00000E+00  1.0E-05
  2.500E-02  4.75965E-08  5.09050E-13  1.81785E+04  0.00000E+00  1.0E-05
  2.750E-02  5.75917E-08  4.63382E-13  1.65477E+04  0.00000E+00  1.0E-05
  3.000E-02  6.85389E-08  4.21733E-13  1.50604E+04  0.00000E+00  1.0E-05
  3.250E-02  8.04380E-08  3.84546E-13  1.37324E+04  0.00000E+00  1.0E-05
  3.500E-02  9.32891E-08  3.51659E-13  1.25580E+04  0.00000E+00  1.0E-05
  3.750E-02  1.07092E-07  3.22276E-13  1.15087E+04  0.00000E+00  1.0E-05
  4.000E-02  1.21847E-07  2.96126E-13  1.05749E+04  0.00000E+00  1.0E-05
  4.250E-02  1.37554E-07  2.72982E-13  9.74835E+03  0.00000E+00  1.0E-05
  4.500E-02  1.54213E-07  2.52606E-13  9.02074E+03  0.00000E+00  1.0E-05
  4.750E-02  1.71823E-07  2.34356E-13  8.36901E+03  0.00000E+00  1.0E-05
  5.000E-02  1.90386E-07  2.17987E-13  7.78447E+03  0.00000E+00  1.0E-05
  5.250E-02  2.09900E-07  2.03274E-13  7.25904E+03  0.00000E+00  1.0E-05
  5.500E-02  2.30367E-07  1.90053E-13  6.78692E+03  0.00000E+00  1.0E-05
  5.750E-02  2.51785E-07  1.78017E-13  6.35711E+03  0.00000E+00  1.0E-05
  6.000E-02  2.74156E-07  1.67031E-13  5.96478E+03  0.00000E+00  1.0E-05
  6.250E-02  2.97478E-07  1.56973E-13  5.60560E+03  0.00000E+00  1.0E-05
  6.500E-02  3.21752E-07  1.47709E-13  5.27477E+03  0.00000E+00  1.0E-05
  6.750E-02  3.46978E-07  1.39142E-13  4.96886E+03  0.00000E+00  1.0E-05
  7.000E-02  3.73156E-07  1.31207E-13  4.68548E+03  0.00000E+00  1.0E-05
  7.250E-02  4.00286E-07  1.23840E-13  4.42242E+03  0.00000E+00  1.0E-05
  7.500E-02  4.28368E-07  1.16956E-13  4.17657E+03  0.00000E+00  1.0E-05
  7.750E-02  4.57402E-07  1.10515E-13  3.94655E+03  0.00000E+00  1.0E-05
  8.000E-02  4.87388E-07  1.04496E-13  3.73163E+03  0.00000E+00  1.0E-05
  8.250E-02  5.18325E-07  9.88660E-14  3.53057E+03  0.00000E+00  1.0E-05
  8.500E-02  5.50215E-07  9.35722E-14  3.34152E+03  0.00000E+00  1.0E-05
  8.750E-02  5.83057E-07  8.85827E-14  3.16335E+03  0.00000E+00  1.0E-05
  9.000E-02  6.16850E-07  8.39015E-14  2.99618E+03  0.00000E+00  1.0E-05
  9.250E-02  6.51596E-07  7.95063E-14  2.83922E+03  0.00000E+00  1.0E-05
  9.500E-02  6.87293E-07  7.53684E-14  2.69146E+03  0.00000E+00  1.0E-05
  9.750E-02  7.23942E-07  7.14529E-14  2.55163E+03  0.00000E+00  1.0E-05
  1.000E-01  7.61543E-07  6.77729E-14  2.42022E+03  0.00000E+00  1.0E-05
  1.250E-01  1.18991E-06  4.08200E-14  1.45771E+03  0.00000E+00  1.0E-05
  1.500E-01  1.71347E-06  2.55078E-14  9.10901E+02  0.00000E+00  1.0E-05
  1.750E-01  2.33223E-06  1.70028E-14  6.07181E+02  0.00000E+00  1.0E-05
  2.000E-01  3.04617E-06  1.18779E-14  4.24169E+02  0.00000E+00  1.0E-05
  2.250E-01  3.85531E-06  8.60378E-15  3.07247E+02  0.00000E+00  1.0E-05
  2.500E-01  4.75964E-06  6.42141E-15  2.29313E+02  0.00000E+00  1.0E-05
  2.750E-01  5.75916E-06  4.91334E-15  1.75459E+02  0.00000E+00  1.0E-05
  3.000E-01  6.85388E-06  3.83107E-15  1.36810E+02  0.00000E+00  1.0E-05
  3.250E-01  8.04378E-06  3.02263E-15  1.07940E+02  0.00000E+00  1.0E-05
  3.500E-01  9.32888E-06  2.40541E-15  8.58988E+01  0.00000E+00  1.0E-05
  3.750E-01  1.07092E-05  1.93431E-15  6.90755E+01  0.00000E+00  1.0E-05
  4.000E-01  1.21846E-05  1.56927E-15  5.60398E+01  0.00000E+00  1.0E-05
  4.250E-01  1.37553E-05  1.28214E-15  4.57861E+01  0.00000E+00  1.0E-05
  4.500E-01  1.54212E-05  1.05335E-15  3.76156E+01  0.00000E+00  1.0E-05
  4.750E-01  1.71822E-05  8.72177E-16  3.11460E+01  0.00000E+00  1.0E-05
  5.000E-01  1.90385E-05  7.27306E-16  2.59726E+01  0.00000E+00  1.0E-05
  5.250E-01  2.09899E-05  6.10809E-16  2.18124E+01  0.00000E+00  1.0E-05
  5.500E-01  2.30365E-05  5.15844E-16  1.84211E+01  0.00000E+00  1.0E-05
  5.750E-01  2.51783E-05  4.38547E-16  1.56608E+01  0.00000E+00  1.0E-05
  6.000E-01  2.74153E-05  3.75156E-16  1.33971E+01  0.00000E+00  1.0E-05
  6.250E-01  2.97475E-05  3.22827E-16  1.15283E+01  0.00000E+00  1.0E-05
  6.500E-01  3.21749E-05  2.79317E-16  9.97460E+00  0.00000E+00  1.0E-05
  6.750E-01  3.46974E-05  2.42950E-16  8.67591E+00  0.00000E+00  1.0E-05
  7.000E-01  3.73152E-05  2.12406E-16  7.58517E+00  0.00000E+00  1.0E-05
  7.250E-01  4.00281E-05  1.86612E-16  6.66405E+00  0.00000E+00  1.0E-05
  7.500E-01  4.28362E-05  1.64688E-16  5.88112E+00  0.00000E+00  1.0E-05
  7.750E-01  4.57395E-05  1.45956E-16  5.21219E+00  0.00000E+00  1.0E-05
  8.000E-01  4.87380E-05  1.29872E-16  4.63781E+00  0.00000E+00  1.0E-05
  8.250E-01  5.18317E-05  1.15990E-16  4.14206E+00  0.00000E+00  1.0E-05
  8.500E-01  5.50205E-05  1.03942E-16  3.71185E+00  0.00000E+00  1.0E-05
  8.750E-01  5.83045E-05  9.34383E-17  3.33674E+00  0.00000E+00  1.0E-05
  9.000E-01  6.16838E-05  8.42513E-17  3.00867E+00  0.00000E+00  1.0E-05
  9.250E-01  6.51582E-05  7.61851E-17  2.72062E+00  0.00000E+00  1.0E-05
  9.500E-01  6.87277E-05  6.90735E-17  2.46666E+00  0.00000E+00  1.0E-05
  9.750E-01  7.23925E-05  6.27754E-17  2.24175E+00  0.00000E+00  1.0E-05
  1.000E+00  7.61524E-05  5.71881E-17  2.04222E+00  0.00000E+00  5.8E-06
  1.100E+00  9.21439E-05  4.02215E-17  1.43634E+00  0.00000E+00  4.3E-06
  1.200E+00  1.09658E-04  2.91074E-17  1.03944E+00  0.00000E+00  2.2E-06
  1.300E+00  1.28695E-04  2.15638E-17  7.70057E-01  0.00000E+00  3.1E-07
  1.400E+00  1.49255E-04  1.62851E-17  5.81551E-01  0.00000E+00  1.1E-06
  1.500E+00  1.71338E-04  1.25257E-17  4.47300E-01  0.00000E+00  1.8E-06
  1.600E+00  1.94942E-04  9.78510E-18  3.49432E-01  0.00000E+00  1.8E-06
  1.700E+00  2.20070E-04  7.74864E-18  2.76709E-01  0.00000E+00  1.4E-06
  1.800E+00  2.46720E-04  6.21057E-18  2.21783E-01  0.00000E+00  7.2E-07
  1.900E+00  2.74892E-04  5.03507E-18  1.79806E-01  0.00000E+00  1.0E-07
  2.000E+00  3.04586E-04  4.12454E-18  1.47290E-01  0.00000E+00  5.2E-07
  2.100E+00  3.35803E-04  3.41056E-18  1.21793E-01  0.00000E+00  8.0E-07
  2.200E+00  3.68542E-04  2.84401E-18  1.01561E-01  0.00000E+00  8.2E-07
  2.300E+00  4.02802E-04  2.39059E-18  8.53695E-02  0.00000E+00  6.2E-07
  2.400E+00  4.38585E-04  2.02423E-18  7.22866E-02  0.00000E+00  3.1E-07
  2.500E+00  4.75889E-04  1.72564E-18  6.16236E-02  0.00000E+00  1.0E-07
  2.600E+00  5.14715E-04  1.48015E-18  5.28570E-02  0.00000E+00  3.0E-07
  2.700E+00  5.55063E-04  1.27696E-18  4.56012E-02  0.00000E+00  4.4E-07
  2.800E+00  5.96931E-04  1.10761E-18  3.95536E-02  0.00000E+00  4.4E-07
  2.900E+00  6.40321E-04  9.65545E-19  3.44802E-02  0.00000E+00  3.3E-07
  3.000E+00  6.85233E-04  8.45603E-19  3.01970E-02  0.00000E+00  1.5E-07
  3.100E+00  7.31665E-04  7.43785E-19  2.65610E-02  0.00000E+00  1.0E-07
  3.200E+00  7.79618E-04  6.56910E-19  2.34587E-02  0.00000E+00  2.0E-07
  3.300E+00  8.29092E-04  5.82410E-19  2.07982E-02  0.00000E+00  2.8E-07
  3.400E+00  8.80086E-04  5.18214E-19  1.85058E-02  0.00000E+00  2.7E-07
  3.500E+00  9.32601E-04  4.62648E-19  1.65214E-02  0.00000E+00  2.0E-07
  3.600E+00  9.86636E-04  4.14365E-19  1.47972E-02  0.00000E+00  1.0E-07
  3.700E+00  1.04219E-03  3.72247E-19  1.32932E-02  0.00000E+00  1.0E-07
  3.800E+00  1.09927E-03  3.35363E-19  1.19760E-02  0.00000E+00  1.4E-07
  3.900E+00  1.15786E-03  3.02945E-19  1.08184E-02  0.00000E+00  1.9E-07
  4.000E+00  1.21797E-03  2.74367E-19  9.79781E-03  0.00000E+00  1.8E-07
  4.100E+00  1.27961E-03  2.49093E-19  8.89526E-03  0.00000E+00  1.2E-07
  4.200E+00  1.34276E-03  2.26673E-19  8.09463E-03  0.00000E+00  1.0E-07
  4.300E+00  1.40743E-03  2.06722E-19  7.38216E-03  0.00000E+00  1.0E-07
  4.400E+00  1.47362E-03  1.88926E-19  6.74666E-03  0.00000E+00  1.1E-07
  4.500E+00  1.54133E-03  1.73011E-19  6.17833E-03  0.00000E+00  1.3E-07
  4.600E+00  1.61056E-03  1.58742E-19  5.66879E-03  0.00000E+00  1.2E-07
  4.700E+00  1.68131E-03  1.45916E-19  5.21077E-03  0.00000E+00  1.0E-07
  4.800E+00  1.75357E-03  1.34363E-19  4.79820E-03  0.00000E+00  1.0E-07
  4.900E+00  1.82735E-03  1.23935E-19  4.42581E-03  0.00000E+00  1.0E-07
  5.000E+00  1.90265E-03  1.14503E-19  4.08897E-03  0.00000E+00  1.0E-07
  5.100E+00  1.97947E-03  1.05952E-19  3.78360E-03  0.00000E+00  1.0E-07
  5.200E+00  2.05780E-03  9.81860E-20  3.50629E-03  0.00000E+00  1.0E-07
  5.300E+00  2.13765E-03  9.11211E-20  3.25399E-03  0.00000E+00  1.0E-07
  5.400E+00  2.21902E-03  8.46824E-20  3.02406E-03  0.00000E+00  1.0E-07
  5.500E+00  2.30190E-03  7.88034E-20  2.81412E-03  0.00000E+00  1.0E-07
  5.600E+00  2.38630E-03  7.34268E-20  2.62212E-03  0.00000E+00  1.0E-07
  5.700E+00  2.47222E-03  6.85024E-20  2.44626E-03  0.00000E+00  1.0E-07
  5.800E+00  2.55965E-03  6.39853E-20  2.28496E-03  0.00000E+00  1.0E-07
  5.900E+00  2.64859E-03  5.98353E-20  2.13676E-03  0.00000E+00  1.0E-07
  6.000E+00  2.73905E-03  5.60169E-20  2.00040E-03  0.00000E+00  1.0E-07
  6.100E+00  2.83103E-03  5.24992E-20  1.87478E-03  0.00000E+00  1.0E-07
  6.200E+00  2.92452E-03  4.92543E-20  1.75890E-03  0.00000E+00  1.0E-07
  6.300E+00  3.01952E-03  4.62570E-20  1.65187E-03  0.00000E+00  1.0E-07
  6.400E+00  3.11604E-03  4.34846E-20  1.55286E-03  0.00000E+00  1.0E-07
  6.500E+00  3.21407E-03  4.09175E-20  1.46119E-03  0.00000E+00  1.0E-07
  6.600E+00  3.31362E-03  3.85377E-20  1.37621E-03  0.00000E+00  1.0E-07
  6.700E+00  3.41468E-03  3.63290E-20  1.29733E-03  0.00000E+00  1.0E-07
  6.800E+00  3.51725E-03  3.42766E-20  1.22404E-03  0.00000E+00  1.0E-07
  6.900E+00  3.62133E-03  3.23675E-20  1.15587E-03  0.00000E+00  1.0E-07
  7.000E+00  3.72692E-03  3.05901E-20  1.09239E-03  0.00000E+00  1.0E-07
  7.100E+00  3.83403E-03  2.89334E-20  1.03323E-03  0.00000E+00  1.0E-07
  7.200E+00  3.94265E-03  2.73876E-20  9.78031E-04  0.00000E+00  1.0E-07
  7.300E+00  4.05278E-03  2.59441E-20  9.26480E-04  0.00000E+00  1.0E-07
  7.400E+00  4.16442E-03  2.45948E-20  8.78295E-04  0.00000E+00  1.0E-07
  7.500E+00  4.27757E-03  2.33324E-20  8.33215E-04  0.00000E+00  1.0E-07
  7.600E+00  4.39223E-03  2.21502E-20  7.90998E-04  0.00000E+00  1.0E-07
  7.700E+00  4.50840E-03  2.10422E-20  7.51431E-04  0.00000E+00  1.0E-07
  7.800E+00  4.62608E-03  2.00029E-20  7.14317E-04  0.00000E+00  1.0E-07
  7.900E+00  4.74527E-03  1.90273E-20  6.79476E-04  0.00000E+00  1.0E-07
  8.000E+00  4.86597E-03  1.81106E-20  6.46741E-04  0.00000E+00  1.0E-07
  8.100E+00  4.98817E-03  1.72487E-20  6.15961E-04  0.00000E+00  1.0E-07
  8.200E+00  5.11188E-03  1.64376E-20  5.86999E-04  0.00000E+00  1.0E-07
  8.300E+00  5.23711E-03  1.56739E-20  5.59726E-04  0.00000E+00  1.0E-07
  8.400E+00  5.36383E-03  1.49542E-20  5.34026E-04  0.00000E+00  1.0E-07
  8.500E+00  5.49207E-03  1.42755E-20  5.09789E-04  0.00000E+00  1.0E-07
  8.600E+00  5.62181E-03  1.36351E-20  4.86918E-04  0.00000E+00  1.0E-07
  8.700E+00  5.75306E-03  1.30303E-20  4.65321E-04  0.00000E+00  1.0E-07
  8.800E+00  5.88581E-03  1.24589E-20  4.44915E-04  0.00000E+00  1.0E-07
  8.900E+00  6.02007E-03  1.19185E-20  4.25619E-04  0.00000E+00  1.0E-07
  9.000E+00  6.15583E-03  1.14073E-20  4.07363E-04  0.00000E+00  1.0E-07
  9.100E+00  6.29310E-03  1.09233E-20  3.90080E-04  0.00000E+00  1.0E-07
  9.200E+00  6.43187E-03  1.04649E-20  3.73708E-04  0.00000E+00  1.0E-07
  9.300E+00  6.57214E-03  1.00304E-20  3.58191E-04  0.00000E+00  1.0E-07
  9.400E+00  6.71392E-03  9.61825E-21  3.43474E-04  0.00000E+00  1.0E-07
  9.500E+00  6.85720E-03  9.22720E-21  3.29509E-04  0.00000E+00  1.0E-07
  9.600E+00  7.00198E-03  8.85594E-21  3.16251E-04  0.00000E+00  1.0E-07
  9.700E+00  7.14827E-03  8.50325E-21  3.03656E-04  0.00000E+00  1.0E-07
  9.800E+00  7.29605E-03  8.16802E-21  2.91685E-04  0.00000E+00  1.0E-07
  9.900E+00  7.44534E-03  7.84925E-21  2.80302E-04  0.00000E+00  1.0E-07
  1.000E+01  7.59612E-03  7.54597E-21  2.69472E-04  0.00000E+00  1.0E-07
  1.025E+01  7.97965E-03  6.84976E-21  2.44609E-04  0.00000E+00  1.0E-07
  1.050E+01  8.37255E-03  6.23243E-21  2.22564E-04  0.00000E+00  1.0E-07
  1.075E+01  8.77480E-03  5.68347E-21  2.02961E-04  0.00000E+00  1.0E-07
  1.100E+01  9.18641E-03  5.19398E-21  1.85480E-04  0.00000E+00  1.0E-07
  1.125E+01  9.60736E-03  4.75636E-21  1.69853E-04  0.00000E+00  1.0E-07
  1.150E+01  1.00376E-02  4.36414E-21  1.55846E-04  0.00000E+00  1.0E-07
  1.175E+01  1.04773E-02  4.01178E-21  1.43263E-04  0.00000E+00  1.0E-07
  1.200E+01  1.09262E-02  3.69448E-21  1.31932E-04  0.00000E+00  1.0E-07
  1.225E+01  1.13844E-02  3.40814E-21  1.21707E-04  0.00000E+00  1.0E-07
  1.250E+01  1.18520E-02  3.14918E-21  1.12459E-04  0.00000E+00  1.0E-07
  1.275E+01  1.23288E-02  2.91452E-21  1.04079E-04  0.00000E+00  1.0E-07
  1.300E+01  1.28150E-02  2.70146E-21  9.64709E-05  0.00000E+00  1.0E-07
  1.325E+01  1.33104E-02  2.50764E-21  8.95496E-05  0.00000E+00  1.0E-07
  1.350E+01  1.38150E-02  2.33103E-21  8.32426E-05  0.00000E+00  1.0E-07
  1.375E+01  1.43290E-02  2.16980E-21  7.74850E-05  0.00000E+00  1.0E-07
  1.400E+01  1.48521E-02  2.02237E-21  7.22202E-05  0.00000E+00  1.0E-07
  1.425E+01  1.53845E-02  1.88735E-21  6.73983E-05  0.00000E+00  1.0E-07
  1.450E+01  1.59262E-02  1.76349E-21  6.29753E-05  0.00000E+00  1.0E-07
  1.475E+01  1.64770E-02  1.64970E-21  5.89118E-05  0.00000E+00  1.0E-07
  1.500E+01  1.70371E-02  1.54501E-21  5.51734E-05  0.00000E+00  1.0E-07
  1.525E+01  1.76063E-02  1.44856E-21  5.17291E-05  0.00000E+00  1.0E-07
  1.550E+01  1.81848E-02  1.35958E-21  4.85516E-05  0.00000E+00  1.0E-07
  1.575E+01  1.87724E-02  1.27738E-21  4.56162E-05  0.00000E+00  1.0E-07
  1.600E+01  1.93692E-02  1.20135E-21  4.29011E-05  0.00000E+00  1.0E-07
  1.625E+01  1.99751E-02  1.13094E-21  4.03867E-05  0.00000E+00  1.0E-07
  1.650E+01  2.05901E-02  1.06566E-21  3.80554E-05  0.00000E+00  1.0E-07
  1.675E+01  2.12143E-02  1.00506E-21  3.58912E-05  0.00000E+00  1.0E-07
  1.700E+01  2.18476E-02  9.48737E-22  3.38800E-05  0.00000E+00  1.0E-07
  1.725E+01  2.24900E-02  8.96341E-22  3.20089E-05  0.00000E+00  1.0E-07
  1.750E+01  2.31415E-02  8.47543E-22  3.02663E-05  0.00000E+00  1.0E-07
  1.775E+01  2.38021E-02  8.02050E-22  2.86417E-05  0.00000E+00  1.0E-07
  1.800E+01  2.44717E-02  7.59594E-22  2.71256E-05  0.00000E+00  1.0E-07
  1.825E+01  2.51504E-02  7.19936E-22  2.57094E-05  0.00000E+00  1.0E-07
  1.850E+01  2.58382E-02  6.82855E-22  2.43852E-05  0.00000E+00  1.0E-07
  1.875E+01  2.65349E-02  6.48151E-22  2.31459E-05  0.00000E+00  1.0E-07
  1.900E+01  2.72407E-02  6.15644E-22  2.19850E-05  0.00000E+00  1.0E-07
  1.925E+01  2.79555E-02  5.85167E-22  2.08967E-05  0.00000E+00  1.0E-07
  1.950E+01  2.86793E-02  5.56571E-22  1.98755E-05  0.00000E+00  1.0E-07
  1.975E+01  2.94120E-02  5.29715E-22  1.89165E-05  0.00000E+00  1.0E-07
  2.000E+01  3.01537E-02  5.04475E-22  1.80151E-05  0.00000E+00  1.0E-07
  2.025E+01  3.09043E-02  4.80734E-22  1.71673E-05  0.00000E+00  1.0E-07
  2.050E+01  3.16639E-02  4.58386E-22  1.63692E-05  0.00000E+00  1.0E-07
  2.075E+01  3.24324E-02  4.37333E-22  1.56174E-05  0.00000E+00  1.0E-07
  2.100E+01  3.32098E-02  4.17486E-22  1.49087E-05  0.00000E+00  1.0E-07
  2.125E+01  3.39961E-02  3.98763E-22  1.42401E-05  0.00000E+00  1.0E-07
  2.150E+01  3.47912E-02  3.81087E-22  1.36089E-05  0.00000E+00  1.0E-07
  2.175E+01  3.55952E-02  3.64389E-22  1.30126E-05  0.00000E+00  1.0E-07
  2.200E+01  3.64081E-02  3.48604E-22  1.24489E-05  0.00000E+00  1.0E-07
  2.225E+01  3.72297E-02  3.33673E-22  1.19157E-05  0.00000E+00  1.0E-07
  2.250E+01  3.80602E-02  3.19540E-22  1.14110E-05  0.00000E+00  1.0E-07
  2.275E+01  3.88995E-02  3.06154E-22  1.09330E-05  0.00000E+00  1.0E-07
  2.300E+01  3.97476E-02  2.93468E-22  1.04799E-05  0.00000E+00  1.0E-07
  2.325E+01  4.06044E-02  2.81439E-22  1.00504E-05  0.00000E+00  1.0E-07
  2.350E+01  4.14700E-02  2.70025E-22  9.64278E-06  0.00000E+00  1.0E-07
  2.375E+01  4.23443E-02  2.59190E-22  9.25584E-06  0.00000E+00  1.0E-07
  2.400E+01  4.32273E-02  2.48898E-22  8.88830E-06  0.00000E+00  1.0E-07
  2.425E+01  4.41190E-02  2.39116E-22  8.53899E-06  0.00000E+00  1.0E-07
  2.450E+01  4.50194E-02  2.29815E-22  8.20683E-06  0.00000E+00  1.0E-07
  2.475E+01  4.59284E-02  2.20965E-22  7.89081E-06  0.00000E+00  1.0E-07
  2.500E+01  4.68461E-02  2.12542E-22  7.59000E-06  0.00000E+00  1.0E-07
  2.550E+01  4.87074E-02  1.96875E-22  7.03055E-06  0.00000E+00  1.0E-07
  2.600E+01  5.06030E-02  1.82639E-22  6.52215E-06  0.00000E+00  1.0E-07
  2.650E+01  5.25328E-02  1.69677E-22  6.05928E-06  0.00000E+00  1.0E-07
  2.700E+01  5.44967E-02  1.57855E-22  5.63710E-06  0.00000E+00  1.0E-07
  2.750E+01  5.64946E-02  1.47053E-22  5.25137E-06  0.00000E+00  1.0E-07
  2.800E+01  5.85262E-02  1.37168E-22  4.89834E-06  0.00000E+00  1.0E-07
  2.850E+01  6.05914E-02  1.28106E-22  4.57474E-06  0.00000E+00  1.0E-07
  2.900E+01  6.26901E-02  1.19786E-22  4.27763E-06  0.00000E+00  1.0E-07
  2.950E+01  6.48222E-02  1.12136E-22  4.00445E-06  0.00000E+00  1.0E-07
  3.000E+01  6.69873E-02  1.05092E-22  3.75291E-06  0.00000E+00  1.0E-07
  3.050E+01  6.91854E-02  9.85968E-23  3.52096E-06  0.00000E+00  1.0E-07
  3.100E+01  7.14163E-02  9.25995E-23  3.30679E-06  0.00000E+00  1.0E-07
  3.150E+01  7.36799E-02  8.70547E-23  3.10878E-06  0.00000E+00  1.0E-07
  3.200E+01  7.59760E-02  8.19217E-23  2.92548E-06  0.00000E+00  1.0E-07
  3.250E+01  7.83043E-02  7.71642E-23  2.75558E-06  0.00000E+00  1.0E-07
  3.300E+01  8.06647E-02  7.27494E-23  2.59793E-06  0.00000E+00  1.0E-07
  3.350E+01  8.30571E-02  6.86479E-23  2.45146E-06  0.00000E+00  1.0E-07
  3.400E+01  8.54812E-02  6.48332E-23  2.31524E-06  0.00000E+00  1.0E-07
  3.450E+01  8.79369E-02  6.12815E-23  2.18840E-06  0.00000E+00  1.0E-07
  3.500E+01  9.04240E-02  5.79711E-23  2.07018E-06  0.00000E+00  1.0E-07
  3.550E+01  9.29422E-02  5.48825E-23  1.95989E-06  0.00000E+00  1.0E-07
  3.600E+01  9.54915E-02  5.19979E-23  1.85688E-06  0.00000E+00  1.0E-07
  3.650E+01  9.80716E-02  4.93014E-23  1.76058E-06  0.00000E+00  1.0E-07
  3.700E+01  1.00682E-01  4.67782E-23  1.67048E-06  0.00000E+00  1.0E-07
  3.750E+01  1.03323E-01  4.44151E-23  1.58609E-06  0.00000E+00  1.0E-07
  3.800E+01  1.05995E-01  4.22000E-23  1.50699E-06  0.00000E+00  1.0E-07
  3.850E+01  1.08696E-01  4.01217E-23  1.43277E-06  0.00000E+00  1.0E-07
  3.900E+01  1.11427E-01  3.81702E-23  1.36308E-06  0.00000E+00  1.0E-07
  3.950E+01  1.14188E-01  3.63363E-23  1.29759E-06  0.00000E+00  1.0E-07
  4.000E+01  1.16978E-01  3.46116E-23  1.23600E-06  0.00000E+00  1.0E-07
  4.050E+01  1.19797E-01  3.29882E-23  1.17803E-06  0.00000E+00  1.0E-07
  4.100E+01  1.22645E-01  3.14590E-23  1.12342E-06  0.00000E+00  1.0E-07
  4.150E+01  1.25522E-01  3.00176E-23  1.07195E-06  0.00000E+00  1.0E-07
  4.200E+01  1.28428E-01  2.86579E-23  1.02339E-06  0.00000E+00  1.0E-07
  4.250E+01  1.31361E-01  2.73743E-23  9.77554E-07  0.00000E+00  1.0E-07
  4.300E+01  1.34323E-01  2.61618E-23  9.34255E-07  0.00000E+00  1.0E-07
  4.350E+01  1.37313E-01  2.50157E-23  8.93326E-07  0.00000E+00  1.0E-07
  4.400E+01  1.40330E-01  2.39316E-23  8.54612E-07  0.00000E+00  1.0E-07
  4.450E+01  1.43375E-01  2.29055E-23  8.17970E-07  0.00000E+00  1.0E-07
  4.500E+01  1.46447E-01  2.19337E-23  7.83268E-07  0.00000E+00  1.0E-07
  4.550E+01  1.49545E-01  2.10129E-23  7.50383E-07  0.00000E+00  1.0E-07
  4.600E+01  1.52671E-01  2.01397E-23  7.19201E-07  0.00000E+00  1.0E-07
  4.650E+01  1.55823E-01  1.93112E-23  6.89616E-07  0.00000E+00  1.0E-07
  4.700E+01  1.59001E-01  1.85248E-23  6.61533E-07  0.00000E+00  1.0E-07
  4.750E+01  1.62205E-01  1.77778E-23  6.34857E-07  0.00000E+00  1.0E-07
  4.800E+01  1.65435E-01  1.70679E-23  6.09505E-07  0.00000E+00  1.0E-07
  4.850E+01  1.68690E-01  1.63929E-23  5.85400E-07  0.00000E+00  1.0E-07
  4.900E+01  1.71970E-01  1.57507E-23  5.62466E-07  0.00000E+00  1.0E-07
  4.950E+01  1.75276E-01  1.51394E-23  5.40638E-07  0.00000E+00  1.0E-07
  5.000E+01  1.78606E-01  1.45573E-23  5.19851E-07  0.00000E+00  1.0E-07
  5.050E+01  1.81961E-01  1.40027E-23  5.00046E-07  0.00000E+00  1.0E-07
  5.100E+01  1.85340E-01  1.34740E-23  4.81167E-07  0.00000E+00  1.0E-07
  5.150E+01  1.88743E-01  1.29699E-23  4.63162E-07  0.00000E+00  1.0E-07
  5.200E+01  1.92169E-01  1.24888E-23  4.45983E-07  0.00000E+00  1.0E-07
  5.250E+01  1.95619E-01  1.20296E-23  4.29584E-07  0.00000E+00  1.0E-07
  5.300E+01  1.99092E-01  1.15911E-23  4.13924E-07  0.00000E+00  1.0E-07
  5.350E+01  2.02589E-01  1.11721E-23  3.98963E-07  0.00000E+00  1.0E-07
  5.400E+01  2.06107E-01  1.07716E-23  3.84662E-07  0.00000E+00  1.0E-07
  5.450E+01  2.09649E-01  1.03887E-23  3.70989E-07  0.00000E+00  1.0E-07
  5.500E+01  2.13212E-01  1.00225E-23  3.57909E-07  0.00000E+00  1.0E-07
  5.550E+01  2.16797E-01  9.67195E-24  3.45392E-07  0.00000E+00  1.0E-07
  5.600E+01  2.20404E-01  9.33639E-24  3.33408E-07  0.00000E+00  1.0E-07
  5.650E+01  2.24032E-01  9.01501E-24  3.21932E-07  0.00000E+00  1.0E-07
  5.700E+01  2.27680E-01  8.70710E-24  3.10936E-07  0.00000E+00  1.0E-07
  5.750E+01  2.31350E-01  8.41199E-24  3.00397E-07  0.00000E+00  1.0E-07
  5.800E+01  2.35040E-01  8.12903E-24  2.90293E-07  0.00000E+00  1.0E-07
  5.850E+01  2.38751E-01  7.85764E-24  2.80601E-07  0.00000E+00  1.0E-07
  5.900E+01  2.42481E-01  7.59725E-24  2.71303E-07  0.00000E+00  1.0E-07
  5.950E+01  2.46231E-01  7.34733E-24  2.62378E-07  0.00000E+00  1.0E-07
  6.000E+01  2.50000E-01  7.10737E-24  2.53809E-07  0.00000E+00  1.0E-07
  6.050E+01  2.53788E-01  6.87690E-24  2.45579E-07  0.00000E+00  1.0E-07
  6.100E+01  2.57595E-01  6.65548E-24  2.37671E-07  0.00000E+00  1.0E-07
  6.150E+01  2.61421E-01  6.44267E-24  2.30072E-07  0.00000E+00  1.0E-07
  6.200E+01  2.65264E-01  6.23807E-24  2.22766E-07  0.00000E+00  1.0E-07
  6.250E+01  2.69126E-01  6.04132E-24  2.15739E-07  0.00000E+00  1.0E-07
  6.300E+01  2.73005E-01  5.85204E-24  2.08980E-07  0.00000E+00  1.0E-07
  6.350E+01  2.76901E-01  5.66990E-24  2.02476E-07  0.00000E+00  1.0E-07
  6.400E+01  2.80814E-01  5.49459E-24  1.96215E-07  0.00000E+00  1.0E-07
  6.450E+01  2.84744E-01  5.32579E-24  1.90187E-07  0.00000E+00  1.0E-07
  6.500E+01  2.88691E-01  5.16322E-24  1.84382E-07  0.00000E+00  1.0E-07
  6.550E+01  2.92653E-01  5.00660E-24  1.78789E-07  0.00000E+00  1.0E-07
  6.600E+01  2.96632E-01  4.85567E-24  1.73399E-07  0.00000E+00  1.0E-07
  6.650E+01  3.00625E-01  4.71019E-24  1.68204E-07  0.00000E+00  1.0E-07
  6.700E+01  3.04634E-01  4.56992E-24  1.63195E-07  0.00000E+00  1.0E-07
  6.750E+01  3.08658E-01  4.43463E-24  1.58364E-07  0.00000E+00  1.0E-07
  6.800E+01  3.12697E-01  4.30413E-24  1.53703E-07  0.00000E+00  1.0E-07
  6.850E+01  3.16749E-01  4.17819E-24  1.49206E-07  0.00000E+00  1.0E-07
  6.900E+01  3.20816E-01  4.05665E-24  1.44866E-07  0.00000E+00  1.0E-07
  6.950E+01  3.24896E-01  3.93931E-24  1.40675E-07  0.00000E+00  1.0E-07
  7.000E+01  3.28990E-01  3.82600E-24  1.36629E-07  0.00000E+00  1.0E-07
  7.050E+01  3.33097E-01  3.71656E-24  1.32721E-07  0.00000E+00  1.0E-07
  7.100E+01  3.37216E-01  3.61082E-24  1.28945E-07  0.00000E+00  1.0E-07
  7.150E+01  3.41348E-01  3.50864E-24  1.25296E-07  0.00000E+00  1.0E-07
  7.200E+01  3.45492E-01  3.40988E-24  1.21769E-07  0.00000E+00  1.0E-07
  7.250E+01  3.49647E-01  3.31440E-24  1.18359E-07  0.00000E+00  1.0E-07
  7.300E+01  3.53814E-01  3.22206E-24  1.15062E-07  0.00000E+00  1.0E-07
  7.350E+01  3.57992E-01  3.13276E-24  1.11873E-07  0.00000E+00  1.0E-07
  7.400E+01  3.62181E-01  3.04636E-24  1.08787E-07  0.00000E+00  1.0E-07
  7.450E+01  3.66381E-01  2.96276E-24  1.05802E-07  0.00000E+00  1.0E-07
  7.500E+01  3.70590E-01  2.88185E-24  1.02913E-07  0.00000E+00  1.0E-07
  7.550E+01  3.74810E-01  2.80353E-24  1.00116E-07  0.00000E+00  1.0E-07
  7.600E+01  3.79039E-01  2.72769E-24  9.74077E-08  0.00000E+00  1.0E-07
  7.650E+01  3.83277E-01  2.65425E-24  9.47851E-08  0.00000E+00  1.0E-07
  7.700E+01  3.87524E-01  2.58311E-24  9.22447E-08  0.00000E+00  1.0E-07
  7.750E+01  3.91780E-01  2.51419E-24  8.97835E-08  0.00000E+00  1.0E-07
  7.800E+01  3.96044E-01  2.44741E-24  8.73985E-08  0.00000E+00  1.0E-07
  7.850E+01  4.00316E-01  2.38268E-24  8.50870E-08  0.00000E+00  1.0E-07
  7.900E+01  4.04596E-01  2.31993E-24  8.28464E-08  0.00000E+00  1.0E-07
  7.950E+01  4.08882E-01  2.25910E-24  8.06740E-08  0.00000E+00  1.0E-07
  8.000E+01  4.13176E-01  2.20011E-24  7.85674E-08  0.00000E+00  1.0E-07
  8.050E+01  4.17476E-01  2.14289E-24  7.65242E-08  0.00000E+00  1.0E-07
  8.100E+01  4.21783E-01  2.08739E-24  7.45421E-08  0.00000E+00  1.0E-07
  8.150E+01  4.26095E-01  2.03354E-24  7.26190E-08  0.00000E+00  1.0E-07
  8.200E+01  4.30413E-01  1.98128E-24  7.07529E-08  0.00000E+00  1.0E-07
  8.250E+01  4.34737E-01  1.93056E-24  6.89415E-08  0.00000E+00  1.0E-07
  8.300E+01  4.39065E-01  1.88132E-24  6.71832E-08  0.00000E+00  1.0E-07
  8.350E+01  4.43398E-01  1.83351E-24  6.54760E-08  0.00000E+00  1.0E-07
  8.400E+01  4.47736E-01  1.78709E-24  6.38182E-08  0.00000E+00  1.0E-07
  8.450E+01  4.52077E-01  1.74200E-24  6.22081E-08  0.00000E+00  1.0E-07
  8.500E+01  4.56422E-01  1.69821E-24  6.06441E-08  0.00000E+00  1.0E-07
  8.550E+01  4.60770E-01  1.65566E-24  5.91246E-08  0.00000E+00  1.0E-07
  8.600E+01  4.65122E-01  1.61431E-24  5.76482E-08  0.00000E+00  1.0E-07
  8.650E+01  4.69476E-01  1.57414E-24  5.62134E-08  0.00000E+00  1.0E-07
  8.700E+01  4.73832E-01  1.53508E-24  5.48189E-08  0.00000E+00  1.0E-07
  8.750E+01  4.78190E-01  1.49712E-24  5.34631E-08  0.00000E+00  1.0E-07
  8.800E+01  4.82550E-01  1.46021E-24  5.21450E-08  0.00000E+00  1.0E-07
  8.850E+01  4.86912E-01  1.42431E-24  5.08632E-08  0.00000E+00  1.0E-07
  8.900E+01  4.91274E-01  1.38940E-24  4.96165E-08  0.00000E+00  1.0E-07
  8.950E+01  4.95637E-01  1.35545E-24  4.84040E-08  0.00000E+00  1.0E-07
  9.000E+01  5.00000E-01  1.32242E-24  4.72243E-08  0.00000E+00  1.0E-07
  9.050E+01  5.04363E-01  1.29028E-24  4.60767E-08  0.00000E+00  1.0E-07
  9.100E+01  5.08726E-01  1.25900E-24  4.49599E-08  0.00000E+00  1.0E-07
  9.150E+01  5.13088E-01  1.22857E-24  4.38730E-08  0.00000E+00  1.0E-07
  9.200E+01  5.17450E-01  1.19895E-24  4.28152E-08  0.00000E+00  1.0E-07
  9.250E+01  5.21810E-01  1.17011E-24  4.17853E-08  0.00000E+00  1.0E-07
  9.300E+01  5.26168E-01  1.14203E-24  4.07827E-08  0.00000E+00  1.0E-07
  9.350E+01  5.30524E-01  1.11469E-24  3.98064E-08  0.00000E+00  1.0E-07
  9.400E+01  5.34878E-01  1.08807E-24  3.88556E-08  0.00000E+00  1.0E-07
  9.450E+01  5.39230E-01  1.06213E-24  3.79295E-08  0.00000E+00  1.0E-07
  9.500E+01  5.43578E-01  1.03687E-24  3.70274E-08  0.00000E+00  1.0E-07
  9.550E+01  5.47923E-01  1.01226E-24  3.61486E-08  0.00000E+00  1.0E-07
  9.600E+01  5.52264E-01  9.88287E-25  3.52924E-08  0.00000E+00  1.0E-07
  9.650E+01  5.56602E-01  9.64924E-25  3.44581E-08  0.00000E+00  1.0E-07
  9.700E+01  5.60935E-01  9.42156E-25  3.36450E-08  0.00000E+00  1.0E-07
  9.750E+01  5.65263E-01  9.19966E-25  3.28526E-08  0.00000E+00  1.0E-07
  9.800E+01  5.69587E-01  8.98336E-25  3.20802E-08  0.00000E+00  1.0E-07
  9.850E+01  5.73905E-01  8.77249E-25  3.13271E-08  0.00000E+00  1.0E-07
  9.900E+01  5.78217E-01  8.56687E-25  3.05929E-08  0.00000E+00  1.0E-07
  9.950E+01  5.82524E-01  8.36638E-25  2.98769E-08  0.00000E+00  1.0E-07
  1.000E+02  5.86824E-01  8.17084E-25  2.91786E-08  0.00000E+00  1.0E-07
  1.005E+02  5.91118E-01  7.98013E-25  2.84976E-08  0.00000E+00  1.0E-07
  1.010E+02  5.95404E-01  7.79411E-25  2.78333E-08  0.00000E+00  1.0E-07
  1.015E+02  5.99684E-01  7.61269E-25  2.71854E-08  0.00000E+00  1.0E-07
  1.020E+02  6.03956E-01  7.43569E-25  2.65533E-08  0.00000E+00  1.0E-07
  1.025E+02  6.08220E-01  7.26300E-25  2.59366E-08  0.00000E+00  1.0E-07
  1.030E+02  6.12476E-01  7.09448E-25  2.53348E-08  0.00000E+00  1.0E-07
  1.035E+02  6.16723E-01  6.93002E-25  2.47475E-08  0.00000E+00  1.0E-07
  1.040E+02  6.20961E-01  6.76949E-25  2.41743E-08  0.00000E+00  1.0E-07
  1.045E+02  6.25190E-01  6.61281E-25  2.36148E-08  0.00000E+00  1.0E-07
  1.050E+02  6.29410E-01  6.45985E-25  2.30686E-08  0.00000E+00  1.0E-07
  1.055E+02  6.33619E-01  6.31053E-25  2.25353E-08  0.00000E+00  1.0E-07
  1.060E+02  6.37819E-01  6.16475E-25  2.20147E-08  0.00000E+00  1.0E-07
  1.065E+02  6.42008E-01  6.02241E-25  2.15064E-08  0.00000E+00  1.0E-07
  1.070E+02  6.46186E-01  5.88341E-25  2.10100E-08  0.00000E+00  1.0E-07
  1.075E+02  6.50353E-01  5.74767E-25  2.05253E-08  0.00000E+00  1.0E-07
  1.080E+02  6.54508E-01  5.61509E-25  2.00518E-08  0.00000E+00  1.0E-07
  1.085E+02  6.58652E-01  5.48559E-25  1.95894E-08  0.00000E+00  1.0E-07
  1.090E+02  6.62784E-01  5.35909E-25  1.91377E-08  0.00000E+00  1.0E-07
  1.095E+02  6.66903E-01  5.23551E-25  1.86963E-08  0.00000E+00  1.0E-07
  1.100E+02  6.71010E-01  5.11476E-25  1.82651E-08  0.00000E+00  1.0E-07
  1.105E+02  6.75104E-01  4.99678E-25  1.78438E-08  0.00000E+00  1.0E-07
  1.110E+02  6.79184E-01  4.88150E-25  1.74322E-08  0.00000E+00  1.0E-07
  1.115E+02  6.83251E-01  4.76884E-25  1.70299E-08  0.00000E+00  1.0E-07
  1.120E+02  6.87303E-01  4.65875E-25  1.66367E-08  0.00000E+00  1.0E-07
  1.125E+02  6.91342E-01  4.55114E-25  1.62524E-08  0.00000E+00  1.0E-07
  1.130E+02  6.95366E-01  4.44596E-25  1.58768E-08  0.00000E+00  1.0E-07
  1.135E+02  6.99375E-01  4.34315E-25  1.55097E-08  0.00000E+00  1.0E-07
  1.140E+02  7.03368E-01  4.24265E-25  1.51508E-08  0.00000E+00  1.0E-07
  1.145E+02  7.07347E-01  4.14439E-25  1.47999E-08  0.00000E+00  1.0E-07
  1.150E+02  7.11309E-01  4.04832E-25  1.44568E-08  0.00000E+00  1.0E-07
  1.155E+02  7.15256E-01  3.95439E-25  1.41214E-08  0.00000E+00  1.0E-07
  1.160E+02  7.19186E-01  3.86254E-25  1.37934E-08  0.00000E+00  1.0E-07
  1.165E+02  7.23099E-01  3.77272E-25  1.34726E-08  0.00000E+00  1.0E-07
  1.170E+02  7.26995E-01  3.68488E-25  1.31589E-08  0.00000E+00  1.0E-07
  1.175E+02  7.30874E-01  3.59897E-25  1.28521E-08  0.00000E+00  1.0E-07
  1.180E+02  7.34736E-01  3.51494E-25  1.25521E-08  0.00000E+00  1.0E-07
  1.185E+02  7.38579E-01  3.43276E-25  1.22586E-08  0.00000E+00  1.0E-07
  1.190E+02  7.42405E-01  3.35236E-25  1.19715E-08  0.00000E+00  1.0E-07
  1.195E+02  7.46212E-01  3.27372E-25  1.16907E-08  0.00000E+00  1.0E-07
  1.200E+02  7.50000E-01  3.19679E-25  1.14159E-08  0.00000E+00  1.0E-07
  1.205E+02  7.53769E-01  3.12152E-25  1.11472E-08  0.00000E+00  1.0E-07
  1.210E+02  7.57519E-01  3.04789E-25  1.08842E-08  0.00000E+00  1.0E-07
  1.215E+02  7.61249E-01  2.97584E-25  1.06269E-08  0.00000E+00  1.0E-07
  1.220E+02  7.64960E-01  2.90534E-25  1.03752E-08  0.00000E+00  1.0E-07
  1.225E+02  7.68650E-01  2.83636E-25  1.01288E-08  0.00000E+00  1.0E-07
  1.230E+02  7.72320E-01  2.76886E-25  9.88777E-09  0.00000E+00  1.0E-07
  1.235E+02  7.75968E-01  2.70280E-25  9.65187E-09  0.00000E+00  1.0E-07
  1.240E+02  7.79596E-01  2.63815E-25  9.42102E-09  0.00000E+00  1.0E-07
  1.245E+02  7.83203E-01  2.57489E-25  9.19509E-09  0.00000E+00  1.0E-07
  1.250E+02  7.86788E-01  2.51297E-25  8.97397E-09  0.00000E+00  1.0E-07
  1.255E+02  7.90351E-01  2.45236E-25  8.75755E-09  0.00000E+00  1.0E-07
  1.260E+02  7.93893E-01  2.39305E-25  8.54573E-09  0.00000E+00  1.0E-07
  1.265E+02  7.97411E-01  2.33499E-25  8.33840E-09  0.00000E+00  1.0E-07
  1.270E+02  8.00908E-01  2.27816E-25  8.13546E-09  0.00000E+00  1.0E-07
  1.275E+02  8.04381E-01  2.22253E-25  7.93681E-09  0.00000E+00  1.0E-07
  1.280E+02  8.07831E-01  2.16808E-25  7.74236E-09  0.00000E+00  1.0E-07
  1.285E+02  8.11257E-01  2.11478E-25  7.55202E-09  0.00000E+00  1.0E-07
  1.290E+02  8.14660E-01  2.06260E-25  7.36569E-09  0.00000E+00  1.0E-07
  1.295E+02  8.18039E-01  2.01152E-25  7.18328E-09  0.00000E+00  1.0E-07
  1.300E+02  8.21394E-01  1.96152E-25  7.00471E-09  0.00000E+00  1.0E-07
  1.305E+02  8.24724E-01  1.91256E-25  6.82989E-09  0.00000E+00  1.0E-07
  1.310E+02  8.28030E-01  1.86464E-25  6.65875E-09  0.00000E+00  1.0E-07
  1.315E+02  8.31310E-01  1.81772E-25  6.49120E-09  0.00000E+00  1.0E-07
  1.320E+02  8.34565E-01  1.77179E-25  6.32717E-09  0.00000E+00  1.0E-07
  1.325E+02  8.37795E-01  1.72682E-25  6.16659E-09  0.00000E+00  1.0E-07
  1.330E+02  8.40999E-01  1.68280E-25  6.00937E-09  0.00000E+00  1.0E-07
  1.335E+02  8.44177E-01  1.63970E-25  5.85546E-09  0.00000E+00  1.0E-07
  1.340E+02  8.47329E-01  1.59750E-25  5.70478E-09  0.00000E+00  1.0E-07
  1.345E+02  8.50455E-01  1.55619E-25  5.55726E-09  0.00000E+00  1.0E-07
  1.350E+02  8.53553E-01  1.51575E-25  5.41283E-09  0.00000E+00  1.0E-07
  1.355E+02  8.56625E-01  1.47616E-25  5.27145E-09  0.00000E+00  1.0E-07
  1.360E+02  8.59670E-01  1.43739E-25  5.13303E-09  0.00000E+00  1.0E-07
  1.365E+02  8.62687E-01  1.39945E-25  4.99753E-09  0.00000E+00  1.0E-07
  1.370E+02  8.65677E-01  1.36230E-25  4.86488E-09  0.00000E+00  1.0E-07
  1.375E+02  8.68639E-01  1.32594E-25  4.73502E-09  0.00000E+00  1.0E-07
  1.380E+02  8.71572E-01  1.29035E-25  4.60791E-09  0.00000E+00  1.0E-07
  1.385E+02  8.74478E-01  1.25550E-25  4.48348E-09  0.00000E+00  1.0E-07
  1.390E+02  8.77355E-01  1.22140E-25  4.36168E-09  0.00000E+00  1.0E-07
  1.395E+02  8.80203E-01  1.18801E-25  4.24247E-09  0.00000E+00  1.0E-07
  1.400E+02  8.83022E-01  1.15534E-25  4.12578E-09  0.00000E+00  1.0E-07
  1.405E+02  8.85812E-01  1.12336E-25  4.01158E-09  0.00000E+00  1.0E-07
  1.410E+02  8.88573E-01  1.09206E-25  3.89981E-09  0.00000E+00  1.0E-07
  1.415E+02  8.91304E-01  1.06143E-25  3.79044E-09  0.00000E+00  1.0E-07
  1.420E+02  8.94005E-01  1.03146E-25  3.68340E-09  0.00000E+00  1.0E-07
  1.425E+02  8.96677E-01  1.00213E-25  3.57866E-09  0.00000E+00  1.0E-07
  1.430E+02  8.99318E-01  9.73430E-26  3.47618E-09  0.00000E+00  1.0E-07
  1.435E+02  9.01928E-01  9.45352E-26  3.37591E-09  0.00000E+00  1.0E-07
  1.440E+02  9.04508E-01  9.17884E-26  3.27782E-09  0.00000E+00  1.0E-07
  1.445E+02  9.07058E-01  8.91013E-26  3.18186E-09  0.00000E+00  1.0E-07
  1.450E+02  9.09576E-01  8.64728E-26  3.08800E-09  0.00000E+00  1.0E-07
  1.455E+02  9.12063E-01  8.39020E-26  2.99620E-09  0.00000E+00  1.0E-07
  1.460E+02  9.14519E-01  8.13879E-26  2.90641E-09  0.00000E+00  1.0E-07
  1.465E+02  9.16943E-01  7.89293E-26  2.81862E-09  0.00000E+00  1.0E-07
  1.470E+02  9.19335E-01  7.65254E-26  2.73277E-09  0.00000E+00  1.0E-07
  1.475E+02  9.21696E-01  7.41751E-26  2.64884E-09  0.00000E+00  1.0E-07
  1.480E+02  9.24024E-01  7.18777E-26  2.56680E-09  0.00000E+00  1.0E-07
  1.485E+02  9.26320E-01  6.96321E-26  2.48661E-09  0.00000E+00  1.0E-07
  1.490E+02  9.28584E-01  6.74375E-26  2.40824E-09  0.00000E+00  1.0E-07
  1.495E+02  9.30815E-01  6.52931E-26  2.33166E-09  0.00000E+00  1.0E-07
  1.500E+02  9.33013E-01  6.31981E-26  2.25684E-09  0.00000E+00  1.0E-07
  1.505E+02  9.35178E-01  6.11515E-26  2.18376E-09  0.00000E+00  1.0E-07
  1.510E+02  9.37310E-01  5.91527E-26  2.11238E-09  0.00000E+00  1.0E-07
  1.515E+02  9.39409E-01  5.72009E-26  2.04268E-09  0.00000E+00  1.0E-07
  1.520E+02  9.41474E-01  5.52954E-26  1.97463E-09  0.00000E+00  1.0E-07
  1.525E+02  9.43505E-01  5.34353E-26  1.90821E-09  0.00000E+00  1.0E-07
  1.530E+02  9.45503E-01  5.16201E-26  1.84339E-09  0.00000E+00  1.0E-07
  1.535E+02  9.47467E-01  4.98490E-26  1.78014E-09  0.00000E+00  1.0E-07
  1.540E+02  9.49397E-01  4.81214E-26  1.71845E-09  0.00000E+00  1.0E-07
  1.545E+02  9.51293E-01  4.64367E-26  1.65828E-09  0.00000E+00  1.0E-07
  1.550E+02  9.53154E-01  4.47941E-26  1.59963E-09  0.00000E+00  1.0E-07
  1.555E+02  9.54981E-01  4.31931E-26  1.54246E-09  0.00000E+00  1.0E-07
  1.560E+02  9.56773E-01  4.16332E-26  1.48675E-09  0.00000E+00  1.0E-07
  1.565E+02  9.58530E-01  4.01137E-26  1.43249E-09  0.00000E+00  1.0E-07
  1.570E+02  9.60252E-01  3.86340E-26  1.37965E-09  0.00000E+00  1.0E-07
  1.575E+02  9.61940E-01  3.71937E-26  1.32821E-09  0.00000E+00  1.0E-07
  1.580E+02  9.63592E-01  3.57922E-26  1.27816E-09  0.00000E+00  1.0E-07
  1.585E+02  9.65209E-01  3.44290E-26  1.22948E-09  0.00000E+00  1.0E-07
  1.590E+02  9.66790E-01  3.31036E-26  1.18215E-09  0.00000E+00  1.0E-07
  1.595E+02  9.68336E-01  3.18155E-26  1.13615E-09  0.00000E+00  1.0E-07
  1.600E+02  9.69846E-01  3.05643E-26  1.09147E-09  0.00000E+00  1.0E-07
  1.605E+02  9.71321E-01  2.93495E-26  1.04809E-09  0.00000E+00  1.0E-07
  1.610E+02  9.72759E-01  2.81706E-26  1.00599E-09  0.00000E+00  1.0E-07
  1.615E+02  9.74162E-01  2.70274E-26  9.65165E-10  0.00000E+00  1.0E-07
  1.620E+02  9.75528E-01  2.59192E-26  9.25592E-10  0.00000E+00  1.0E-07
  1.625E+02  9.76858E-01  2.48458E-26  8.87260E-10  0.00000E+00  1.0E-07
  1.630E+02  9.78152E-01  2.38068E-26  8.50155E-10  0.00000E+00  1.0E-07
  1.635E+02  9.79410E-01  2.28017E-26  8.14265E-10  0.00000E+00  1.0E-07
  1.640E+02  9.80631E-01  2.18303E-26  7.79576E-10  0.00000E+00  1.0E-07
  1.645E+02  9.81815E-01  2.08922E-26  7.46076E-10  0.00000E+00  1.0E-07
  1.650E+02  9.82963E-01  1.99871E-26  7.13753E-10  0.00000E+00  1.0E-07
  1.655E+02  9.84074E-01  1.91146E-26  6.82596E-10  0.00000E+00  1.0E-07
  1.660E+02  9.85148E-01  1.82745E-26  6.52594E-10  0.00000E+00  1.0E-07
  1.665E+02  9.86185E-01  1.74664E-26  6.23737E-10  0.00000E+00  1.0E-07
  1.670E+02  9.87185E-01  1.66901E-26  5.96014E-10  0.00000E+00  1.0E-07
  1.675E+02  9.88148E-01  1.59453E-26  5.69416E-10  0.00000E+00  1.0E-07
  1.680E+02  9.89074E-01  1.52317E-26  5.43933E-10  0.00000E+00  1.0E-07
  1.685E+02  9.89962E-01  1.45491E-26  5.19557E-10  0.00000E+00  1.0E-07
  1.690E+02  9.90814E-01  1.38972E-26  4.96279E-10  0.00000E+00  1.0E-07
  1.695E+02  9.91627E-01  1.32759E-26  4.74091E-10  0.00000E+00  1.0E-07
  1.700E+02  9.92404E-01  1.26849E-26  4.52985E-10  0.00000E+00  1.0E-07
  1.705E+02  9.93143E-01  1.21240E-26  4.32955E-10  0.00000E+00  1.0E-07
  1.710E+02  9.93844E-01  1.15930E-26  4.13992E-10  0.00000E+00  1.0E-07
  1.715E+02  9.94508E-01  1.10917E-26  3.96092E-10  0.00000E+00  1.0E-07
  1.720E+02  9.95134E-01  1.06200E-26  3.79247E-10  0.00000E+00  1.0E-07
  1.725E+02  9.95722E-01  1.01777E-26  3.63451E-10  0.00000E+00  1.0E-07
  1.730E+02  9.96273E-01  9.76458E-27  3.48700E-10  0.00000E+00  1.0E-07
  1.735E+02  9.96786E-01  9.38060E-27  3.34987E-10  0.00000E+00  1.0E-07
  1.740E+02  9.97261E-01  9.02559E-27  3.22310E-10  0.00000E+00  1.0E-07
  1.745E+02  9.97698E-01  8.69942E-27  3.10662E-10  0.00000E+00  1.0E-07
  1.750E+02  9.98097E-01  8.40199E-27  3.00040E-10  0.00000E+00  1.0E-07
  1.755E+02  9.98459E-01  8.13319E-27  2.90441E-10  0.00000E+00  1.0E-07
  1.760E+02  9.98782E-01  7.89293E-27  2.81862E-10  0.00000E+00  1.0E-07
  1.765E+02  9.99067E-01  7.68113E-27  2.74298E-10  0.00000E+00  1.0E-07
  1.770E+02  9.99315E-01  7.49771E-27  2.67748E-10  0.00000E+00  1.0E-07
  1.775E+02  9.99524E-01  7.34262E-27  2.62210E-10  0.00000E+00  1.0E-07
  1.780E+02  9.99695E-01  7.21580E-27  2.57681E-10  0.00000E+00  1.0E-07
  1.785E+02  9.99829E-01  7.11720E-27  2.54160E-10  0.00000E+00  1.0E-07
  1.790E+02  9.99924E-01  7.04680E-27  2.51646E-10  0.00000E+00  1.0E-07
  1.795E+02  9.99981E-01  7.00457E-27  2.50138E-10  0.00000E+00  1.0E-07
  1.800E+02  1.00000E+00  6.99050E-27  2.49635E-10  0.00000E+00  1.0E-07
