 #
 # Subroutine ELSEPA. Elastic scattering of electrons and positrons
 #                    by neutral atoms and positive ions
 #
 # Projectile: electron
 # Kinetic energy = 3.70000E+06 eV = 1.35973E+05 a.u.
 #
 # WARNING: High-energy factorization with free-atom DF screening.
 #          Absorption, polarization and exchange corrections are
 #          switched off.
 #          Phase shifts are calculated for the bare nucleus.
 #          Scattering amplitudes are not evaluated.
 #
 # Element: Ru,  Z =  44,  atomic weight = 1.01070E+02 g/mol
 #
 # Nuclear model: Fermi distribution
 #                Average radius = 4.98415E-13 cm
 #                Skin thickness = 5.46000E-14 cm
 #
 # Number of electrons = 44
 #
 # Total elastic cross section = 4.23494E-18 cm**2 = 1.51232E-01 a0**2
 # 1st transport cross section = 1.69429E-22 cm**2 = 6.05043E-06 a0**2
 # 2nd transport cross section = 4.73074E-22 cm**2 = 1.68938E-05 a0**2
 #
 #
 # Differential cross section:                       MU=(1-COS(THETA))/2
 #
 #  THETA        MU          DCS          DCS        Sherman      error
 #  (deg)                 (cm**2/sr)   (a0**2/sr)    function
 #----------------------------------------------------------------------
  0.000E+00  0.00000E+00  6.03642E-13  2.15564E+04  0.00000E+00  1.0E-05
  1.000E-04  7.61557E-13  6.03639E-13  2.15564E+04  0.00000E+00  1.0E-05
  1.250E-04  1.18994E-12  6.03638E-13  2.15563E+04  0.00000E+00  1.0E-05
  1.500E-04  1.71346E-12  6.03636E-13  2.15562E+04  0.00000E+00  1.0E-05
  1.750E-04  2.33225E-12  6.03634E-13  2.15562E+04  0.00000E+00  1.0E-05
  2.000E-04  3.04617E-12  6.03631E-13  2.15561E+04  0.00000E+00  1.0E-05
  2.250E-04  3.85530E-12  6.03628E-13  2.15560E+04  0.00000E+00  1.0E-05
  2.500E-04  4.75964E-12  6.03625E-13  2.15558E+04  0.00000E+00  1.0E-05
  2.750E-04  5.75917E-12  6.03622E-13  2.15557E+04  0.00000E+00  1.0E-05
  3.000E-04  6.85391E-12  6.03618E-13  2.15556E+04  0.00000E+00  1.0E-05
  3.250E-04  8.04379E-12  6.03614E-13  2.15554E+04  0.00000E+00  1.0E-05
  3.500E-04  9.32893E-12  6.03609E-13  2.15553E+04  0.00000E+00  1.0E-05
  3.750E-04  1.07092E-11  6.03604E-13  2.15551E+04  0.00000E+00  1.0E-05
  4.000E-04  1.21847E-11  6.03599E-13  2.15549E+04  0.00000E+00  1.0E-05
  4.250E-04  1.37554E-11  6.03593E-13  2.15547E+04  0.00000E+00  1.0E-05
  4.500E-04  1.54213E-11  6.03587E-13  2.15545E+04  0.00000E+00  1.0E-05
  4.750E-04  1.71823E-11  6.03581E-13  2.15543E+04  0.00000E+00  1.0E-05
  5.000E-04  1.90386E-11  6.03575E-13  2.15540E+04  0.00000E+00  1.0E-05
  5.250E-04  2.09900E-11  6.03568E-13  2.15538E+04  0.00000E+00  1.0E-05
  5.500E-04  2.30367E-11  6.03560E-13  2.15535E+04  0.00000E+00  1.0E-05
  5.750E-04  2.51785E-11  6.03553E-13  2.15533E+04  0.00000E+00  1.0E-05
  6.000E-04  2.74156E-11  6.03545E-13  2.15530E+04  0.00000E+00  1.0E-05
  6.250E-04  2.97478E-11  6.03537E-13  2.15527E+04  0.00000E+00  1.0E-05
  6.500E-04  3.21752E-11  6.03528E-13  2.15524E+04  0.00000E+00  1.0E-05
  6.750E-04  3.46979E-11  6.03519E-13  2.15521E+04  0.00000E+00  1.0E-05
  7.000E-04  3.73157E-11  6.03510E-13  2.15517E+04  0.00000E+00  1.0E-05
  7.250E-04  4.00286E-11  6.03500E-13  2.15514E+04  0.00000E+00  1.0E-05
  7.500E-04  4.28368E-11  6.03490E-13  2.15510E+04  0.00000E+00  1.0E-05
  7.750E-04  4.57402E-11  6.03480E-13  2.15507E+04  0.00000E+00  1.0E-05
  8.000E-04  4.87388E-11  6.03469E-13  2.15503E+04  0.00000E+00  1.0E-05
  8.250E-04  5.18325E-11  6.03458E-13  2.15499E+04  0.00000E+00  1.0E-05
  8.500E-04  5.50215E-11  6.03447E-13  2.15495E+04  0.00000E+00  1.0E-05
  8.750E-04  5.83057E-11  6.03435E-13  2.15491E+04  0.00000E+00  1.0E-05
  9.000E-04  6.16850E-11  6.03423E-13  2.15486E+04  0.00000E+00  1.0E-05
  9.250E-04  6.51595E-11  6.03411E-13  2.15482E+04  0.00000E+00  1.0E-05
  9.500E-04  6.87293E-11  6.03398E-13  2.15477E+04  0.00000E+00  1.0E-05
  9.750E-04  7.23943E-11  6.03385E-13  2.15473E+04  0.00000E+00  1.0E-05
  1.000E-03  7.61544E-11  6.03371E-13  2.15468E+04  0.00000E+00  1.0E-05
  1.250E-03  1.18991E-10  6.03219E-13  2.15413E+04  0.00000E+00  1.0E-05
  1.500E-03  1.71347E-10  6.03033E-13  2.15347E+04  0.00000E+00  1.0E-05
  1.750E-03  2.33223E-10  6.02813E-13  2.15268E+04  0.00000E+00  1.0E-05
  2.000E-03  3.04617E-10  6.02560E-13  2.15178E+04  0.00000E+00  1.0E-05
  2.250E-03  3.85531E-10  6.02272E-13  2.15075E+04  0.00000E+00  1.0E-05
  2.500E-03  4.75965E-10  6.01952E-13  2.14961E+04  0.00000E+00  1.0E-05
  2.750E-03  5.75917E-10  6.01598E-13  2.14834E+04  0.00000E+00  1.0E-05
  3.000E-03  6.85389E-10  6.01210E-13  2.14696E+04  0.00000E+00  1.0E-05
  3.250E-03  8.04380E-10  6.00790E-13  2.14546E+04  0.00000E+00  1.0E-05
  3.500E-03  9.32891E-10  6.00336E-13  2.14384E+04  0.00000E+00  1.0E-05
  3.750E-03  1.07092E-09  5.99849E-13  2.14210E+04  0.00000E+00  1.0E-05
  4.000E-03  1.21847E-09  5.99330E-13  2.14025E+04  0.00000E+00  1.0E-05
  4.250E-03  1.37554E-09  5.98778E-13  2.13828E+04  0.00000E+00  1.0E-05
  4.500E-03  1.54213E-09  5.98194E-13  2.13619E+04  0.00000E+00  1.0E-05
  4.750E-03  1.71823E-09  5.97577E-13  2.13399E+04  0.00000E+00  1.0E-05
  5.000E-03  1.90386E-09  5.96929E-13  2.13167E+04  0.00000E+00  1.0E-05
  5.250E-03  2.09900E-09  5.96248E-13  2.12924E+04  0.00000E+00  1.0E-05
  5.500E-03  2.30367E-09  5.95536E-13  2.12670E+04  0.00000E+00  1.0E-05
  5.750E-03  2.51785E-09  5.94792E-13  2.12404E+04  0.00000E+00  1.0E-05
  6.000E-03  2.74156E-09  5.94018E-13  2.12128E+04  0.00000E+00  1.0E-05
  6.250E-03  2.97478E-09  5.93212E-13  2.11840E+04  0.00000E+00  1.0E-05
  6.500E-03  3.21752E-09  5.92375E-13  2.11541E+04  0.00000E+00  1.0E-05
  6.750E-03  3.46978E-09  5.91508E-13  2.11231E+04  0.00000E+00  1.0E-05
  7.000E-03  3.73156E-09  5.90611E-13  2.10911E+04  0.00000E+00  1.0E-05
  7.250E-03  4.00286E-09  5.89684E-13  2.10580E+04  0.00000E+00  1.0E-05
  7.500E-03  4.28368E-09  5.88727E-13  2.10238E+04  0.00000E+00  1.0E-05
  7.750E-03  4.57402E-09  5.87741E-13  2.09886E+04  0.00000E+00  1.0E-05
  8.000E-03  4.87388E-09  5.86725E-13  2.09523E+04  0.00000E+00  1.0E-05
  8.250E-03  5.18326E-09  5.85681E-13  2.09151E+04  0.00000E+00  1.0E-05
  8.500E-03  5.50215E-09  5.84609E-13  2.08768E+04  0.00000E+00  1.0E-05
  8.750E-03  5.83057E-09  5.83508E-13  2.08374E+04  0.00000E+00  1.0E-05
  9.000E-03  6.16850E-09  5.82379E-13  2.07971E+04  0.00000E+00  1.0E-05
  9.250E-03  6.51596E-09  5.81223E-13  2.07558E+04  0.00000E+00  1.0E-05
  9.500E-03  6.87293E-09  5.80039E-13  2.07136E+04  0.00000E+00  1.0E-05
  9.750E-03  7.23942E-09  5.78828E-13  2.06703E+04  0.00000E+00  1.0E-05
  1.000E-02  7.61544E-09  5.77591E-13  2.06262E+04  0.00000E+00  1.0E-05
  1.250E-02  1.18991E-08  5.63840E-13  2.01351E+04  0.00000E+00  1.0E-05
  1.500E-02  1.71347E-08  5.47810E-13  1.95626E+04  0.00000E+00  1.0E-05
  1.750E-02  2.33223E-08  5.29968E-13  1.89255E+04  0.00000E+00  1.0E-05
  2.000E-02  3.04617E-08  5.10724E-13  1.82383E+04  0.00000E+00  1.0E-05
  2.250E-02  3.85531E-08  4.90421E-13  1.75133E+04  0.00000E+00  1.0E-05
  2.500E-02  4.75965E-08  4.69445E-13  1.67642E+04  0.00000E+00  1.0E-05
  2.750E-02  5.75917E-08  4.48185E-13  1.60050E+04  0.00000E+00  1.0E-05
  3.000E-02  6.85389E-08  4.26945E-13  1.52465E+04  0.00000E+00  1.0E-05
  3.250E-02  8.04380E-08  4.05916E-13  1.44955E+04  0.00000E+00  1.0E-05
  3.500E-02  9.32891E-08  3.85270E-13  1.37582E+04  0.00000E+00  1.0E-05
  3.750E-02  1.07092E-07  3.65247E-13  1.30432E+04  0.00000E+00  1.0E-05
  4.000E-02  1.21847E-07  3.45963E-13  1.23546E+04  0.00000E+00  1.0E-05
  4.250E-02  1.37554E-07  3.27469E-13  1.16941E+04  0.00000E+00  1.0E-05
  4.500E-02  1.54213E-07  3.09733E-13  1.10608E+04  0.00000E+00  1.0E-05
  4.750E-02  1.71823E-07  2.92893E-13  1.04594E+04  0.00000E+00  1.0E-05
  5.000E-02  1.90386E-07  2.76952E-13  9.89013E+03  0.00000E+00  1.0E-05
  5.250E-02  2.09900E-07  2.61897E-13  9.35252E+03  0.00000E+00  1.0E-05
  5.500E-02  2.30367E-07  2.47587E-13  8.84150E+03  0.00000E+00  1.0E-05
  5.750E-02  2.51785E-07  2.34119E-13  8.36052E+03  0.00000E+00  1.0E-05
  6.000E-02  2.74156E-07  2.21456E-13  7.90832E+03  0.00000E+00  1.0E-05
  6.250E-02  2.97478E-07  2.09558E-13  7.48346E+03  0.00000E+00  1.0E-05
  6.500E-02  3.21752E-07  1.98300E-13  7.08142E+03  0.00000E+00  1.0E-05
  6.750E-02  3.46978E-07  1.87712E-13  6.70332E+03  0.00000E+00  1.0E-05
  7.000E-02  3.73156E-07  1.77773E-13  6.34840E+03  0.00000E+00  1.0E-05
  7.250E-02  4.00286E-07  1.68442E-13  6.01517E+03  0.00000E+00  1.0E-05
  7.500E-02  4.28368E-07  1.59627E-13  5.70037E+03  0.00000E+00  1.0E-05
  7.750E-02  4.57402E-07  1.51317E-13  5.40363E+03  0.00000E+00  1.0E-05
  8.000E-02  4.87388E-07  1.43511E-13  5.12487E+03  0.00000E+00  1.0E-05
  8.250E-02  5.18325E-07  1.36175E-13  4.86289E+03  0.00000E+00  1.0E-05
  8.500E-02  5.50215E-07  1.29248E-13  4.61553E+03  0.00000E+00  1.0E-05
  8.750E-02  5.83057E-07  1.22697E-13  4.38157E+03  0.00000E+00  1.0E-05
  9.000E-02  6.16850E-07  1.16533E-13  4.16148E+03  0.00000E+00  1.0E-05
  9.250E-02  6.51596E-07  1.10731E-13  3.95429E+03  0.00000E+00  1.0E-05
  9.500E-02  6.87293E-07  1.05255E-13  3.75872E+03  0.00000E+00  1.0E-05
  9.750E-02  7.23942E-07  1.00058E-13  3.57313E+03  0.00000E+00  1.0E-05
  1.000E-01  7.61543E-07  9.51604E-14  3.39824E+03  0.00000E+00  1.0E-05
  1.250E-01  1.18991E-06  5.86746E-14  2.09531E+03  0.00000E+00  1.0E-05
  1.500E-01  1.71347E-06  3.68328E-14  1.31532E+03  0.00000E+00  1.0E-05
  1.750E-01  2.33223E-06  2.43287E-14  8.68792E+02  0.00000E+00  1.0E-05
  2.000E-01  3.04617E-06  1.66023E-14  5.92880E+02  0.00000E+00  1.0E-05
  2.250E-01  3.85531E-06  1.16401E-14  4.15675E+02  0.00000E+00  1.0E-05
  2.500E-01  4.75964E-06  8.42578E-15  3.00890E+02  0.00000E+00  1.0E-05
  2.750E-01  5.75916E-06  6.28570E-15  2.24466E+02  0.00000E+00  1.0E-05
  3.000E-01  6.85388E-06  4.81198E-15  1.71839E+02  0.00000E+00  1.0E-05
  3.250E-01  8.04378E-06  3.76240E-15  1.34358E+02  0.00000E+00  1.0E-05
  3.500E-01  9.32888E-06  2.99256E-15  1.06866E+02  0.00000E+00  1.0E-05
  3.750E-01  1.07092E-05  2.41739E-15  8.63267E+01  0.00000E+00  1.0E-05
  4.000E-01  1.21846E-05  1.97796E-15  7.06343E+01  0.00000E+00  1.0E-05
  4.250E-01  1.37553E-05  1.63467E-15  5.83750E+01  0.00000E+00  1.0E-05
  4.500E-01  1.54212E-05  1.36020E-15  4.85738E+01  0.00000E+00  1.0E-05
  4.750E-01  1.71822E-05  1.14067E-15  4.07340E+01  0.00000E+00  1.0E-05
  5.000E-01  1.90385E-05  9.62836E-16  3.43835E+01  0.00000E+00  1.0E-05
  5.250E-01  2.09899E-05  8.17892E-16  2.92075E+01  0.00000E+00  1.0E-05
  5.500E-01  2.30365E-05  6.97262E-16  2.48997E+01  0.00000E+00  1.0E-05
  5.750E-01  2.51783E-05  5.97529E-16  2.13382E+01  0.00000E+00  1.0E-05
  6.000E-01  2.74153E-05  5.14522E-16  1.83739E+01  0.00000E+00  1.0E-05
  6.250E-01  2.97475E-05  4.45050E-16  1.58930E+01  0.00000E+00  1.0E-05
  6.500E-01  3.21749E-05  3.86417E-16  1.37992E+01  0.00000E+00  1.0E-05
  6.750E-01  3.46974E-05  3.36880E-16  1.20302E+01  0.00000E+00  1.0E-05
  7.000E-01  3.73152E-05  2.94939E-16  1.05325E+01  0.00000E+00  1.0E-05
  7.250E-01  4.00281E-05  2.59285E-16  9.25923E+00  0.00000E+00  1.0E-05
  7.500E-01  4.28362E-05  2.28788E-16  8.17017E+00  0.00000E+00  1.0E-05
  7.750E-01  4.57395E-05  2.02633E-16  7.23617E+00  0.00000E+00  1.0E-05
  8.000E-01  4.87380E-05  1.80126E-16  6.43241E+00  0.00000E+00  1.0E-05
  8.250E-01  5.18317E-05  1.60671E-16  5.73767E+00  0.00000E+00  1.0E-05
  8.500E-01  5.50205E-05  1.43775E-16  5.13430E+00  0.00000E+00  1.0E-05
  8.750E-01  5.83045E-05  1.29048E-16  4.60837E+00  0.00000E+00  1.0E-05
  9.000E-01  6.16838E-05  1.16180E-16  4.14885E+00  0.00000E+00  1.0E-05
  9.250E-01  6.51582E-05  1.04897E-16  3.74594E+00  0.00000E+00  1.0E-05
  9.500E-01  6.87277E-05  9.49675E-17  3.39135E+00  0.00000E+00  1.0E-05
  9.750E-01  7.23925E-05  8.61964E-17  3.07813E+00  0.00000E+00  1.0E-05
  1.000E+00  7.61524E-05  7.84324E-17  2.80087E+00  0.00000E+00  3.5E-06
  1.100E+00  9.21439E-05  5.49886E-17  1.96368E+00  0.00000E+00  2.6E-06
  1.200E+00  1.09658E-04  3.97652E-17  1.42004E+00  0.00000E+00  1.4E-06
  1.300E+00  1.28695E-04  2.94936E-17  1.05323E+00  0.00000E+00  2.9E-07
  1.400E+00  1.49255E-04  2.23291E-17  7.97387E-01  0.00000E+00  5.6E-07
  1.500E+00  1.71338E-04  1.72252E-17  6.15122E-01  0.00000E+00  1.0E-06
  1.600E+00  1.94942E-04  1.34998E-17  4.82085E-01  0.00000E+00  1.1E-06
  1.700E+00  2.20070E-04  1.07245E-17  3.82977E-01  0.00000E+00  8.7E-07
  1.800E+00  2.46720E-04  8.62031E-18  3.07837E-01  0.00000E+00  4.9E-07
  1.900E+00  2.74892E-04  7.00657E-18  2.50209E-01  0.00000E+00  1.0E-07
  2.000E+00  3.04586E-04  5.75233E-18  2.05419E-01  0.00000E+00  2.6E-07
  2.100E+00  3.35803E-04  4.76559E-18  1.70182E-01  0.00000E+00  4.5E-07
  2.200E+00  3.68542E-04  3.97962E-18  1.42115E-01  0.00000E+00  4.9E-07
  2.300E+00  4.02802E-04  3.34909E-18  1.19598E-01  0.00000E+00  4.0E-07
  2.400E+00  4.38585E-04  2.83853E-18  1.01366E-01  0.00000E+00  2.2E-07
  2.500E+00  4.75889E-04  2.42163E-18  8.64778E-02  0.00000E+00  1.0E-07
  2.600E+00  5.14715E-04  2.07820E-18  7.42139E-02  0.00000E+00  1.5E-07
  2.700E+00  5.55063E-04  1.79362E-18  6.40515E-02  0.00000E+00  2.5E-07
  2.800E+00  5.96931E-04  1.55622E-18  5.55736E-02  0.00000E+00  2.7E-07
  2.900E+00  6.40321E-04  1.35690E-18  4.84557E-02  0.00000E+00  2.2E-07
  3.000E+00  6.85233E-04  1.18851E-18  4.24423E-02  0.00000E+00  1.2E-07
  3.100E+00  7.31665E-04  1.04550E-18  3.73354E-02  0.00000E+00  1.0E-07
  3.200E+00  7.79618E-04  9.23442E-19  3.29767E-02  0.00000E+00  1.0E-07
  3.300E+00  8.29092E-04  8.18751E-19  2.92381E-02  0.00000E+00  1.5E-07
  3.400E+00  8.80086E-04  7.28528E-19  2.60162E-02  0.00000E+00  1.7E-07
  3.500E+00  9.32601E-04  6.50428E-19  2.32272E-02  0.00000E+00  1.3E-07
  3.600E+00  9.86636E-04  5.82565E-19  2.08038E-02  0.00000E+00  1.0E-07
  3.700E+00  1.04219E-03  5.23366E-19  1.86898E-02  0.00000E+00  1.0E-07
  3.800E+00  1.09927E-03  4.71528E-19  1.68386E-02  0.00000E+00  1.0E-07
  3.900E+00  1.15786E-03  4.25969E-19  1.52116E-02  0.00000E+00  1.0E-07
  4.000E+00  1.21797E-03  3.85809E-19  1.37775E-02  0.00000E+00  1.1E-07
  4.100E+00  1.27961E-03  3.50294E-19  1.25092E-02  0.00000E+00  1.0E-07
  4.200E+00  1.34276E-03  3.18791E-19  1.13842E-02  0.00000E+00  1.0E-07
  4.300E+00  1.40743E-03  2.90760E-19  1.03832E-02  0.00000E+00  1.0E-07
  4.400E+00  1.47362E-03  2.65759E-19  9.49041E-03  0.00000E+00  1.0E-07
  4.500E+00  1.54133E-03  2.43400E-19  8.69197E-03  0.00000E+00  1.0E-07
  4.600E+00  1.61056E-03  2.23355E-19  7.97616E-03  0.00000E+00  1.0E-07
  4.700E+00  1.68131E-03  2.05337E-19  7.33273E-03  0.00000E+00  1.0E-07
  4.800E+00  1.75357E-03  1.89108E-19  6.75317E-03  0.00000E+00  1.0E-07
  4.900E+00  1.82735E-03  1.74459E-19  6.23003E-03  0.00000E+00  1.0E-07
  5.000E+00  1.90265E-03  1.61207E-19  5.75682E-03  0.00000E+00  1.0E-07
  5.100E+00  1.97947E-03  1.49194E-19  5.32783E-03  0.00000E+00  1.0E-07
  5.200E+00  2.05780E-03  1.38284E-19  4.93822E-03  0.00000E+00  1.0E-07
  5.300E+00  2.13765E-03  1.28358E-19  4.58375E-03  0.00000E+00  1.0E-07
  5.400E+00  2.21902E-03  1.19311E-19  4.26067E-03  0.00000E+00  1.0E-07
  5.500E+00  2.30190E-03  1.11050E-19  3.96565E-03  0.00000E+00  1.0E-07
  5.600E+00  2.38630E-03  1.03494E-19  3.69582E-03  0.00000E+00  1.0E-07
  5.700E+00  2.47222E-03  9.65725E-20  3.44867E-03  0.00000E+00  1.0E-07
  5.800E+00  2.55965E-03  9.02231E-20  3.22193E-03  0.00000E+00  1.0E-07
  5.900E+00  2.64859E-03  8.43892E-20  3.01359E-03  0.00000E+00  1.0E-07
  6.000E+00  2.73905E-03  7.90206E-20  2.82188E-03  0.00000E+00  1.0E-07
  6.100E+00  2.83103E-03  7.40743E-20  2.64524E-03  0.00000E+00  1.0E-07
  6.200E+00  2.92452E-03  6.95108E-20  2.48228E-03  0.00000E+00  1.0E-07
  6.300E+00  3.01952E-03  6.52951E-20  2.33173E-03  0.00000E+00  1.0E-07
  6.400E+00  3.11604E-03  6.13949E-20  2.19245E-03  0.00000E+00  1.0E-07
  6.500E+00  3.21407E-03  5.77831E-20  2.06347E-03  0.00000E+00  1.0E-07
  6.600E+00  3.31362E-03  5.44343E-20  1.94388E-03  0.00000E+00  1.0E-07
  6.700E+00  3.41468E-03  5.13258E-20  1.83288E-03  0.00000E+00  1.0E-07
  6.800E+00  3.51725E-03  4.84367E-20  1.72971E-03  0.00000E+00  1.0E-07
  6.900E+00  3.62133E-03  4.57491E-20  1.63373E-03  0.00000E+00  1.0E-07
  7.000E+00  3.72692E-03  4.32462E-20  1.54435E-03  0.00000E+00  1.0E-07
  7.100E+00  3.83403E-03  4.09131E-20  1.46103E-03  0.00000E+00  1.0E-07
  7.200E+00  3.94265E-03  3.87358E-20  1.38328E-03  0.00000E+00  1.0E-07
  7.300E+00  4.05278E-03  3.67020E-20  1.31065E-03  0.00000E+00  1.0E-07
  7.400E+00  4.16442E-03  3.48007E-20  1.24276E-03  0.00000E+00  1.0E-07
  7.500E+00  4.27757E-03  3.30217E-20  1.17922E-03  0.00000E+00  1.0E-07
  7.600E+00  4.39223E-03  3.13553E-20  1.11972E-03  0.00000E+00  1.0E-07
  7.700E+00  4.50840E-03  2.97932E-20  1.06393E-03  0.00000E+00  1.0E-07
  7.800E+00  4.62608E-03  2.83277E-20  1.01160E-03  0.00000E+00  1.0E-07
  7.900E+00  4.74527E-03  2.69518E-20  9.62465E-04  0.00000E+00  1.0E-07
  8.000E+00  4.86597E-03  2.56588E-20  9.16291E-04  0.00000E+00  1.0E-07
  8.100E+00  4.98817E-03  2.44427E-20  8.72865E-04  0.00000E+00  1.0E-07
  8.200E+00  5.11188E-03  2.32983E-20  8.31996E-04  0.00000E+00  1.0E-07
  8.300E+00  5.23711E-03  2.22204E-20  7.93506E-04  0.00000E+00  1.0E-07
  8.400E+00  5.36383E-03  2.12046E-20  7.57229E-04  0.00000E+00  1.0E-07
  8.500E+00  5.49207E-03  2.02463E-20  7.23010E-04  0.00000E+00  1.0E-07
  8.600E+00  5.62181E-03  1.93420E-20  6.90715E-04  0.00000E+00  1.0E-07
  8.700E+00  5.75306E-03  1.84879E-20  6.60213E-04  0.00000E+00  1.0E-07
  8.800E+00  5.88581E-03  1.76807E-20  6.31388E-04  0.00000E+00  1.0E-07
  8.900E+00  6.02007E-03  1.69173E-20  6.04126E-04  0.00000E+00  1.0E-07
  9.000E+00  6.15583E-03  1.61949E-20  5.78329E-04  0.00000E+00  1.0E-07
  9.100E+00  6.29310E-03  1.55109E-20  5.53903E-04  0.00000E+00  1.0E-07
  9.200E+00  6.43187E-03  1.48629E-20  5.30762E-04  0.00000E+00  1.0E-07
  9.300E+00  6.57214E-03  1.42485E-20  5.08823E-04  0.00000E+00  1.0E-07
  9.400E+00  6.71392E-03  1.36658E-20  4.88013E-04  0.00000E+00  1.0E-07
  9.500E+00  6.85720E-03  1.31127E-20  4.68264E-04  0.00000E+00  1.0E-07
  9.600E+00  7.00198E-03  1.25876E-20  4.49510E-04  0.00000E+00  1.0E-07
  9.700E+00  7.14827E-03  1.20886E-20  4.31692E-04  0.00000E+00  1.0E-07
  9.800E+00  7.29605E-03  1.16143E-20  4.14753E-04  0.00000E+00  1.0E-07
  9.900E+00  7.44534E-03  1.11632E-20  3.98643E-04  0.00000E+00  1.0E-07
  1.000E+01  7.59612E-03  1.07339E-20  3.83314E-04  0.00000E+00  1.0E-07
  1.025E+01  7.97965E-03  9.74817E-21  3.48113E-04  0.00000E+00  1.0E-07
  1.050E+01  8.37255E-03  8.87379E-21  3.16889E-04  0.00000E+00  1.0E-07
  1.075E+01  8.77480E-03  8.09594E-21  2.89111E-04  0.00000E+00  1.0E-07
  1.100E+01  9.18641E-03  7.40208E-21  2.64333E-04  0.00000E+00  1.0E-07
  1.125E+01  9.60736E-03  6.78152E-21  2.42173E-04  0.00000E+00  1.0E-07
  1.150E+01  1.00376E-02  6.22513E-21  2.22303E-04  0.00000E+00  1.0E-07
  1.175E+01  1.04773E-02  5.72508E-21  2.04446E-04  0.00000E+00  1.0E-07
  1.200E+01  1.09262E-02  5.27464E-21  1.88361E-04  0.00000E+00  1.0E-07
  1.225E+01  1.13844E-02  4.86799E-21  1.73839E-04  0.00000E+00  1.0E-07
  1.250E+01  1.18520E-02  4.50011E-21  1.60702E-04  0.00000E+00  1.0E-07
  1.275E+01  1.23288E-02  4.16661E-21  1.48793E-04  0.00000E+00  1.0E-07
  1.300E+01  1.28150E-02  3.86372E-21  1.37976E-04  0.00000E+00  1.0E-07
  1.325E+01  1.33104E-02  3.58808E-21  1.28133E-04  0.00000E+00  1.0E-07
  1.350E+01  1.38150E-02  3.33682E-21  1.19160E-04  0.00000E+00  1.0E-07
  1.375E+01  1.43290E-02  3.10737E-21  1.10966E-04  0.00000E+00  1.0E-07
  1.400E+01  1.48521E-02  2.89749E-21  1.03471E-04  0.00000E+00  1.0E-07
  1.425E+01  1.53845E-02  2.70520E-21  9.66044E-05  0.00000E+00  1.0E-07
  1.450E+01  1.59262E-02  2.52876E-21  9.03035E-05  0.00000E+00  1.0E-07
  1.475E+01  1.64770E-02  2.36660E-21  8.45130E-05  0.00000E+00  1.0E-07
  1.500E+01  1.70371E-02  2.21737E-21  7.91837E-05  0.00000E+00  1.0E-07
  1.525E+01  1.76063E-02  2.07984E-21  7.42723E-05  0.00000E+00  1.0E-07
  1.550E+01  1.81848E-02  1.95291E-21  6.97398E-05  0.00000E+00  1.0E-07
  1.575E+01  1.87724E-02  1.83563E-21  6.55514E-05  0.00000E+00  1.0E-07
  1.600E+01  1.93692E-02  1.72710E-21  6.16760E-05  0.00000E+00  1.0E-07
  1.625E+01  1.99751E-02  1.62657E-21  5.80859E-05  0.00000E+00  1.0E-07
  1.650E+01  2.05901E-02  1.53333E-21  5.47561E-05  0.00000E+00  1.0E-07
  1.675E+01  2.12143E-02  1.44674E-21  5.16641E-05  0.00000E+00  1.0E-07
  1.700E+01  2.18476E-02  1.36625E-21  4.87897E-05  0.00000E+00  1.0E-07
  1.725E+01  2.24900E-02  1.29134E-21  4.61147E-05  0.00000E+00  1.0E-07
  1.750E+01  2.31415E-02  1.22156E-21  4.36226E-05  0.00000E+00  1.0E-07
  1.775E+01  2.38021E-02  1.15648E-21  4.12986E-05  0.00000E+00  1.0E-07
  1.800E+01  2.44717E-02  1.09572E-21  3.91290E-05  0.00000E+00  1.0E-07
  1.825E+01  2.51504E-02  1.03896E-21  3.71018E-05  0.00000E+00  1.0E-07
  1.850E+01  2.58382E-02  9.85859E-22  3.52057E-05  0.00000E+00  1.0E-07
  1.875E+01  2.65349E-02  9.36152E-22  3.34306E-05  0.00000E+00  1.0E-07
  1.900E+01  2.72407E-02  8.89576E-22  3.17673E-05  0.00000E+00  1.0E-07
  1.925E+01  2.79555E-02  8.45895E-22  3.02075E-05  0.00000E+00  1.0E-07
  1.950E+01  2.86793E-02  8.04897E-22  2.87434E-05  0.00000E+00  1.0E-07
  1.975E+01  2.94120E-02  7.66383E-22  2.73680E-05  0.00000E+00  1.0E-07
  2.000E+01  3.01537E-02  7.30173E-22  2.60749E-05  0.00000E+00  1.0E-07
  2.025E+01  3.09043E-02  6.96103E-22  2.48583E-05  0.00000E+00  1.0E-07
  2.050E+01  3.16639E-02  6.64023E-22  2.37127E-05  0.00000E+00  1.0E-07
  2.075E+01  3.24324E-02  6.33793E-22  2.26331E-05  0.00000E+00  1.0E-07
  2.100E+01  3.32098E-02  6.05285E-22  2.16151E-05  0.00000E+00  1.0E-07
  2.125E+01  3.39961E-02  5.78383E-22  2.06544E-05  0.00000E+00  1.0E-07
  2.150E+01  3.47912E-02  5.52978E-22  1.97472E-05  0.00000E+00  1.0E-07
  2.175E+01  3.55952E-02  5.28971E-22  1.88899E-05  0.00000E+00  1.0E-07
  2.200E+01  3.64081E-02  5.06270E-22  1.80792E-05  0.00000E+00  1.0E-07
  2.225E+01  3.72297E-02  4.84789E-22  1.73121E-05  0.00000E+00  1.0E-07
  2.250E+01  3.80602E-02  4.64450E-22  1.65858E-05  0.00000E+00  1.0E-07
  2.275E+01  3.88995E-02  4.45181E-22  1.58977E-05  0.00000E+00  1.0E-07
  2.300E+01  3.97476E-02  4.26914E-22  1.52454E-05  0.00000E+00  1.0E-07
  2.325E+01  4.06044E-02  4.09587E-22  1.46266E-05  0.00000E+00  1.0E-07
  2.350E+01  4.14700E-02  3.93141E-22  1.40393E-05  0.00000E+00  1.0E-07
  2.375E+01  4.23443E-02  3.77523E-22  1.34816E-05  0.00000E+00  1.0E-07
  2.400E+01  4.32273E-02  3.62685E-22  1.29517E-05  0.00000E+00  1.0E-07
  2.425E+01  4.41190E-02  3.48577E-22  1.24479E-05  0.00000E+00  1.0E-07
  2.450E+01  4.50194E-02  3.35158E-22  1.19687E-05  0.00000E+00  1.0E-07
  2.475E+01  4.59284E-02  3.22387E-22  1.15126E-05  0.00000E+00  1.0E-07
  2.500E+01  4.68461E-02  3.10227E-22  1.10784E-05  0.00000E+00  1.0E-07
  2.550E+01  4.87074E-02  2.87600E-22  1.02704E-05  0.00000E+00  1.0E-07
  2.600E+01  5.06030E-02  2.67026E-22  9.53566E-06  0.00000E+00  1.0E-07
  2.650E+01  5.25328E-02  2.48282E-22  8.86631E-06  0.00000E+00  1.0E-07
  2.700E+01  5.44967E-02  2.31175E-22  8.25542E-06  0.00000E+00  1.0E-07
  2.750E+01  5.64946E-02  2.15535E-22  7.69690E-06  0.00000E+00  1.0E-07
  2.800E+01  5.85262E-02  2.01213E-22  7.18543E-06  0.00000E+00  1.0E-07
  2.850E+01  6.05914E-02  1.88075E-22  6.71628E-06  0.00000E+00  1.0E-07
  2.900E+01  6.26901E-02  1.76006E-22  6.28528E-06  0.00000E+00  1.0E-07
  2.950E+01  6.48222E-02  1.64901E-22  5.88873E-06  0.00000E+00  1.0E-07
  3.000E+01  6.69873E-02  1.54670E-22  5.52335E-06  0.00000E+00  1.0E-07
  3.050E+01  6.91854E-02  1.45229E-22  5.18623E-06  0.00000E+00  1.0E-07
  3.100E+01  7.14163E-02  1.36507E-22  4.87475E-06  0.00000E+00  1.0E-07
  3.150E+01  7.36799E-02  1.28437E-22  4.58659E-06  0.00000E+00  1.0E-07
  3.200E+01  7.59760E-02  1.20963E-22  4.31966E-06  0.00000E+00  1.0E-07
  3.250E+01  7.83043E-02  1.14030E-22  4.07210E-06  0.00000E+00  1.0E-07
  3.300E+01  8.06647E-02  1.07593E-22  3.84222E-06  0.00000E+00  1.0E-07
  3.350E+01  8.30571E-02  1.01609E-22  3.62852E-06  0.00000E+00  1.0E-07
  3.400E+01  8.54812E-02  9.60398E-23  3.42964E-06  0.00000E+00  1.0E-07
  3.450E+01  8.79369E-02  9.08511E-23  3.24435E-06  0.00000E+00  1.0E-07
  3.500E+01  9.04240E-02  8.60119E-23  3.07154E-06  0.00000E+00  1.0E-07
  3.550E+01  9.29422E-02  8.14941E-23  2.91021E-06  0.00000E+00  1.0E-07
  3.600E+01  9.54915E-02  7.72720E-23  2.75943E-06  0.00000E+00  1.0E-07
  3.650E+01  9.80716E-02  7.33226E-23  2.61840E-06  0.00000E+00  1.0E-07
  3.700E+01  1.00682E-01  6.96248E-23  2.48635E-06  0.00000E+00  1.0E-07
  3.750E+01  1.03323E-01  6.61593E-23  2.36259E-06  0.00000E+00  1.0E-07
  3.800E+01  1.05995E-01  6.29088E-23  2.24651E-06  0.00000E+00  1.0E-07
  3.850E+01  1.08696E-01  5.98571E-23  2.13754E-06  0.00000E+00  1.0E-07
  3.900E+01  1.11427E-01  5.69898E-23  2.03514E-06  0.00000E+00  1.0E-07
  3.950E+01  1.14188E-01  5.42935E-23  1.93886E-06  0.00000E+00  1.0E-07
  4.000E+01  1.16978E-01  5.17561E-23  1.84824E-06  0.00000E+00  1.0E-07
  4.050E+01  1.19797E-01  4.93663E-23  1.76290E-06  0.00000E+00  1.0E-07
  4.100E+01  1.22645E-01  4.71138E-23  1.68246E-06  0.00000E+00  1.0E-07
  4.150E+01  1.25522E-01  4.49891E-23  1.60659E-06  0.00000E+00  1.0E-07
  4.200E+01  1.28428E-01  4.29836E-23  1.53497E-06  0.00000E+00  1.0E-07
  4.250E+01  1.31361E-01  4.10892E-23  1.46732E-06  0.00000E+00  1.0E-07
  4.300E+01  1.34323E-01  3.92986E-23  1.40338E-06  0.00000E+00  1.0E-07
  4.350E+01  1.37313E-01  3.76049E-23  1.34290E-06  0.00000E+00  1.0E-07
  4.400E+01  1.40330E-01  3.60019E-23  1.28565E-06  0.00000E+00  1.0E-07
  4.450E+01  1.43375E-01  3.44837E-23  1.23144E-06  0.00000E+00  1.0E-07
  4.500E+01  1.46447E-01  3.30449E-23  1.18006E-06  0.00000E+00  1.0E-07
  4.550E+01  1.49545E-01  3.16807E-23  1.13134E-06  0.00000E+00  1.0E-07
  4.600E+01  1.52671E-01  3.03863E-23  1.08511E-06  0.00000E+00  1.0E-07
  4.650E+01  1.55823E-01  2.91574E-23  1.04123E-06  0.00000E+00  1.0E-07
  4.700E+01  1.59001E-01  2.79901E-23  9.99546E-07  0.00000E+00  1.0E-07
  4.750E+01  1.62205E-01  2.68807E-23  9.59926E-07  0.00000E+00  1.0E-07
  4.800E+01  1.65435E-01  2.58256E-23  9.22249E-07  0.00000E+00  1.0E-07
  4.850E+01  1.68690E-01  2.48218E-23  8.86403E-07  0.00000E+00  1.0E-07
  4.900E+01  1.71970E-01  2.38662E-23  8.52279E-07  0.00000E+00  1.0E-07
  4.950E+01  1.75276E-01  2.29561E-23  8.19778E-07  0.00000E+00  1.0E-07
  5.000E+01  1.78606E-01  2.20889E-23  7.88808E-07  0.00000E+00  1.0E-07
  5.050E+01  1.81961E-01  2.12621E-23  7.59283E-07  0.00000E+00  1.0E-07
  5.100E+01  1.85340E-01  2.04735E-23  7.31121E-07  0.00000E+00  1.0E-07
  5.150E+01  1.88743E-01  1.97209E-23  7.04246E-07  0.00000E+00  1.0E-07
  5.200E+01  1.92169E-01  1.90024E-23  6.78589E-07  0.00000E+00  1.0E-07
  5.250E+01  1.95619E-01  1.83161E-23  6.54081E-07  0.00000E+00  1.0E-07
  5.300E+01  1.99092E-01  1.76604E-23  6.30663E-07  0.00000E+00  1.0E-07
  5.350E+01  2.02589E-01  1.70335E-23  6.08276E-07  0.00000E+00  1.0E-07
  5.400E+01  2.06107E-01  1.64339E-23  5.86865E-07  0.00000E+00  1.0E-07
  5.450E+01  2.09649E-01  1.58602E-23  5.66380E-07  0.00000E+00  1.0E-07
  5.500E+01  2.13212E-01  1.53112E-23  5.46772E-07  0.00000E+00  1.0E-07
  5.550E+01  2.16797E-01  1.47854E-23  5.27997E-07  0.00000E+00  1.0E-07
  5.600E+01  2.20404E-01  1.42818E-23  5.10011E-07  0.00000E+00  1.0E-07
  5.650E+01  2.24032E-01  1.37991E-23  4.92776E-07  0.00000E+00  1.0E-07
  5.700E+01  2.27680E-01  1.33364E-23  4.76252E-07  0.00000E+00  1.0E-07
  5.750E+01  2.31350E-01  1.28927E-23  4.60406E-07  0.00000E+00  1.0E-07
  5.800E+01  2.35040E-01  1.24670E-23  4.45203E-07  0.00000E+00  1.0E-07
  5.850E+01  2.38751E-01  1.20584E-23  4.30613E-07  0.00000E+00  1.0E-07
  5.900E+01  2.42481E-01  1.16662E-23  4.16606E-07  0.00000E+00  1.0E-07
  5.950E+01  2.46231E-01  1.12895E-23  4.03154E-07  0.00000E+00  1.0E-07
  6.000E+01  2.50000E-01  1.09276E-23  3.90231E-07  0.00000E+00  1.0E-07
  6.050E+01  2.53788E-01  1.05798E-23  3.77812E-07  0.00000E+00  1.0E-07
  6.100E+01  2.57595E-01  1.02455E-23  3.65872E-07  0.00000E+00  1.0E-07
  6.150E+01  2.61421E-01  9.92394E-24  3.54391E-07  0.00000E+00  1.0E-07
  6.200E+01  2.65264E-01  9.61465E-24  3.43346E-07  0.00000E+00  1.0E-07
  6.250E+01  2.69126E-01  9.31703E-24  3.32717E-07  0.00000E+00  1.0E-07
  6.300E+01  2.73005E-01  9.03056E-24  3.22487E-07  0.00000E+00  1.0E-07
  6.350E+01  2.76901E-01  8.75473E-24  3.12637E-07  0.00000E+00  1.0E-07
  6.400E+01  2.80814E-01  8.48907E-24  3.03150E-07  0.00000E+00  1.0E-07
  6.450E+01  2.84744E-01  8.23315E-24  2.94011E-07  0.00000E+00  1.0E-07
  6.500E+01  2.88691E-01  7.98652E-24  2.85204E-07  0.00000E+00  1.0E-07
  6.550E+01  2.92653E-01  7.74878E-24  2.76714E-07  0.00000E+00  1.0E-07
  6.600E+01  2.96632E-01  7.51956E-24  2.68528E-07  0.00000E+00  1.0E-07
  6.650E+01  3.00625E-01  7.29847E-24  2.60633E-07  0.00000E+00  1.0E-07
  6.700E+01  3.04634E-01  7.08517E-24  2.53016E-07  0.00000E+00  1.0E-07
  6.750E+01  3.08658E-01  6.87934E-24  2.45666E-07  0.00000E+00  1.0E-07
  6.800E+01  3.12697E-01  6.68067E-24  2.38571E-07  0.00000E+00  1.0E-07
  6.850E+01  3.16749E-01  6.48885E-24  2.31721E-07  0.00000E+00  1.0E-07
  6.900E+01  3.20816E-01  6.30360E-24  2.25106E-07  0.00000E+00  1.0E-07
  6.950E+01  3.24896E-01  6.12467E-24  2.18716E-07  0.00000E+00  1.0E-07
  7.000E+01  3.28990E-01  5.95178E-24  2.12542E-07  0.00000E+00  1.0E-07
  7.050E+01  3.33097E-01  5.78470E-24  2.06575E-07  0.00000E+00  1.0E-07
  7.100E+01  3.37216E-01  5.62319E-24  2.00808E-07  0.00000E+00  1.0E-07
  7.150E+01  3.41348E-01  5.46702E-24  1.95231E-07  0.00000E+00  1.0E-07
  7.200E+01  3.45492E-01  5.31599E-24  1.89838E-07  0.00000E+00  1.0E-07
  7.250E+01  3.49647E-01  5.16989E-24  1.84620E-07  0.00000E+00  1.0E-07
  7.300E+01  3.53814E-01  5.02853E-24  1.79572E-07  0.00000E+00  1.0E-07
  7.350E+01  3.57992E-01  4.89173E-24  1.74687E-07  0.00000E+00  1.0E-07
  7.400E+01  3.62181E-01  4.75932E-24  1.69958E-07  0.00000E+00  1.0E-07
  7.450E+01  3.66381E-01  4.63112E-24  1.65380E-07  0.00000E+00  1.0E-07
  7.500E+01  3.70590E-01  4.50698E-24  1.60947E-07  0.00000E+00  1.0E-07
  7.550E+01  3.74810E-01  4.38674E-24  1.56653E-07  0.00000E+00  1.0E-07
  7.600E+01  3.79039E-01  4.27026E-24  1.52494E-07  0.00000E+00  1.0E-07
  7.650E+01  3.83277E-01  4.15739E-24  1.48463E-07  0.00000E+00  1.0E-07
  7.700E+01  3.87524E-01  4.04800E-24  1.44557E-07  0.00000E+00  1.0E-07
  7.750E+01  3.91780E-01  3.94196E-24  1.40770E-07  0.00000E+00  1.0E-07
  7.800E+01  3.96044E-01  3.83915E-24  1.37099E-07  0.00000E+00  1.0E-07
  7.850E+01  4.00316E-01  3.73946E-24  1.33538E-07  0.00000E+00  1.0E-07
  7.900E+01  4.04596E-01  3.64277E-24  1.30086E-07  0.00000E+00  1.0E-07
  7.950E+01  4.08882E-01  3.54897E-24  1.26736E-07  0.00000E+00  1.0E-07
  8.000E+01  4.13176E-01  3.45796E-24  1.23486E-07  0.00000E+00  1.0E-07
  8.050E+01  4.17476E-01  3.36965E-24  1.20332E-07  0.00000E+00  1.0E-07
  8.100E+01  4.21783E-01  3.28394E-24  1.17272E-07  0.00000E+00  1.0E-07
  8.150E+01  4.26095E-01  3.20073E-24  1.14300E-07  0.00000E+00  1.0E-07
  8.200E+01  4.30413E-01  3.11994E-24  1.11415E-07  0.00000E+00  1.0E-07
  8.250E+01  4.34737E-01  3.04149E-24  1.08613E-07  0.00000E+00  1.0E-07
  8.300E+01  4.39065E-01  2.96528E-24  1.05892E-07  0.00000E+00  1.0E-07
  8.350E+01  4.43398E-01  2.89126E-24  1.03249E-07  0.00000E+00  1.0E-07
  8.400E+01  4.47736E-01  2.81934E-24  1.00680E-07  0.00000E+00  1.0E-07
  8.450E+01  4.52077E-01  2.74945E-24  9.81848E-08  0.00000E+00  1.0E-07
  8.500E+01  4.56422E-01  2.68153E-24  9.57593E-08  0.00000E+00  1.0E-07
  8.550E+01  4.60770E-01  2.61552E-24  9.34018E-08  0.00000E+00  1.0E-07
  8.600E+01  4.65122E-01  2.55133E-24  9.11098E-08  0.00000E+00  1.0E-07
  8.650E+01  4.69476E-01  2.48893E-24  8.88813E-08  0.00000E+00  1.0E-07
  8.700E+01  4.73832E-01  2.42824E-24  8.67141E-08  0.00000E+00  1.0E-07
  8.750E+01  4.78190E-01  2.36921E-24  8.46062E-08  0.00000E+00  1.0E-07
  8.800E+01  4.82550E-01  2.31179E-24  8.25557E-08  0.00000E+00  1.0E-07
  8.850E+01  4.86912E-01  2.25593E-24  8.05607E-08  0.00000E+00  1.0E-07
  8.900E+01  4.91274E-01  2.20157E-24  7.86195E-08  0.00000E+00  1.0E-07
  8.950E+01  4.95637E-01  2.14867E-24  7.67303E-08  0.00000E+00  1.0E-07
  9.000E+01  5.00000E-01  2.09718E-24  7.48916E-08  0.00000E+00  1.0E-07
  9.050E+01  5.04363E-01  2.04706E-24  7.31018E-08  0.00000E+00  1.0E-07
  9.100E+01  5.08726E-01  1.99826E-24  7.13593E-08  0.00000E+00  1.0E-07
  9.150E+01  5.13088E-01  1.95075E-24  6.96627E-08  0.00000E+00  1.0E-07
  9.200E+01  5.17450E-01  1.90449E-24  6.80105E-08  0.00000E+00  1.0E-07
  9.250E+01  5.21810E-01  1.85943E-24  6.64013E-08  0.00000E+00  1.0E-07
  9.300E+01  5.26168E-01  1.81553E-24  6.48338E-08  0.00000E+00  1.0E-07
  9.350E+01  5.30524E-01  1.77277E-24  6.33067E-08  0.00000E+00  1.0E-07
  9.400E+01  5.34878E-01  1.73110E-24  6.18188E-08  0.00000E+00  1.0E-07
  9.450E+01  5.39230E-01  1.69050E-24  6.03688E-08  0.00000E+00  1.0E-07
  9.500E+01  5.43578E-01  1.65093E-24  5.89558E-08  0.00000E+00  1.0E-07
  9.550E+01  5.47923E-01  1.61236E-24  5.75785E-08  0.00000E+00  1.0E-07
  9.600E+01  5.52264E-01  1.57477E-24  5.62360E-08  0.00000E+00  1.0E-07
  9.650E+01  5.56602E-01  1.53812E-24  5.49272E-08  0.00000E+00  1.0E-07
  9.700E+01  5.60935E-01  1.50239E-24  5.36512E-08  0.00000E+00  1.0E-07
  9.750E+01  5.65263E-01  1.46754E-24  5.24070E-08  0.00000E+00  1.0E-07
  9.800E+01  5.69587E-01  1.43357E-24  5.11936E-08  0.00000E+00  1.0E-07
  9.850E+01  5.73905E-01  1.40042E-24  5.00100E-08  0.00000E+00  1.0E-07
  9.900E+01  5.78217E-01  1.36809E-24  4.88555E-08  0.00000E+00  1.0E-07
  9.950E+01  5.82524E-01  1.33655E-24  4.77291E-08  0.00000E+00  1.0E-07
  1.000E+02  5.86824E-01  1.30578E-24  4.66301E-08  0.00000E+00  1.0E-07
  1.005E+02  5.91118E-01  1.27575E-24  4.55577E-08  0.00000E+00  1.0E-07
  1.010E+02  5.95404E-01  1.24644E-24  4.45112E-08  0.00000E+00  1.0E-07
  1.015E+02  5.99684E-01  1.21785E-24  4.34901E-08  0.00000E+00  1.0E-07
  1.020E+02  6.03956E-01  1.18994E-24  4.24935E-08  0.00000E+00  1.0E-07
  1.025E+02  6.08220E-01  1.16270E-24  4.15207E-08  0.00000E+00  1.0E-07
  1.030E+02  6.12476E-01  1.13610E-24  4.05709E-08  0.00000E+00  1.0E-07
  1.035E+02  6.16723E-01  1.11013E-24  3.96436E-08  0.00000E+00  1.0E-07
  1.040E+02  6.20961E-01  1.08478E-24  3.87380E-08  0.00000E+00  1.0E-07
  1.045E+02  6.25190E-01  1.06001E-24  3.78538E-08  0.00000E+00  1.0E-07
  1.050E+02  6.29410E-01  1.03583E-24  3.69902E-08  0.00000E+00  1.0E-07
  1.055E+02  6.33619E-01  1.01221E-24  3.61467E-08  0.00000E+00  1.0E-07
  1.060E+02  6.37819E-01  9.89140E-25  3.53228E-08  0.00000E+00  1.0E-07
  1.065E+02  6.42008E-01  9.66604E-25  3.45180E-08  0.00000E+00  1.0E-07
  1.070E+02  6.46186E-01  9.44587E-25  3.37318E-08  0.00000E+00  1.0E-07
  1.075E+02  6.50353E-01  9.23077E-25  3.29637E-08  0.00000E+00  1.0E-07
  1.080E+02  6.54508E-01  9.02060E-25  3.22131E-08  0.00000E+00  1.0E-07
  1.085E+02  6.58652E-01  8.81522E-25  3.14797E-08  0.00000E+00  1.0E-07
  1.090E+02  6.62784E-01  8.61450E-25  3.07629E-08  0.00000E+00  1.0E-07
  1.095E+02  6.66903E-01  8.41833E-25  3.00624E-08  0.00000E+00  1.0E-07
  1.100E+02  6.71010E-01  8.22658E-25  2.93776E-08  0.00000E+00  1.0E-07
  1.105E+02  6.75104E-01  8.03914E-25  2.87083E-08  0.00000E+00  1.0E-07
  1.110E+02  6.79184E-01  7.85591E-25  2.80540E-08  0.00000E+00  1.0E-07
  1.115E+02  6.83251E-01  7.67678E-25  2.74143E-08  0.00000E+00  1.0E-07
  1.120E+02  6.87303E-01  7.50163E-25  2.67888E-08  0.00000E+00  1.0E-07
  1.125E+02  6.91342E-01  7.33038E-25  2.61773E-08  0.00000E+00  1.0E-07
  1.130E+02  6.95366E-01  7.16293E-25  2.55793E-08  0.00000E+00  1.0E-07
  1.135E+02  6.99375E-01  6.99918E-25  2.49945E-08  0.00000E+00  1.0E-07
  1.140E+02  7.03368E-01  6.83903E-25  2.44226E-08  0.00000E+00  1.0E-07
  1.145E+02  7.07347E-01  6.68240E-25  2.38633E-08  0.00000E+00  1.0E-07
  1.150E+02  7.11309E-01  6.52920E-25  2.33162E-08  0.00000E+00  1.0E-07
  1.155E+02  7.15256E-01  6.37934E-25  2.27810E-08  0.00000E+00  1.0E-07
  1.160E+02  7.19186E-01  6.23274E-25  2.22575E-08  0.00000E+00  1.0E-07
  1.165E+02  7.23099E-01  6.08932E-25  2.17454E-08  0.00000E+00  1.0E-07
  1.170E+02  7.26995E-01  5.94901E-25  2.12443E-08  0.00000E+00  1.0E-07
  1.175E+02  7.30874E-01  5.81173E-25  2.07541E-08  0.00000E+00  1.0E-07
  1.180E+02  7.34736E-01  5.67741E-25  2.02744E-08  0.00000E+00  1.0E-07
  1.185E+02  7.38579E-01  5.54597E-25  1.98050E-08  0.00000E+00  1.0E-07
  1.190E+02  7.42405E-01  5.41735E-25  1.93457E-08  0.00000E+00  1.0E-07
  1.195E+02  7.46212E-01  5.29148E-25  1.88962E-08  0.00000E+00  1.0E-07
  1.200E+02  7.50000E-01  5.16830E-25  1.84563E-08  0.00000E+00  1.0E-07
  1.205E+02  7.53769E-01  5.04774E-25  1.80258E-08  0.00000E+00  1.0E-07
  1.210E+02  7.57519E-01  4.92975E-25  1.76044E-08  0.00000E+00  1.0E-07
  1.215E+02  7.61249E-01  4.81425E-25  1.71920E-08  0.00000E+00  1.0E-07
  1.220E+02  7.64960E-01  4.70121E-25  1.67883E-08  0.00000E+00  1.0E-07
  1.225E+02  7.68650E-01  4.59054E-25  1.63931E-08  0.00000E+00  1.0E-07
  1.230E+02  7.72320E-01  4.48221E-25  1.60063E-08  0.00000E+00  1.0E-07
  1.235E+02  7.75968E-01  4.37616E-25  1.56276E-08  0.00000E+00  1.0E-07
  1.240E+02  7.79596E-01  4.27234E-25  1.52568E-08  0.00000E+00  1.0E-07
  1.245E+02  7.83203E-01  4.17069E-25  1.48938E-08  0.00000E+00  1.0E-07
  1.250E+02  7.86788E-01  4.07117E-25  1.45384E-08  0.00000E+00  1.0E-07
  1.255E+02  7.90351E-01  3.97374E-25  1.41905E-08  0.00000E+00  1.0E-07
  1.260E+02  7.93893E-01  3.87833E-25  1.38498E-08  0.00000E+00  1.0E-07
  1.265E+02  7.97411E-01  3.78492E-25  1.35162E-08  0.00000E+00  1.0E-07
  1.270E+02  8.00908E-01  3.69345E-25  1.31895E-08  0.00000E+00  1.0E-07
  1.275E+02  8.04381E-01  3.60388E-25  1.28697E-08  0.00000E+00  1.0E-07
  1.280E+02  8.07831E-01  3.51618E-25  1.25565E-08  0.00000E+00  1.0E-07
  1.285E+02  8.11257E-01  3.43029E-25  1.22498E-08  0.00000E+00  1.0E-07
  1.290E+02  8.14660E-01  3.34619E-25  1.19495E-08  0.00000E+00  1.0E-07
  1.295E+02  8.18039E-01  3.26383E-25  1.16553E-08  0.00000E+00  1.0E-07
  1.300E+02  8.21394E-01  3.18317E-25  1.13673E-08  0.00000E+00  1.0E-07
  1.305E+02  8.24724E-01  3.10419E-25  1.10853E-08  0.00000E+00  1.0E-07
  1.310E+02  8.28030E-01  3.02684E-25  1.08090E-08  0.00000E+00  1.0E-07
  1.315E+02  8.31310E-01  2.95108E-25  1.05385E-08  0.00000E+00  1.0E-07
  1.320E+02  8.34565E-01  2.87689E-25  1.02736E-08  0.00000E+00  1.0E-07
  1.325E+02  8.37795E-01  2.80424E-25  1.00141E-08  0.00000E+00  1.0E-07
  1.330E+02  8.40999E-01  2.73309E-25  9.76003E-09  0.00000E+00  1.0E-07
  1.335E+02  8.44177E-01  2.66340E-25  9.51118E-09  0.00000E+00  1.0E-07
  1.340E+02  8.47329E-01  2.59516E-25  9.26749E-09  0.00000E+00  1.0E-07
  1.345E+02  8.50455E-01  2.52833E-25  9.02883E-09  0.00000E+00  1.0E-07
  1.350E+02  8.53553E-01  2.46288E-25  8.79511E-09  0.00000E+00  1.0E-07
  1.355E+02  8.56625E-01  2.39879E-25  8.56623E-09  0.00000E+00  1.0E-07
  1.360E+02  8.59670E-01  2.33602E-25  8.34209E-09  0.00000E+00  1.0E-07
  1.365E+02  8.62687E-01  2.27456E-25  8.12259E-09  0.00000E+00  1.0E-07
  1.370E+02  8.65677E-01  2.21437E-25  7.90765E-09  0.00000E+00  1.0E-07
  1.375E+02  8.68639E-01  2.15543E-25  7.69718E-09  0.00000E+00  1.0E-07
  1.380E+02  8.71572E-01  2.09772E-25  7.49109E-09  0.00000E+00  1.0E-07
  1.385E+02  8.74478E-01  2.04121E-25  7.28929E-09  0.00000E+00  1.0E-07
  1.390E+02  8.77355E-01  1.98588E-25  7.09170E-09  0.00000E+00  1.0E-07
  1.395E+02  8.80203E-01  1.93170E-25  6.89824E-09  0.00000E+00  1.0E-07
  1.400E+02  8.83022E-01  1.87866E-25  6.70883E-09  0.00000E+00  1.0E-07
  1.405E+02  8.85812E-01  1.82674E-25  6.52340E-09  0.00000E+00  1.0E-07
  1.410E+02  8.88573E-01  1.77590E-25  6.34187E-09  0.00000E+00  1.0E-07
  1.415E+02  8.91304E-01  1.72614E-25  6.16416E-09  0.00000E+00  1.0E-07
  1.420E+02  8.94005E-01  1.67743E-25  5.99022E-09  0.00000E+00  1.0E-07
  1.425E+02  8.96677E-01  1.62975E-25  5.81996E-09  0.00000E+00  1.0E-07
  1.430E+02  8.99318E-01  1.58309E-25  5.65332E-09  0.00000E+00  1.0E-07
  1.435E+02  9.01928E-01  1.53742E-25  5.49024E-09  0.00000E+00  1.0E-07
  1.440E+02  9.04508E-01  1.49273E-25  5.33065E-09  0.00000E+00  1.0E-07
  1.445E+02  9.07058E-01  1.44901E-25  5.17449E-09  0.00000E+00  1.0E-07
  1.450E+02  9.09576E-01  1.40622E-25  5.02171E-09  0.00000E+00  1.0E-07
  1.455E+02  9.12063E-01  1.36436E-25  4.87223E-09  0.00000E+00  1.0E-07
  1.460E+02  9.14519E-01  1.32342E-25  4.72601E-09  0.00000E+00  1.0E-07
  1.465E+02  9.16943E-01  1.28337E-25  4.58299E-09  0.00000E+00  1.0E-07
  1.470E+02  9.19335E-01  1.24420E-25  4.44311E-09  0.00000E+00  1.0E-07
  1.475E+02  9.21696E-01  1.20589E-25  4.30632E-09  0.00000E+00  1.0E-07
  1.480E+02  9.24024E-01  1.16844E-25  4.17257E-09  0.00000E+00  1.0E-07
  1.485E+02  9.26320E-01  1.13182E-25  4.04181E-09  0.00000E+00  1.0E-07
  1.490E+02  9.28584E-01  1.09603E-25  3.91399E-09  0.00000E+00  1.0E-07
  1.495E+02  9.30815E-01  1.06104E-25  3.78906E-09  0.00000E+00  1.0E-07
  1.500E+02  9.33013E-01  1.02686E-25  3.66697E-09  0.00000E+00  1.0E-07
  1.505E+02  9.35178E-01  9.93455E-26  3.54769E-09  0.00000E+00  1.0E-07
  1.510E+02  9.37310E-01  9.60824E-26  3.43116E-09  0.00000E+00  1.0E-07
  1.515E+02  9.39409E-01  9.28953E-26  3.31735E-09  0.00000E+00  1.0E-07
  1.520E+02  9.41474E-01  8.97831E-26  3.20621E-09  0.00000E+00  1.0E-07
  1.525E+02  9.43505E-01  8.67445E-26  3.09770E-09  0.00000E+00  1.0E-07
  1.530E+02  9.45503E-01  8.37786E-26  2.99179E-09  0.00000E+00  1.0E-07
  1.535E+02  9.47467E-01  8.08841E-26  2.88842E-09  0.00000E+00  1.0E-07
  1.540E+02  9.49397E-01  7.80601E-26  2.78758E-09  0.00000E+00  1.0E-07
  1.545E+02  9.51293E-01  7.53056E-26  2.68921E-09  0.00000E+00  1.0E-07
  1.550E+02  9.53154E-01  7.26196E-26  2.59329E-09  0.00000E+00  1.0E-07
  1.555E+02  9.54981E-01  7.00011E-26  2.49978E-09  0.00000E+00  1.0E-07
  1.560E+02  9.56773E-01  6.74492E-26  2.40865E-09  0.00000E+00  1.0E-07
  1.565E+02  9.58530E-01  6.49629E-26  2.31987E-09  0.00000E+00  1.0E-07
  1.570E+02  9.60252E-01  6.25415E-26  2.23340E-09  0.00000E+00  1.0E-07
  1.575E+02  9.61940E-01  6.01840E-26  2.14921E-09  0.00000E+00  1.0E-07
  1.580E+02  9.63592E-01  5.78896E-26  2.06727E-09  0.00000E+00  1.0E-07
  1.585E+02  9.65209E-01  5.56575E-26  1.98756E-09  0.00000E+00  1.0E-07
  1.590E+02  9.66790E-01  5.34869E-26  1.91005E-09  0.00000E+00  1.0E-07
  1.595E+02  9.68336E-01  5.13772E-26  1.83471E-09  0.00000E+00  1.0E-07
  1.600E+02  9.69846E-01  4.93274E-26  1.76151E-09  0.00000E+00  1.0E-07
  1.605E+02  9.71321E-01  4.73370E-26  1.69044E-09  0.00000E+00  1.0E-07
  1.610E+02  9.72759E-01  4.54053E-26  1.62145E-09  0.00000E+00  1.0E-07
  1.615E+02  9.74162E-01  4.35315E-26  1.55454E-09  0.00000E+00  1.0E-07
  1.620E+02  9.75528E-01  4.17150E-26  1.48967E-09  0.00000E+00  1.0E-07
  1.625E+02  9.76858E-01  3.99552E-26  1.42683E-09  0.00000E+00  1.0E-07
  1.630E+02  9.78152E-01  3.82516E-26  1.36599E-09  0.00000E+00  1.0E-07
  1.635E+02  9.79410E-01  3.66035E-26  1.30713E-09  0.00000E+00  1.0E-07
  1.640E+02  9.80631E-01  3.50103E-26  1.25024E-09  0.00000E+00  1.0E-07
  1.645E+02  9.81815E-01  3.34715E-26  1.19529E-09  0.00000E+00  1.0E-07
  1.650E+02  9.82963E-01  3.19866E-26  1.14226E-09  0.00000E+00  1.0E-07
  1.655E+02  9.84074E-01  3.05552E-26  1.09114E-09  0.00000E+00  1.0E-07
  1.660E+02  9.85148E-01  2.91766E-26  1.04191E-09  0.00000E+00  1.0E-07
  1.665E+02  9.86185E-01  2.78504E-26  9.94557E-10  0.00000E+00  1.0E-07
  1.670E+02  9.87185E-01  2.65763E-26  9.49057E-10  0.00000E+00  1.0E-07
  1.675E+02  9.88148E-01  2.53537E-26  9.05397E-10  0.00000E+00  1.0E-07
  1.680E+02  9.89074E-01  2.41823E-26  8.63565E-10  0.00000E+00  1.0E-07
  1.685E+02  9.89962E-01  2.30616E-26  8.23545E-10  0.00000E+00  1.0E-07
  1.690E+02  9.90814E-01  2.19913E-26  7.85325E-10  0.00000E+00  1.0E-07
  1.695E+02  9.91627E-01  2.09711E-26  7.48891E-10  0.00000E+00  1.0E-07
  1.700E+02  9.92404E-01  2.00005E-26  7.14231E-10  0.00000E+00  1.0E-07
  1.705E+02  9.93143E-01  1.90793E-26  6.81334E-10  0.00000E+00  1.0E-07
  1.710E+02  9.93844E-01  1.82072E-26  6.50190E-10  0.00000E+00  1.0E-07
  1.715E+02  9.94508E-01  1.73838E-26  6.20786E-10  0.00000E+00  1.0E-07
  1.720E+02  9.95134E-01  1.66089E-26  5.93115E-10  0.00000E+00  1.0E-07
  1.725E+02  9.95722E-01  1.58823E-26  5.67166E-10  0.00000E+00  1.0E-07
  1.730E+02  9.96273E-01  1.52036E-26  5.42930E-10  0.00000E+00  1.0E-07
  1.735E+02  9.96786E-01  1.45727E-26  5.20401E-10  0.00000E+00  1.0E-07
  1.740E+02  9.97261E-01  1.39894E-26  4.99571E-10  0.00000E+00  1.0E-07
  1.745E+02  9.97698E-01  1.34535E-26  4.80432E-10  0.00000E+00  1.0E-07
  1.750E+02  9.98097E-01  1.29647E-26  4.62978E-10  0.00000E+00  1.0E-07
  1.755E+02  9.98459E-01  1.25230E-26  4.47204E-10  0.00000E+00  1.0E-07
  1.760E+02  9.98782E-01  1.21282E-26  4.33104E-10  0.00000E+00  1.0E-07
  1.765E+02  9.99067E-01  1.17801E-26  4.20674E-10  0.00000E+00  1.0E-07
  1.770E+02  9.99315E-01  1.14786E-26  4.09910E-10  0.00000E+00  1.0E-07
  1.775E+02  9.99524E-01  1.12237E-26  4.00807E-10  0.00000E+00  1.0E-07
  1.780E+02  9.99695E-01  1.10153E-26  3.93364E-10  0.00000E+00  1.0E-07
  1.785E+02  9.99829E-01  1.08533E-26  3.87577E-10  0.00000E+00  1.0E-07
  1.790E+02  9.99924E-01  1.07376E-26  3.83445E-10  0.00000E+00  1.0E-07
  1.795E+02  9.99981E-01  1.06681E-26  3.80966E-10  0.00000E+00  1.0E-07
  1.800E+02  1.00000E+00  1.06450E-26  3.80140E-10  0.00000E+00  1.1E-07
