 #
 # Subroutine ELSEPA. Elastic scattering of electrons and positrons
 #                    by neutral atoms and positive ions
 #
 # Projectile: electron
 # Kinetic energy = 3.70000E+06 eV = 1.35973E+05 a.u.
 #
 # WARNING: High-energy factorization with free-atom DF screening.
 #          Absorption, polarization and exchange corrections are
 #          switched off.
 #          Phase shifts are calculated for the bare nucleus.
 #          Scattering amplitudes are not evaluated.
 #
 # Element: Sb,  Z =  51,  atomic weight = 1.21760E+02 g/mol
 #
 # Nuclear model: Fermi distribution
 #                Average radius = 5.30337E-13 cm
 #                Skin thickness = 5.46000E-14 cm
 #
 # Number of electrons = 51
 #
 # Total elastic cross section = 5.40328E-18 cm**2 = 1.92955E-01 a0**2
 # 1st transport cross section = 2.29990E-22 cm**2 = 8.21310E-06 a0**2
 # 2nd transport cross section = 6.37865E-22 cm**2 = 2.27786E-05 a0**2
 #
 #
 # Differential cross section:                       MU=(1-COS(THETA))/2
 #
 #  THETA        MU          DCS          DCS        Sherman      error
 #  (deg)                 (cm**2/sr)   (a0**2/sr)    function
 #----------------------------------------------------------------------
  0.000E+00  0.00000E+00  8.04746E-13  2.87380E+04  0.00000E+00  1.0E-05
  1.000E-04  7.61557E-13  8.04743E-13  2.87379E+04  0.00000E+00  1.0E-05
  1.250E-04  1.18994E-12  8.04741E-13  2.87378E+04  0.00000E+00  1.0E-05
  1.500E-04  1.71346E-12  8.04739E-13  2.87378E+04  0.00000E+00  1.0E-05
  1.750E-04  2.33225E-12  8.04736E-13  2.87377E+04  0.00000E+00  1.0E-05
  2.000E-04  3.04617E-12  8.04733E-13  2.87376E+04  0.00000E+00  1.0E-05
  2.250E-04  3.85530E-12  8.04730E-13  2.87374E+04  0.00000E+00  1.0E-05
  2.500E-04  4.75964E-12  8.04726E-13  2.87373E+04  0.00000E+00  1.0E-05
  2.750E-04  5.75917E-12  8.04722E-13  2.87371E+04  0.00000E+00  1.0E-05
  3.000E-04  6.85391E-12  8.04717E-13  2.87370E+04  0.00000E+00  1.0E-05
  3.250E-04  8.04379E-12  8.04712E-13  2.87368E+04  0.00000E+00  1.0E-05
  3.500E-04  9.32893E-12  8.04707E-13  2.87366E+04  0.00000E+00  1.0E-05
  3.750E-04  1.07092E-11  8.04701E-13  2.87364E+04  0.00000E+00  1.0E-05
  4.000E-04  1.21847E-11  8.04694E-13  2.87362E+04  0.00000E+00  1.0E-05
  4.250E-04  1.37554E-11  8.04688E-13  2.87359E+04  0.00000E+00  1.0E-05
  4.500E-04  1.54213E-11  8.04681E-13  2.87357E+04  0.00000E+00  1.0E-05
  4.750E-04  1.71823E-11  8.04673E-13  2.87354E+04  0.00000E+00  1.0E-05
  5.000E-04  1.90386E-11  8.04665E-13  2.87351E+04  0.00000E+00  1.0E-05
  5.250E-04  2.09900E-11  8.04657E-13  2.87348E+04  0.00000E+00  1.0E-05
  5.500E-04  2.30367E-11  8.04648E-13  2.87345E+04  0.00000E+00  1.0E-05
  5.750E-04  2.51785E-11  8.04639E-13  2.87342E+04  0.00000E+00  1.0E-05
  6.000E-04  2.74156E-11  8.04629E-13  2.87338E+04  0.00000E+00  1.0E-05
  6.250E-04  2.97478E-11  8.04619E-13  2.87335E+04  0.00000E+00  1.0E-05
  6.500E-04  3.21752E-11  8.04609E-13  2.87331E+04  0.00000E+00  1.0E-05
  6.750E-04  3.46979E-11  8.04598E-13  2.87327E+04  0.00000E+00  1.0E-05
  7.000E-04  3.73157E-11  8.04587E-13  2.87323E+04  0.00000E+00  1.0E-05
  7.250E-04  4.00286E-11  8.04575E-13  2.87319E+04  0.00000E+00  1.0E-05
  7.500E-04  4.28368E-11  8.04563E-13  2.87315E+04  0.00000E+00  1.0E-05
  7.750E-04  4.57402E-11  8.04550E-13  2.87310E+04  0.00000E+00  1.0E-05
  8.000E-04  4.87388E-11  8.04538E-13  2.87306E+04  0.00000E+00  1.0E-05
  8.250E-04  5.18325E-11  8.04524E-13  2.87301E+04  0.00000E+00  1.0E-05
  8.500E-04  5.50215E-11  8.04511E-13  2.87296E+04  0.00000E+00  1.0E-05
  8.750E-04  5.83057E-11  8.04496E-13  2.87291E+04  0.00000E+00  1.0E-05
  9.000E-04  6.16850E-11  8.04482E-13  2.87286E+04  0.00000E+00  1.0E-05
  9.250E-04  6.51595E-11  8.04467E-13  2.87280E+04  0.00000E+00  1.0E-05
  9.500E-04  6.87293E-11  8.04452E-13  2.87275E+04  0.00000E+00  1.0E-05
  9.750E-04  7.23943E-11  8.04436E-13  2.87269E+04  0.00000E+00  1.0E-05
  1.000E-03  7.61544E-11  8.04420E-13  2.87264E+04  0.00000E+00  1.0E-05
  1.250E-03  1.18991E-10  8.04236E-13  2.87198E+04  0.00000E+00  1.0E-05
  1.500E-03  1.71347E-10  8.04011E-13  2.87118E+04  0.00000E+00  1.0E-05
  1.750E-03  2.33223E-10  8.03746E-13  2.87023E+04  0.00000E+00  1.0E-05
  2.000E-03  3.04617E-10  8.03439E-13  2.86913E+04  0.00000E+00  1.0E-05
  2.250E-03  3.85531E-10  8.03092E-13  2.86789E+04  0.00000E+00  1.0E-05
  2.500E-03  4.75965E-10  8.02705E-13  2.86651E+04  0.00000E+00  1.0E-05
  2.750E-03  5.75917E-10  8.02277E-13  2.86498E+04  0.00000E+00  1.0E-05
  3.000E-03  6.85389E-10  8.01808E-13  2.86331E+04  0.00000E+00  1.0E-05
  3.250E-03  8.04380E-10  8.01300E-13  2.86149E+04  0.00000E+00  1.0E-05
  3.500E-03  9.32891E-10  8.00751E-13  2.85953E+04  0.00000E+00  1.0E-05
  3.750E-03  1.07092E-09  8.00162E-13  2.85743E+04  0.00000E+00  1.0E-05
  4.000E-03  1.21847E-09  7.99533E-13  2.85518E+04  0.00000E+00  1.0E-05
  4.250E-03  1.37554E-09  7.98865E-13  2.85280E+04  0.00000E+00  1.0E-05
  4.500E-03  1.54213E-09  7.98157E-13  2.85027E+04  0.00000E+00  1.0E-05
  4.750E-03  1.71823E-09  7.97409E-13  2.84760E+04  0.00000E+00  1.0E-05
  5.000E-03  1.90386E-09  7.96623E-13  2.84479E+04  0.00000E+00  1.0E-05
  5.250E-03  2.09900E-09  7.95797E-13  2.84184E+04  0.00000E+00  1.0E-05
  5.500E-03  2.30367E-09  7.94933E-13  2.83876E+04  0.00000E+00  1.0E-05
  5.750E-03  2.51785E-09  7.94029E-13  2.83553E+04  0.00000E+00  1.0E-05
  6.000E-03  2.74156E-09  7.93088E-13  2.83217E+04  0.00000E+00  1.0E-05
  6.250E-03  2.97478E-09  7.92108E-13  2.82867E+04  0.00000E+00  1.0E-05
  6.500E-03  3.21752E-09  7.91090E-13  2.82504E+04  0.00000E+00  1.0E-05
  6.750E-03  3.46978E-09  7.90035E-13  2.82127E+04  0.00000E+00  1.0E-05
  7.000E-03  3.73156E-09  7.88942E-13  2.81736E+04  0.00000E+00  1.0E-05
  7.250E-03  4.00286E-09  7.87812E-13  2.81333E+04  0.00000E+00  1.0E-05
  7.500E-03  4.28368E-09  7.86645E-13  2.80916E+04  0.00000E+00  1.0E-05
  7.750E-03  4.57402E-09  7.85441E-13  2.80486E+04  0.00000E+00  1.0E-05
  8.000E-03  4.87388E-09  7.84201E-13  2.80043E+04  0.00000E+00  1.0E-05
  8.250E-03  5.18326E-09  7.82924E-13  2.79587E+04  0.00000E+00  1.0E-05
  8.500E-03  5.50215E-09  7.81612E-13  2.79119E+04  0.00000E+00  1.0E-05
  8.750E-03  5.83057E-09  7.80264E-13  2.78637E+04  0.00000E+00  1.0E-05
  9.000E-03  6.16850E-09  7.78881E-13  2.78144E+04  0.00000E+00  1.0E-05
  9.250E-03  6.51596E-09  7.77463E-13  2.77637E+04  0.00000E+00  1.0E-05
  9.500E-03  6.87293E-09  7.76011E-13  2.77119E+04  0.00000E+00  1.0E-05
  9.750E-03  7.23942E-09  7.74524E-13  2.76588E+04  0.00000E+00  1.0E-05
  1.000E-02  7.61544E-09  7.73003E-13  2.76045E+04  0.00000E+00  1.0E-05
  1.250E-02  1.18991E-08  7.56008E-13  2.69975E+04  0.00000E+00  1.0E-05
  1.500E-02  1.71347E-08  7.35936E-13  2.62807E+04  0.00000E+00  1.0E-05
  1.750E-02  2.33223E-08  7.13372E-13  2.54750E+04  0.00000E+00  1.0E-05
  2.000E-02  3.04617E-08  6.88755E-13  2.45959E+04  0.00000E+00  1.0E-05
  2.250E-02  3.85531E-08  6.62375E-13  2.36538E+04  0.00000E+00  1.0E-05
  2.500E-02  4.75965E-08  6.34703E-13  2.26657E+04  0.00000E+00  1.0E-05
  2.750E-02  5.75917E-08  6.06295E-13  2.16512E+04  0.00000E+00  1.0E-05
  3.000E-02  6.85389E-08  5.77557E-13  2.06249E+04  0.00000E+00  1.0E-05
  3.250E-02  8.04380E-08  5.48701E-13  1.95945E+04  0.00000E+00  1.0E-05
  3.500E-02  9.32891E-08  5.19969E-13  1.85684E+04  0.00000E+00  1.0E-05
  3.750E-02  1.07092E-07  4.91832E-13  1.75636E+04  0.00000E+00  1.0E-05
  4.000E-02  1.21847E-07  4.64498E-13  1.65875E+04  0.00000E+00  1.0E-05
  4.250E-02  1.37554E-07  4.38064E-13  1.56435E+04  0.00000E+00  1.0E-05
  4.500E-02  1.54213E-07  4.12502E-13  1.47307E+04  0.00000E+00  1.0E-05
  4.750E-02  1.71823E-07  3.88141E-13  1.38608E+04  0.00000E+00  1.0E-05
  5.000E-02  1.90386E-07  3.65023E-13  1.30352E+04  0.00000E+00  1.0E-05
  5.250E-02  2.09900E-07  3.43163E-13  1.22546E+04  0.00000E+00  1.0E-05
  5.500E-02  2.30367E-07  3.22377E-13  1.15123E+04  0.00000E+00  1.0E-05
  5.750E-02  2.51785E-07  3.02865E-13  1.08155E+04  0.00000E+00  1.0E-05
  6.000E-02  2.74156E-07  2.84588E-13  1.01628E+04  0.00000E+00  1.0E-05
  6.250E-02  2.97478E-07  2.67495E-13  9.55241E+03  0.00000E+00  1.0E-05
  6.500E-02  3.21752E-07  2.51433E-13  8.97885E+03  0.00000E+00  1.0E-05
  6.750E-02  3.46978E-07  2.36446E-13  8.44363E+03  0.00000E+00  1.0E-05
  7.000E-02  3.73156E-07  2.22490E-13  7.94527E+03  0.00000E+00  1.0E-05
  7.250E-02  4.00286E-07  2.09502E-13  7.48144E+03  0.00000E+00  1.0E-05
  7.500E-02  4.28368E-07  1.97367E-13  7.04812E+03  0.00000E+00  1.0E-05
  7.750E-02  4.57402E-07  1.86058E-13  6.64427E+03  0.00000E+00  1.0E-05
  8.000E-02  4.87388E-07  1.75545E-13  6.26881E+03  0.00000E+00  1.0E-05
  8.250E-02  5.18325E-07  1.65767E-13  5.91964E+03  0.00000E+00  1.0E-05
  8.500E-02  5.50215E-07  1.56648E-13  5.59398E+03  0.00000E+00  1.0E-05
  8.750E-02  5.83057E-07  1.48134E-13  5.28996E+03  0.00000E+00  1.0E-05
  9.000E-02  6.16850E-07  1.40209E-13  5.00696E+03  0.00000E+00  1.0E-05
  9.250E-02  6.51596E-07  1.32827E-13  4.74333E+03  0.00000E+00  1.0E-05
  9.500E-02  6.87293E-07  1.25935E-13  4.49724E+03  0.00000E+00  1.0E-05
  9.750E-02  7.23942E-07  1.19479E-13  4.26669E+03  0.00000E+00  1.0E-05
  1.000E-01  7.61543E-07  1.13452E-13  4.05146E+03  0.00000E+00  1.0E-05
  1.250E-01  1.18991E-06  7.03513E-14  2.51229E+03  0.00000E+00  1.0E-05
  1.500E-01  1.71347E-06  4.55668E-14  1.62722E+03  0.00000E+00  1.0E-05
  1.750E-01  2.33223E-06  3.10709E-14  1.10956E+03  0.00000E+00  1.0E-05
  2.000E-01  3.04617E-06  2.18096E-14  7.78835E+02  0.00000E+00  1.0E-05
  2.250E-01  3.85531E-06  1.55184E-14  5.54172E+02  0.00000E+00  1.0E-05
  2.500E-01  4.75964E-06  1.12579E-14  4.02026E+02  0.00000E+00  1.0E-05
  2.750E-01  5.75916E-06  8.34862E-15  2.98135E+02  0.00000E+00  1.0E-05
  3.000E-01  6.85388E-06  6.31415E-15  2.25482E+02  0.00000E+00  1.0E-05
  3.250E-01  8.04378E-06  4.85963E-15  1.73540E+02  0.00000E+00  1.0E-05
  3.500E-01  9.32888E-06  3.80607E-15  1.35917E+02  0.00000E+00  1.0E-05
  3.750E-01  1.07092E-05  3.03299E-15  1.08310E+02  0.00000E+00  1.0E-05
  4.000E-01  1.21846E-05  2.45428E-15  8.76438E+01  0.00000E+00  1.0E-05
  4.250E-01  1.37553E-05  2.01271E-15  7.18753E+01  0.00000E+00  1.0E-05
  4.500E-01  1.54212E-05  1.66886E-15  5.95961E+01  0.00000E+00  1.0E-05
  4.750E-01  1.71822E-05  1.39823E-15  4.99318E+01  0.00000E+00  1.0E-05
  5.000E-01  1.90385E-05  1.18179E-15  4.22024E+01  0.00000E+00  1.0E-05
  5.250E-01  2.09899E-05  1.00736E-15  3.59734E+01  0.00000E+00  1.0E-05
  5.500E-01  2.30365E-05  8.63307E-16  3.08292E+01  0.00000E+00  1.0E-05
  5.750E-01  2.51783E-05  7.44204E-16  2.65760E+01  0.00000E+00  1.0E-05
  6.000E-01  2.74153E-05  6.44877E-16  2.30290E+01  0.00000E+00  1.0E-05
  6.250E-01  2.97475E-05  5.61435E-16  2.00492E+01  0.00000E+00  1.0E-05
  6.500E-01  3.21749E-05  4.90566E-16  1.75184E+01  0.00000E+00  1.0E-05
  6.750E-01  3.46974E-05  4.30188E-16  1.53623E+01  0.00000E+00  1.0E-05
  7.000E-01  3.73152E-05  3.78671E-16  1.35226E+01  0.00000E+00  1.0E-05
  7.250E-01  4.00281E-05  3.34539E-16  1.19466E+01  0.00000E+00  1.0E-05
  7.500E-01  4.28362E-05  2.96439E-16  1.05860E+01  0.00000E+00  1.0E-05
  7.750E-01  4.57395E-05  2.63489E-16  9.40937E+00  0.00000E+00  1.0E-05
  8.000E-01  4.87380E-05  2.34933E-16  8.38961E+00  0.00000E+00  1.0E-05
  8.250E-01  5.18317E-05  2.10084E-16  7.50225E+00  0.00000E+00  1.0E-05
  8.500E-01  5.50205E-05  1.88351E-16  6.72615E+00  0.00000E+00  1.0E-05
  8.750E-01  5.83045E-05  1.69289E-16  6.04540E+00  0.00000E+00  1.0E-05
  9.000E-01  6.16838E-05  1.52560E-16  5.44800E+00  0.00000E+00  1.0E-05
  9.250E-01  6.51582E-05  1.37835E-16  4.92219E+00  0.00000E+00  1.0E-05
  9.500E-01  6.87277E-05  1.24831E-16  4.45781E+00  0.00000E+00  1.0E-05
  9.750E-01  7.23925E-05  1.13308E-16  4.04630E+00  0.00000E+00  1.0E-05
  1.000E+00  7.61524E-05  1.03090E-16  3.68143E+00  0.00000E+00  4.2E-06
  1.100E+00  9.21439E-05  7.21622E-17  2.57696E+00  0.00000E+00  3.1E-06
  1.200E+00  1.09658E-04  5.20773E-17  1.85971E+00  0.00000E+00  1.7E-06
  1.300E+00  1.28695E-04  3.85643E-17  1.37716E+00  0.00000E+00  3.2E-07
  1.400E+00  1.49255E-04  2.91792E-17  1.04201E+00  0.00000E+00  7.3E-07
  1.500E+00  1.71338E-04  2.25113E-17  8.03893E-01  0.00000E+00  1.2E-06
  1.600E+00  1.94942E-04  1.76554E-17  6.30484E-01  0.00000E+00  1.3E-06
  1.700E+00  2.20070E-04  1.40435E-17  5.01501E-01  0.00000E+00  1.0E-06
  1.800E+00  2.46720E-04  1.13066E-17  4.03767E-01  0.00000E+00  5.6E-07
  1.900E+00  2.74892E-04  9.20623E-18  3.28761E-01  0.00000E+00  1.0E-07
  2.000E+00  3.04586E-04  7.57204E-18  2.70402E-01  0.00000E+00  3.4E-07
  2.100E+00  3.35803E-04  6.28456E-18  2.24426E-01  0.00000E+00  5.6E-07
  2.200E+00  3.68542E-04  5.25685E-18  1.87725E-01  0.00000E+00  5.9E-07
  2.300E+00  4.02802E-04  4.43082E-18  1.58227E-01  0.00000E+00  4.7E-07
  2.400E+00  4.38585E-04  3.76070E-18  1.34297E-01  0.00000E+00  2.5E-07
  2.500E+00  4.75889E-04  3.21249E-18  1.14720E-01  0.00000E+00  1.0E-07
  2.600E+00  5.14715E-04  2.75989E-18  9.85575E-02  0.00000E+00  2.0E-07
  2.700E+00  5.55063E-04  2.38422E-18  8.51421E-02  0.00000E+00  3.1E-07
  2.800E+00  5.96931E-04  2.07036E-18  7.39339E-02  0.00000E+00  3.2E-07
  2.900E+00  6.40321E-04  1.80648E-18  6.45108E-02  0.00000E+00  2.5E-07
  3.000E+00  6.85233E-04  1.58323E-18  5.65381E-02  0.00000E+00  1.3E-07
  3.100E+00  7.31665E-04  1.39341E-18  4.97595E-02  0.00000E+00  1.0E-07
  3.200E+00  7.79618E-04  1.23126E-18  4.39690E-02  0.00000E+00  1.3E-07
  3.300E+00  8.29092E-04  1.09206E-18  3.89982E-02  0.00000E+00  1.9E-07
  3.400E+00  8.80086E-04  9.72005E-19  3.47109E-02  0.00000E+00  2.0E-07
  3.500E+00  9.32601E-04  8.68011E-19  3.09973E-02  0.00000E+00  1.5E-07
  3.600E+00  9.86636E-04  7.77606E-19  2.77688E-02  0.00000E+00  1.0E-07
  3.700E+00  1.04219E-03  6.98711E-19  2.49514E-02  0.00000E+00  1.0E-07
  3.800E+00  1.09927E-03  6.29599E-19  2.24834E-02  0.00000E+00  1.0E-07
  3.900E+00  1.15786E-03  5.68837E-19  2.03135E-02  0.00000E+00  1.3E-07
  4.000E+00  1.21797E-03  5.15263E-19  1.84004E-02  0.00000E+00  1.3E-07
  4.100E+00  1.27961E-03  4.67878E-19  1.67082E-02  0.00000E+00  1.0E-07
  4.200E+00  1.34276E-03  4.25840E-19  1.52070E-02  0.00000E+00  1.0E-07
  4.300E+00  1.40743E-03  3.88429E-19  1.38710E-02  0.00000E+00  1.0E-07
  4.400E+00  1.47362E-03  3.55057E-19  1.26793E-02  0.00000E+00  1.0E-07
  4.500E+00  1.54133E-03  3.25212E-19  1.16135E-02  0.00000E+00  1.0E-07
  4.600E+00  1.61056E-03  2.98453E-19  1.06580E-02  0.00000E+00  1.0E-07
  4.700E+00  1.68131E-03  2.74399E-19  9.79898E-03  0.00000E+00  1.0E-07
  4.800E+00  1.75357E-03  2.52732E-19  9.02524E-03  0.00000E+00  1.0E-07
  4.900E+00  1.82735E-03  2.33174E-19  8.32680E-03  0.00000E+00  1.0E-07
  5.000E+00  1.90265E-03  2.15482E-19  7.69501E-03  0.00000E+00  1.0E-07
  5.100E+00  1.97947E-03  1.99443E-19  7.12225E-03  0.00000E+00  1.0E-07
  5.200E+00  2.05780E-03  1.84876E-19  6.60205E-03  0.00000E+00  1.0E-07
  5.300E+00  2.13765E-03  1.71623E-19  6.12877E-03  0.00000E+00  1.0E-07
  5.400E+00  2.21902E-03  1.59543E-19  5.69739E-03  0.00000E+00  1.0E-07
  5.500E+00  2.30190E-03  1.48512E-19  5.30348E-03  0.00000E+00  1.0E-07
  5.600E+00  2.38630E-03  1.38423E-19  4.94318E-03  0.00000E+00  1.0E-07
  5.700E+00  2.47222E-03  1.29181E-19  4.61315E-03  0.00000E+00  1.0E-07
  5.800E+00  2.55965E-03  1.20703E-19  4.31038E-03  0.00000E+00  1.0E-07
  5.900E+00  2.64859E-03  1.12912E-19  4.03217E-03  0.00000E+00  1.0E-07
  6.000E+00  2.73905E-03  1.05743E-19  3.77615E-03  0.00000E+00  1.0E-07
  6.100E+00  2.83103E-03  9.91371E-20  3.54025E-03  0.00000E+00  1.0E-07
  6.200E+00  2.92452E-03  9.30423E-20  3.32260E-03  0.00000E+00  1.0E-07
  6.300E+00  3.01952E-03  8.74116E-20  3.12153E-03  0.00000E+00  1.0E-07
  6.400E+00  3.11604E-03  8.22022E-20  2.93549E-03  0.00000E+00  1.0E-07
  6.500E+00  3.21407E-03  7.73776E-20  2.76320E-03  0.00000E+00  1.0E-07
  6.600E+00  3.31362E-03  7.29040E-20  2.60345E-03  0.00000E+00  1.0E-07
  6.700E+00  3.41468E-03  6.87512E-20  2.45515E-03  0.00000E+00  1.0E-07
  6.800E+00  3.51725E-03  6.48912E-20  2.31731E-03  0.00000E+00  1.0E-07
  6.900E+00  3.62133E-03  6.13001E-20  2.18907E-03  0.00000E+00  1.0E-07
  7.000E+00  3.72692E-03  5.79556E-20  2.06963E-03  0.00000E+00  1.0E-07
  7.100E+00  3.83403E-03  5.48376E-20  1.95829E-03  0.00000E+00  1.0E-07
  7.200E+00  3.94265E-03  5.19276E-20  1.85437E-03  0.00000E+00  1.0E-07
  7.300E+00  4.05278E-03  4.92092E-20  1.75729E-03  0.00000E+00  1.0E-07
  7.400E+00  4.16442E-03  4.66676E-20  1.66653E-03  0.00000E+00  1.0E-07
  7.500E+00  4.27757E-03  4.42891E-20  1.58159E-03  0.00000E+00  1.0E-07
  7.600E+00  4.39223E-03  4.20612E-20  1.50203E-03  0.00000E+00  1.0E-07
  7.700E+00  4.50840E-03  3.99724E-20  1.42744E-03  0.00000E+00  1.0E-07
  7.800E+00  4.62608E-03  3.80125E-20  1.35745E-03  0.00000E+00  1.0E-07
  7.900E+00  4.74527E-03  3.61723E-20  1.29173E-03  0.00000E+00  1.0E-07
  8.000E+00  4.86597E-03  3.44427E-20  1.22997E-03  0.00000E+00  1.0E-07
  8.100E+00  4.98817E-03  3.28159E-20  1.17188E-03  0.00000E+00  1.0E-07
  8.200E+00  5.11188E-03  3.12847E-20  1.11720E-03  0.00000E+00  1.0E-07
  8.300E+00  5.23711E-03  2.98425E-20  1.06570E-03  0.00000E+00  1.0E-07
  8.400E+00  5.36383E-03  2.84831E-20  1.01715E-03  0.00000E+00  1.0E-07
  8.500E+00  5.49207E-03  2.72006E-20  9.71350E-04  0.00000E+00  1.0E-07
  8.600E+00  5.62181E-03  2.59900E-20  9.28120E-04  0.00000E+00  1.0E-07
  8.700E+00  5.75306E-03  2.48466E-20  8.87288E-04  0.00000E+00  1.0E-07
  8.800E+00  5.88581E-03  2.37659E-20  8.48695E-04  0.00000E+00  1.0E-07
  8.900E+00  6.02007E-03  2.27436E-20  8.12188E-04  0.00000E+00  1.0E-07
  9.000E+00  6.15583E-03  2.17761E-20  7.77640E-04  0.00000E+00  1.0E-07
  9.100E+00  6.29310E-03  2.08600E-20  7.44925E-04  0.00000E+00  1.0E-07
  9.200E+00  6.43187E-03  1.99920E-20  7.13926E-04  0.00000E+00  1.0E-07
  9.300E+00  6.57214E-03  1.91689E-20  6.84534E-04  0.00000E+00  1.0E-07
  9.400E+00  6.71392E-03  1.83881E-20  6.56651E-04  0.00000E+00  1.0E-07
  9.500E+00  6.85720E-03  1.76470E-20  6.30186E-04  0.00000E+00  1.0E-07
  9.600E+00  7.00198E-03  1.69432E-20  6.05051E-04  0.00000E+00  1.0E-07
  9.700E+00  7.14827E-03  1.62743E-20  5.81167E-04  0.00000E+00  1.0E-07
  9.800E+00  7.29605E-03  1.56385E-20  5.58459E-04  0.00000E+00  1.0E-07
  9.900E+00  7.44534E-03  1.50336E-20  5.36860E-04  0.00000E+00  1.0E-07
  1.000E+01  7.59612E-03  1.44580E-20  5.16303E-04  0.00000E+00  1.0E-07
  1.025E+01  7.97965E-03  1.31359E-20  4.69092E-04  0.00000E+00  1.0E-07
  1.050E+01  8.37255E-03  1.19628E-20  4.27198E-04  0.00000E+00  1.0E-07
  1.075E+01  8.77480E-03  1.09188E-20  3.89918E-04  0.00000E+00  1.0E-07
  1.100E+01  9.18641E-03  9.98728E-21  3.56652E-04  0.00000E+00  1.0E-07
  1.125E+01  9.60736E-03  9.15387E-21  3.26891E-04  0.00000E+00  1.0E-07
  1.150E+01  1.00376E-02  8.40641E-21  3.00198E-04  0.00000E+00  1.0E-07
  1.175E+01  1.04773E-02  7.73443E-21  2.76201E-04  0.00000E+00  1.0E-07
  1.200E+01  1.09262E-02  7.12891E-21  2.54578E-04  0.00000E+00  1.0E-07
  1.225E+01  1.13844E-02  6.58209E-21  2.35051E-04  0.00000E+00  1.0E-07
  1.250E+01  1.18520E-02  6.08724E-21  2.17379E-04  0.00000E+00  1.0E-07
  1.275E+01  1.23288E-02  5.63851E-21  2.01355E-04  0.00000E+00  1.0E-07
  1.300E+01  1.28150E-02  5.23082E-21  1.86796E-04  0.00000E+00  1.0E-07
  1.325E+01  1.33104E-02  4.85970E-21  1.73543E-04  0.00000E+00  1.0E-07
  1.350E+01  1.38150E-02  4.52130E-21  1.61459E-04  0.00000E+00  1.0E-07
  1.375E+01  1.43290E-02  4.21218E-21  1.50420E-04  0.00000E+00  1.0E-07
  1.400E+01  1.48521E-02  3.92933E-21  1.40319E-04  0.00000E+00  1.0E-07
  1.425E+01  1.53845E-02  3.67011E-21  1.31062E-04  0.00000E+00  1.0E-07
  1.450E+01  1.59262E-02  3.43219E-21  1.22566E-04  0.00000E+00  1.0E-07
  1.475E+01  1.64770E-02  3.21346E-21  1.14755E-04  0.00000E+00  1.0E-07
  1.500E+01  1.70371E-02  3.01210E-21  1.07564E-04  0.00000E+00  1.0E-07
  1.525E+01  1.76063E-02  2.82647E-21  1.00935E-04  0.00000E+00  1.0E-07
  1.550E+01  1.81848E-02  2.65511E-21  9.48157E-05  0.00000E+00  1.0E-07
  1.575E+01  1.87724E-02  2.49671E-21  8.91591E-05  0.00000E+00  1.0E-07
  1.600E+01  1.93692E-02  2.35010E-21  8.39236E-05  0.00000E+00  1.0E-07
  1.625E+01  1.99751E-02  2.21424E-21  7.90721E-05  0.00000E+00  1.0E-07
  1.650E+01  2.05901E-02  2.08820E-21  7.45710E-05  0.00000E+00  1.0E-07
  1.675E+01  2.12143E-02  1.97113E-21  7.03902E-05  0.00000E+00  1.0E-07
  1.700E+01  2.18476E-02  1.86225E-21  6.65023E-05  0.00000E+00  1.0E-07
  1.725E+01  2.24900E-02  1.76090E-21  6.28831E-05  0.00000E+00  1.0E-07
  1.750E+01  2.31415E-02  1.66646E-21  5.95103E-05  0.00000E+00  1.0E-07
  1.775E+01  2.38021E-02  1.57835E-21  5.63641E-05  0.00000E+00  1.0E-07
  1.800E+01  2.44717E-02  1.49608E-21  5.34260E-05  0.00000E+00  1.0E-07
  1.825E+01  2.51504E-02  1.41918E-21  5.06798E-05  0.00000E+00  1.0E-07
  1.850E+01  2.58382E-02  1.34723E-21  4.81105E-05  0.00000E+00  1.0E-07
  1.875E+01  2.65349E-02  1.27986E-21  4.57046E-05  0.00000E+00  1.0E-07
  1.900E+01  2.72407E-02  1.21671E-21  4.34494E-05  0.00000E+00  1.0E-07
  1.925E+01  2.79555E-02  1.15747E-21  4.13339E-05  0.00000E+00  1.0E-07
  1.950E+01  2.86793E-02  1.10184E-21  3.93476E-05  0.00000E+00  1.0E-07
  1.975E+01  2.94120E-02  1.04958E-21  3.74811E-05  0.00000E+00  1.0E-07
  2.000E+01  3.01537E-02  1.00042E-21  3.57257E-05  0.00000E+00  1.0E-07
  2.025E+01  3.09043E-02  9.54159E-22  3.40736E-05  0.00000E+00  1.0E-07
  2.050E+01  3.16639E-02  9.10583E-22  3.25175E-05  0.00000E+00  1.0E-07
  2.075E+01  3.24324E-02  8.69508E-22  3.10507E-05  0.00000E+00  1.0E-07
  2.100E+01  3.32098E-02  8.30762E-22  2.96670E-05  0.00000E+00  1.0E-07
  2.125E+01  3.39961E-02  7.94186E-22  2.83609E-05  0.00000E+00  1.0E-07
  2.150E+01  3.47912E-02  7.59636E-22  2.71271E-05  0.00000E+00  1.0E-07
  2.175E+01  3.55952E-02  7.26976E-22  2.59608E-05  0.00000E+00  1.0E-07
  2.200E+01  3.64081E-02  6.96084E-22  2.48576E-05  0.00000E+00  1.0E-07
  2.225E+01  3.72297E-02  6.66842E-22  2.38134E-05  0.00000E+00  1.0E-07
  2.250E+01  3.80602E-02  6.39148E-22  2.28244E-05  0.00000E+00  1.0E-07
  2.275E+01  3.88995E-02  6.12902E-22  2.18871E-05  0.00000E+00  1.0E-07
  2.300E+01  3.97476E-02  5.88012E-22  2.09983E-05  0.00000E+00  1.0E-07
  2.325E+01  4.06044E-02  5.64396E-22  2.01550E-05  0.00000E+00  1.0E-07
  2.350E+01  4.14700E-02  5.41975E-22  1.93543E-05  0.00000E+00  1.0E-07
  2.375E+01  4.23443E-02  5.20675E-22  1.85937E-05  0.00000E+00  1.0E-07
  2.400E+01  4.32273E-02  5.00432E-22  1.78708E-05  0.00000E+00  1.0E-07
  2.425E+01  4.41190E-02  4.81179E-22  1.71832E-05  0.00000E+00  1.0E-07
  2.450E+01  4.50194E-02  4.62861E-22  1.65291E-05  0.00000E+00  1.0E-07
  2.475E+01  4.59284E-02  4.45422E-22  1.59063E-05  0.00000E+00  1.0E-07
  2.500E+01  4.68461E-02  4.28812E-22  1.53132E-05  0.00000E+00  1.0E-07
  2.550E+01  4.87074E-02  3.97891E-22  1.42089E-05  0.00000E+00  1.0E-07
  2.600E+01  5.06030E-02  3.69756E-22  1.32042E-05  0.00000E+00  1.0E-07
  2.650E+01  5.25328E-02  3.44108E-22  1.22883E-05  0.00000E+00  1.0E-07
  2.700E+01  5.44967E-02  3.20685E-22  1.14519E-05  0.00000E+00  1.0E-07
  2.750E+01  5.64946E-02  2.99256E-22  1.06866E-05  0.00000E+00  1.0E-07
  2.800E+01  5.85262E-02  2.79620E-22  9.98542E-06  0.00000E+00  1.0E-07
  2.850E+01  6.05914E-02  2.61597E-22  9.34179E-06  0.00000E+00  1.0E-07
  2.900E+01  6.26901E-02  2.45028E-22  8.75011E-06  0.00000E+00  1.0E-07
  2.950E+01  6.48222E-02  2.29774E-22  8.20538E-06  0.00000E+00  1.0E-07
  3.000E+01  6.69873E-02  2.15710E-22  7.70314E-06  0.00000E+00  1.0E-07
  3.050E+01  6.91854E-02  2.02724E-22  7.23942E-06  0.00000E+00  1.0E-07
  3.100E+01  7.14163E-02  1.90719E-22  6.81069E-06  0.00000E+00  1.0E-07
  3.150E+01  7.36799E-02  1.79605E-22  6.41380E-06  0.00000E+00  1.0E-07
  3.200E+01  7.59760E-02  1.69303E-22  6.04591E-06  0.00000E+00  1.0E-07
  3.250E+01  7.83043E-02  1.59742E-22  5.70448E-06  0.00000E+00  1.0E-07
  3.300E+01  8.06647E-02  1.50858E-22  5.38723E-06  0.00000E+00  1.0E-07
  3.350E+01  8.30571E-02  1.42594E-22  5.09211E-06  0.00000E+00  1.0E-07
  3.400E+01  8.54812E-02  1.34897E-22  4.81727E-06  0.00000E+00  1.0E-07
  3.450E+01  8.79369E-02  1.27722E-22  4.56103E-06  0.00000E+00  1.0E-07
  3.500E+01  9.04240E-02  1.21025E-22  4.32189E-06  0.00000E+00  1.0E-07
  3.550E+01  9.29422E-02  1.14769E-22  4.09848E-06  0.00000E+00  1.0E-07
  3.600E+01  9.54915E-02  1.08919E-22  3.88955E-06  0.00000E+00  1.0E-07
  3.650E+01  9.80716E-02  1.03442E-22  3.69398E-06  0.00000E+00  1.0E-07
  3.700E+01  1.00682E-01  9.83110E-23  3.51075E-06  0.00000E+00  1.0E-07
  3.750E+01  1.03323E-01  9.34990E-23  3.33891E-06  0.00000E+00  1.0E-07
  3.800E+01  1.05995E-01  8.89823E-23  3.17762E-06  0.00000E+00  1.0E-07
  3.850E+01  1.08696E-01  8.47392E-23  3.02609E-06  0.00000E+00  1.0E-07
  3.900E+01  1.11427E-01  8.07496E-23  2.88362E-06  0.00000E+00  1.0E-07
  3.950E+01  1.14188E-01  7.69954E-23  2.74956E-06  0.00000E+00  1.0E-07
  4.000E+01  1.16978E-01  7.34599E-23  2.62330E-06  0.00000E+00  1.0E-07
  4.050E+01  1.19797E-01  7.01278E-23  2.50431E-06  0.00000E+00  1.0E-07
  4.100E+01  1.22645E-01  6.69850E-23  2.39208E-06  0.00000E+00  1.0E-07
  4.150E+01  1.25522E-01  6.40185E-23  2.28614E-06  0.00000E+00  1.0E-07
  4.200E+01  1.28428E-01  6.12165E-23  2.18608E-06  0.00000E+00  1.0E-07
  4.250E+01  1.31361E-01  5.85679E-23  2.09150E-06  0.00000E+00  1.0E-07
  4.300E+01  1.34323E-01  5.60626E-23  2.00203E-06  0.00000E+00  1.0E-07
  4.350E+01  1.37313E-01  5.36913E-23  1.91735E-06  0.00000E+00  1.0E-07
  4.400E+01  1.40330E-01  5.14454E-23  1.83715E-06  0.00000E+00  1.0E-07
  4.450E+01  1.43375E-01  4.93168E-23  1.76114E-06  0.00000E+00  1.0E-07
  4.500E+01  1.46447E-01  4.72983E-23  1.68905E-06  0.00000E+00  1.0E-07
  4.550E+01  1.49545E-01  4.53829E-23  1.62065E-06  0.00000E+00  1.0E-07
  4.600E+01  1.52671E-01  4.35644E-23  1.55571E-06  0.00000E+00  1.0E-07
  4.650E+01  1.55823E-01  4.18367E-23  1.49402E-06  0.00000E+00  1.0E-07
  4.700E+01  1.59001E-01  4.01944E-23  1.43537E-06  0.00000E+00  1.0E-07
  4.750E+01  1.62205E-01  3.86325E-23  1.37959E-06  0.00000E+00  1.0E-07
  4.800E+01  1.65435E-01  3.71461E-23  1.32651E-06  0.00000E+00  1.0E-07
  4.850E+01  1.68690E-01  3.57309E-23  1.27598E-06  0.00000E+00  1.0E-07
  4.900E+01  1.71970E-01  3.43828E-23  1.22783E-06  0.00000E+00  1.0E-07
  4.950E+01  1.75276E-01  3.30980E-23  1.18195E-06  0.00000E+00  1.0E-07
  5.000E+01  1.78606E-01  3.18728E-23  1.13820E-06  0.00000E+00  1.0E-07
  5.050E+01  1.81961E-01  3.07039E-23  1.09646E-06  0.00000E+00  1.0E-07
  5.100E+01  1.85340E-01  2.95883E-23  1.05662E-06  0.00000E+00  1.0E-07
  5.150E+01  1.88743E-01  2.85229E-23  1.01857E-06  0.00000E+00  1.0E-07
  5.200E+01  1.92169E-01  2.75051E-23  9.82225E-07  0.00000E+00  1.0E-07
  5.250E+01  1.95619E-01  2.65322E-23  9.47483E-07  0.00000E+00  1.0E-07
  5.300E+01  1.99092E-01  2.56019E-23  9.14262E-07  0.00000E+00  1.0E-07
  5.350E+01  2.02589E-01  2.47120E-23  8.82482E-07  0.00000E+00  1.0E-07
  5.400E+01  2.06107E-01  2.38603E-23  8.52067E-07  0.00000E+00  1.0E-07
  5.450E+01  2.09649E-01  2.30449E-23  8.22947E-07  0.00000E+00  1.0E-07
  5.500E+01  2.13212E-01  2.22638E-23  7.95056E-07  0.00000E+00  1.0E-07
  5.550E+01  2.16797E-01  2.15154E-23  7.68330E-07  0.00000E+00  1.0E-07
  5.600E+01  2.20404E-01  2.07980E-23  7.42711E-07  0.00000E+00  1.0E-07
  5.650E+01  2.24032E-01  2.01101E-23  7.18144E-07  0.00000E+00  1.0E-07
  5.700E+01  2.27680E-01  1.94501E-23  6.94576E-07  0.00000E+00  1.0E-07
  5.750E+01  2.31350E-01  1.88167E-23  6.71958E-07  0.00000E+00  1.0E-07
  5.800E+01  2.35040E-01  1.82087E-23  6.50244E-07  0.00000E+00  1.0E-07
  5.850E+01  2.38751E-01  1.76247E-23  6.29391E-07  0.00000E+00  1.0E-07
  5.900E+01  2.42481E-01  1.70637E-23  6.09357E-07  0.00000E+00  1.0E-07
  5.950E+01  2.46231E-01  1.65246E-23  5.90105E-07  0.00000E+00  1.0E-07
  6.000E+01  2.50000E-01  1.60063E-23  5.71596E-07  0.00000E+00  1.0E-07
  6.050E+01  2.53788E-01  1.55079E-23  5.53798E-07  0.00000E+00  1.0E-07
  6.100E+01  2.57595E-01  1.50284E-23  5.36676E-07  0.00000E+00  1.0E-07
  6.150E+01  2.61421E-01  1.45670E-23  5.20199E-07  0.00000E+00  1.0E-07
  6.200E+01  2.65264E-01  1.41229E-23  5.04338E-07  0.00000E+00  1.0E-07
  6.250E+01  2.69126E-01  1.36952E-23  4.89065E-07  0.00000E+00  1.0E-07
  6.300E+01  2.73005E-01  1.32833E-23  4.74355E-07  0.00000E+00  1.0E-07
  6.350E+01  2.76901E-01  1.28864E-23  4.60182E-07  0.00000E+00  1.0E-07
  6.400E+01  2.80814E-01  1.25039E-23  4.46522E-07  0.00000E+00  1.0E-07
  6.450E+01  2.84744E-01  1.21352E-23  4.33354E-07  0.00000E+00  1.0E-07
  6.500E+01  2.88691E-01  1.17796E-23  4.20656E-07  0.00000E+00  1.0E-07
  6.550E+01  2.92653E-01  1.14366E-23  4.08408E-07  0.00000E+00  1.0E-07
  6.600E+01  2.96632E-01  1.11057E-23  3.96590E-07  0.00000E+00  1.0E-07
  6.650E+01  3.00625E-01  1.07863E-23  3.85185E-07  0.00000E+00  1.0E-07
  6.700E+01  3.04634E-01  1.04779E-23  3.74174E-07  0.00000E+00  1.0E-07
  6.750E+01  3.08658E-01  1.01802E-23  3.63542E-07  0.00000E+00  1.0E-07
  6.800E+01  3.12697E-01  9.89263E-24  3.53272E-07  0.00000E+00  1.0E-07
  6.850E+01  3.16749E-01  9.61480E-24  3.43351E-07  0.00000E+00  1.0E-07
  6.900E+01  3.20816E-01  9.34631E-24  3.33763E-07  0.00000E+00  1.0E-07
  6.950E+01  3.24896E-01  9.08681E-24  3.24496E-07  0.00000E+00  1.0E-07
  7.000E+01  3.28990E-01  8.83591E-24  3.15536E-07  0.00000E+00  1.0E-07
  7.050E+01  3.33097E-01  8.59328E-24  3.06872E-07  0.00000E+00  1.0E-07
  7.100E+01  3.37216E-01  8.35859E-24  2.98491E-07  0.00000E+00  1.0E-07
  7.150E+01  3.41348E-01  8.13152E-24  2.90382E-07  0.00000E+00  1.0E-07
  7.200E+01  3.45492E-01  7.91177E-24  2.82534E-07  0.00000E+00  1.0E-07
  7.250E+01  3.49647E-01  7.69906E-24  2.74939E-07  0.00000E+00  1.0E-07
  7.300E+01  3.53814E-01  7.49313E-24  2.67584E-07  0.00000E+00  1.0E-07
  7.350E+01  3.57992E-01  7.29371E-24  2.60463E-07  0.00000E+00  1.0E-07
  7.400E+01  3.62181E-01  7.10055E-24  2.53565E-07  0.00000E+00  1.0E-07
  7.450E+01  3.66381E-01  6.91343E-24  2.46883E-07  0.00000E+00  1.0E-07
  7.500E+01  3.70590E-01  6.73212E-24  2.40408E-07  0.00000E+00  1.0E-07
  7.550E+01  3.74810E-01  6.55639E-24  2.34133E-07  0.00000E+00  1.0E-07
  7.600E+01  3.79039E-01  6.38605E-24  2.28050E-07  0.00000E+00  1.0E-07
  7.650E+01  3.83277E-01  6.22089E-24  2.22152E-07  0.00000E+00  1.0E-07
  7.700E+01  3.87524E-01  6.06072E-24  2.16432E-07  0.00000E+00  1.0E-07
  7.750E+01  3.91780E-01  5.90536E-24  2.10884E-07  0.00000E+00  1.0E-07
  7.800E+01  3.96044E-01  5.75464E-24  2.05502E-07  0.00000E+00  1.0E-07
  7.850E+01  4.00316E-01  5.60840E-24  2.00280E-07  0.00000E+00  1.0E-07
  7.900E+01  4.04596E-01  5.46647E-24  1.95211E-07  0.00000E+00  1.0E-07
  7.950E+01  4.08882E-01  5.32870E-24  1.90291E-07  0.00000E+00  1.0E-07
  8.000E+01  4.13176E-01  5.19496E-24  1.85515E-07  0.00000E+00  1.0E-07
  8.050E+01  4.17476E-01  5.06509E-24  1.80878E-07  0.00000E+00  1.0E-07
  8.100E+01  4.21783E-01  4.93896E-24  1.76374E-07  0.00000E+00  1.0E-07
  8.150E+01  4.26095E-01  4.81645E-24  1.71998E-07  0.00000E+00  1.0E-07
  8.200E+01  4.30413E-01  4.69742E-24  1.67748E-07  0.00000E+00  1.0E-07
  8.250E+01  4.34737E-01  4.58177E-24  1.63618E-07  0.00000E+00  1.0E-07
  8.300E+01  4.39065E-01  4.46936E-24  1.59604E-07  0.00000E+00  1.0E-07
  8.350E+01  4.43398E-01  4.36011E-24  1.55702E-07  0.00000E+00  1.0E-07
  8.400E+01  4.47736E-01  4.25389E-24  1.51909E-07  0.00000E+00  1.0E-07
  8.450E+01  4.52077E-01  4.15062E-24  1.48221E-07  0.00000E+00  1.0E-07
  8.500E+01  4.56422E-01  4.05020E-24  1.44635E-07  0.00000E+00  1.0E-07
  8.550E+01  4.60770E-01  3.95252E-24  1.41147E-07  0.00000E+00  1.0E-07
  8.600E+01  4.65122E-01  3.85751E-24  1.37754E-07  0.00000E+00  1.0E-07
  8.650E+01  4.69476E-01  3.76507E-24  1.34453E-07  0.00000E+00  1.0E-07
  8.700E+01  4.73832E-01  3.67512E-24  1.31241E-07  0.00000E+00  1.0E-07
  8.750E+01  4.78190E-01  3.58759E-24  1.28115E-07  0.00000E+00  1.0E-07
  8.800E+01  4.82550E-01  3.50238E-24  1.25072E-07  0.00000E+00  1.0E-07
  8.850E+01  4.86912E-01  3.41944E-24  1.22110E-07  0.00000E+00  1.0E-07
  8.900E+01  4.91274E-01  3.33868E-24  1.19226E-07  0.00000E+00  1.0E-07
  8.950E+01  4.95637E-01  3.26005E-24  1.16418E-07  0.00000E+00  1.0E-07
  9.000E+01  5.00000E-01  3.18346E-24  1.13684E-07  0.00000E+00  1.0E-07
  9.050E+01  5.04363E-01  3.10887E-24  1.11020E-07  0.00000E+00  1.0E-07
  9.100E+01  5.08726E-01  3.03622E-24  1.08425E-07  0.00000E+00  1.0E-07
  9.150E+01  5.13088E-01  2.96543E-24  1.05897E-07  0.00000E+00  1.0E-07
  9.200E+01  5.17450E-01  2.89646E-24  1.03434E-07  0.00000E+00  1.0E-07
  9.250E+01  5.21810E-01  2.82924E-24  1.01034E-07  0.00000E+00  1.0E-07
  9.300E+01  5.26168E-01  2.76373E-24  9.86946E-08  0.00000E+00  1.0E-07
  9.350E+01  5.30524E-01  2.69987E-24  9.64141E-08  0.00000E+00  1.0E-07
  9.400E+01  5.34878E-01  2.63761E-24  9.41909E-08  0.00000E+00  1.0E-07
  9.450E+01  5.39230E-01  2.57691E-24  9.20232E-08  0.00000E+00  1.0E-07
  9.500E+01  5.43578E-01  2.51772E-24  8.99095E-08  0.00000E+00  1.0E-07
  9.550E+01  5.47923E-01  2.46000E-24  8.78482E-08  0.00000E+00  1.0E-07
  9.600E+01  5.52264E-01  2.40370E-24  8.58377E-08  0.00000E+00  1.0E-07
  9.650E+01  5.56602E-01  2.34879E-24  8.38768E-08  0.00000E+00  1.0E-07
  9.700E+01  5.60935E-01  2.29522E-24  8.19637E-08  0.00000E+00  1.0E-07
  9.750E+01  5.65263E-01  2.24295E-24  8.00974E-08  0.00000E+00  1.0E-07
  9.800E+01  5.69587E-01  2.19196E-24  7.82762E-08  0.00000E+00  1.0E-07
  9.850E+01  5.73905E-01  2.14219E-24  7.64989E-08  0.00000E+00  1.0E-07
  9.900E+01  5.78217E-01  2.09361E-24  7.47642E-08  0.00000E+00  1.0E-07
  9.950E+01  5.82524E-01  2.04620E-24  7.30710E-08  0.00000E+00  1.0E-07
  1.000E+02  5.86824E-01  1.99991E-24  7.14179E-08  0.00000E+00  1.0E-07
  1.005E+02  5.91118E-01  1.95471E-24  6.98041E-08  0.00000E+00  1.0E-07
  1.010E+02  5.95404E-01  1.91059E-24  6.82284E-08  0.00000E+00  1.0E-07
  1.015E+02  5.99684E-01  1.86751E-24  6.66900E-08  0.00000E+00  1.0E-07
  1.020E+02  6.03956E-01  1.82544E-24  6.51877E-08  0.00000E+00  1.0E-07
  1.025E+02  6.08220E-01  1.78436E-24  6.37205E-08  0.00000E+00  1.0E-07
  1.030E+02  6.12476E-01  1.74422E-24  6.22873E-08  0.00000E+00  1.0E-07
  1.035E+02  6.16723E-01  1.70502E-24  6.08872E-08  0.00000E+00  1.0E-07
  1.040E+02  6.20961E-01  1.66671E-24  5.95194E-08  0.00000E+00  1.0E-07
  1.045E+02  6.25190E-01  1.62929E-24  5.81829E-08  0.00000E+00  1.0E-07
  1.050E+02  6.29410E-01  1.59272E-24  5.68770E-08  0.00000E+00  1.0E-07
  1.055E+02  6.33619E-01  1.55698E-24  5.56009E-08  0.00000E+00  1.0E-07
  1.060E+02  6.37819E-01  1.52206E-24  5.43538E-08  0.00000E+00  1.0E-07
  1.065E+02  6.42008E-01  1.48793E-24  5.31350E-08  0.00000E+00  1.0E-07
  1.070E+02  6.46186E-01  1.45457E-24  5.19436E-08  0.00000E+00  1.0E-07
  1.075E+02  6.50353E-01  1.42196E-24  5.07791E-08  0.00000E+00  1.0E-07
  1.080E+02  6.54508E-01  1.39008E-24  4.96406E-08  0.00000E+00  1.0E-07
  1.085E+02  6.58652E-01  1.35891E-24  4.85276E-08  0.00000E+00  1.0E-07
  1.090E+02  6.62784E-01  1.32843E-24  4.74392E-08  0.00000E+00  1.0E-07
  1.095E+02  6.66903E-01  1.29863E-24  4.63750E-08  0.00000E+00  1.0E-07
  1.100E+02  6.71010E-01  1.26949E-24  4.53343E-08  0.00000E+00  1.0E-07
  1.105E+02  6.75104E-01  1.24099E-24  4.43164E-08  0.00000E+00  1.0E-07
  1.110E+02  6.79184E-01  1.21311E-24  4.33209E-08  0.00000E+00  1.0E-07
  1.115E+02  6.83251E-01  1.18584E-24  4.23472E-08  0.00000E+00  1.0E-07
  1.120E+02  6.87303E-01  1.15917E-24  4.13947E-08  0.00000E+00  1.0E-07
  1.125E+02  6.91342E-01  1.13308E-24  4.04629E-08  0.00000E+00  1.0E-07
  1.130E+02  6.95366E-01  1.10755E-24  3.95513E-08  0.00000E+00  1.0E-07
  1.135E+02  6.99375E-01  1.08258E-24  3.86595E-08  0.00000E+00  1.0E-07
  1.140E+02  7.03368E-01  1.05814E-24  3.77868E-08  0.00000E+00  1.0E-07
  1.145E+02  7.07347E-01  1.03423E-24  3.69329E-08  0.00000E+00  1.0E-07
  1.150E+02  7.11309E-01  1.01083E-24  3.60973E-08  0.00000E+00  1.0E-07
  1.155E+02  7.15256E-01  9.87927E-25  3.52795E-08  0.00000E+00  1.0E-07
  1.160E+02  7.19186E-01  9.65515E-25  3.44792E-08  0.00000E+00  1.0E-07
  1.165E+02  7.23099E-01  9.43579E-25  3.36958E-08  0.00000E+00  1.0E-07
  1.170E+02  7.26995E-01  9.22108E-25  3.29291E-08  0.00000E+00  1.0E-07
  1.175E+02  7.30874E-01  9.01091E-25  3.21785E-08  0.00000E+00  1.0E-07
  1.180E+02  7.34736E-01  8.80517E-25  3.14438E-08  0.00000E+00  1.0E-07
  1.185E+02  7.38579E-01  8.60375E-25  3.07246E-08  0.00000E+00  1.0E-07
  1.190E+02  7.42405E-01  8.40657E-25  3.00204E-08  0.00000E+00  1.0E-07
  1.195E+02  7.46212E-01  8.21351E-25  2.93310E-08  0.00000E+00  1.0E-07
  1.200E+02  7.50000E-01  8.02449E-25  2.86560E-08  0.00000E+00  1.0E-07
  1.205E+02  7.53769E-01  7.83941E-25  2.79951E-08  0.00000E+00  1.0E-07
  1.210E+02  7.57519E-01  7.65819E-25  2.73479E-08  0.00000E+00  1.0E-07
  1.215E+02  7.61249E-01  7.48072E-25  2.67141E-08  0.00000E+00  1.0E-07
  1.220E+02  7.64960E-01  7.30694E-25  2.60935E-08  0.00000E+00  1.0E-07
  1.225E+02  7.68650E-01  7.13675E-25  2.54858E-08  0.00000E+00  1.0E-07
  1.230E+02  7.72320E-01  6.97007E-25  2.48906E-08  0.00000E+00  1.0E-07
  1.235E+02  7.75968E-01  6.80683E-25  2.43076E-08  0.00000E+00  1.0E-07
  1.240E+02  7.79596E-01  6.64694E-25  2.37367E-08  0.00000E+00  1.0E-07
  1.245E+02  7.83203E-01  6.49034E-25  2.31774E-08  0.00000E+00  1.0E-07
  1.250E+02  7.86788E-01  6.33696E-25  2.26297E-08  0.00000E+00  1.0E-07
  1.255E+02  7.90351E-01  6.18671E-25  2.20931E-08  0.00000E+00  1.0E-07
  1.260E+02  7.93893E-01  6.03954E-25  2.15676E-08  0.00000E+00  1.0E-07
  1.265E+02  7.97411E-01  5.89538E-25  2.10528E-08  0.00000E+00  1.0E-07
  1.270E+02  8.00908E-01  5.75416E-25  2.05485E-08  0.00000E+00  1.0E-07
  1.275E+02  8.04381E-01  5.61582E-25  2.00545E-08  0.00000E+00  1.0E-07
  1.280E+02  8.07831E-01  5.48030E-25  1.95705E-08  0.00000E+00  1.0E-07
  1.285E+02  8.11257E-01  5.34754E-25  1.90964E-08  0.00000E+00  1.0E-07
  1.290E+02  8.14660E-01  5.21748E-25  1.86319E-08  0.00000E+00  1.0E-07
  1.295E+02  8.18039E-01  5.09006E-25  1.81769E-08  0.00000E+00  1.0E-07
  1.300E+02  8.21394E-01  4.96523E-25  1.77312E-08  0.00000E+00  1.0E-07
  1.305E+02  8.24724E-01  4.84293E-25  1.72944E-08  0.00000E+00  1.0E-07
  1.310E+02  8.28030E-01  4.72312E-25  1.68666E-08  0.00000E+00  1.0E-07
  1.315E+02  8.31310E-01  4.60574E-25  1.64474E-08  0.00000E+00  1.0E-07
  1.320E+02  8.34565E-01  4.49073E-25  1.60367E-08  0.00000E+00  1.0E-07
  1.325E+02  8.37795E-01  4.37807E-25  1.56344E-08  0.00000E+00  1.0E-07
  1.330E+02  8.40999E-01  4.26768E-25  1.52402E-08  0.00000E+00  1.0E-07
  1.335E+02  8.44177E-01  4.15954E-25  1.48540E-08  0.00000E+00  1.0E-07
  1.340E+02  8.47329E-01  4.05359E-25  1.44756E-08  0.00000E+00  1.0E-07
  1.345E+02  8.50455E-01  3.94979E-25  1.41050E-08  0.00000E+00  1.0E-07
  1.350E+02  8.53553E-01  3.84811E-25  1.37418E-08  0.00000E+00  1.0E-07
  1.355E+02  8.56625E-01  3.74849E-25  1.33861E-08  0.00000E+00  1.0E-07
  1.360E+02  8.59670E-01  3.65090E-25  1.30376E-08  0.00000E+00  1.0E-07
  1.365E+02  8.62687E-01  3.55530E-25  1.26962E-08  0.00000E+00  1.0E-07
  1.370E+02  8.65677E-01  3.46165E-25  1.23618E-08  0.00000E+00  1.0E-07
  1.375E+02  8.68639E-01  3.36991E-25  1.20342E-08  0.00000E+00  1.0E-07
  1.380E+02  8.71572E-01  3.28005E-25  1.17133E-08  0.00000E+00  1.0E-07
  1.385E+02  8.74478E-01  3.19202E-25  1.13989E-08  0.00000E+00  1.0E-07
  1.390E+02  8.77355E-01  3.10581E-25  1.10911E-08  0.00000E+00  1.0E-07
  1.395E+02  8.80203E-01  3.02137E-25  1.07895E-08  0.00000E+00  1.0E-07
  1.400E+02  8.83022E-01  2.93867E-25  1.04942E-08  0.00000E+00  1.0E-07
  1.405E+02  8.85812E-01  2.85768E-25  1.02049E-08  0.00000E+00  1.0E-07
  1.410E+02  8.88573E-01  2.77836E-25  9.92171E-09  0.00000E+00  1.0E-07
  1.415E+02  8.91304E-01  2.70069E-25  9.64435E-09  0.00000E+00  1.0E-07
  1.420E+02  8.94005E-01  2.62464E-25  9.37276E-09  0.00000E+00  1.0E-07
  1.425E+02  8.96677E-01  2.55018E-25  9.10685E-09  0.00000E+00  1.0E-07
  1.430E+02  8.99318E-01  2.47728E-25  8.84651E-09  0.00000E+00  1.0E-07
  1.435E+02  9.01928E-01  2.40591E-25  8.59165E-09  0.00000E+00  1.0E-07
  1.440E+02  9.04508E-01  2.33605E-25  8.34217E-09  0.00000E+00  1.0E-07
  1.445E+02  9.07058E-01  2.26766E-25  8.09797E-09  0.00000E+00  1.0E-07
  1.450E+02  9.09576E-01  2.20074E-25  7.85898E-09  0.00000E+00  1.0E-07
  1.455E+02  9.12063E-01  2.13524E-25  7.62509E-09  0.00000E+00  1.0E-07
  1.460E+02  9.14519E-01  2.07115E-25  7.39622E-09  0.00000E+00  1.0E-07
  1.465E+02  9.16943E-01  2.00845E-25  7.17229E-09  0.00000E+00  1.0E-07
  1.470E+02  9.19335E-01  1.94710E-25  6.95323E-09  0.00000E+00  1.0E-07
  1.475E+02  9.21696E-01  1.88709E-25  6.73894E-09  0.00000E+00  1.0E-07
  1.480E+02  9.24024E-01  1.82840E-25  6.52935E-09  0.00000E+00  1.0E-07
  1.485E+02  9.26320E-01  1.77101E-25  6.32439E-09  0.00000E+00  1.0E-07
  1.490E+02  9.28584E-01  1.71489E-25  6.12398E-09  0.00000E+00  1.0E-07
  1.495E+02  9.30815E-01  1.66002E-25  5.92805E-09  0.00000E+00  1.0E-07
  1.500E+02  9.33013E-01  1.60639E-25  5.73653E-09  0.00000E+00  1.0E-07
  1.505E+02  9.35178E-01  1.55398E-25  5.54936E-09  0.00000E+00  1.0E-07
  1.510E+02  9.37310E-01  1.50276E-25  5.36646E-09  0.00000E+00  1.0E-07
  1.515E+02  9.39409E-01  1.45273E-25  5.18778E-09  0.00000E+00  1.0E-07
  1.520E+02  9.41474E-01  1.40385E-25  5.01325E-09  0.00000E+00  1.0E-07
  1.525E+02  9.43505E-01  1.35612E-25  4.84281E-09  0.00000E+00  1.0E-07
  1.530E+02  9.45503E-01  1.30952E-25  4.67639E-09  0.00000E+00  1.0E-07
  1.535E+02  9.47467E-01  1.26404E-25  4.51396E-09  0.00000E+00  1.0E-07
  1.540E+02  9.49397E-01  1.21965E-25  4.35544E-09  0.00000E+00  1.0E-07
  1.545E+02  9.51293E-01  1.17634E-25  4.20078E-09  0.00000E+00  1.0E-07
  1.550E+02  9.53154E-01  1.13410E-25  4.04993E-09  0.00000E+00  1.0E-07
  1.555E+02  9.54981E-01  1.09291E-25  3.90285E-09  0.00000E+00  1.0E-07
  1.560E+02  9.56773E-01  1.05276E-25  3.75947E-09  0.00000E+00  1.0E-07
  1.565E+02  9.58530E-01  1.01363E-25  3.61974E-09  0.00000E+00  1.0E-07
  1.570E+02  9.60252E-01  9.75518E-26  3.48364E-09  0.00000E+00  1.0E-07
  1.575E+02  9.61940E-01  9.38402E-26  3.35110E-09  0.00000E+00  1.0E-07
  1.580E+02  9.63592E-01  9.02273E-26  3.22208E-09  0.00000E+00  1.0E-07
  1.585E+02  9.65209E-01  8.67118E-26  3.09654E-09  0.00000E+00  1.0E-07
  1.590E+02  9.66790E-01  8.32926E-26  2.97443E-09  0.00000E+00  1.0E-07
  1.595E+02  9.68336E-01  7.99684E-26  2.85572E-09  0.00000E+00  1.0E-07
  1.600E+02  9.69846E-01  7.67383E-26  2.74037E-09  0.00000E+00  1.0E-07
  1.605E+02  9.71321E-01  7.36010E-26  2.62834E-09  0.00000E+00  1.0E-07
  1.610E+02  9.72759E-01  7.05557E-26  2.51959E-09  0.00000E+00  1.0E-07
  1.615E+02  9.74162E-01  6.76012E-26  2.41408E-09  0.00000E+00  1.0E-07
  1.620E+02  9.75528E-01  6.47366E-26  2.31179E-09  0.00000E+00  1.0E-07
  1.625E+02  9.76858E-01  6.19610E-26  2.21267E-09  0.00000E+00  1.0E-07
  1.630E+02  9.78152E-01  5.92734E-26  2.11669E-09  0.00000E+00  1.0E-07
  1.635E+02  9.79410E-01  5.66730E-26  2.02383E-09  0.00000E+00  1.0E-07
  1.640E+02  9.80631E-01  5.41589E-26  1.93405E-09  0.00000E+00  1.0E-07
  1.645E+02  9.81815E-01  5.17304E-26  1.84732E-09  0.00000E+00  1.0E-07
  1.650E+02  9.82963E-01  4.93865E-26  1.76362E-09  0.00000E+00  1.0E-07
  1.655E+02  9.84074E-01  4.71266E-26  1.68292E-09  0.00000E+00  1.0E-07
  1.660E+02  9.85148E-01  4.49500E-26  1.60519E-09  0.00000E+00  1.0E-07
  1.665E+02  9.86185E-01  4.28558E-26  1.53041E-09  0.00000E+00  1.0E-07
  1.670E+02  9.87185E-01  4.08435E-26  1.45855E-09  0.00000E+00  1.0E-07
  1.675E+02  9.88148E-01  3.89125E-26  1.38959E-09  0.00000E+00  1.0E-07
  1.680E+02  9.89074E-01  3.70619E-26  1.32351E-09  0.00000E+00  1.0E-07
  1.685E+02  9.89962E-01  3.52914E-26  1.26028E-09  0.00000E+00  1.0E-07
  1.690E+02  9.90814E-01  3.36003E-26  1.19989E-09  0.00000E+00  1.0E-07
  1.695E+02  9.91627E-01  3.19881E-26  1.14232E-09  0.00000E+00  1.0E-07
  1.700E+02  9.92404E-01  3.04543E-26  1.08754E-09  0.00000E+00  1.0E-07
  1.705E+02  9.93143E-01  2.89983E-26  1.03555E-09  0.00000E+00  1.0E-07
  1.710E+02  9.93844E-01  2.76197E-26  9.86318E-10  0.00000E+00  1.0E-07
  1.715E+02  9.94508E-01  2.63181E-26  9.39838E-10  0.00000E+00  1.0E-07
  1.720E+02  9.95134E-01  2.50931E-26  8.96091E-10  0.00000E+00  1.0E-07
  1.725E+02  9.95722E-01  2.39442E-26  8.55065E-10  0.00000E+00  1.0E-07
  1.730E+02  9.96273E-01  2.28712E-26  8.16745E-10  0.00000E+00  1.0E-07
  1.735E+02  9.96786E-01  2.18736E-26  7.81121E-10  0.00000E+00  1.0E-07
  1.740E+02  9.97261E-01  2.09512E-26  7.48181E-10  0.00000E+00  1.0E-07
  1.745E+02  9.97698E-01  2.01036E-26  7.17913E-10  0.00000E+00  1.0E-07
  1.750E+02  9.98097E-01  1.93306E-26  6.90310E-10  0.00000E+00  1.0E-07
  1.755E+02  9.98459E-01  1.86320E-26  6.65362E-10  0.00000E+00  1.0E-07
  1.760E+02  9.98782E-01  1.80075E-26  6.43060E-10  0.00000E+00  1.0E-07
  1.765E+02  9.99067E-01  1.74570E-26  6.23399E-10  0.00000E+00  1.0E-07
  1.770E+02  9.99315E-01  1.69802E-26  6.06372E-10  0.00000E+00  1.0E-07
  1.775E+02  9.99524E-01  1.65770E-26  5.91974E-10  0.00000E+00  1.0E-07
  1.780E+02  9.99695E-01  1.62472E-26  5.80200E-10  0.00000E+00  1.0E-07
  1.785E+02  9.99829E-01  1.59909E-26  5.71046E-10  0.00000E+00  1.0E-07
  1.790E+02  9.99924E-01  1.58079E-26  5.64509E-10  0.00000E+00  1.0E-07
  1.795E+02  9.99981E-01  1.56981E-26  5.60588E-10  0.00000E+00  1.0E-07
  1.800E+02  1.00000E+00  1.56615E-26  5.59281E-10  0.00000E+00  1.0E-07
