 #
 # Subroutine ELSEPA. Elastic scattering of electrons and positrons
 #                    by neutral atoms and positive ions
 #
 # Projectile: electron
 # Kinetic energy = 3.70000E+06 eV = 1.35973E+05 a.u.
 #
 # WARNING: High-energy factorization with free-atom DF screening.
 #          Absorption, polarization and exchange corrections are
 #          switched off.
 #          Phase shifts are calculated for the bare nucleus.
 #          Scattering amplitudes are not evaluated.
 #
 # Element: Se,  Z =  34,  atomic weight = 7.89600E+01 g/mol
 #
 # Nuclear model: Fermi distribution
 #                Average radius = 4.59042E-13 cm
 #                Skin thickness = 5.46000E-14 cm
 #
 # Number of electrons = 34
 #
 # Total elastic cross section = 2.65082E-18 cm**2 = 9.46627E-02 a0**2
 # 1st transport cross section = 9.99896E-23 cm**2 = 3.57069E-06 a0**2
 # 2nd transport cross section = 2.81462E-22 cm**2 = 1.00512E-05 a0**2
 #
 #
 # Differential cross section:                       MU=(1-COS(THETA))/2
 #
 #  THETA        MU          DCS          DCS        Sherman      error
 #  (deg)                 (cm**2/sr)   (a0**2/sr)    function
 #----------------------------------------------------------------------
  0.000E+00  0.00000E+00  3.48850E-13  1.24577E+04  0.00000E+00  1.0E-05
  1.000E-04  7.61557E-13  3.48849E-13  1.24576E+04  0.00000E+00  1.0E-05
  1.250E-04  1.18994E-12  3.48849E-13  1.24576E+04  0.00000E+00  1.0E-05
  1.500E-04  1.71346E-12  3.48848E-13  1.24576E+04  0.00000E+00  1.0E-05
  1.750E-04  2.33225E-12  3.48847E-13  1.24576E+04  0.00000E+00  1.0E-05
  2.000E-04  3.04617E-12  3.48846E-13  1.24575E+04  0.00000E+00  1.0E-05
  2.250E-04  3.85530E-12  3.48845E-13  1.24575E+04  0.00000E+00  1.0E-05
  2.500E-04  4.75964E-12  3.48844E-13  1.24574E+04  0.00000E+00  1.0E-05
  2.750E-04  5.75917E-12  3.48842E-13  1.24574E+04  0.00000E+00  1.0E-05
  3.000E-04  6.85391E-12  3.48841E-13  1.24573E+04  0.00000E+00  1.0E-05
  3.250E-04  8.04379E-12  3.48839E-13  1.24573E+04  0.00000E+00  1.0E-05
  3.500E-04  9.32893E-12  3.48837E-13  1.24572E+04  0.00000E+00  1.0E-05
  3.750E-04  1.07092E-11  3.48835E-13  1.24571E+04  0.00000E+00  1.0E-05
  4.000E-04  1.21847E-11  3.48833E-13  1.24570E+04  0.00000E+00  1.0E-05
  4.250E-04  1.37554E-11  3.48831E-13  1.24570E+04  0.00000E+00  1.0E-05
  4.500E-04  1.54213E-11  3.48828E-13  1.24569E+04  0.00000E+00  1.0E-05
  4.750E-04  1.71823E-11  3.48826E-13  1.24568E+04  0.00000E+00  1.0E-05
  5.000E-04  1.90386E-11  3.48823E-13  1.24567E+04  0.00000E+00  1.0E-05
  5.250E-04  2.09900E-11  3.48820E-13  1.24566E+04  0.00000E+00  1.0E-05
  5.500E-04  2.30367E-11  3.48817E-13  1.24565E+04  0.00000E+00  1.0E-05
  5.750E-04  2.51785E-11  3.48814E-13  1.24564E+04  0.00000E+00  1.0E-05
  6.000E-04  2.74156E-11  3.48811E-13  1.24563E+04  0.00000E+00  1.0E-05
  6.250E-04  2.97478E-11  3.48807E-13  1.24561E+04  0.00000E+00  1.0E-05
  6.500E-04  3.21752E-11  3.48804E-13  1.24560E+04  0.00000E+00  1.0E-05
  6.750E-04  3.46979E-11  3.48800E-13  1.24559E+04  0.00000E+00  1.0E-05
  7.000E-04  3.73157E-11  3.48797E-13  1.24558E+04  0.00000E+00  1.0E-05
  7.250E-04  4.00286E-11  3.48793E-13  1.24556E+04  0.00000E+00  1.0E-05
  7.500E-04  4.28368E-11  3.48789E-13  1.24555E+04  0.00000E+00  1.0E-05
  7.750E-04  4.57402E-11  3.48784E-13  1.24553E+04  0.00000E+00  1.0E-05
  8.000E-04  4.87388E-11  3.48780E-13  1.24552E+04  0.00000E+00  1.0E-05
  8.250E-04  5.18325E-11  3.48776E-13  1.24550E+04  0.00000E+00  1.0E-05
  8.500E-04  5.50215E-11  3.48771E-13  1.24548E+04  0.00000E+00  1.0E-05
  8.750E-04  5.83057E-11  3.48766E-13  1.24547E+04  0.00000E+00  1.0E-05
  9.000E-04  6.16850E-11  3.48761E-13  1.24545E+04  0.00000E+00  1.0E-05
  9.250E-04  6.51595E-11  3.48756E-13  1.24543E+04  0.00000E+00  1.0E-05
  9.500E-04  6.87293E-11  3.48751E-13  1.24541E+04  0.00000E+00  1.0E-05
  9.750E-04  7.23943E-11  3.48746E-13  1.24539E+04  0.00000E+00  1.0E-05
  1.000E-03  7.61544E-11  3.48740E-13  1.24537E+04  0.00000E+00  1.0E-05
  1.250E-03  1.18991E-10  3.48678E-13  1.24515E+04  0.00000E+00  1.0E-05
  1.500E-03  1.71347E-10  3.48603E-13  1.24488E+04  0.00000E+00  1.0E-05
  1.750E-03  2.33223E-10  3.48513E-13  1.24456E+04  0.00000E+00  1.0E-05
  2.000E-03  3.04617E-10  3.48410E-13  1.24419E+04  0.00000E+00  1.0E-05
  2.250E-03  3.85531E-10  3.48293E-13  1.24378E+04  0.00000E+00  1.0E-05
  2.500E-03  4.75965E-10  3.48162E-13  1.24331E+04  0.00000E+00  1.0E-05
  2.750E-03  5.75917E-10  3.48018E-13  1.24279E+04  0.00000E+00  1.0E-05
  3.000E-03  6.85389E-10  3.47860E-13  1.24223E+04  0.00000E+00  1.0E-05
  3.250E-03  8.04380E-10  3.47688E-13  1.24162E+04  0.00000E+00  1.0E-05
  3.500E-03  9.32891E-10  3.47503E-13  1.24096E+04  0.00000E+00  1.0E-05
  3.750E-03  1.07092E-09  3.47304E-13  1.24025E+04  0.00000E+00  1.0E-05
  4.000E-03  1.21847E-09  3.47092E-13  1.23949E+04  0.00000E+00  1.0E-05
  4.250E-03  1.37554E-09  3.46866E-13  1.23868E+04  0.00000E+00  1.0E-05
  4.500E-03  1.54213E-09  3.46627E-13  1.23783E+04  0.00000E+00  1.0E-05
  4.750E-03  1.71823E-09  3.46374E-13  1.23692E+04  0.00000E+00  1.0E-05
  5.000E-03  1.90386E-09  3.46108E-13  1.23597E+04  0.00000E+00  1.0E-05
  5.250E-03  2.09900E-09  3.45829E-13  1.23498E+04  0.00000E+00  1.0E-05
  5.500E-03  2.30367E-09  3.45536E-13  1.23393E+04  0.00000E+00  1.0E-05
  5.750E-03  2.51785E-09  3.45230E-13  1.23284E+04  0.00000E+00  1.0E-05
  6.000E-03  2.74156E-09  3.44911E-13  1.23170E+04  0.00000E+00  1.0E-05
  6.250E-03  2.97478E-09  3.44579E-13  1.23051E+04  0.00000E+00  1.0E-05
  6.500E-03  3.21752E-09  3.44234E-13  1.22928E+04  0.00000E+00  1.0E-05
  6.750E-03  3.46978E-09  3.43876E-13  1.22800E+04  0.00000E+00  1.0E-05
  7.000E-03  3.73156E-09  3.43504E-13  1.22668E+04  0.00000E+00  1.0E-05
  7.250E-03  4.00286E-09  3.43121E-13  1.22531E+04  0.00000E+00  1.0E-05
  7.500E-03  4.28368E-09  3.42724E-13  1.22389E+04  0.00000E+00  1.0E-05
  7.750E-03  4.57402E-09  3.42314E-13  1.22243E+04  0.00000E+00  1.0E-05
  8.000E-03  4.87388E-09  3.41892E-13  1.22092E+04  0.00000E+00  1.0E-05
  8.250E-03  5.18326E-09  3.41457E-13  1.21937E+04  0.00000E+00  1.0E-05
  8.500E-03  5.50215E-09  3.41010E-13  1.21777E+04  0.00000E+00  1.0E-05
  8.750E-03  5.83057E-09  3.40550E-13  1.21613E+04  0.00000E+00  1.0E-05
  9.000E-03  6.16850E-09  3.40078E-13  1.21444E+04  0.00000E+00  1.0E-05
  9.250E-03  6.51596E-09  3.39594E-13  1.21271E+04  0.00000E+00  1.0E-05
  9.500E-03  6.87293E-09  3.39097E-13  1.21094E+04  0.00000E+00  1.0E-05
  9.750E-03  7.23942E-09  3.38588E-13  1.20912E+04  0.00000E+00  1.0E-05
  1.000E-02  7.61544E-09  3.38067E-13  1.20726E+04  0.00000E+00  1.0E-05
  1.250E-02  1.18991E-08  3.32218E-13  1.18637E+04  0.00000E+00  1.0E-05
  1.500E-02  1.71347E-08  3.25226E-13  1.16140E+04  0.00000E+00  1.0E-05
  1.750E-02  2.33223E-08  3.17285E-13  1.13305E+04  0.00000E+00  1.0E-05
  2.000E-02  3.04617E-08  3.08516E-13  1.10173E+04  0.00000E+00  1.0E-05
  2.250E-02  3.85531E-08  2.98967E-13  1.06763E+04  0.00000E+00  1.0E-05
  2.500E-02  4.75965E-08  2.88778E-13  1.03124E+04  0.00000E+00  1.0E-05
  2.750E-02  5.75917E-08  2.78150E-13  9.93292E+03  0.00000E+00  1.0E-05
  3.000E-02  6.85389E-08  2.67223E-13  9.54272E+03  0.00000E+00  1.0E-05
  3.250E-02  8.04380E-08  2.56039E-13  9.14333E+03  0.00000E+00  1.0E-05
  3.500E-02  9.32891E-08  2.44666E-13  8.73719E+03  0.00000E+00  1.0E-05
  3.750E-02  1.07092E-07  2.33329E-13  8.33233E+03  0.00000E+00  1.0E-05
  4.000E-02  1.21847E-07  2.22120E-13  7.93206E+03  0.00000E+00  1.0E-05
  4.250E-02  1.37554E-07  2.11074E-13  7.53760E+03  0.00000E+00  1.0E-05
  4.500E-02  1.54213E-07  2.00152E-13  7.14758E+03  0.00000E+00  1.0E-05
  4.750E-02  1.71823E-07  1.89564E-13  6.76947E+03  0.00000E+00  1.0E-05
  5.000E-02  1.90386E-07  1.79350E-13  6.40470E+03  0.00000E+00  1.0E-05
  5.250E-02  2.09900E-07  1.69534E-13  6.05417E+03  0.00000E+00  1.0E-05
  5.500E-02  2.30367E-07  1.60002E-13  5.71377E+03  0.00000E+00  1.0E-05
  5.750E-02  2.51785E-07  1.50924E-13  5.38961E+03  0.00000E+00  1.0E-05
  6.000E-02  2.74156E-07  1.42303E-13  5.08174E+03  0.00000E+00  1.0E-05
  6.250E-02  2.97478E-07  1.34135E-13  4.79005E+03  0.00000E+00  1.0E-05
  6.500E-02  3.21752E-07  1.26335E-13  4.51151E+03  0.00000E+00  1.0E-05
  6.750E-02  3.46978E-07  1.18971E-13  4.24853E+03  0.00000E+00  1.0E-05
  7.000E-02  3.73156E-07  1.12045E-13  4.00119E+03  0.00000E+00  1.0E-05
  7.250E-02  4.00286E-07  1.05538E-13  3.76882E+03  0.00000E+00  1.0E-05
  7.500E-02  4.28368E-07  9.93940E-14  3.54942E+03  0.00000E+00  1.0E-05
  7.750E-02  4.57402E-07  9.36200E-14  3.34323E+03  0.00000E+00  1.0E-05
  8.000E-02  4.87388E-07  8.82189E-14  3.15035E+03  0.00000E+00  1.0E-05
  8.250E-02  5.18325E-07  8.31685E-14  2.97000E+03  0.00000E+00  1.0E-05
  8.500E-02  5.50215E-07  7.84317E-14  2.80085E+03  0.00000E+00  1.0E-05
  8.750E-02  5.83057E-07  7.39893E-14  2.64221E+03  0.00000E+00  1.0E-05
  9.000E-02  6.16850E-07  6.98440E-14  2.49417E+03  0.00000E+00  1.0E-05
  9.250E-02  6.51596E-07  6.59751E-14  2.35601E+03  0.00000E+00  1.0E-05
  9.500E-02  6.87293E-07  6.23586E-14  2.22687E+03  0.00000E+00  1.0E-05
  9.750E-02  7.23942E-07  5.89680E-14  2.10578E+03  0.00000E+00  1.0E-05
  1.000E-01  7.61543E-07  5.58049E-14  1.99283E+03  0.00000E+00  1.0E-05
  1.250E-01  1.18991E-06  3.35082E-14  1.19660E+03  0.00000E+00  1.0E-05
  1.500E-01  1.71347E-06  2.14990E-14  7.67743E+02  0.00000E+00  1.0E-05
  1.750E-01  2.33223E-06  1.47637E-14  5.27221E+02  0.00000E+00  1.0E-05
  2.000E-01  3.04617E-06  1.06118E-14  3.78953E+02  0.00000E+00  1.0E-05
  2.250E-01  3.85531E-06  7.82100E-15  2.79293E+02  0.00000E+00  1.0E-05
  2.500E-01  4.75964E-06  5.87522E-15  2.09808E+02  0.00000E+00  1.0E-05
  2.750E-01  5.75916E-06  4.49308E-15  1.60451E+02  0.00000E+00  1.0E-05
  3.000E-01  6.85388E-06  3.48277E-15  1.24372E+02  0.00000E+00  1.0E-05
  3.250E-01  8.04378E-06  2.72144E-15  9.71842E+01  0.00000E+00  1.0E-05
  3.500E-01  9.32888E-06  2.14255E-15  7.65120E+01  0.00000E+00  1.0E-05
  3.750E-01  1.07092E-05  1.70485E-15  6.08812E+01  0.00000E+00  1.0E-05
  4.000E-01  1.21846E-05  1.36953E-15  4.89067E+01  0.00000E+00  1.0E-05
  4.250E-01  1.37553E-05  1.10936E-15  3.96159E+01  0.00000E+00  1.0E-05
  4.500E-01  1.54212E-05  9.05371E-16  3.23314E+01  0.00000E+00  1.0E-05
  4.750E-01  1.71822E-05  7.45716E-16  2.66300E+01  0.00000E+00  1.0E-05
  5.000E-01  1.90385E-05  6.19403E-16  2.21193E+01  0.00000E+00  1.0E-05
  5.250E-01  2.09899E-05  5.18758E-16  1.85252E+01  0.00000E+00  1.0E-05
  5.500E-01  2.30365E-05  4.37542E-16  1.56249E+01  0.00000E+00  1.0E-05
  5.750E-01  2.51783E-05  3.71783E-16  1.32766E+01  0.00000E+00  1.0E-05
  6.000E-01  2.74153E-05  3.18083E-16  1.13589E+01  0.00000E+00  1.0E-05
  6.250E-01  2.97475E-05  2.73893E-16  9.78089E+00  0.00000E+00  1.0E-05
  6.500E-01  3.21749E-05  2.37239E-16  8.47195E+00  0.00000E+00  1.0E-05
  6.750E-01  3.46974E-05  2.06622E-16  7.37861E+00  0.00000E+00  1.0E-05
  7.000E-01  3.73152E-05  1.80905E-16  6.46022E+00  0.00000E+00  1.0E-05
  7.250E-01  4.00281E-05  1.59171E-16  5.68411E+00  0.00000E+00  1.0E-05
  7.500E-01  4.28362E-05  1.40673E-16  5.02351E+00  0.00000E+00  1.0E-05
  7.750E-01  4.57395E-05  1.24839E-16  4.45808E+00  0.00000E+00  1.0E-05
  8.000E-01  4.87380E-05  1.11219E-16  3.97170E+00  0.00000E+00  1.0E-05
  8.250E-01  5.18317E-05  9.94417E-17  3.55113E+00  0.00000E+00  1.0E-05
  8.500E-01  5.50205E-05  8.91989E-17  3.18535E+00  0.00000E+00  1.0E-05
  8.750E-01  5.83045E-05  8.02476E-17  2.86569E+00  0.00000E+00  1.0E-05
  9.000E-01  6.16838E-05  7.24042E-17  2.58560E+00  0.00000E+00  1.0E-05
  9.250E-01  6.51582E-05  6.55053E-17  2.33924E+00  0.00000E+00  1.0E-05
  9.500E-01  6.87277E-05  5.94119E-17  2.12164E+00  0.00000E+00  1.0E-05
  9.750E-01  7.23925E-05  5.40051E-17  1.92856E+00  0.00000E+00  1.0E-05
  1.000E+00  7.61524E-05  4.92022E-17  1.75704E+00  0.00000E+00  2.9E-06
  1.100E+00  9.21439E-05  3.45805E-17  1.23489E+00  0.00000E+00  2.2E-06
  1.200E+00  1.09658E-04  2.49801E-17  8.92054E-01  0.00000E+00  1.2E-06
  1.300E+00  1.28695E-04  1.84643E-17  6.59373E-01  0.00000E+00  2.8E-07
  1.400E+00  1.49255E-04  1.39129E-17  4.96840E-01  0.00000E+00  4.6E-07
  1.500E+00  1.71338E-04  1.06787E-17  3.81343E-01  0.00000E+00  8.2E-07
  1.600E+00  1.94942E-04  8.32676E-18  2.97354E-01  0.00000E+00  8.9E-07
  1.700E+00  2.20070E-04  6.58382E-18  2.35112E-01  0.00000E+00  7.1E-07
  1.800E+00  2.46720E-04  5.27109E-18  1.88234E-01  0.00000E+00  4.1E-07
  1.900E+00  2.74892E-04  4.26969E-18  1.52473E-01  0.00000E+00  1.0E-07
  2.000E+00  3.04586E-04  3.49528E-18  1.24819E-01  0.00000E+00  2.1E-07
  2.100E+00  3.35803E-04  2.88889E-18  1.03164E-01  0.00000E+00  3.7E-07
  2.200E+00  3.68542E-04  2.40836E-18  8.60040E-02  0.00000E+00  4.0E-07
  2.300E+00  4.02802E-04  2.02405E-18  7.22800E-02  0.00000E+00  3.3E-07
  2.400E+00  4.38585E-04  1.71369E-18  6.11971E-02  0.00000E+00  1.9E-07
  2.500E+00  4.75889E-04  1.46085E-18  5.21680E-02  0.00000E+00  1.0E-07
  2.600E+00  5.14715E-04  1.25305E-18  4.47471E-02  0.00000E+00  1.2E-07
  2.700E+00  5.55063E-04  1.08107E-18  3.86057E-02  0.00000E+00  2.0E-07
  2.800E+00  5.96931E-04  9.37741E-19  3.34873E-02  0.00000E+00  2.2E-07
  2.900E+00  6.40321E-04  8.17500E-19  2.91935E-02  0.00000E+00  1.8E-07
  3.000E+00  6.85233E-04  7.15982E-19  2.55682E-02  0.00000E+00  1.0E-07
  3.100E+00  7.31665E-04  6.29796E-19  2.24904E-02  0.00000E+00  1.0E-07
  3.200E+00  7.79618E-04  5.56252E-19  1.98641E-02  0.00000E+00  1.0E-07
  3.300E+00  8.29092E-04  4.93178E-19  1.76117E-02  0.00000E+00  1.3E-07
  3.400E+00  8.80086E-04  4.38822E-19  1.56706E-02  0.00000E+00  1.4E-07
  3.500E+00  9.32601E-04  3.91766E-19  1.39902E-02  0.00000E+00  1.1E-07
  3.600E+00  9.86636E-04  3.50875E-19  1.25300E-02  0.00000E+00  1.0E-07
  3.700E+00  1.04219E-03  3.15202E-19  1.12561E-02  0.00000E+00  1.0E-07
  3.800E+00  1.09927E-03  2.83960E-19  1.01404E-02  0.00000E+00  1.0E-07
  3.900E+00  1.15786E-03  2.56498E-19  9.15971E-03  0.00000E+00  1.0E-07
  4.000E+00  1.21797E-03  2.32287E-19  8.29514E-03  0.00000E+00  1.0E-07
  4.100E+00  1.27961E-03  2.10876E-19  7.53051E-03  0.00000E+00  1.0E-07
  4.200E+00  1.34276E-03  1.91881E-19  6.85221E-03  0.00000E+00  1.0E-07
  4.300E+00  1.40743E-03  1.74978E-19  6.24857E-03  0.00000E+00  1.0E-07
  4.400E+00  1.47362E-03  1.59901E-19  5.71015E-03  0.00000E+00  1.0E-07
  4.500E+00  1.54133E-03  1.46417E-19  5.22865E-03  0.00000E+00  1.0E-07
  4.600E+00  1.61056E-03  1.34329E-19  4.79697E-03  0.00000E+00  1.0E-07
  4.700E+00  1.68131E-03  1.23462E-19  4.40892E-03  0.00000E+00  1.0E-07
  4.800E+00  1.75357E-03  1.13675E-19  4.05942E-03  0.00000E+00  1.0E-07
  4.900E+00  1.82735E-03  1.04841E-19  3.74396E-03  0.00000E+00  1.0E-07
  5.000E+00  1.90265E-03  9.68513E-20  3.45862E-03  0.00000E+00  1.0E-07
  5.100E+00  1.97947E-03  8.96083E-20  3.19997E-03  0.00000E+00  1.0E-07
  5.200E+00  2.05780E-03  8.30310E-20  2.96509E-03  0.00000E+00  1.0E-07
  5.300E+00  2.13765E-03  7.70477E-20  2.75142E-03  0.00000E+00  1.0E-07
  5.400E+00  2.21902E-03  7.15950E-20  2.55671E-03  0.00000E+00  1.0E-07
  5.500E+00  2.30190E-03  6.66168E-20  2.37893E-03  0.00000E+00  1.0E-07
  5.600E+00  2.38630E-03  6.20644E-20  2.21636E-03  0.00000E+00  1.0E-07
  5.700E+00  2.47222E-03  5.78952E-20  2.06748E-03  0.00000E+00  1.0E-07
  5.800E+00  2.55965E-03  5.40712E-20  1.93092E-03  0.00000E+00  1.0E-07
  5.900E+00  2.64859E-03  5.05583E-20  1.80547E-03  0.00000E+00  1.0E-07
  6.000E+00  2.73905E-03  4.73264E-20  1.69006E-03  0.00000E+00  1.0E-07
  6.100E+00  2.83103E-03  4.43493E-20  1.58374E-03  0.00000E+00  1.0E-07
  6.200E+00  2.92452E-03  4.16033E-20  1.48568E-03  0.00000E+00  1.0E-07
  6.300E+00  3.01952E-03  3.90672E-20  1.39511E-03  0.00000E+00  1.0E-07
  6.400E+00  3.11604E-03  3.67214E-20  1.31135E-03  0.00000E+00  1.0E-07
  6.500E+00  3.21407E-03  3.45497E-20  1.23379E-03  0.00000E+00  1.0E-07
  6.600E+00  3.31362E-03  3.25366E-20  1.16190E-03  0.00000E+00  1.0E-07
  6.700E+00  3.41468E-03  3.06685E-20  1.09519E-03  0.00000E+00  1.0E-07
  6.800E+00  3.51725E-03  2.89327E-20  1.03320E-03  0.00000E+00  1.0E-07
  6.900E+00  3.62133E-03  2.73183E-20  9.75553E-04  0.00000E+00  1.0E-07
  7.000E+00  3.72692E-03  2.58153E-20  9.21881E-04  0.00000E+00  1.0E-07
  7.100E+00  3.83403E-03  2.44146E-20  8.71861E-04  0.00000E+00  1.0E-07
  7.200E+00  3.94265E-03  2.31078E-20  8.25195E-04  0.00000E+00  1.0E-07
  7.300E+00  4.05278E-03  2.18875E-20  7.81619E-04  0.00000E+00  1.0E-07
  7.400E+00  4.16442E-03  2.07470E-20  7.40891E-04  0.00000E+00  1.0E-07
  7.500E+00  4.27757E-03  1.96801E-20  7.02790E-04  0.00000E+00  1.0E-07
  7.600E+00  4.39223E-03  1.86811E-20  6.67114E-04  0.00000E+00  1.0E-07
  7.700E+00  4.50840E-03  1.77448E-20  6.33680E-04  0.00000E+00  1.0E-07
  7.800E+00  4.62608E-03  1.68667E-20  6.02322E-04  0.00000E+00  1.0E-07
  7.900E+00  4.74527E-03  1.60425E-20  5.72887E-04  0.00000E+00  1.0E-07
  8.000E+00  4.86597E-03  1.52681E-20  5.45234E-04  0.00000E+00  1.0E-07
  8.100E+00  4.98817E-03  1.45400E-20  5.19234E-04  0.00000E+00  1.0E-07
  8.200E+00  5.11188E-03  1.38550E-20  4.94772E-04  0.00000E+00  1.0E-07
  8.300E+00  5.23711E-03  1.32101E-20  4.71740E-04  0.00000E+00  1.0E-07
  8.400E+00  5.36383E-03  1.26023E-20  4.50037E-04  0.00000E+00  1.0E-07
  8.500E+00  5.49207E-03  1.20292E-20  4.29572E-04  0.00000E+00  1.0E-07
  8.600E+00  5.62181E-03  1.14885E-20  4.10262E-04  0.00000E+00  1.0E-07
  8.700E+00  5.75306E-03  1.09779E-20  3.92029E-04  0.00000E+00  1.0E-07
  8.800E+00  5.88581E-03  1.04955E-20  3.74802E-04  0.00000E+00  1.0E-07
  8.900E+00  6.02007E-03  1.00394E-20  3.58515E-04  0.00000E+00  1.0E-07
  9.000E+00  6.15583E-03  9.60795E-21  3.43106E-04  0.00000E+00  1.0E-07
  9.100E+00  6.29310E-03  9.19950E-21  3.28520E-04  0.00000E+00  1.0E-07
  9.200E+00  6.43187E-03  8.81263E-21  3.14705E-04  0.00000E+00  1.0E-07
  9.300E+00  6.57214E-03  8.44596E-21  3.01611E-04  0.00000E+00  1.0E-07
  9.400E+00  6.71392E-03  8.09824E-21  2.89193E-04  0.00000E+00  1.0E-07
  9.500E+00  6.85720E-03  7.76832E-21  2.77412E-04  0.00000E+00  1.0E-07
  9.600E+00  7.00198E-03  7.45512E-21  2.66227E-04  0.00000E+00  1.0E-07
  9.700E+00  7.14827E-03  7.15760E-21  2.55603E-04  0.00000E+00  1.0E-07
  9.800E+00  7.29605E-03  6.87485E-21  2.45505E-04  0.00000E+00  1.0E-07
  9.900E+00  7.44534E-03  6.60599E-21  2.35904E-04  0.00000E+00  1.0E-07
  1.000E+01  7.59612E-03  6.35021E-21  2.26770E-04  0.00000E+00  1.0E-07
  1.025E+01  7.97965E-03  5.76313E-21  2.05805E-04  0.00000E+00  1.0E-07
  1.050E+01  8.37255E-03  5.24267E-21  1.87219E-04  0.00000E+00  1.0E-07
  1.075E+01  8.77480E-03  4.77993E-21  1.70694E-04  0.00000E+00  1.0E-07
  1.100E+01  9.18641E-03  4.36738E-21  1.55962E-04  0.00000E+00  1.0E-07
  1.125E+01  9.60736E-03  3.99862E-21  1.42793E-04  0.00000E+00  1.0E-07
  1.150E+01  1.00376E-02  3.66817E-21  1.30993E-04  0.00000E+00  1.0E-07
  1.175E+01  1.04773E-02  3.37135E-21  1.20393E-04  0.00000E+00  1.0E-07
  1.200E+01  1.09262E-02  3.10411E-21  1.10850E-04  0.00000E+00  1.0E-07
  1.225E+01  1.13844E-02  2.86298E-21  1.02239E-04  0.00000E+00  1.0E-07
  1.250E+01  1.18520E-02  2.64495E-21  9.44528E-05  0.00000E+00  1.0E-07
  1.275E+01  1.23288E-02  2.44740E-21  8.73983E-05  0.00000E+00  1.0E-07
  1.300E+01  1.28150E-02  2.26807E-21  8.09941E-05  0.00000E+00  1.0E-07
  1.325E+01  1.33104E-02  2.10496E-21  7.51693E-05  0.00000E+00  1.0E-07
  1.350E+01  1.38150E-02  1.95634E-21  6.98622E-05  0.00000E+00  1.0E-07
  1.375E+01  1.43290E-02  1.82069E-21  6.50182E-05  0.00000E+00  1.0E-07
  1.400E+01  1.48521E-02  1.69668E-21  6.05894E-05  0.00000E+00  1.0E-07
  1.425E+01  1.53845E-02  1.58311E-21  5.65338E-05  0.00000E+00  1.0E-07
  1.450E+01  1.59262E-02  1.47895E-21  5.28141E-05  0.00000E+00  1.0E-07
  1.475E+01  1.64770E-02  1.38327E-21  4.93974E-05  0.00000E+00  1.0E-07
  1.500E+01  1.70371E-02  1.29526E-21  4.62544E-05  0.00000E+00  1.0E-07
  1.525E+01  1.76063E-02  1.21418E-21  4.33591E-05  0.00000E+00  1.0E-07
  1.550E+01  1.81848E-02  1.13939E-21  4.06885E-05  0.00000E+00  1.0E-07
  1.575E+01  1.87724E-02  1.07032E-21  3.82217E-05  0.00000E+00  1.0E-07
  1.600E+01  1.93692E-02  1.00643E-21  3.59403E-05  0.00000E+00  1.0E-07
  1.625E+01  1.99751E-02  9.47277E-22  3.38279E-05  0.00000E+00  1.0E-07
  1.650E+01  2.05901E-02  8.92437E-22  3.18695E-05  0.00000E+00  1.0E-07
  1.675E+01  2.12143E-02  8.41536E-22  3.00518E-05  0.00000E+00  1.0E-07
  1.700E+01  2.18476E-02  7.94239E-22  2.83628E-05  0.00000E+00  1.0E-07
  1.725E+01  2.24900E-02  7.50243E-22  2.67917E-05  0.00000E+00  1.0E-07
  1.750E+01  2.31415E-02  7.09275E-22  2.53287E-05  0.00000E+00  1.0E-07
  1.775E+01  2.38021E-02  6.71085E-22  2.39649E-05  0.00000E+00  1.0E-07
  1.800E+01  2.44717E-02  6.35451E-22  2.26924E-05  0.00000E+00  1.0E-07
  1.825E+01  2.51504E-02  6.02168E-22  2.15038E-05  0.00000E+00  1.0E-07
  1.850E+01  2.58382E-02  5.71052E-22  2.03927E-05  0.00000E+00  1.0E-07
  1.875E+01  2.65349E-02  5.41936E-22  1.93529E-05  0.00000E+00  1.0E-07
  1.900E+01  2.72407E-02  5.14666E-22  1.83791E-05  0.00000E+00  1.0E-07
  1.925E+01  2.79555E-02  4.89103E-22  1.74662E-05  0.00000E+00  1.0E-07
  1.950E+01  2.86793E-02  4.65120E-22  1.66097E-05  0.00000E+00  1.0E-07
  1.975E+01  2.94120E-02  4.42601E-22  1.58056E-05  0.00000E+00  1.0E-07
  2.000E+01  3.01537E-02  4.21438E-22  1.50498E-05  0.00000E+00  1.0E-07
  2.025E+01  3.09043E-02  4.01535E-22  1.43391E-05  0.00000E+00  1.0E-07
  2.050E+01  3.16639E-02  3.82802E-22  1.36701E-05  0.00000E+00  1.0E-07
  2.075E+01  3.24324E-02  3.65158E-22  1.30400E-05  0.00000E+00  1.0E-07
  2.100E+01  3.32098E-02  3.48526E-22  1.24461E-05  0.00000E+00  1.0E-07
  2.125E+01  3.39961E-02  3.32838E-22  1.18859E-05  0.00000E+00  1.0E-07
  2.150E+01  3.47912E-02  3.18030E-22  1.13570E-05  0.00000E+00  1.0E-07
  2.175E+01  3.55952E-02  3.04042E-22  1.08575E-05  0.00000E+00  1.0E-07
  2.200E+01  3.64081E-02  2.90821E-22  1.03854E-05  0.00000E+00  1.0E-07
  2.225E+01  3.72297E-02  2.78317E-22  9.93888E-06  0.00000E+00  1.0E-07
  2.250E+01  3.80602E-02  2.66483E-22  9.51628E-06  0.00000E+00  1.0E-07
  2.275E+01  3.88995E-02  2.55276E-22  9.11607E-06  0.00000E+00  1.0E-07
  2.300E+01  3.97476E-02  2.44657E-22  8.73685E-06  0.00000E+00  1.0E-07
  2.325E+01  4.06044E-02  2.34588E-22  8.37729E-06  0.00000E+00  1.0E-07
  2.350E+01  4.14700E-02  2.25036E-22  8.03618E-06  0.00000E+00  1.0E-07
  2.375E+01  4.23443E-02  2.15969E-22  7.71240E-06  0.00000E+00  1.0E-07
  2.400E+01  4.32273E-02  2.07358E-22  7.40488E-06  0.00000E+00  1.0E-07
  2.425E+01  4.41190E-02  1.99175E-22  7.11266E-06  0.00000E+00  1.0E-07
  2.450E+01  4.50194E-02  1.91394E-22  6.83482E-06  0.00000E+00  1.0E-07
  2.475E+01  4.59284E-02  1.83993E-22  6.57052E-06  0.00000E+00  1.0E-07
  2.500E+01  4.68461E-02  1.76949E-22  6.31897E-06  0.00000E+00  1.0E-07
  2.550E+01  4.87074E-02  1.63851E-22  5.85122E-06  0.00000E+00  1.0E-07
  2.600E+01  5.06030E-02  1.51951E-22  5.42628E-06  0.00000E+00  1.0E-07
  2.650E+01  5.25328E-02  1.41120E-22  5.03948E-06  0.00000E+00  1.0E-07
  2.700E+01  5.44967E-02  1.31243E-22  4.68679E-06  0.00000E+00  1.0E-07
  2.750E+01  5.64946E-02  1.22222E-22  4.36462E-06  0.00000E+00  1.0E-07
  2.800E+01  5.85262E-02  1.13967E-22  4.06985E-06  0.00000E+00  1.0E-07
  2.850E+01  6.05914E-02  1.06403E-22  3.79972E-06  0.00000E+00  1.0E-07
  2.900E+01  6.26901E-02  9.94597E-23  3.55177E-06  0.00000E+00  1.0E-07
  2.950E+01  6.48222E-02  9.30773E-23  3.32385E-06  0.00000E+00  1.0E-07
  3.000E+01  6.69873E-02  8.72018E-23  3.11403E-06  0.00000E+00  1.0E-07
  3.050E+01  6.91854E-02  8.17855E-23  2.92061E-06  0.00000E+00  1.0E-07
  3.100E+01  7.14163E-02  7.67857E-23  2.74207E-06  0.00000E+00  1.0E-07
  3.150E+01  7.36799E-02  7.21643E-23  2.57703E-06  0.00000E+00  1.0E-07
  3.200E+01  7.59760E-02  6.78873E-23  2.42430E-06  0.00000E+00  1.0E-07
  3.250E+01  7.83043E-02  6.39242E-23  2.28277E-06  0.00000E+00  1.0E-07
  3.300E+01  8.06647E-02  6.02476E-23  2.15148E-06  0.00000E+00  1.0E-07
  3.350E+01  8.30571E-02  5.68327E-23  2.02953E-06  0.00000E+00  1.0E-07
  3.400E+01  8.54812E-02  5.36575E-23  1.91614E-06  0.00000E+00  1.0E-07
  3.450E+01  8.79369E-02  5.07019E-23  1.81060E-06  0.00000E+00  1.0E-07
  3.500E+01  9.04240E-02  4.79479E-23  1.71225E-06  0.00000E+00  1.0E-07
  3.550E+01  9.29422E-02  4.53790E-23  1.62051E-06  0.00000E+00  1.0E-07
  3.600E+01  9.54915E-02  4.29805E-23  1.53486E-06  0.00000E+00  1.0E-07
  3.650E+01  9.80716E-02  4.07389E-23  1.45481E-06  0.00000E+00  1.0E-07
  3.700E+01  1.00682E-01  3.86419E-23  1.37993E-06  0.00000E+00  1.0E-07
  3.750E+01  1.03323E-01  3.66785E-23  1.30981E-06  0.00000E+00  1.0E-07
  3.800E+01  1.05995E-01  3.48385E-23  1.24410E-06  0.00000E+00  1.0E-07
  3.850E+01  1.08696E-01  3.31126E-23  1.18247E-06  0.00000E+00  1.0E-07
  3.900E+01  1.11427E-01  3.14925E-23  1.12462E-06  0.00000E+00  1.0E-07
  3.950E+01  1.14188E-01  2.99703E-23  1.07026E-06  0.00000E+00  1.0E-07
  4.000E+01  1.16978E-01  2.85391E-23  1.01915E-06  0.00000E+00  1.0E-07
  4.050E+01  1.19797E-01  2.71923E-23  9.71056E-07  0.00000E+00  1.0E-07
  4.100E+01  1.22645E-01  2.59241E-23  9.25767E-07  0.00000E+00  1.0E-07
  4.150E+01  1.25522E-01  2.47289E-23  8.83086E-07  0.00000E+00  1.0E-07
  4.200E+01  1.28428E-01  2.36018E-23  8.42834E-07  0.00000E+00  1.0E-07
  4.250E+01  1.31361E-01  2.25380E-23  8.04848E-07  0.00000E+00  1.0E-07
  4.300E+01  1.34323E-01  2.15334E-23  7.68973E-07  0.00000E+00  1.0E-07
  4.350E+01  1.37313E-01  2.05841E-23  7.35070E-07  0.00000E+00  1.0E-07
  4.400E+01  1.40330E-01  1.96863E-23  7.03011E-07  0.00000E+00  1.0E-07
  4.450E+01  1.43375E-01  1.88368E-23  6.72676E-07  0.00000E+00  1.0E-07
  4.500E+01  1.46447E-01  1.80325E-23  6.43952E-07  0.00000E+00  1.0E-07
  4.550E+01  1.49545E-01  1.72705E-23  6.16741E-07  0.00000E+00  1.0E-07
  4.600E+01  1.52671E-01  1.65481E-23  5.90944E-07  0.00000E+00  1.0E-07
  4.650E+01  1.55823E-01  1.58629E-23  5.66475E-07  0.00000E+00  1.0E-07
  4.700E+01  1.59001E-01  1.52127E-23  5.43254E-07  0.00000E+00  1.0E-07
  4.750E+01  1.62205E-01  1.45951E-23  5.21202E-07  0.00000E+00  1.0E-07
  4.800E+01  1.65435E-01  1.40084E-23  5.00250E-07  0.00000E+00  1.0E-07
  4.850E+01  1.68690E-01  1.34507E-23  4.80333E-07  0.00000E+00  1.0E-07
  4.900E+01  1.71970E-01  1.29202E-23  4.61389E-07  0.00000E+00  1.0E-07
  4.950E+01  1.75276E-01  1.24154E-23  4.43362E-07  0.00000E+00  1.0E-07
  5.000E+01  1.78606E-01  1.19348E-23  4.26200E-07  0.00000E+00  1.0E-07
  5.050E+01  1.81961E-01  1.14770E-23  4.09851E-07  0.00000E+00  1.0E-07
  5.100E+01  1.85340E-01  1.10407E-23  3.94272E-07  0.00000E+00  1.0E-07
  5.150E+01  1.88743E-01  1.06248E-23  3.79417E-07  0.00000E+00  1.0E-07
  5.200E+01  1.92169E-01  1.02280E-23  3.65247E-07  0.00000E+00  1.0E-07
  5.250E+01  1.95619E-01  9.84929E-24  3.51724E-07  0.00000E+00  1.0E-07
  5.300E+01  1.99092E-01  9.48775E-24  3.38814E-07  0.00000E+00  1.0E-07
  5.350E+01  2.02589E-01  9.14242E-24  3.26482E-07  0.00000E+00  1.0E-07
  5.400E+01  2.06107E-01  8.81244E-24  3.14698E-07  0.00000E+00  1.0E-07
  5.450E+01  2.09649E-01  8.49699E-24  3.03433E-07  0.00000E+00  1.0E-07
  5.500E+01  2.13212E-01  8.19531E-24  2.92660E-07  0.00000E+00  1.0E-07
  5.550E+01  2.16797E-01  7.90668E-24  2.82353E-07  0.00000E+00  1.0E-07
  5.600E+01  2.20404E-01  7.63043E-24  2.72488E-07  0.00000E+00  1.0E-07
  5.650E+01  2.24032E-01  7.36592E-24  2.63042E-07  0.00000E+00  1.0E-07
  5.700E+01  2.27680E-01  7.11256E-24  2.53994E-07  0.00000E+00  1.0E-07
  5.750E+01  2.31350E-01  6.86978E-24  2.45324E-07  0.00000E+00  1.0E-07
  5.800E+01  2.35040E-01  6.63706E-24  2.37014E-07  0.00000E+00  1.0E-07
  5.850E+01  2.38751E-01  6.41390E-24  2.29045E-07  0.00000E+00  1.0E-07
  5.900E+01  2.42481E-01  6.19984E-24  2.21400E-07  0.00000E+00  1.0E-07
  5.950E+01  2.46231E-01  5.99443E-24  2.14065E-07  0.00000E+00  1.0E-07
  6.000E+01  2.50000E-01  5.79726E-24  2.07024E-07  0.00000E+00  1.0E-07
  6.050E+01  2.53788E-01  5.60793E-24  2.00263E-07  0.00000E+00  1.0E-07
  6.100E+01  2.57595E-01  5.42607E-24  1.93768E-07  0.00000E+00  1.0E-07
  6.150E+01  2.61421E-01  5.25132E-24  1.87528E-07  0.00000E+00  1.0E-07
  6.200E+01  2.65264E-01  5.08337E-24  1.81530E-07  0.00000E+00  1.0E-07
  6.250E+01  2.69126E-01  4.92188E-24  1.75764E-07  0.00000E+00  1.0E-07
  6.300E+01  2.73005E-01  4.76657E-24  1.70217E-07  0.00000E+00  1.0E-07
  6.350E+01  2.76901E-01  4.61715E-24  1.64881E-07  0.00000E+00  1.0E-07
  6.400E+01  2.80814E-01  4.47336E-24  1.59747E-07  0.00000E+00  1.0E-07
  6.450E+01  2.84744E-01  4.33494E-24  1.54804E-07  0.00000E+00  1.0E-07
  6.500E+01  2.88691E-01  4.20167E-24  1.50044E-07  0.00000E+00  1.0E-07
  6.550E+01  2.92653E-01  4.07330E-24  1.45460E-07  0.00000E+00  1.0E-07
  6.600E+01  2.96632E-01  3.94962E-24  1.41044E-07  0.00000E+00  1.0E-07
  6.650E+01  3.00625E-01  3.83043E-24  1.36787E-07  0.00000E+00  1.0E-07
  6.700E+01  3.04634E-01  3.71554E-24  1.32684E-07  0.00000E+00  1.0E-07
  6.750E+01  3.08658E-01  3.60476E-24  1.28728E-07  0.00000E+00  1.0E-07
  6.800E+01  3.12697E-01  3.49791E-24  1.24913E-07  0.00000E+00  1.0E-07
  6.850E+01  3.16749E-01  3.39483E-24  1.21232E-07  0.00000E+00  1.0E-07
  6.900E+01  3.20816E-01  3.29537E-24  1.17680E-07  0.00000E+00  1.0E-07
  6.950E+01  3.24896E-01  3.19936E-24  1.14251E-07  0.00000E+00  1.0E-07
  7.000E+01  3.28990E-01  3.10668E-24  1.10941E-07  0.00000E+00  1.0E-07
  7.050E+01  3.33097E-01  3.01717E-24  1.07745E-07  0.00000E+00  1.0E-07
  7.100E+01  3.37216E-01  2.93072E-24  1.04658E-07  0.00000E+00  1.0E-07
  7.150E+01  3.41348E-01  2.84720E-24  1.01675E-07  0.00000E+00  1.0E-07
  7.200E+01  3.45492E-01  2.76648E-24  9.87928E-08  0.00000E+00  1.0E-07
  7.250E+01  3.49647E-01  2.68846E-24  9.60067E-08  0.00000E+00  1.0E-07
  7.300E+01  3.53814E-01  2.61303E-24  9.33131E-08  0.00000E+00  1.0E-07
  7.350E+01  3.57992E-01  2.54009E-24  9.07083E-08  0.00000E+00  1.0E-07
  7.400E+01  3.62181E-01  2.46954E-24  8.81890E-08  0.00000E+00  1.0E-07
  7.450E+01  3.66381E-01  2.40129E-24  8.57517E-08  0.00000E+00  1.0E-07
  7.500E+01  3.70590E-01  2.33525E-24  8.33934E-08  0.00000E+00  1.0E-07
  7.550E+01  3.74810E-01  2.27134E-24  8.11109E-08  0.00000E+00  1.0E-07
  7.600E+01  3.79039E-01  2.20947E-24  7.89014E-08  0.00000E+00  1.0E-07
  7.650E+01  3.83277E-01  2.14956E-24  7.67621E-08  0.00000E+00  1.0E-07
  7.700E+01  3.87524E-01  2.09154E-24  7.46904E-08  0.00000E+00  1.0E-07
  7.750E+01  3.91780E-01  2.03535E-24  7.26836E-08  0.00000E+00  1.0E-07
  7.800E+01  3.96044E-01  1.98091E-24  7.07394E-08  0.00000E+00  1.0E-07
  7.850E+01  4.00316E-01  1.92815E-24  6.88555E-08  0.00000E+00  1.0E-07
  7.900E+01  4.04596E-01  1.87702E-24  6.70297E-08  0.00000E+00  1.0E-07
  7.950E+01  4.08882E-01  1.82746E-24  6.52599E-08  0.00000E+00  1.0E-07
  8.000E+01  4.13176E-01  1.77941E-24  6.35440E-08  0.00000E+00  1.0E-07
  8.050E+01  4.17476E-01  1.73282E-24  6.18802E-08  0.00000E+00  1.0E-07
  8.100E+01  4.21783E-01  1.68763E-24  6.02664E-08  0.00000E+00  1.0E-07
  8.150E+01  4.26095E-01  1.64380E-24  5.87010E-08  0.00000E+00  1.0E-07
  8.200E+01  4.30413E-01  1.60126E-24  5.71822E-08  0.00000E+00  1.0E-07
  8.250E+01  4.34737E-01  1.55999E-24  5.57084E-08  0.00000E+00  1.0E-07
  8.300E+01  4.39065E-01  1.51994E-24  5.42779E-08  0.00000E+00  1.0E-07
  8.350E+01  4.43398E-01  1.48105E-24  5.28893E-08  0.00000E+00  1.0E-07
  8.400E+01  4.47736E-01  1.44330E-24  5.15412E-08  0.00000E+00  1.0E-07
  8.450E+01  4.52077E-01  1.40664E-24  5.02322E-08  0.00000E+00  1.0E-07
  8.500E+01  4.56422E-01  1.37104E-24  4.89608E-08  0.00000E+00  1.0E-07
  8.550E+01  4.60770E-01  1.33646E-24  4.77260E-08  0.00000E+00  1.0E-07
  8.600E+01  4.65122E-01  1.30287E-24  4.65263E-08  0.00000E+00  1.0E-07
  8.650E+01  4.69476E-01  1.27023E-24  4.53607E-08  0.00000E+00  1.0E-07
  8.700E+01  4.73832E-01  1.23851E-24  4.42280E-08  0.00000E+00  1.0E-07
  8.750E+01  4.78190E-01  1.20768E-24  4.31271E-08  0.00000E+00  1.0E-07
  8.800E+01  4.82550E-01  1.17771E-24  4.20568E-08  0.00000E+00  1.0E-07
  8.850E+01  4.86912E-01  1.14857E-24  4.10163E-08  0.00000E+00  1.0E-07
  8.900E+01  4.91274E-01  1.12024E-24  4.00046E-08  0.00000E+00  1.0E-07
  8.950E+01  4.95637E-01  1.09269E-24  3.90206E-08  0.00000E+00  1.0E-07
  9.000E+01  5.00000E-01  1.06589E-24  3.80637E-08  0.00000E+00  1.0E-07
  9.050E+01  5.04363E-01  1.03982E-24  3.71327E-08  0.00000E+00  1.0E-07
  9.100E+01  5.08726E-01  1.01446E-24  3.62270E-08  0.00000E+00  1.0E-07
  9.150E+01  5.13088E-01  9.89783E-25  3.53458E-08  0.00000E+00  1.0E-07
  9.200E+01  5.17450E-01  9.65768E-25  3.44882E-08  0.00000E+00  1.0E-07
  9.250E+01  5.21810E-01  9.42395E-25  3.36535E-08  0.00000E+00  1.0E-07
  9.300E+01  5.26168E-01  9.19643E-25  3.28410E-08  0.00000E+00  1.0E-07
  9.350E+01  5.30524E-01  8.97492E-25  3.20500E-08  0.00000E+00  1.0E-07
  9.400E+01  5.34878E-01  8.75924E-25  3.12798E-08  0.00000E+00  1.0E-07
  9.450E+01  5.39230E-01  8.54921E-25  3.05298E-08  0.00000E+00  1.0E-07
  9.500E+01  5.43578E-01  8.34466E-25  2.97993E-08  0.00000E+00  1.0E-07
  9.550E+01  5.47923E-01  8.14542E-25  2.90878E-08  0.00000E+00  1.0E-07
  9.600E+01  5.52264E-01  7.95134E-25  2.83948E-08  0.00000E+00  1.0E-07
  9.650E+01  5.56602E-01  7.76226E-25  2.77195E-08  0.00000E+00  1.0E-07
  9.700E+01  5.60935E-01  7.57803E-25  2.70616E-08  0.00000E+00  1.0E-07
  9.750E+01  5.65263E-01  7.39851E-25  2.64206E-08  0.00000E+00  1.0E-07
  9.800E+01  5.69587E-01  7.22355E-25  2.57958E-08  0.00000E+00  1.0E-07
  9.850E+01  5.73905E-01  7.05301E-25  2.51868E-08  0.00000E+00  1.0E-07
  9.900E+01  5.78217E-01  6.88676E-25  2.45931E-08  0.00000E+00  1.0E-07
  9.950E+01  5.82524E-01  6.72467E-25  2.40142E-08  0.00000E+00  1.0E-07
  1.000E+02  5.86824E-01  6.56662E-25  2.34498E-08  0.00000E+00  1.0E-07
  1.005E+02  5.91118E-01  6.41251E-25  2.28995E-08  0.00000E+00  1.0E-07
  1.010E+02  5.95404E-01  6.26220E-25  2.23627E-08  0.00000E+00  1.0E-07
  1.015E+02  5.99684E-01  6.11564E-25  2.18393E-08  0.00000E+00  1.0E-07
  1.020E+02  6.03956E-01  5.97268E-25  2.13288E-08  0.00000E+00  1.0E-07
  1.025E+02  6.08220E-01  5.83321E-25  2.08308E-08  0.00000E+00  1.0E-07
  1.030E+02  6.12476E-01  5.69714E-25  2.03449E-08  0.00000E+00  1.0E-07
  1.035E+02  6.16723E-01  5.56437E-25  1.98707E-08  0.00000E+00  1.0E-07
  1.040E+02  6.20961E-01  5.43481E-25  1.94080E-08  0.00000E+00  1.0E-07
  1.045E+02  6.25190E-01  5.30836E-25  1.89565E-08  0.00000E+00  1.0E-07
  1.050E+02  6.29410E-01  5.18494E-25  1.85158E-08  0.00000E+00  1.0E-07
  1.055E+02  6.33619E-01  5.06448E-25  1.80856E-08  0.00000E+00  1.0E-07
  1.060E+02  6.37819E-01  4.94689E-25  1.76657E-08  0.00000E+00  1.0E-07
  1.065E+02  6.42008E-01  4.83210E-25  1.72557E-08  0.00000E+00  1.0E-07
  1.070E+02  6.46186E-01  4.72002E-25  1.68555E-08  0.00000E+00  1.0E-07
  1.075E+02  6.50353E-01  4.61059E-25  1.64647E-08  0.00000E+00  1.0E-07
  1.080E+02  6.54508E-01  4.50372E-25  1.60831E-08  0.00000E+00  1.0E-07
  1.085E+02  6.58652E-01  4.39935E-25  1.57104E-08  0.00000E+00  1.0E-07
  1.090E+02  6.62784E-01  4.29742E-25  1.53464E-08  0.00000E+00  1.0E-07
  1.095E+02  6.66903E-01  4.19785E-25  1.49908E-08  0.00000E+00  1.0E-07
  1.100E+02  6.71010E-01  4.10059E-25  1.46435E-08  0.00000E+00  1.0E-07
  1.105E+02  6.75104E-01  4.00557E-25  1.43042E-08  0.00000E+00  1.0E-07
  1.110E+02  6.79184E-01  3.91274E-25  1.39727E-08  0.00000E+00  1.0E-07
  1.115E+02  6.83251E-01  3.82204E-25  1.36487E-08  0.00000E+00  1.0E-07
  1.120E+02  6.87303E-01  3.73341E-25  1.33322E-08  0.00000E+00  1.0E-07
  1.125E+02  6.91342E-01  3.64680E-25  1.30230E-08  0.00000E+00  1.0E-07
  1.130E+02  6.95366E-01  3.56216E-25  1.27207E-08  0.00000E+00  1.0E-07
  1.135E+02  6.99375E-01  3.47943E-25  1.24253E-08  0.00000E+00  1.0E-07
  1.140E+02  7.03368E-01  3.39858E-25  1.21365E-08  0.00000E+00  1.0E-07
  1.145E+02  7.07347E-01  3.31954E-25  1.18543E-08  0.00000E+00  1.0E-07
  1.150E+02  7.11309E-01  3.24228E-25  1.15784E-08  0.00000E+00  1.0E-07
  1.155E+02  7.15256E-01  3.16675E-25  1.13087E-08  0.00000E+00  1.0E-07
  1.160E+02  7.19186E-01  3.09290E-25  1.10450E-08  0.00000E+00  1.0E-07
  1.165E+02  7.23099E-01  3.02070E-25  1.07871E-08  0.00000E+00  1.0E-07
  1.170E+02  7.26995E-01  2.95010E-25  1.05350E-08  0.00000E+00  1.0E-07
  1.175E+02  7.30874E-01  2.88106E-25  1.02885E-08  0.00000E+00  1.0E-07
  1.180E+02  7.34736E-01  2.81355E-25  1.00474E-08  0.00000E+00  1.0E-07
  1.185E+02  7.38579E-01  2.74752E-25  9.81158E-09  0.00000E+00  1.0E-07
  1.190E+02  7.42405E-01  2.68295E-25  9.58097E-09  0.00000E+00  1.0E-07
  1.195E+02  7.46212E-01  2.61979E-25  9.35542E-09  0.00000E+00  1.0E-07
  1.200E+02  7.50000E-01  2.55801E-25  9.13481E-09  0.00000E+00  1.0E-07
  1.205E+02  7.53769E-01  2.49758E-25  8.91900E-09  0.00000E+00  1.0E-07
  1.210E+02  7.57519E-01  2.43846E-25  8.70790E-09  0.00000E+00  1.0E-07
  1.215E+02  7.61249E-01  2.38063E-25  8.50138E-09  0.00000E+00  1.0E-07
  1.220E+02  7.64960E-01  2.32405E-25  8.29934E-09  0.00000E+00  1.0E-07
  1.225E+02  7.68650E-01  2.26870E-25  8.10166E-09  0.00000E+00  1.0E-07
  1.230E+02  7.72320E-01  2.21454E-25  7.90826E-09  0.00000E+00  1.0E-07
  1.235E+02  7.75968E-01  2.16155E-25  7.71902E-09  0.00000E+00  1.0E-07
  1.240E+02  7.79596E-01  2.10970E-25  7.53386E-09  0.00000E+00  1.0E-07
  1.245E+02  7.83203E-01  2.05896E-25  7.35267E-09  0.00000E+00  1.0E-07
  1.250E+02  7.86788E-01  2.00931E-25  7.17536E-09  0.00000E+00  1.0E-07
  1.255E+02  7.90351E-01  1.96072E-25  7.00185E-09  0.00000E+00  1.0E-07
  1.260E+02  7.93893E-01  1.91317E-25  6.83205E-09  0.00000E+00  1.0E-07
  1.265E+02  7.97411E-01  1.86663E-25  6.66587E-09  0.00000E+00  1.0E-07
  1.270E+02  8.00908E-01  1.82109E-25  6.50323E-09  0.00000E+00  1.0E-07
  1.275E+02  8.04381E-01  1.77652E-25  6.34405E-09  0.00000E+00  1.0E-07
  1.280E+02  8.07831E-01  1.73289E-25  6.18826E-09  0.00000E+00  1.0E-07
  1.285E+02  8.11257E-01  1.69019E-25  6.03577E-09  0.00000E+00  1.0E-07
  1.290E+02  8.14660E-01  1.64839E-25  5.88652E-09  0.00000E+00  1.0E-07
  1.295E+02  8.18039E-01  1.60749E-25  5.74043E-09  0.00000E+00  1.0E-07
  1.300E+02  8.21394E-01  1.56744E-25  5.59744E-09  0.00000E+00  1.0E-07
  1.305E+02  8.24724E-01  1.52825E-25  5.45747E-09  0.00000E+00  1.0E-07
  1.310E+02  8.28030E-01  1.48988E-25  5.32046E-09  0.00000E+00  1.0E-07
  1.315E+02  8.31310E-01  1.45232E-25  5.18634E-09  0.00000E+00  1.0E-07
  1.320E+02  8.34565E-01  1.41556E-25  5.05506E-09  0.00000E+00  1.0E-07
  1.325E+02  8.37795E-01  1.37958E-25  4.92655E-09  0.00000E+00  1.0E-07
  1.330E+02  8.40999E-01  1.34435E-25  4.80076E-09  0.00000E+00  1.0E-07
  1.335E+02  8.44177E-01  1.30987E-25  4.67762E-09  0.00000E+00  1.0E-07
  1.340E+02  8.47329E-01  1.27611E-25  4.55708E-09  0.00000E+00  1.0E-07
  1.345E+02  8.50455E-01  1.24307E-25  4.43908E-09  0.00000E+00  1.0E-07
  1.350E+02  8.53553E-01  1.21073E-25  4.32358E-09  0.00000E+00  1.0E-07
  1.355E+02  8.56625E-01  1.17906E-25  4.21052E-09  0.00000E+00  1.0E-07
  1.360E+02  8.59670E-01  1.14807E-25  4.09984E-09  0.00000E+00  1.0E-07
  1.365E+02  8.62687E-01  1.11774E-25  3.99151E-09  0.00000E+00  1.0E-07
  1.370E+02  8.65677E-01  1.08804E-25  3.88547E-09  0.00000E+00  1.0E-07
  1.375E+02  8.68639E-01  1.05898E-25  3.78168E-09  0.00000E+00  1.0E-07
  1.380E+02  8.71572E-01  1.03053E-25  3.68009E-09  0.00000E+00  1.0E-07
  1.385E+02  8.74478E-01  1.00269E-25  3.58066E-09  0.00000E+00  1.0E-07
  1.390E+02  8.77355E-01  9.75436E-26  3.48334E-09  0.00000E+00  1.0E-07
  1.395E+02  8.80203E-01  9.48765E-26  3.38810E-09  0.00000E+00  1.0E-07
  1.400E+02  8.83022E-01  9.22663E-26  3.29489E-09  0.00000E+00  1.0E-07
  1.405E+02  8.85812E-01  8.97119E-26  3.20367E-09  0.00000E+00  1.0E-07
  1.410E+02  8.88573E-01  8.72122E-26  3.11441E-09  0.00000E+00  1.0E-07
  1.415E+02  8.91304E-01  8.47663E-26  3.02706E-09  0.00000E+00  1.0E-07
  1.420E+02  8.94005E-01  8.23729E-26  2.94159E-09  0.00000E+00  1.0E-07
  1.425E+02  8.96677E-01  8.00313E-26  2.85797E-09  0.00000E+00  1.0E-07
  1.430E+02  8.99318E-01  7.77403E-26  2.77616E-09  0.00000E+00  1.0E-07
  1.435E+02  9.01928E-01  7.54990E-26  2.69612E-09  0.00000E+00  1.0E-07
  1.440E+02  9.04508E-01  7.33066E-26  2.61783E-09  0.00000E+00  1.0E-07
  1.445E+02  9.07058E-01  7.11621E-26  2.54124E-09  0.00000E+00  1.0E-07
  1.450E+02  9.09576E-01  6.90646E-26  2.46634E-09  0.00000E+00  1.0E-07
  1.455E+02  9.12063E-01  6.70133E-26  2.39309E-09  0.00000E+00  1.0E-07
  1.460E+02  9.14519E-01  6.50074E-26  2.32146E-09  0.00000E+00  1.0E-07
  1.465E+02  9.16943E-01  6.30460E-26  2.25141E-09  0.00000E+00  1.0E-07
  1.470E+02  9.19335E-01  6.11284E-26  2.18294E-09  0.00000E+00  1.0E-07
  1.475E+02  9.21696E-01  5.92539E-26  2.11599E-09  0.00000E+00  1.0E-07
  1.480E+02  9.24024E-01  5.74216E-26  2.05056E-09  0.00000E+00  1.0E-07
  1.485E+02  9.26320E-01  5.56308E-26  1.98661E-09  0.00000E+00  1.0E-07
  1.490E+02  9.28584E-01  5.38809E-26  1.92412E-09  0.00000E+00  1.0E-07
  1.495E+02  9.30815E-01  5.21711E-26  1.86306E-09  0.00000E+00  1.0E-07
  1.500E+02  9.33013E-01  5.05008E-26  1.80342E-09  0.00000E+00  1.0E-07
  1.505E+02  9.35178E-01  4.88693E-26  1.74516E-09  0.00000E+00  1.0E-07
  1.510E+02  9.37310E-01  4.72761E-26  1.68826E-09  0.00000E+00  1.0E-07
  1.515E+02  9.39409E-01  4.57204E-26  1.63270E-09  0.00000E+00  1.0E-07
  1.520E+02  9.41474E-01  4.42017E-26  1.57847E-09  0.00000E+00  1.0E-07
  1.525E+02  9.43505E-01  4.27194E-26  1.52554E-09  0.00000E+00  1.0E-07
  1.530E+02  9.45503E-01  4.12729E-26  1.47388E-09  0.00000E+00  1.0E-07
  1.535E+02  9.47467E-01  3.98617E-26  1.42349E-09  0.00000E+00  1.0E-07
  1.540E+02  9.49397E-01  3.84853E-26  1.37434E-09  0.00000E+00  1.0E-07
  1.545E+02  9.51293E-01  3.71431E-26  1.32641E-09  0.00000E+00  1.0E-07
  1.550E+02  9.53154E-01  3.58347E-26  1.27968E-09  0.00000E+00  1.0E-07
  1.555E+02  9.54981E-01  3.45594E-26  1.23414E-09  0.00000E+00  1.0E-07
  1.560E+02  9.56773E-01  3.33169E-26  1.18977E-09  0.00000E+00  1.0E-07
  1.565E+02  9.58530E-01  3.21067E-26  1.14655E-09  0.00000E+00  1.0E-07
  1.570E+02  9.60252E-01  3.09284E-26  1.10447E-09  0.00000E+00  1.0E-07
  1.575E+02  9.61940E-01  2.97814E-26  1.06351E-09  0.00000E+00  1.0E-07
  1.580E+02  9.63592E-01  2.86654E-26  1.02366E-09  0.00000E+00  1.0E-07
  1.585E+02  9.65209E-01  2.75800E-26  9.84901E-10  0.00000E+00  1.0E-07
  1.590E+02  9.66790E-01  2.65248E-26  9.47217E-10  0.00000E+00  1.0E-07
  1.595E+02  9.68336E-01  2.54993E-26  9.10598E-10  0.00000E+00  1.0E-07
  1.600E+02  9.69846E-01  2.45033E-26  8.75028E-10  0.00000E+00  1.0E-07
  1.605E+02  9.71321E-01  2.35363E-26  8.40495E-10  0.00000E+00  1.0E-07
  1.610E+02  9.72759E-01  2.25979E-26  8.06987E-10  0.00000E+00  1.0E-07
  1.615E+02  9.74162E-01  2.16880E-26  7.74491E-10  0.00000E+00  1.0E-07
  1.620E+02  9.75528E-01  2.08060E-26  7.42996E-10  0.00000E+00  1.0E-07
  1.625E+02  9.76858E-01  1.99517E-26  7.12490E-10  0.00000E+00  1.0E-07
  1.630E+02  9.78152E-01  1.91249E-26  6.82962E-10  0.00000E+00  1.0E-07
  1.635E+02  9.79410E-01  1.83251E-26  6.54402E-10  0.00000E+00  1.0E-07
  1.640E+02  9.80631E-01  1.75522E-26  6.26799E-10  0.00000E+00  1.0E-07
  1.645E+02  9.81815E-01  1.68057E-26  6.00144E-10  0.00000E+00  1.0E-07
  1.650E+02  9.82963E-01  1.60856E-26  5.74427E-10  0.00000E+00  1.0E-07
  1.655E+02  9.84074E-01  1.53914E-26  5.49638E-10  0.00000E+00  1.0E-07
  1.660E+02  9.85148E-01  1.47230E-26  5.25770E-10  0.00000E+00  1.0E-07
  1.665E+02  9.86185E-01  1.40802E-26  5.02813E-10  0.00000E+00  1.0E-07
  1.670E+02  9.87185E-01  1.34626E-26  4.80759E-10  0.00000E+00  1.0E-07
  1.675E+02  9.88148E-01  1.28701E-26  4.59601E-10  0.00000E+00  1.0E-07
  1.680E+02  9.89074E-01  1.23025E-26  4.39331E-10  0.00000E+00  1.0E-07
  1.685E+02  9.89962E-01  1.17596E-26  4.19942E-10  0.00000E+00  1.0E-07
  1.690E+02  9.90814E-01  1.12411E-26  4.01427E-10  0.00000E+00  1.0E-07
  1.695E+02  9.91627E-01  1.07469E-26  3.83780E-10  0.00000E+00  1.0E-07
  1.700E+02  9.92404E-01  1.02769E-26  3.66994E-10  0.00000E+00  1.0E-07
  1.705E+02  9.93143E-01  9.83078E-27  3.51063E-10  0.00000E+00  1.0E-07
  1.710E+02  9.93844E-01  9.40848E-27  3.35983E-10  0.00000E+00  1.0E-07
  1.715E+02  9.94508E-01  9.00984E-27  3.21747E-10  0.00000E+00  1.0E-07
  1.720E+02  9.95134E-01  8.63471E-27  3.08351E-10  0.00000E+00  1.0E-07
  1.725E+02  9.95722E-01  8.28297E-27  2.95790E-10  0.00000E+00  1.0E-07
  1.730E+02  9.96273E-01  7.95449E-27  2.84060E-10  0.00000E+00  1.0E-07
  1.735E+02  9.96786E-01  7.64916E-27  2.73156E-10  0.00000E+00  1.0E-07
  1.740E+02  9.97261E-01  7.36686E-27  2.63075E-10  0.00000E+00  1.0E-07
  1.745E+02  9.97698E-01  7.10751E-27  2.53814E-10  0.00000E+00  1.0E-07
  1.750E+02  9.98097E-01  6.87101E-27  2.45368E-10  0.00000E+00  1.0E-07
  1.755E+02  9.98459E-01  6.65728E-27  2.37736E-10  0.00000E+00  1.0E-07
  1.760E+02  9.98782E-01  6.46624E-27  2.30914E-10  0.00000E+00  1.0E-07
  1.765E+02  9.99067E-01  6.29784E-27  2.24900E-10  0.00000E+00  1.0E-07
  1.770E+02  9.99315E-01  6.15201E-27  2.19692E-10  0.00000E+00  1.0E-07
  1.775E+02  9.99524E-01  6.02869E-27  2.15289E-10  0.00000E+00  1.0E-07
  1.780E+02  9.99695E-01  5.92786E-27  2.11688E-10  0.00000E+00  1.0E-07
  1.785E+02  9.99829E-01  5.84947E-27  2.08888E-10  0.00000E+00  1.0E-07
  1.790E+02  9.99924E-01  5.79350E-27  2.06890E-10  0.00000E+00  1.0E-07
  1.795E+02  9.99981E-01  5.75992E-27  2.05691E-10  0.00000E+00  1.0E-07
  1.800E+02  1.00000E+00  5.74873E-27  2.05291E-10  0.00000E+00  1.2E-07
