 #
 # Subroutine ELSEPA. Elastic scattering of electrons and positrons
 #                    by neutral atoms and positive ions
 #
 # Projectile: electron
 # Kinetic energy = 3.70000E+06 eV = 1.35973E+05 a.u.
 #
 # WARNING: High-energy factorization with free-atom DF screening.
 #          Absorption, polarization and exchange corrections are
 #          switched off.
 #          Phase shifts are calculated for the bare nucleus.
 #          Scattering amplitudes are not evaluated.
 #
 # Element: Si,  Z =  14,  atomic weight = 2.80855E+01 g/mol
 #
 # Nuclear model: Fermi distribution
 #                Average radius = 3.25245E-13 cm
 #                Skin thickness = 5.46000E-14 cm
 #
 # Number of electrons = 14
 #
 # Total elastic cross section = 9.02842E-19 cm**2 = 3.22411E-02 a0**2
 # 1st transport cross section = 1.70407E-23 cm**2 = 6.08533E-07 a0**2
 # 2nd transport cross section = 4.85881E-23 cm**2 = 1.73511E-06 a0**2
 #
 #
 # Differential cross section:                       MU=(1-COS(THETA))/2
 #
 #  THETA        MU          DCS          DCS        Sherman      error
 #  (deg)                 (cm**2/sr)   (a0**2/sr)    function
 #----------------------------------------------------------------------
  0.000E+00  0.00000E+00  2.25653E-13  8.05821E+03  0.00000E+00  1.0E-05
  1.000E-04  7.61557E-13  2.25652E-13  8.05816E+03  0.00000E+00  1.0E-05
  1.250E-04  1.18994E-12  2.25651E-13  8.05814E+03  0.00000E+00  1.0E-05
  1.500E-04  1.71346E-12  2.25650E-13  8.05811E+03  0.00000E+00  1.0E-05
  1.750E-04  2.33225E-12  2.25649E-13  8.05808E+03  0.00000E+00  1.0E-05
  2.000E-04  3.04617E-12  2.25648E-13  8.05804E+03  0.00000E+00  1.0E-05
  2.250E-04  3.85530E-12  2.25647E-13  8.05799E+03  0.00000E+00  1.0E-05
  2.500E-04  4.75964E-12  2.25645E-13  8.05794E+03  0.00000E+00  1.0E-05
  2.750E-04  5.75917E-12  2.25644E-13  8.05789E+03  0.00000E+00  1.0E-05
  3.000E-04  6.85391E-12  2.25642E-13  8.05783E+03  0.00000E+00  1.0E-05
  3.250E-04  8.04379E-12  2.25640E-13  8.05777E+03  0.00000E+00  1.0E-05
  3.500E-04  9.32893E-12  2.25638E-13  8.05770E+03  0.00000E+00  1.0E-05
  3.750E-04  1.07092E-11  2.25636E-13  8.05762E+03  0.00000E+00  1.0E-05
  4.000E-04  1.21847E-11  2.25634E-13  8.05754E+03  0.00000E+00  1.0E-05
  4.250E-04  1.37554E-11  2.25632E-13  8.05746E+03  0.00000E+00  1.0E-05
  4.500E-04  1.54213E-11  2.25629E-13  8.05737E+03  0.00000E+00  1.0E-05
  4.750E-04  1.71823E-11  2.25627E-13  8.05727E+03  0.00000E+00  1.0E-05
  5.000E-04  1.90386E-11  2.25624E-13  8.05717E+03  0.00000E+00  1.0E-05
  5.250E-04  2.09900E-11  2.25621E-13  8.05706E+03  0.00000E+00  1.0E-05
  5.500E-04  2.30367E-11  2.25618E-13  8.05695E+03  0.00000E+00  1.0E-05
  5.750E-04  2.51785E-11  2.25614E-13  8.05684E+03  0.00000E+00  1.0E-05
  6.000E-04  2.74156E-11  2.25611E-13  8.05672E+03  0.00000E+00  1.0E-05
  6.250E-04  2.97478E-11  2.25608E-13  8.05659E+03  0.00000E+00  1.0E-05
  6.500E-04  3.21752E-11  2.25604E-13  8.05646E+03  0.00000E+00  1.0E-05
  6.750E-04  3.46979E-11  2.25600E-13  8.05632E+03  0.00000E+00  1.0E-05
  7.000E-04  3.73157E-11  2.25596E-13  8.05618E+03  0.00000E+00  1.0E-05
  7.250E-04  4.00286E-11  2.25592E-13  8.05604E+03  0.00000E+00  1.0E-05
  7.500E-04  4.28368E-11  2.25588E-13  8.05589E+03  0.00000E+00  1.0E-05
  7.750E-04  4.57402E-11  2.25583E-13  8.05573E+03  0.00000E+00  1.0E-05
  8.000E-04  4.87388E-11  2.25579E-13  8.05557E+03  0.00000E+00  1.0E-05
  8.250E-04  5.18325E-11  2.25574E-13  8.05540E+03  0.00000E+00  1.0E-05
  8.500E-04  5.50215E-11  2.25569E-13  8.05523E+03  0.00000E+00  1.0E-05
  8.750E-04  5.83057E-11  2.25564E-13  8.05505E+03  0.00000E+00  1.0E-05
  9.000E-04  6.16850E-11  2.25559E-13  8.05487E+03  0.00000E+00  1.0E-05
  9.250E-04  6.51595E-11  2.25554E-13  8.05468E+03  0.00000E+00  1.0E-05
  9.500E-04  6.87293E-11  2.25549E-13  8.05449E+03  0.00000E+00  1.0E-05
  9.750E-04  7.23943E-11  2.25543E-13  8.05429E+03  0.00000E+00  1.0E-05
  1.000E-03  7.61544E-11  2.25538E-13  8.05409E+03  0.00000E+00  1.0E-05
  1.250E-03  1.18991E-10  2.25473E-13  8.05179E+03  0.00000E+00  1.0E-05
  1.500E-03  1.71347E-10  2.25394E-13  8.04898E+03  0.00000E+00  1.0E-05
  1.750E-03  2.33223E-10  2.25301E-13  8.04566E+03  0.00000E+00  1.0E-05
  2.000E-03  3.04617E-10  2.25194E-13  8.04183E+03  0.00000E+00  1.0E-05
  2.250E-03  3.85531E-10  2.25073E-13  8.03750E+03  0.00000E+00  1.0E-05
  2.500E-03  4.75965E-10  2.24938E-13  8.03267E+03  0.00000E+00  1.0E-05
  2.750E-03  5.75917E-10  2.24788E-13  8.02733E+03  0.00000E+00  1.0E-05
  3.000E-03  6.85389E-10  2.24624E-13  8.02149E+03  0.00000E+00  1.0E-05
  3.250E-03  8.04380E-10  2.24447E-13  8.01515E+03  0.00000E+00  1.0E-05
  3.500E-03  9.32891E-10  2.24255E-13  8.00830E+03  0.00000E+00  1.0E-05
  3.750E-03  1.07092E-09  2.24050E-13  8.00096E+03  0.00000E+00  1.0E-05
  4.000E-03  1.21847E-09  2.23831E-13  7.99313E+03  0.00000E+00  1.0E-05
  4.250E-03  1.37554E-09  2.23598E-13  7.98481E+03  0.00000E+00  1.0E-05
  4.500E-03  1.54213E-09  2.23351E-13  7.97599E+03  0.00000E+00  1.0E-05
  4.750E-03  1.71823E-09  2.23090E-13  7.96669E+03  0.00000E+00  1.0E-05
  5.000E-03  1.90386E-09  2.22816E-13  7.95691E+03  0.00000E+00  1.0E-05
  5.250E-03  2.09900E-09  2.22528E-13  7.94663E+03  0.00000E+00  1.0E-05
  5.500E-03  2.30367E-09  2.22227E-13  7.93588E+03  0.00000E+00  1.0E-05
  5.750E-03  2.51785E-09  2.21913E-13  7.92465E+03  0.00000E+00  1.0E-05
  6.000E-03  2.74156E-09  2.21585E-13  7.91295E+03  0.00000E+00  1.0E-05
  6.250E-03  2.97478E-09  2.21244E-13  7.90077E+03  0.00000E+00  1.0E-05
  6.500E-03  3.21752E-09  2.20890E-13  7.88812E+03  0.00000E+00  1.0E-05
  6.750E-03  3.46978E-09  2.20523E-13  7.87503E+03  0.00000E+00  1.0E-05
  7.000E-03  3.73156E-09  2.20143E-13  7.86145E+03  0.00000E+00  1.0E-05
  7.250E-03  4.00286E-09  2.19750E-13  7.84741E+03  0.00000E+00  1.0E-05
  7.500E-03  4.28368E-09  2.19345E-13  7.83294E+03  0.00000E+00  1.0E-05
  7.750E-03  4.57402E-09  2.18926E-13  7.81801E+03  0.00000E+00  1.0E-05
  8.000E-03  4.87388E-09  2.18495E-13  7.80261E+03  0.00000E+00  1.0E-05
  8.250E-03  5.18326E-09  2.18052E-13  7.78679E+03  0.00000E+00  1.0E-05
  8.500E-03  5.50215E-09  2.17598E-13  7.77055E+03  0.00000E+00  1.0E-05
  8.750E-03  5.83057E-09  2.17129E-13  7.75383E+03  0.00000E+00  1.0E-05
  9.000E-03  6.16850E-09  2.16650E-13  7.73670E+03  0.00000E+00  1.0E-05
  9.250E-03  6.51596E-09  2.16159E-13  7.71916E+03  0.00000E+00  1.0E-05
  9.500E-03  6.87293E-09  2.15655E-13  7.70118E+03  0.00000E+00  1.0E-05
  9.750E-03  7.23942E-09  2.15140E-13  7.68277E+03  0.00000E+00  1.0E-05
  1.000E-02  7.61544E-09  2.14613E-13  7.66398E+03  0.00000E+00  1.0E-05
  1.250E-02  1.18991E-08  2.08741E-13  7.45429E+03  0.00000E+00  1.0E-05
  1.500E-02  1.71347E-08  2.01871E-13  7.20893E+03  0.00000E+00  1.0E-05
  1.750E-02  2.33223E-08  1.94159E-13  6.93356E+03  0.00000E+00  1.0E-05
  2.000E-02  3.04617E-08  1.85774E-13  6.63410E+03  0.00000E+00  1.0E-05
  2.250E-02  3.85531E-08  1.76882E-13  6.31656E+03  0.00000E+00  1.0E-05
  2.500E-02  4.75965E-08  1.67646E-13  5.98676E+03  0.00000E+00  1.0E-05
  2.750E-02  5.75917E-08  1.58221E-13  5.65019E+03  0.00000E+00  1.0E-05
  3.000E-02  6.85389E-08  1.48746E-13  5.31183E+03  0.00000E+00  1.0E-05
  3.250E-02  8.04380E-08  1.39345E-13  4.97609E+03  0.00000E+00  1.0E-05
  3.500E-02  9.32891E-08  1.29989E-13  4.64199E+03  0.00000E+00  1.0E-05
  3.750E-02  1.07092E-07  1.20863E-13  4.31609E+03  0.00000E+00  1.0E-05
  4.000E-02  1.21847E-07  1.12295E-13  4.01012E+03  0.00000E+00  1.0E-05
  4.250E-02  1.37554E-07  1.04300E-13  3.72461E+03  0.00000E+00  1.0E-05
  4.500E-02  1.54213E-07  9.62943E-14  3.43873E+03  0.00000E+00  1.0E-05
  4.750E-02  1.71823E-07  8.89086E-14  3.17498E+03  0.00000E+00  1.0E-05
  5.000E-02  1.90386E-07  8.21224E-14  2.93265E+03  0.00000E+00  1.0E-05
  5.250E-02  2.09900E-07  7.56659E-14  2.70208E+03  0.00000E+00  1.0E-05
  5.500E-02  2.30367E-07  6.96150E-14  2.48600E+03  0.00000E+00  1.0E-05
  5.750E-02  2.51785E-07  6.41043E-14  2.28921E+03  0.00000E+00  1.0E-05
  6.000E-02  2.74156E-07  5.90448E-14  2.10853E+03  0.00000E+00  1.0E-05
  6.250E-02  2.97478E-07  5.42585E-14  1.93761E+03  0.00000E+00  1.0E-05
  6.500E-02  3.21752E-07  4.99183E-14  1.78262E+03  0.00000E+00  1.0E-05
  6.750E-02  3.46978E-07  4.59831E-14  1.64209E+03  0.00000E+00  1.0E-05
  7.000E-02  3.73156E-07  4.23130E-14  1.51102E+03  0.00000E+00  1.0E-05
  7.250E-02  4.00286E-07  3.89618E-14  1.39135E+03  0.00000E+00  1.0E-05
  7.500E-02  4.28368E-07  3.59251E-14  1.28291E+03  0.00000E+00  1.0E-05
  7.750E-02  4.57402E-07  3.31465E-14  1.18368E+03  0.00000E+00  1.0E-05
  8.000E-02  4.87388E-07  3.05880E-14  1.09232E+03  0.00000E+00  1.0E-05
  8.250E-02  5.18325E-07  2.82668E-14  1.00943E+03  0.00000E+00  1.0E-05
  8.500E-02  5.50215E-07  2.61590E-14  9.34154E+02  0.00000E+00  1.0E-05
  8.750E-02  5.83057E-07  2.42155E-14  8.64750E+02  0.00000E+00  1.0E-05
  9.000E-02  6.16850E-07  2.24474E-14  8.01611E+02  0.00000E+00  1.0E-05
  9.250E-02  6.51596E-07  2.08376E-14  7.44125E+02  0.00000E+00  1.0E-05
  9.500E-02  6.87293E-07  1.93643E-14  6.91513E+02  0.00000E+00  1.0E-05
  9.750E-02  7.23942E-07  1.80160E-14  6.43363E+02  0.00000E+00  1.0E-05
  1.000E-01  7.61543E-07  1.67844E-14  5.99382E+02  0.00000E+00  1.0E-05
  1.250E-01  1.18991E-06  8.87275E-15  3.16852E+02  0.00000E+00  1.0E-05
  1.500E-01  1.71347E-06  5.27492E-15  1.88371E+02  0.00000E+00  1.0E-05
  1.750E-01  2.33223E-06  3.42962E-15  1.22474E+02  0.00000E+00  1.0E-05
  2.000E-01  3.04617E-06  2.37189E-15  8.47018E+01  0.00000E+00  1.0E-05
  2.250E-01  3.85531E-06  1.70920E-15  6.10365E+01  0.00000E+00  1.0E-05
  2.500E-01  4.75964E-06  1.26618E-15  4.52160E+01  0.00000E+00  1.0E-05
  2.750E-01  5.75916E-06  9.56658E-16  3.41629E+01  0.00000E+00  1.0E-05
  3.000E-01  6.85388E-06  7.33739E-16  2.62023E+01  0.00000E+00  1.0E-05
  3.250E-01  8.04378E-06  5.69708E-16  2.03447E+01  0.00000E+00  1.0E-05
  3.500E-01  9.32888E-06  4.46234E-16  1.59353E+01  0.00000E+00  1.0E-05
  3.750E-01  1.07092E-05  3.54349E-16  1.26540E+01  0.00000E+00  1.0E-05
  4.000E-01  1.21846E-05  2.83122E-16  1.01105E+01  0.00000E+00  1.0E-05
  4.250E-01  1.37553E-05  2.28474E-16  8.15895E+00  0.00000E+00  1.0E-05
  4.500E-01  1.54212E-05  1.86064E-16  6.64446E+00  0.00000E+00  1.0E-05
  4.750E-01  1.71822E-05  1.52748E-16  5.45474E+00  0.00000E+00  1.0E-05
  5.000E-01  1.90385E-05  1.26256E-16  4.50868E+00  0.00000E+00  1.0E-05
  5.250E-01  2.09899E-05  1.05193E-16  3.75651E+00  0.00000E+00  1.0E-05
  5.500E-01  2.30365E-05  8.82839E-17  3.15268E+00  0.00000E+00  1.0E-05
  5.750E-01  2.51783E-05  7.45798E-17  2.66329E+00  0.00000E+00  1.0E-05
  6.000E-01  2.74153E-05  6.33983E-17  2.26399E+00  0.00000E+00  1.0E-05
  6.250E-01  2.97475E-05  5.42317E-17  1.93665E+00  0.00000E+00  1.0E-05
  6.500E-01  3.21749E-05  4.66616E-17  1.66632E+00  0.00000E+00  1.0E-05
  6.750E-01  3.46974E-05  4.03632E-17  1.44139E+00  0.00000E+00  1.0E-05
  7.000E-01  3.73152E-05  3.50948E-17  1.25326E+00  0.00000E+00  1.0E-05
  7.250E-01  4.00281E-05  3.06636E-17  1.09502E+00  0.00000E+00  1.0E-05
  7.500E-01  4.28362E-05  2.69146E-17  9.61137E-01  0.00000E+00  1.0E-05
  7.750E-01  4.57395E-05  2.37239E-17  8.47195E-01  0.00000E+00  1.0E-05
  8.000E-01  4.87380E-05  2.09962E-17  7.49790E-01  0.00000E+00  1.0E-05
  8.250E-01  5.18317E-05  1.86535E-17  6.66128E-01  0.00000E+00  1.0E-05
  8.500E-01  5.50205E-05  1.66320E-17  5.93939E-01  0.00000E+00  1.0E-05
  8.750E-01  5.83045E-05  1.48792E-17  5.31346E-01  0.00000E+00  1.0E-05
  9.000E-01  6.16838E-05  1.33541E-17  4.76884E-01  0.00000E+00  1.0E-05
  9.250E-01  6.51582E-05  1.20219E-17  4.29309E-01  0.00000E+00  1.0E-05
  9.500E-01  6.87277E-05  1.08535E-17  3.87585E-01  0.00000E+00  1.0E-05
  9.750E-01  7.23925E-05  9.82481E-18  3.50850E-01  0.00000E+00  1.0E-05
  1.000E+00  7.61524E-05  8.91651E-18  3.18415E-01  0.00000E+00  1.5E-05
  1.100E+00  9.21439E-05  6.18975E-18  2.21040E-01  0.00000E+00  1.0E-05
  1.200E+00  1.09658E-04  4.43569E-18  1.58402E-01  0.00000E+00  5.0E-06
  1.300E+00  1.28695E-04  3.26359E-18  1.16545E-01  0.00000E+00  1.5E-07
  1.400E+00  1.49255E-04  2.45518E-18  8.76760E-02  0.00000E+00  3.4E-06
  1.500E+00  1.71338E-04  1.88253E-18  6.72264E-02  0.00000E+00  4.9E-06
  1.600E+00  1.94942E-04  1.46746E-18  5.24038E-02  0.00000E+00  4.7E-06
  1.700E+00  2.20070E-04  1.16060E-18  4.14458E-02  0.00000E+00  3.3E-06
  1.800E+00  2.46720E-04  9.29755E-19  3.32022E-02  0.00000E+00  1.5E-06
  1.900E+00  2.74892E-04  7.53418E-19  2.69050E-02  0.00000E+00  4.0E-07
  2.000E+00  3.04586E-04  6.16859E-19  2.20284E-02  0.00000E+00  1.7E-06
  2.100E+00  3.35803E-04  5.09791E-19  1.82050E-02  0.00000E+00  2.3E-06
  2.200E+00  3.68542E-04  4.24908E-19  1.51738E-02  0.00000E+00  2.1E-06
  2.300E+00  4.02802E-04  3.56924E-19  1.27460E-02  0.00000E+00  1.5E-06
  2.400E+00  4.38585E-04  3.01969E-19  1.07835E-02  0.00000E+00  5.4E-07
  2.500E+00  4.75889E-04  2.57164E-19  9.18348E-03  0.00000E+00  3.9E-07
  2.600E+00  5.14715E-04  2.20346E-19  7.86868E-03  0.00000E+00  1.0E-06
  2.700E+00  5.55063E-04  1.89870E-19  6.78038E-03  0.00000E+00  1.3E-06
  2.800E+00  5.96931E-04  1.64472E-19  5.87341E-03  0.00000E+00  1.1E-06
  2.900E+00  6.40321E-04  1.43173E-19  5.11281E-03  0.00000E+00  7.5E-07
  3.000E+00  6.85233E-04  1.25205E-19  4.47117E-03  0.00000E+00  2.1E-07
  3.100E+00  7.31665E-04  1.09964E-19  3.92690E-03  0.00000E+00  3.3E-07
  3.200E+00  7.79618E-04  9.69694E-20  3.46284E-03  0.00000E+00  6.8E-07
  3.300E+00  8.29092E-04  8.58353E-20  3.06523E-03  0.00000E+00  8.0E-07
  3.400E+00  8.80086E-04  7.62521E-20  2.72301E-03  0.00000E+00  6.9E-07
  3.500E+00  9.32601E-04  6.79675E-20  2.42716E-03  0.00000E+00  4.2E-07
  3.600E+00  9.86636E-04  6.07771E-20  2.17039E-03  0.00000E+00  1.0E-07
  3.700E+00  1.04219E-03  5.45119E-20  1.94666E-03  0.00000E+00  2.8E-07
  3.800E+00  1.09927E-03  4.90330E-20  1.75100E-03  0.00000E+00  4.9E-07
  3.900E+00  1.15786E-03  4.42250E-20  1.57930E-03  0.00000E+00  5.4E-07
  4.000E+00  1.21797E-03  3.99915E-20  1.42812E-03  0.00000E+00  4.5E-07
  4.100E+00  1.27961E-03  3.62525E-20  1.29460E-03  0.00000E+00  2.5E-07
  4.200E+00  1.34276E-03  3.29402E-20  1.17631E-03  0.00000E+00  1.0E-07
  4.300E+00  1.40743E-03  2.99976E-20  1.07123E-03  0.00000E+00  2.4E-07
  4.400E+00  1.47362E-03  2.73763E-20  9.77624E-04  0.00000E+00  3.7E-07
  4.500E+00  1.54133E-03  2.50351E-20  8.94019E-04  0.00000E+00  3.9E-07
  4.600E+00  1.61056E-03  2.29388E-20  8.19160E-04  0.00000E+00  3.1E-07
  4.700E+00  1.68131E-03  2.10575E-20  7.51975E-04  0.00000E+00  1.5E-07
  4.800E+00  1.75357E-03  1.93651E-20  6.91540E-04  0.00000E+00  1.0E-07
  4.900E+00  1.82735E-03  1.78394E-20  6.37057E-04  0.00000E+00  2.1E-07
  5.000E+00  1.90265E-03  1.64611E-20  5.87837E-04  0.00000E+00  2.9E-07
  5.100E+00  1.97947E-03  1.52134E-20  5.43281E-04  0.00000E+00  2.9E-07
  5.200E+00  2.05780E-03  1.40817E-20  5.02868E-04  0.00000E+00  2.2E-07
  5.300E+00  2.13765E-03  1.30534E-20  4.66146E-04  0.00000E+00  1.0E-07
  5.400E+00  2.21902E-03  1.21173E-20  4.32717E-04  0.00000E+00  1.0E-07
  5.500E+00  2.30190E-03  1.12637E-20  4.02233E-04  0.00000E+00  1.8E-07
  5.600E+00  2.38630E-03  1.04839E-20  3.74388E-04  0.00000E+00  2.3E-07
  5.700E+00  2.47222E-03  9.77056E-21  3.48913E-04  0.00000E+00  2.2E-07
  5.800E+00  2.55965E-03  9.11688E-21  3.25570E-04  0.00000E+00  1.5E-07
  5.900E+00  2.64859E-03  8.51699E-21  3.04147E-04  0.00000E+00  1.0E-07
  6.000E+00  2.73905E-03  7.96568E-21  2.84460E-04  0.00000E+00  1.0E-07
  6.100E+00  2.83103E-03  7.45830E-21  2.66341E-04  0.00000E+00  1.5E-07
  6.200E+00  2.92452E-03  6.99071E-21  2.49643E-04  0.00000E+00  1.9E-07
  6.300E+00  3.01952E-03  6.55923E-21  2.34234E-04  0.00000E+00  1.7E-07
  6.400E+00  3.11604E-03  6.16056E-21  2.19997E-04  0.00000E+00  1.1E-07
  6.500E+00  3.21407E-03  5.79175E-21  2.06827E-04  0.00000E+00  1.0E-07
  6.600E+00  3.31362E-03  5.45015E-21  1.94628E-04  0.00000E+00  1.0E-07
  6.700E+00  3.41468E-03  5.13339E-21  1.83317E-04  0.00000E+00  1.4E-07
  6.800E+00  3.51725E-03  4.83934E-21  1.72816E-04  0.00000E+00  1.6E-07
  6.900E+00  3.62133E-03  4.56606E-21  1.63057E-04  0.00000E+00  1.4E-07
  7.000E+00  3.72692E-03  4.31183E-21  1.53978E-04  0.00000E+00  1.0E-07
  7.100E+00  3.83403E-03  4.07506E-21  1.45523E-04  0.00000E+00  1.0E-07
  7.200E+00  3.94265E-03  3.85434E-21  1.37641E-04  0.00000E+00  1.0E-07
  7.300E+00  4.05278E-03  3.64838E-21  1.30286E-04  0.00000E+00  1.2E-07
  7.400E+00  4.16442E-03  3.45601E-21  1.23417E-04  0.00000E+00  1.3E-07
  7.500E+00  4.27757E-03  3.27617E-21  1.16994E-04  0.00000E+00  1.1E-07
  7.600E+00  4.39223E-03  3.10789E-21  1.10985E-04  0.00000E+00  1.0E-07
  7.700E+00  4.50840E-03  2.95029E-21  1.05357E-04  0.00000E+00  1.0E-07
  7.800E+00  4.62608E-03  2.80257E-21  1.00082E-04  0.00000E+00  1.0E-07
  7.900E+00  4.74527E-03  2.66399E-21  9.51327E-05  0.00000E+00  1.1E-07
  8.000E+00  4.86597E-03  2.53388E-21  9.04864E-05  0.00000E+00  1.1E-07
  8.100E+00  4.98817E-03  2.41162E-21  8.61206E-05  0.00000E+00  1.0E-07
  8.200E+00  5.11188E-03  2.29666E-21  8.20153E-05  0.00000E+00  1.0E-07
  8.300E+00  5.23711E-03  2.18848E-21  7.81521E-05  0.00000E+00  1.0E-07
  8.400E+00  5.36383E-03  2.08660E-21  7.45139E-05  0.00000E+00  1.0E-07
  8.500E+00  5.49207E-03  1.99059E-21  7.10853E-05  0.00000E+00  1.0E-07
  8.600E+00  5.62181E-03  1.90005E-21  6.78520E-05  0.00000E+00  1.0E-07
  8.700E+00  5.75306E-03  1.81460E-21  6.48006E-05  0.00000E+00  1.0E-07
  8.800E+00  5.88581E-03  1.73391E-21  6.19191E-05  0.00000E+00  1.0E-07
  8.900E+00  6.02007E-03  1.65766E-21  5.91962E-05  0.00000E+00  1.0E-07
  9.000E+00  6.15583E-03  1.58557E-21  5.66216E-05  0.00000E+00  1.0E-07
  9.100E+00  6.29310E-03  1.51735E-21  5.41856E-05  0.00000E+00  1.0E-07
  9.200E+00  6.43187E-03  1.45277E-21  5.18793E-05  0.00000E+00  1.0E-07
  9.300E+00  6.57214E-03  1.39159E-21  4.96947E-05  0.00000E+00  1.0E-07
  9.400E+00  6.71392E-03  1.33361E-21  4.76240E-05  0.00000E+00  1.0E-07
  9.500E+00  6.85720E-03  1.27862E-21  4.56602E-05  0.00000E+00  1.0E-07
  9.600E+00  7.00198E-03  1.22643E-21  4.37967E-05  0.00000E+00  1.0E-07
  9.700E+00  7.14827E-03  1.17689E-21  4.20274E-05  0.00000E+00  1.0E-07
  9.800E+00  7.29605E-03  1.12982E-21  4.03465E-05  0.00000E+00  1.0E-07
  9.900E+00  7.44534E-03  1.08508E-21  3.87489E-05  0.00000E+00  1.0E-07
  1.000E+01  7.59612E-03  1.04254E-21  3.72297E-05  0.00000E+00  1.0E-07
  1.025E+01  7.97965E-03  9.44970E-22  3.37455E-05  0.00000E+00  1.0E-07
  1.050E+01  8.37255E-03  8.58570E-22  3.06601E-05  0.00000E+00  1.0E-07
  1.075E+01  8.77480E-03  7.81837E-22  2.79199E-05  0.00000E+00  1.0E-07
  1.100E+01  9.18641E-03  7.13500E-22  2.54796E-05  0.00000E+00  1.0E-07
  1.125E+01  9.60736E-03  6.52480E-22  2.33005E-05  0.00000E+00  1.0E-07
  1.150E+01  1.00376E-02  5.97856E-22  2.13498E-05  0.00000E+00  1.0E-07
  1.175E+01  1.04773E-02  5.48838E-22  1.95994E-05  0.00000E+00  1.0E-07
  1.200E+01  1.09262E-02  5.04750E-22  1.80250E-05  0.00000E+00  1.0E-07
  1.225E+01  1.13844E-02  4.65008E-22  1.66057E-05  0.00000E+00  1.0E-07
  1.250E+01  1.18520E-02  4.29107E-22  1.53237E-05  0.00000E+00  1.0E-07
  1.275E+01  1.23288E-02  3.96610E-22  1.41632E-05  0.00000E+00  1.0E-07
  1.300E+01  1.28150E-02  3.67137E-22  1.31107E-05  0.00000E+00  1.0E-07
  1.325E+01  1.33104E-02  3.40355E-22  1.21543E-05  0.00000E+00  1.0E-07
  1.350E+01  1.38150E-02  3.15975E-22  1.12837E-05  0.00000E+00  1.0E-07
  1.375E+01  1.43290E-02  2.93742E-22  1.04897E-05  0.00000E+00  1.0E-07
  1.400E+01  1.48521E-02  2.73434E-22  9.76450E-06  0.00000E+00  1.0E-07
  1.425E+01  1.53845E-02  2.54853E-22  9.10097E-06  0.00000E+00  1.0E-07
  1.450E+01  1.59262E-02  2.37827E-22  8.49294E-06  0.00000E+00  1.0E-07
  1.475E+01  1.64770E-02  2.22200E-22  7.93492E-06  0.00000E+00  1.0E-07
  1.500E+01  1.70371E-02  2.07838E-22  7.42205E-06  0.00000E+00  1.0E-07
  1.525E+01  1.76063E-02  1.94620E-22  6.95001E-06  0.00000E+00  1.0E-07
  1.550E+01  1.81848E-02  1.82437E-22  6.51495E-06  0.00000E+00  1.0E-07
  1.575E+01  1.87724E-02  1.71194E-22  6.11346E-06  0.00000E+00  1.0E-07
  1.600E+01  1.93692E-02  1.60805E-22  5.74247E-06  0.00000E+00  1.0E-07
  1.625E+01  1.99751E-02  1.51194E-22  5.39923E-06  0.00000E+00  1.0E-07
  1.650E+01  2.05901E-02  1.42291E-22  5.08129E-06  0.00000E+00  1.0E-07
  1.675E+01  2.12143E-02  1.34034E-22  4.78644E-06  0.00000E+00  1.0E-07
  1.700E+01  2.18476E-02  1.26368E-22  4.51269E-06  0.00000E+00  1.0E-07
  1.725E+01  2.24900E-02  1.19243E-22  4.25826E-06  0.00000E+00  1.0E-07
  1.750E+01  2.31415E-02  1.12614E-22  4.02153E-06  0.00000E+00  1.0E-07
  1.775E+01  2.38021E-02  1.06440E-22  3.80105E-06  0.00000E+00  1.0E-07
  1.800E+01  2.44717E-02  1.00684E-22  3.59548E-06  0.00000E+00  1.0E-07
  1.825E+01  2.51504E-02  9.53118E-23  3.40365E-06  0.00000E+00  1.0E-07
  1.850E+01  2.58382E-02  9.02936E-23  3.22444E-06  0.00000E+00  1.0E-07
  1.875E+01  2.65349E-02  8.56017E-23  3.05689E-06  0.00000E+00  1.0E-07
  1.900E+01  2.72407E-02  8.12110E-23  2.90010E-06  0.00000E+00  1.0E-07
  1.925E+01  2.79555E-02  7.70984E-23  2.75323E-06  0.00000E+00  1.0E-07
  1.950E+01  2.86793E-02  7.32430E-23  2.61556E-06  0.00000E+00  1.0E-07
  1.975E+01  2.94120E-02  6.96259E-23  2.48639E-06  0.00000E+00  1.0E-07
  2.000E+01  3.01537E-02  6.62295E-23  2.36510E-06  0.00000E+00  1.0E-07
  2.025E+01  3.09043E-02  6.30378E-23  2.25112E-06  0.00000E+00  1.0E-07
  2.050E+01  3.16639E-02  6.00362E-23  2.14393E-06  0.00000E+00  1.0E-07
  2.075E+01  3.24324E-02  5.72113E-23  2.04305E-06  0.00000E+00  1.0E-07
  2.100E+01  3.32098E-02  5.45506E-23  1.94804E-06  0.00000E+00  1.0E-07
  2.125E+01  3.39961E-02  5.20429E-23  1.85849E-06  0.00000E+00  1.0E-07
  2.150E+01  3.47912E-02  4.96777E-23  1.77402E-06  0.00000E+00  1.0E-07
  2.175E+01  3.55952E-02  4.74455E-23  1.69431E-06  0.00000E+00  1.0E-07
  2.200E+01  3.64081E-02  4.53372E-23  1.61902E-06  0.00000E+00  1.0E-07
  2.225E+01  3.72297E-02  4.33448E-23  1.54787E-06  0.00000E+00  1.0E-07
  2.250E+01  3.80602E-02  4.14606E-23  1.48058E-06  0.00000E+00  1.0E-07
  2.275E+01  3.88995E-02  3.96777E-23  1.41692E-06  0.00000E+00  1.0E-07
  2.300E+01  3.97476E-02  3.79897E-23  1.35664E-06  0.00000E+00  1.0E-07
  2.325E+01  4.06044E-02  3.63904E-23  1.29953E-06  0.00000E+00  1.0E-07
  2.350E+01  4.14700E-02  3.48744E-23  1.24539E-06  0.00000E+00  1.0E-07
  2.375E+01  4.23443E-02  3.34366E-23  1.19404E-06  0.00000E+00  1.0E-07
  2.400E+01  4.32273E-02  3.20720E-23  1.14531E-06  0.00000E+00  1.0E-07
  2.425E+01  4.41190E-02  3.07763E-23  1.09904E-06  0.00000E+00  1.0E-07
  2.450E+01  4.50194E-02  2.95454E-23  1.05509E-06  0.00000E+00  1.0E-07
  2.475E+01  4.59284E-02  2.83754E-23  1.01330E-06  0.00000E+00  1.0E-07
  2.500E+01  4.68461E-02  2.72627E-23  9.73567E-07  0.00000E+00  1.0E-07
  2.550E+01  4.87074E-02  2.51960E-23  8.99767E-07  0.00000E+00  1.0E-07
  2.600E+01  5.06030E-02  2.33214E-23  8.32823E-07  0.00000E+00  1.0E-07
  2.650E+01  5.25328E-02  2.16178E-23  7.71985E-07  0.00000E+00  1.0E-07
  2.700E+01  5.44967E-02  2.00667E-23  7.16595E-07  0.00000E+00  1.0E-07
  2.750E+01  5.64946E-02  1.86521E-23  6.66079E-07  0.00000E+00  1.0E-07
  2.800E+01  5.85262E-02  1.73598E-23  6.19930E-07  0.00000E+00  1.0E-07
  2.850E+01  6.05914E-02  1.61773E-23  5.77702E-07  0.00000E+00  1.0E-07
  2.900E+01  6.26901E-02  1.50936E-23  5.39002E-07  0.00000E+00  1.0E-07
  2.950E+01  6.48222E-02  1.40990E-23  5.03483E-07  0.00000E+00  1.0E-07
  3.000E+01  6.69873E-02  1.31847E-23  4.70834E-07  0.00000E+00  1.0E-07
  3.050E+01  6.91854E-02  1.23432E-23  4.40783E-07  0.00000E+00  1.0E-07
  3.100E+01  7.14163E-02  1.15676E-23  4.13085E-07  0.00000E+00  1.0E-07
  3.150E+01  7.36799E-02  1.08517E-23  3.87522E-07  0.00000E+00  1.0E-07
  3.200E+01  7.59760E-02  1.01902E-23  3.63900E-07  0.00000E+00  1.0E-07
  3.250E+01  7.83043E-02  9.57820E-24  3.42044E-07  0.00000E+00  1.0E-07
  3.300E+01  8.06647E-02  9.01127E-24  3.21798E-07  0.00000E+00  1.0E-07
  3.350E+01  8.30571E-02  8.48549E-24  3.03022E-07  0.00000E+00  1.0E-07
  3.400E+01  8.54812E-02  7.99734E-24  2.85590E-07  0.00000E+00  1.0E-07
  3.450E+01  8.79369E-02  7.54363E-24  2.69388E-07  0.00000E+00  1.0E-07
  3.500E+01  9.04240E-02  7.12149E-24  2.54313E-07  0.00000E+00  1.0E-07
  3.550E+01  9.29422E-02  6.72831E-24  2.40272E-07  0.00000E+00  1.0E-07
  3.600E+01  9.54915E-02  6.36174E-24  2.27182E-07  0.00000E+00  1.0E-07
  3.650E+01  9.80716E-02  6.01966E-24  2.14966E-07  0.00000E+00  1.0E-07
  3.700E+01  1.00682E-01  5.70012E-24  2.03555E-07  0.00000E+00  1.0E-07
  3.750E+01  1.03323E-01  5.40137E-24  1.92886E-07  0.00000E+00  1.0E-07
  3.800E+01  1.05995E-01  5.12180E-24  1.82903E-07  0.00000E+00  1.0E-07
  3.850E+01  1.08696E-01  4.85996E-24  1.73552E-07  0.00000E+00  1.0E-07
  3.900E+01  1.11427E-01  4.61452E-24  1.64787E-07  0.00000E+00  1.0E-07
  3.950E+01  1.14188E-01  4.38425E-24  1.56564E-07  0.00000E+00  1.0E-07
  4.000E+01  1.16978E-01  4.16805E-24  1.48844E-07  0.00000E+00  1.0E-07
  4.050E+01  1.19797E-01  3.96490E-24  1.41589E-07  0.00000E+00  1.0E-07
  4.100E+01  1.22645E-01  3.77387E-24  1.34767E-07  0.00000E+00  1.0E-07
  4.150E+01  1.25522E-01  3.59410E-24  1.28348E-07  0.00000E+00  1.0E-07
  4.200E+01  1.28428E-01  3.42480E-24  1.22302E-07  0.00000E+00  1.0E-07
  4.250E+01  1.31361E-01  3.26525E-24  1.16604E-07  0.00000E+00  1.0E-07
  4.300E+01  1.34323E-01  3.11479E-24  1.11231E-07  0.00000E+00  1.0E-07
  4.350E+01  1.37313E-01  2.97280E-24  1.06160E-07  0.00000E+00  1.0E-07
  4.400E+01  1.40330E-01  2.83871E-24  1.01372E-07  0.00000E+00  1.0E-07
  4.450E+01  1.43375E-01  2.71201E-24  9.68478E-08  0.00000E+00  1.0E-07
  4.500E+01  1.46447E-01  2.59222E-24  9.25699E-08  0.00000E+00  1.0E-07
  4.550E+01  1.49545E-01  2.47888E-24  8.85225E-08  0.00000E+00  1.0E-07
  4.600E+01  1.52671E-01  2.37159E-24  8.46910E-08  0.00000E+00  1.0E-07
  4.650E+01  1.55823E-01  2.26996E-24  8.10618E-08  0.00000E+00  1.0E-07
  4.700E+01  1.59001E-01  2.17364E-24  7.76221E-08  0.00000E+00  1.0E-07
  4.750E+01  1.62205E-01  2.08230E-24  7.43603E-08  0.00000E+00  1.0E-07
  4.800E+01  1.65435E-01  1.99563E-24  7.12654E-08  0.00000E+00  1.0E-07
  4.850E+01  1.68690E-01  1.91336E-24  6.83274E-08  0.00000E+00  1.0E-07
  4.900E+01  1.71970E-01  1.83521E-24  6.55367E-08  0.00000E+00  1.0E-07
  4.950E+01  1.75276E-01  1.76095E-24  6.28847E-08  0.00000E+00  1.0E-07
  5.000E+01  1.78606E-01  1.69034E-24  6.03632E-08  0.00000E+00  1.0E-07
  5.050E+01  1.81961E-01  1.62317E-24  5.79645E-08  0.00000E+00  1.0E-07
  5.100E+01  1.85340E-01  1.55925E-24  5.56817E-08  0.00000E+00  1.0E-07
  5.150E+01  1.88743E-01  1.49838E-24  5.35080E-08  0.00000E+00  1.0E-07
  5.200E+01  1.92169E-01  1.44039E-24  5.14372E-08  0.00000E+00  1.0E-07
  5.250E+01  1.95619E-01  1.38512E-24  4.94637E-08  0.00000E+00  1.0E-07
  5.300E+01  1.99092E-01  1.33243E-24  4.75820E-08  0.00000E+00  1.0E-07
  5.350E+01  2.02589E-01  1.28217E-24  4.57869E-08  0.00000E+00  1.0E-07
  5.400E+01  2.06107E-01  1.23420E-24  4.40739E-08  0.00000E+00  1.0E-07
  5.450E+01  2.09649E-01  1.18840E-24  4.24385E-08  0.00000E+00  1.0E-07
  5.500E+01  2.13212E-01  1.14466E-24  4.08764E-08  0.00000E+00  1.0E-07
  5.550E+01  2.16797E-01  1.10286E-24  3.93839E-08  0.00000E+00  1.0E-07
  5.600E+01  2.20404E-01  1.06291E-24  3.79572E-08  0.00000E+00  1.0E-07
  5.650E+01  2.24032E-01  1.02470E-24  3.65929E-08  0.00000E+00  1.0E-07
  5.700E+01  2.27680E-01  9.88156E-25  3.52877E-08  0.00000E+00  1.0E-07
  5.750E+01  2.31350E-01  9.53181E-25  3.40387E-08  0.00000E+00  1.0E-07
  5.800E+01  2.35040E-01  9.19696E-25  3.28430E-08  0.00000E+00  1.0E-07
  5.850E+01  2.38751E-01  8.87629E-25  3.16978E-08  0.00000E+00  1.0E-07
  5.900E+01  2.42481E-01  8.56906E-25  3.06007E-08  0.00000E+00  1.0E-07
  5.950E+01  2.46231E-01  8.27463E-25  2.95492E-08  0.00000E+00  1.0E-07
  6.000E+01  2.50000E-01  7.99235E-25  2.85412E-08  0.00000E+00  1.0E-07
  6.050E+01  2.53788E-01  7.72163E-25  2.75745E-08  0.00000E+00  1.0E-07
  6.100E+01  2.57595E-01  7.46192E-25  2.66470E-08  0.00000E+00  1.0E-07
  6.150E+01  2.61421E-01  7.21268E-25  2.57570E-08  0.00000E+00  1.0E-07
  6.200E+01  2.65264E-01  6.97342E-25  2.49025E-08  0.00000E+00  1.0E-07
  6.250E+01  2.69126E-01  6.74366E-25  2.40820E-08  0.00000E+00  1.0E-07
  6.300E+01  2.73005E-01  6.52295E-25  2.32939E-08  0.00000E+00  1.0E-07
  6.350E+01  2.76901E-01  6.31088E-25  2.25366E-08  0.00000E+00  1.0E-07
  6.400E+01  2.80814E-01  6.10704E-25  2.18086E-08  0.00000E+00  1.0E-07
  6.450E+01  2.84744E-01  5.91105E-25  2.11088E-08  0.00000E+00  1.0E-07
  6.500E+01  2.88691E-01  5.72257E-25  2.04357E-08  0.00000E+00  1.0E-07
  6.550E+01  2.92653E-01  5.54125E-25  1.97881E-08  0.00000E+00  1.0E-07
  6.600E+01  2.96632E-01  5.36676E-25  1.91650E-08  0.00000E+00  1.0E-07
  6.650E+01  3.00625E-01  5.19880E-25  1.85653E-08  0.00000E+00  1.0E-07
  6.700E+01  3.04634E-01  5.03709E-25  1.79878E-08  0.00000E+00  1.0E-07
  6.750E+01  3.08658E-01  4.88135E-25  1.74316E-08  0.00000E+00  1.0E-07
  6.800E+01  3.12697E-01  4.73132E-25  1.68959E-08  0.00000E+00  1.0E-07
  6.850E+01  3.16749E-01  4.58676E-25  1.63796E-08  0.00000E+00  1.0E-07
  6.900E+01  3.20816E-01  4.44742E-25  1.58820E-08  0.00000E+00  1.0E-07
  6.950E+01  3.24896E-01  4.31308E-25  1.54023E-08  0.00000E+00  1.0E-07
  7.000E+01  3.28990E-01  4.18354E-25  1.49397E-08  0.00000E+00  1.0E-07
  7.050E+01  3.33097E-01  4.05858E-25  1.44935E-08  0.00000E+00  1.0E-07
  7.100E+01  3.37216E-01  3.93803E-25  1.40630E-08  0.00000E+00  1.0E-07
  7.150E+01  3.41348E-01  3.82169E-25  1.36475E-08  0.00000E+00  1.0E-07
  7.200E+01  3.45492E-01  3.70939E-25  1.32465E-08  0.00000E+00  1.0E-07
  7.250E+01  3.49647E-01  3.60097E-25  1.28593E-08  0.00000E+00  1.0E-07
  7.300E+01  3.53814E-01  3.49627E-25  1.24854E-08  0.00000E+00  1.0E-07
  7.350E+01  3.57992E-01  3.39514E-25  1.21243E-08  0.00000E+00  1.0E-07
  7.400E+01  3.62181E-01  3.29743E-25  1.17753E-08  0.00000E+00  1.0E-07
  7.450E+01  3.66381E-01  3.20301E-25  1.14382E-08  0.00000E+00  1.0E-07
  7.500E+01  3.70590E-01  3.11175E-25  1.11123E-08  0.00000E+00  1.0E-07
  7.550E+01  3.74810E-01  3.02352E-25  1.07972E-08  0.00000E+00  1.0E-07
  7.600E+01  3.79039E-01  2.93821E-25  1.04925E-08  0.00000E+00  1.0E-07
  7.650E+01  3.83277E-01  2.85569E-25  1.01979E-08  0.00000E+00  1.0E-07
  7.700E+01  3.87524E-01  2.77588E-25  9.91283E-09  0.00000E+00  1.0E-07
  7.750E+01  3.91780E-01  2.69865E-25  9.63704E-09  0.00000E+00  1.0E-07
  7.800E+01  3.96044E-01  2.62391E-25  9.37014E-09  0.00000E+00  1.0E-07
  7.850E+01  4.00316E-01  2.55156E-25  9.11180E-09  0.00000E+00  1.0E-07
  7.900E+01  4.04596E-01  2.48153E-25  8.86169E-09  0.00000E+00  1.0E-07
  7.950E+01  4.08882E-01  2.41371E-25  8.61951E-09  0.00000E+00  1.0E-07
  8.000E+01  4.13176E-01  2.34803E-25  8.38496E-09  0.00000E+00  1.0E-07
  8.050E+01  4.17476E-01  2.28440E-25  8.15776E-09  0.00000E+00  1.0E-07
  8.100E+01  4.21783E-01  2.22276E-25  7.93763E-09  0.00000E+00  1.0E-07
  8.150E+01  4.26095E-01  2.16303E-25  7.72433E-09  0.00000E+00  1.0E-07
  8.200E+01  4.30413E-01  2.10514E-25  7.51759E-09  0.00000E+00  1.0E-07
  8.250E+01  4.34737E-01  2.04902E-25  7.31719E-09  0.00000E+00  1.0E-07
  8.300E+01  4.39065E-01  1.99461E-25  7.12289E-09  0.00000E+00  1.0E-07
  8.350E+01  4.43398E-01  1.94185E-25  6.93448E-09  0.00000E+00  1.0E-07
  8.400E+01  4.47736E-01  1.89068E-25  6.75175E-09  0.00000E+00  1.0E-07
  8.450E+01  4.52077E-01  1.84105E-25  6.57449E-09  0.00000E+00  1.0E-07
  8.500E+01  4.56422E-01  1.79289E-25  6.40252E-09  0.00000E+00  1.0E-07
  8.550E+01  4.60770E-01  1.74616E-25  6.23565E-09  0.00000E+00  1.0E-07
  8.600E+01  4.65122E-01  1.70081E-25  6.07370E-09  0.00000E+00  1.0E-07
  8.650E+01  4.69476E-01  1.65679E-25  5.91651E-09  0.00000E+00  1.0E-07
  8.700E+01  4.73832E-01  1.61406E-25  5.76390E-09  0.00000E+00  1.0E-07
  8.750E+01  4.78190E-01  1.57256E-25  5.61573E-09  0.00000E+00  1.0E-07
  8.800E+01  4.82550E-01  1.53227E-25  5.47184E-09  0.00000E+00  1.0E-07
  8.850E+01  4.86912E-01  1.49314E-25  5.33208E-09  0.00000E+00  1.0E-07
  8.900E+01  4.91274E-01  1.45512E-25  5.19633E-09  0.00000E+00  1.0E-07
  8.950E+01  4.95637E-01  1.41819E-25  5.06444E-09  0.00000E+00  1.0E-07
  9.000E+01  5.00000E-01  1.38230E-25  4.93628E-09  0.00000E+00  1.0E-07
  9.050E+01  5.04363E-01  1.34742E-25  4.81174E-09  0.00000E+00  1.0E-07
  9.100E+01  5.08726E-01  1.31353E-25  4.69069E-09  0.00000E+00  1.0E-07
  9.150E+01  5.13088E-01  1.28057E-25  4.57302E-09  0.00000E+00  1.0E-07
  9.200E+01  5.17450E-01  1.24854E-25  4.45861E-09  0.00000E+00  1.0E-07
  9.250E+01  5.21810E-01  1.21739E-25  4.34738E-09  0.00000E+00  1.0E-07
  9.300E+01  5.26168E-01  1.18710E-25  4.23920E-09  0.00000E+00  1.0E-07
  9.350E+01  5.30524E-01  1.15763E-25  4.13398E-09  0.00000E+00  1.0E-07
  9.400E+01  5.34878E-01  1.12897E-25  4.03164E-09  0.00000E+00  1.0E-07
  9.450E+01  5.39230E-01  1.10109E-25  3.93207E-09  0.00000E+00  1.0E-07
  9.500E+01  5.43578E-01  1.07396E-25  3.83519E-09  0.00000E+00  1.0E-07
  9.550E+01  5.47923E-01  1.04756E-25  3.74092E-09  0.00000E+00  1.0E-07
  9.600E+01  5.52264E-01  1.02187E-25  3.64917E-09  0.00000E+00  1.0E-07
  9.650E+01  5.56602E-01  9.96863E-26  3.55986E-09  0.00000E+00  1.0E-07
  9.700E+01  5.60935E-01  9.72519E-26  3.47293E-09  0.00000E+00  1.0E-07
  9.750E+01  5.65263E-01  9.48818E-26  3.38829E-09  0.00000E+00  1.0E-07
  9.800E+01  5.69587E-01  9.25740E-26  3.30588E-09  0.00000E+00  1.0E-07
  9.850E+01  5.73905E-01  9.03267E-26  3.22563E-09  0.00000E+00  1.0E-07
  9.900E+01  5.78217E-01  8.81380E-26  3.14747E-09  0.00000E+00  1.0E-07
  9.950E+01  5.82524E-01  8.60061E-26  3.07134E-09  0.00000E+00  1.0E-07
  1.000E+02  5.86824E-01  8.39294E-26  2.99717E-09  0.00000E+00  1.0E-07
  1.005E+02  5.91118E-01  8.19062E-26  2.92492E-09  0.00000E+00  1.0E-07
  1.010E+02  5.95404E-01  7.99348E-26  2.85452E-09  0.00000E+00  1.0E-07
  1.015E+02  5.99684E-01  7.80138E-26  2.78592E-09  0.00000E+00  1.0E-07
  1.020E+02  6.03956E-01  7.61416E-26  2.71907E-09  0.00000E+00  1.0E-07
  1.025E+02  6.08220E-01  7.43169E-26  2.65390E-09  0.00000E+00  1.0E-07
  1.030E+02  6.12476E-01  7.25382E-26  2.59039E-09  0.00000E+00  1.0E-07
  1.035E+02  6.16723E-01  7.08043E-26  2.52847E-09  0.00000E+00  1.0E-07
  1.040E+02  6.20961E-01  6.91137E-26  2.46810E-09  0.00000E+00  1.0E-07
  1.045E+02  6.25190E-01  6.74653E-26  2.40923E-09  0.00000E+00  1.0E-07
  1.050E+02  6.29410E-01  6.58579E-26  2.35183E-09  0.00000E+00  1.0E-07
  1.055E+02  6.33619E-01  6.42903E-26  2.29585E-09  0.00000E+00  1.0E-07
  1.060E+02  6.37819E-01  6.27613E-26  2.24125E-09  0.00000E+00  1.0E-07
  1.065E+02  6.42008E-01  6.12699E-26  2.18799E-09  0.00000E+00  1.0E-07
  1.070E+02  6.46186E-01  5.98150E-26  2.13603E-09  0.00000E+00  1.0E-07
  1.075E+02  6.50353E-01  5.83956E-26  2.08534E-09  0.00000E+00  1.0E-07
  1.080E+02  6.54508E-01  5.70106E-26  2.03589E-09  0.00000E+00  1.0E-07
  1.085E+02  6.58652E-01  5.56592E-26  1.98763E-09  0.00000E+00  1.0E-07
  1.090E+02  6.62784E-01  5.43405E-26  1.94053E-09  0.00000E+00  1.0E-07
  1.095E+02  6.66903E-01  5.30534E-26  1.89457E-09  0.00000E+00  1.0E-07
  1.100E+02  6.71010E-01  5.17972E-26  1.84971E-09  0.00000E+00  1.0E-07
  1.105E+02  6.75104E-01  5.05710E-26  1.80592E-09  0.00000E+00  1.0E-07
  1.110E+02  6.79184E-01  4.93739E-26  1.76318E-09  0.00000E+00  1.0E-07
  1.115E+02  6.83251E-01  4.82053E-26  1.72144E-09  0.00000E+00  1.0E-07
  1.120E+02  6.87303E-01  4.70643E-26  1.68070E-09  0.00000E+00  1.0E-07
  1.125E+02  6.91342E-01  4.59502E-26  1.64091E-09  0.00000E+00  1.0E-07
  1.130E+02  6.95366E-01  4.48623E-26  1.60206E-09  0.00000E+00  1.0E-07
  1.135E+02  6.99375E-01  4.37999E-26  1.56412E-09  0.00000E+00  1.0E-07
  1.140E+02  7.03368E-01  4.27623E-26  1.52707E-09  0.00000E+00  1.0E-07
  1.145E+02  7.07347E-01  4.17488E-26  1.49088E-09  0.00000E+00  1.0E-07
  1.150E+02  7.11309E-01  4.07589E-26  1.45553E-09  0.00000E+00  1.0E-07
  1.155E+02  7.15256E-01  3.97919E-26  1.42099E-09  0.00000E+00  1.0E-07
  1.160E+02  7.19186E-01  3.88472E-26  1.38726E-09  0.00000E+00  1.0E-07
  1.165E+02  7.23099E-01  3.79242E-26  1.35430E-09  0.00000E+00  1.0E-07
  1.170E+02  7.26995E-01  3.70225E-26  1.32210E-09  0.00000E+00  1.0E-07
  1.175E+02  7.30874E-01  3.61413E-26  1.29063E-09  0.00000E+00  1.0E-07
  1.180E+02  7.34736E-01  3.52803E-26  1.25988E-09  0.00000E+00  1.0E-07
  1.185E+02  7.38579E-01  3.44389E-26  1.22983E-09  0.00000E+00  1.0E-07
  1.190E+02  7.42405E-01  3.36166E-26  1.20047E-09  0.00000E+00  1.0E-07
  1.195E+02  7.46212E-01  3.28129E-26  1.17177E-09  0.00000E+00  1.0E-07
  1.200E+02  7.50000E-01  3.20273E-26  1.14372E-09  0.00000E+00  1.0E-07
  1.205E+02  7.53769E-01  3.12595E-26  1.11630E-09  0.00000E+00  1.0E-07
  1.210E+02  7.57519E-01  3.05089E-26  1.08949E-09  0.00000E+00  1.0E-07
  1.215E+02  7.61249E-01  2.97752E-26  1.06329E-09  0.00000E+00  1.0E-07
  1.220E+02  7.64960E-01  2.90579E-26  1.03768E-09  0.00000E+00  1.0E-07
  1.225E+02  7.68650E-01  2.83567E-26  1.01263E-09  0.00000E+00  1.0E-07
  1.230E+02  7.72320E-01  2.76710E-26  9.88150E-10  0.00000E+00  1.0E-07
  1.235E+02  7.75968E-01  2.70006E-26  9.64210E-10  0.00000E+00  1.0E-07
  1.240E+02  7.79596E-01  2.63451E-26  9.40802E-10  0.00000E+00  1.0E-07
  1.245E+02  7.83203E-01  2.57042E-26  9.17912E-10  0.00000E+00  1.0E-07
  1.250E+02  7.86788E-01  2.50774E-26  8.95528E-10  0.00000E+00  1.0E-07
  1.255E+02  7.90351E-01  2.44644E-26  8.73639E-10  0.00000E+00  1.0E-07
  1.260E+02  7.93893E-01  2.38649E-26  8.52233E-10  0.00000E+00  1.0E-07
  1.265E+02  7.97411E-01  2.32787E-26  8.31297E-10  0.00000E+00  1.0E-07
  1.270E+02  8.00908E-01  2.27053E-26  8.10822E-10  0.00000E+00  1.0E-07
  1.275E+02  8.04381E-01  2.21445E-26  7.90795E-10  0.00000E+00  1.0E-07
  1.280E+02  8.07831E-01  2.15960E-26  7.71208E-10  0.00000E+00  1.0E-07
  1.285E+02  8.11257E-01  2.10595E-26  7.52049E-10  0.00000E+00  1.0E-07
  1.290E+02  8.14660E-01  2.05348E-26  7.33309E-10  0.00000E+00  1.0E-07
  1.295E+02  8.18039E-01  2.00214E-26  7.14979E-10  0.00000E+00  1.0E-07
  1.300E+02  8.21394E-01  1.95193E-26  6.97048E-10  0.00000E+00  1.0E-07
  1.305E+02  8.24724E-01  1.90281E-26  6.79507E-10  0.00000E+00  1.0E-07
  1.310E+02  8.28030E-01  1.85477E-26  6.62349E-10  0.00000E+00  1.0E-07
  1.315E+02  8.31310E-01  1.80776E-26  6.45564E-10  0.00000E+00  1.0E-07
  1.320E+02  8.34565E-01  1.76178E-26  6.29144E-10  0.00000E+00  1.0E-07
  1.325E+02  8.37795E-01  1.71680E-26  6.13081E-10  0.00000E+00  1.0E-07
  1.330E+02  8.40999E-01  1.67280E-26  5.97367E-10  0.00000E+00  1.0E-07
  1.335E+02  8.44177E-01  1.62975E-26  5.81994E-10  0.00000E+00  1.0E-07
  1.340E+02  8.47329E-01  1.58763E-26  5.66954E-10  0.00000E+00  1.0E-07
  1.345E+02  8.50455E-01  1.54643E-26  5.52242E-10  0.00000E+00  1.0E-07
  1.350E+02  8.53553E-01  1.50613E-26  5.37848E-10  0.00000E+00  1.0E-07
  1.355E+02  8.56625E-01  1.46670E-26  5.23767E-10  0.00000E+00  1.0E-07
  1.360E+02  8.59670E-01  1.42812E-26  5.09992E-10  0.00000E+00  1.0E-07
  1.365E+02  8.62687E-01  1.39039E-26  4.96517E-10  0.00000E+00  1.0E-07
  1.370E+02  8.65677E-01  1.35347E-26  4.83334E-10  0.00000E+00  1.0E-07
  1.375E+02  8.68639E-01  1.31736E-26  4.70438E-10  0.00000E+00  1.0E-07
  1.380E+02  8.71572E-01  1.28203E-26  4.57823E-10  0.00000E+00  1.0E-07
  1.385E+02  8.74478E-01  1.24748E-26  4.45482E-10  0.00000E+00  1.0E-07
  1.390E+02  8.77355E-01  1.21368E-26  4.33411E-10  0.00000E+00  1.0E-07
  1.395E+02  8.80203E-01  1.18061E-26  4.21604E-10  0.00000E+00  1.0E-07
  1.400E+02  8.83022E-01  1.14827E-26  4.10055E-10  0.00000E+00  1.0E-07
  1.405E+02  8.85812E-01  1.11664E-26  3.98759E-10  0.00000E+00  1.0E-07
  1.410E+02  8.88573E-01  1.08570E-26  3.87711E-10  0.00000E+00  1.0E-07
  1.415E+02  8.91304E-01  1.05544E-26  3.76906E-10  0.00000E+00  1.0E-07
  1.420E+02  8.94005E-01  1.02585E-26  3.66339E-10  0.00000E+00  1.0E-07
  1.425E+02  8.96677E-01  9.96918E-27  3.56006E-10  0.00000E+00  1.0E-07
  1.430E+02  8.99318E-01  9.68623E-27  3.45902E-10  0.00000E+00  1.0E-07
  1.435E+02  9.01928E-01  9.40956E-27  3.36021E-10  0.00000E+00  1.0E-07
  1.440E+02  9.04508E-01  9.13905E-27  3.26361E-10  0.00000E+00  1.0E-07
  1.445E+02  9.07058E-01  8.87459E-27  3.16917E-10  0.00000E+00  1.0E-07
  1.450E+02  9.09576E-01  8.61605E-27  3.07685E-10  0.00000E+00  1.0E-07
  1.455E+02  9.12063E-01  8.36334E-27  2.98660E-10  0.00000E+00  1.0E-07
  1.460E+02  9.14519E-01  8.11633E-27  2.89839E-10  0.00000E+00  1.0E-07
  1.465E+02  9.16943E-01  7.87492E-27  2.81219E-10  0.00000E+00  1.0E-07
  1.470E+02  9.19335E-01  7.63901E-27  2.72794E-10  0.00000E+00  1.0E-07
  1.475E+02  9.21696E-01  7.40850E-27  2.64562E-10  0.00000E+00  1.0E-07
  1.480E+02  9.24024E-01  7.18329E-27  2.56520E-10  0.00000E+00  1.0E-07
  1.485E+02  9.26320E-01  6.96329E-27  2.48664E-10  0.00000E+00  1.0E-07
  1.490E+02  9.28584E-01  6.74840E-27  2.40990E-10  0.00000E+00  1.0E-07
  1.495E+02  9.30815E-01  6.53853E-27  2.33495E-10  0.00000E+00  1.0E-07
  1.500E+02  9.33013E-01  6.33360E-27  2.26177E-10  0.00000E+00  1.0E-07
  1.505E+02  9.35178E-01  6.13351E-27  2.19032E-10  0.00000E+00  1.0E-07
  1.510E+02  9.37310E-01  5.93820E-27  2.12057E-10  0.00000E+00  1.0E-07
  1.515E+02  9.39409E-01  5.74757E-27  2.05249E-10  0.00000E+00  1.0E-07
  1.520E+02  9.41474E-01  5.56155E-27  1.98606E-10  0.00000E+00  1.0E-07
  1.525E+02  9.43505E-01  5.38006E-27  1.92125E-10  0.00000E+00  1.0E-07
  1.530E+02  9.45503E-01  5.20302E-27  1.85803E-10  0.00000E+00  1.0E-07
  1.535E+02  9.47467E-01  5.03038E-27  1.79638E-10  0.00000E+00  1.0E-07
  1.540E+02  9.49397E-01  4.86205E-27  1.73627E-10  0.00000E+00  1.0E-07
  1.545E+02  9.51293E-01  4.69796E-27  1.67767E-10  0.00000E+00  1.0E-07
  1.550E+02  9.53154E-01  4.53806E-27  1.62057E-10  0.00000E+00  1.0E-07
  1.555E+02  9.54981E-01  4.38228E-27  1.56494E-10  0.00000E+00  1.0E-07
  1.560E+02  9.56773E-01  4.23055E-27  1.51076E-10  0.00000E+00  1.0E-07
  1.565E+02  9.58530E-01  4.08282E-27  1.45800E-10  0.00000E+00  1.0E-07
  1.570E+02  9.60252E-01  3.93902E-27  1.40665E-10  0.00000E+00  1.0E-07
  1.575E+02  9.61940E-01  3.79911E-27  1.35669E-10  0.00000E+00  1.0E-07
  1.580E+02  9.63592E-01  3.66301E-27  1.30809E-10  0.00000E+00  1.0E-07
  1.585E+02  9.65209E-01  3.53069E-27  1.26083E-10  0.00000E+00  1.0E-07
  1.590E+02  9.66790E-01  3.40209E-27  1.21491E-10  0.00000E+00  1.0E-07
  1.595E+02  9.68336E-01  3.27715E-27  1.17029E-10  0.00000E+00  1.0E-07
  1.600E+02  9.69846E-01  3.15583E-27  1.12697E-10  0.00000E+00  1.0E-07
  1.605E+02  9.71321E-01  3.03809E-27  1.08492E-10  0.00000E+00  1.0E-07
  1.610E+02  9.72759E-01  2.92387E-27  1.04413E-10  0.00000E+00  1.0E-07
  1.615E+02  9.74162E-01  2.81313E-27  1.00459E-10  0.00000E+00  1.0E-07
  1.620E+02  9.75528E-01  2.70584E-27  9.66272E-11  0.00000E+00  1.0E-07
  1.625E+02  9.76858E-01  2.60194E-27  9.29168E-11  0.00000E+00  1.0E-07
  1.630E+02  9.78152E-01  2.50140E-27  8.93264E-11  0.00000E+00  1.0E-07
  1.635E+02  9.79410E-01  2.40417E-27  8.58546E-11  0.00000E+00  1.0E-07
  1.640E+02  9.80631E-01  2.31023E-27  8.24999E-11  0.00000E+00  1.0E-07
  1.645E+02  9.81815E-01  2.21954E-27  7.92612E-11  0.00000E+00  1.0E-07
  1.650E+02  9.82963E-01  2.13206E-27  7.61372E-11  0.00000E+00  1.0E-07
  1.655E+02  9.84074E-01  2.04775E-27  7.31266E-11  0.00000E+00  1.0E-07
  1.660E+02  9.85148E-01  1.96660E-27  7.02285E-11  0.00000E+00  1.0E-07
  1.665E+02  9.86185E-01  1.88856E-27  6.74416E-11  0.00000E+00  1.0E-07
  1.670E+02  9.87185E-01  1.81360E-27  6.47649E-11  0.00000E+00  1.0E-07
  1.675E+02  9.88148E-01  1.74170E-27  6.21974E-11  0.00000E+00  1.0E-07
  1.680E+02  9.89074E-01  1.67284E-27  5.97381E-11  0.00000E+00  1.0E-07
  1.685E+02  9.89962E-01  1.60698E-27  5.73862E-11  0.00000E+00  1.0E-07
  1.690E+02  9.90814E-01  1.54409E-27  5.51406E-11  0.00000E+00  1.0E-07
  1.695E+02  9.91627E-01  1.48417E-27  5.30007E-11  0.00000E+00  1.0E-07
  1.700E+02  9.92404E-01  1.42718E-27  5.09655E-11  0.00000E+00  1.0E-07
  1.705E+02  9.93143E-01  1.37310E-27  4.90344E-11  0.00000E+00  1.0E-07
  1.710E+02  9.93844E-01  1.32192E-27  4.72065E-11  0.00000E+00  1.0E-07
  1.715E+02  9.94508E-01  1.27361E-27  4.54813E-11  0.00000E+00  1.0E-07
  1.720E+02  9.95134E-01  1.22815E-27  4.38580E-11  0.00000E+00  1.0E-07
  1.725E+02  9.95722E-01  1.18553E-27  4.23361E-11  0.00000E+00  1.0E-07
  1.730E+02  9.96273E-01  1.14574E-27  4.09151E-11  0.00000E+00  1.0E-07
  1.735E+02  9.96786E-01  1.10875E-27  3.95943E-11  0.00000E+00  1.0E-07
  1.740E+02  9.97261E-01  1.07456E-27  3.83732E-11  0.00000E+00  1.0E-07
  1.745E+02  9.97698E-01  1.04315E-27  3.72516E-11  0.00000E+00  1.0E-07
  1.750E+02  9.98097E-01  1.01451E-27  3.62288E-11  0.00000E+00  1.0E-07
  1.755E+02  9.98459E-01  9.88629E-28  3.53046E-11  0.00000E+00  1.0E-07
  1.760E+02  9.98782E-01  9.65498E-28  3.44786E-11  0.00000E+00  1.0E-07
  1.765E+02  9.99067E-01  9.45109E-28  3.37504E-11  0.00000E+00  1.0E-07
  1.770E+02  9.99315E-01  9.27453E-28  3.31199E-11  0.00000E+00  1.0E-07
  1.775E+02  9.99524E-01  9.12524E-28  3.25868E-11  0.00000E+00  1.0E-07
  1.780E+02  9.99695E-01  9.00318E-28  3.21509E-11  0.00000E+00  1.0E-07
  1.785E+02  9.99829E-01  8.90828E-28  3.18120E-11  0.00000E+00  1.0E-07
  1.790E+02  9.99924E-01  8.84052E-28  3.15701E-11  0.00000E+00  1.0E-07
  1.795E+02  9.99981E-01  8.79988E-28  3.14249E-11  0.00000E+00  1.0E-07
  1.800E+02  1.00000E+00  8.78633E-28  3.13766E-11  0.00000E+00  4.6E-07
