 #
 # Subroutine ELSEPA. Elastic scattering of electrons and positrons
 #                    by neutral atoms and positive ions
 #
 # Projectile: electron
 # Kinetic energy = 3.70000E+06 eV = 1.35973E+05 a.u.
 #
 # WARNING: High-energy factorization with free-atom DF screening.
 #          Absorption, polarization and exchange corrections are
 #          switched off.
 #          Phase shifts are calculated for the bare nucleus.
 #          Scattering amplitudes are not evaluated.
 #
 # Element: Sr,  Z =  38,  atomic weight = 8.76200E+01 g/mol
 #
 # Nuclear model: Fermi distribution
 #                Average radius = 4.75246E-13 cm
 #                Skin thickness = 5.46000E-14 cm
 #
 # Number of electrons = 38
 #
 # Total elastic cross section = 3.81881E-18 cm**2 = 1.36372E-01 a0**2
 # 1st transport cross section = 1.25435E-22 cm**2 = 4.47937E-06 a0**2
 # 2nd transport cross section = 3.52016E-22 cm**2 = 1.25707E-05 a0**2
 #
 #
 # Differential cross section:                       MU=(1-COS(THETA))/2
 #
 #  THETA        MU          DCS          DCS        Sherman      error
 #  (deg)                 (cm**2/sr)   (a0**2/sr)    function
 #----------------------------------------------------------------------
  0.000E+00  0.00000E+00  1.14951E-12  4.10498E+04  0.00000E+00  1.0E-05
  1.000E-04  7.61557E-13  1.14950E-12  4.10494E+04  0.00000E+00  1.0E-05
  1.250E-04  1.18994E-12  1.14949E-12  4.10492E+04  0.00000E+00  1.0E-05
  1.500E-04  1.71346E-12  1.14949E-12  4.10489E+04  0.00000E+00  1.0E-05
  1.750E-04  2.33225E-12  1.14948E-12  4.10486E+04  0.00000E+00  1.0E-05
  2.000E-04  3.04617E-12  1.14947E-12  4.10482E+04  0.00000E+00  1.0E-05
  2.250E-04  3.85530E-12  1.14945E-12  4.10478E+04  0.00000E+00  1.0E-05
  2.500E-04  4.75964E-12  1.14944E-12  4.10473E+04  0.00000E+00  1.0E-05
  2.750E-04  5.75917E-12  1.14943E-12  4.10467E+04  0.00000E+00  1.0E-05
  3.000E-04  6.85391E-12  1.14941E-12  4.10462E+04  0.00000E+00  1.0E-05
  3.250E-04  8.04379E-12  1.14939E-12  4.10455E+04  0.00000E+00  1.0E-05
  3.500E-04  9.32893E-12  1.14937E-12  4.10448E+04  0.00000E+00  1.0E-05
  3.750E-04  1.07092E-11  1.14935E-12  4.10441E+04  0.00000E+00  1.0E-05
  4.000E-04  1.21847E-11  1.14933E-12  4.10433E+04  0.00000E+00  1.0E-05
  4.250E-04  1.37554E-11  1.14931E-12  4.10425E+04  0.00000E+00  1.0E-05
  4.500E-04  1.54213E-11  1.14928E-12  4.10416E+04  0.00000E+00  1.0E-05
  4.750E-04  1.71823E-11  1.14925E-12  4.10406E+04  0.00000E+00  1.0E-05
  5.000E-04  1.90386E-11  1.14923E-12  4.10396E+04  0.00000E+00  1.0E-05
  5.250E-04  2.09900E-11  1.14920E-12  4.10386E+04  0.00000E+00  1.0E-05
  5.500E-04  2.30367E-11  1.14917E-12  4.10375E+04  0.00000E+00  1.0E-05
  5.750E-04  2.51785E-11  1.14913E-12  4.10363E+04  0.00000E+00  1.0E-05
  6.000E-04  2.74156E-11  1.14910E-12  4.10351E+04  0.00000E+00  1.0E-05
  6.250E-04  2.97478E-11  1.14907E-12  4.10339E+04  0.00000E+00  1.0E-05
  6.500E-04  3.21752E-11  1.14903E-12  4.10326E+04  0.00000E+00  1.0E-05
  6.750E-04  3.46979E-11  1.14899E-12  4.10312E+04  0.00000E+00  1.0E-05
  7.000E-04  3.73157E-11  1.14895E-12  4.10298E+04  0.00000E+00  1.0E-05
  7.250E-04  4.00286E-11  1.14891E-12  4.10283E+04  0.00000E+00  1.0E-05
  7.500E-04  4.28368E-11  1.14887E-12  4.10268E+04  0.00000E+00  1.0E-05
  7.750E-04  4.57402E-11  1.14882E-12  4.10253E+04  0.00000E+00  1.0E-05
  8.000E-04  4.87388E-11  1.14878E-12  4.10237E+04  0.00000E+00  1.0E-05
  8.250E-04  5.18325E-11  1.14873E-12  4.10220E+04  0.00000E+00  1.0E-05
  8.500E-04  5.50215E-11  1.14868E-12  4.10203E+04  0.00000E+00  1.0E-05
  8.750E-04  5.83057E-11  1.14864E-12  4.10185E+04  0.00000E+00  1.0E-05
  9.000E-04  6.16850E-11  1.14858E-12  4.10167E+04  0.00000E+00  1.0E-05
  9.250E-04  6.51595E-11  1.14853E-12  4.10148E+04  0.00000E+00  1.0E-05
  9.500E-04  6.87293E-11  1.14848E-12  4.10129E+04  0.00000E+00  1.0E-05
  9.750E-04  7.23943E-11  1.14842E-12  4.10110E+04  0.00000E+00  1.0E-05
  1.000E-03  7.61544E-11  1.14837E-12  4.10089E+04  0.00000E+00  1.0E-05
  1.250E-03  1.18991E-10  1.14772E-12  4.09859E+04  0.00000E+00  1.0E-05
  1.500E-03  1.71347E-10  1.14694E-12  4.09579E+04  0.00000E+00  1.0E-05
  1.750E-03  2.33223E-10  1.14601E-12  4.09247E+04  0.00000E+00  1.0E-05
  2.000E-03  3.04617E-10  1.14494E-12  4.08865E+04  0.00000E+00  1.0E-05
  2.250E-03  3.85531E-10  1.14373E-12  4.08433E+04  0.00000E+00  1.0E-05
  2.500E-03  4.75965E-10  1.14238E-12  4.07951E+04  0.00000E+00  1.0E-05
  2.750E-03  5.75917E-10  1.14089E-12  4.07419E+04  0.00000E+00  1.0E-05
  3.000E-03  6.85389E-10  1.13926E-12  4.06837E+04  0.00000E+00  1.0E-05
  3.250E-03  8.04380E-10  1.13749E-12  4.06206E+04  0.00000E+00  1.0E-05
  3.500E-03  9.32891E-10  1.13559E-12  4.05527E+04  0.00000E+00  1.0E-05
  3.750E-03  1.07092E-09  1.13355E-12  4.04799E+04  0.00000E+00  1.0E-05
  4.000E-03  1.21847E-09  1.13138E-12  4.04023E+04  0.00000E+00  1.0E-05
  4.250E-03  1.37554E-09  1.12907E-12  4.03199E+04  0.00000E+00  1.0E-05
  4.500E-03  1.54213E-09  1.12663E-12  4.02329E+04  0.00000E+00  1.0E-05
  4.750E-03  1.71823E-09  1.12407E-12  4.01411E+04  0.00000E+00  1.0E-05
  5.000E-03  1.90386E-09  1.12137E-12  4.00448E+04  0.00000E+00  1.0E-05
  5.250E-03  2.09900E-09  1.11854E-12  3.99439E+04  0.00000E+00  1.0E-05
  5.500E-03  2.30367E-09  1.11559E-12  3.98385E+04  0.00000E+00  1.0E-05
  5.750E-03  2.51785E-09  1.11252E-12  3.97286E+04  0.00000E+00  1.0E-05
  6.000E-03  2.74156E-09  1.10932E-12  3.96144E+04  0.00000E+00  1.0E-05
  6.250E-03  2.97478E-09  1.10600E-12  3.94958E+04  0.00000E+00  1.0E-05
  6.500E-03  3.21752E-09  1.10256E-12  3.93730E+04  0.00000E+00  1.0E-05
  6.750E-03  3.46978E-09  1.09900E-12  3.92460E+04  0.00000E+00  1.0E-05
  7.000E-03  3.73156E-09  1.09533E-12  3.91148E+04  0.00000E+00  1.0E-05
  7.250E-03  4.00286E-09  1.09154E-12  3.89796E+04  0.00000E+00  1.0E-05
  7.500E-03  4.28368E-09  1.08764E-12  3.88403E+04  0.00000E+00  1.0E-05
  7.750E-03  4.57402E-09  1.08363E-12  3.86972E+04  0.00000E+00  1.0E-05
  8.000E-03  4.87388E-09  1.07952E-12  3.85503E+04  0.00000E+00  1.0E-05
  8.250E-03  5.18326E-09  1.07530E-12  3.83995E+04  0.00000E+00  1.0E-05
  8.500E-03  5.50215E-09  1.07097E-12  3.82450E+04  0.00000E+00  1.0E-05
  8.750E-03  5.83057E-09  1.06655E-12  3.80870E+04  0.00000E+00  1.0E-05
  9.000E-03  6.16850E-09  1.06202E-12  3.79254E+04  0.00000E+00  1.0E-05
  9.250E-03  6.51596E-09  1.05740E-12  3.77604E+04  0.00000E+00  1.0E-05
  9.500E-03  6.87293E-09  1.05268E-12  3.75920E+04  0.00000E+00  1.0E-05
  9.750E-03  7.23942E-09  1.04787E-12  3.74203E+04  0.00000E+00  1.0E-05
  1.000E-02  7.61544E-09  1.04298E-12  3.72454E+04  0.00000E+00  1.0E-05
  1.250E-02  1.18991E-08  9.89593E-13  3.53390E+04  0.00000E+00  1.0E-05
  1.500E-02  1.71347E-08  9.30162E-13  3.32167E+04  0.00000E+00  1.0E-05
  1.750E-02  2.33223E-08  8.66666E-13  3.09492E+04  0.00000E+00  1.0E-05
  2.000E-02  3.04617E-08  8.01394E-13  2.86183E+04  0.00000E+00  1.0E-05
  2.250E-02  3.85531E-08  7.36681E-13  2.63074E+04  0.00000E+00  1.0E-05
  2.500E-02  4.75965E-08  6.74013E-13  2.40694E+04  0.00000E+00  1.0E-05
  2.750E-02  5.75917E-08  6.14266E-13  2.19358E+04  0.00000E+00  1.0E-05
  3.000E-02  6.85389E-08  5.58227E-13  1.99347E+04  0.00000E+00  1.0E-05
  3.250E-02  8.04380E-08  5.06653E-13  1.80929E+04  0.00000E+00  1.0E-05
  3.500E-02  9.32891E-08  4.59817E-13  1.64203E+04  0.00000E+00  1.0E-05
  3.750E-02  1.07092E-07  4.17312E-13  1.49025E+04  0.00000E+00  1.0E-05
  4.000E-02  1.21847E-07  3.79007E-13  1.35346E+04  0.00000E+00  1.0E-05
  4.250E-02  1.37554E-07  3.44765E-13  1.23118E+04  0.00000E+00  1.0E-05
  4.500E-02  1.54213E-07  3.14455E-13  1.12294E+04  0.00000E+00  1.0E-05
  4.750E-02  1.71823E-07  2.87392E-13  1.02629E+04  0.00000E+00  1.0E-05
  5.000E-02  1.90386E-07  2.63266E-13  9.40141E+03  0.00000E+00  1.0E-05
  5.250E-02  2.09900E-07  2.41779E-13  8.63408E+03  0.00000E+00  1.0E-05
  5.500E-02  2.30367E-07  2.22785E-13  7.95580E+03  0.00000E+00  1.0E-05
  5.750E-02  2.51785E-07  2.05785E-13  7.34871E+03  0.00000E+00  1.0E-05
  6.000E-02  2.74156E-07  1.90551E-13  6.80469E+03  0.00000E+00  1.0E-05
  6.250E-02  2.97478E-07  1.76876E-13  6.31636E+03  0.00000E+00  1.0E-05
  6.500E-02  3.21752E-07  1.64612E-13  5.87839E+03  0.00000E+00  1.0E-05
  6.750E-02  3.46978E-07  1.53525E-13  5.48249E+03  0.00000E+00  1.0E-05
  7.000E-02  3.73156E-07  1.43471E-13  5.12344E+03  0.00000E+00  1.0E-05
  7.250E-02  4.00286E-07  1.34330E-13  4.79701E+03  0.00000E+00  1.0E-05
  7.500E-02  4.28368E-07  1.25994E-13  4.49933E+03  0.00000E+00  1.0E-05
  7.750E-02  4.57402E-07  1.18358E-13  4.22664E+03  0.00000E+00  1.0E-05
  8.000E-02  4.87388E-07  1.11345E-13  3.97620E+03  0.00000E+00  1.0E-05
  8.250E-02  5.18325E-07  1.04890E-13  3.74568E+03  0.00000E+00  1.0E-05
  8.500E-02  5.50215E-07  9.89239E-14  3.53264E+03  0.00000E+00  1.0E-05
  8.750E-02  5.83057E-07  9.33893E-14  3.33499E+03  0.00000E+00  1.0E-05
  9.000E-02  6.16850E-07  8.82548E-14  3.15164E+03  0.00000E+00  1.0E-05
  9.250E-02  6.51596E-07  8.34829E-14  2.98123E+03  0.00000E+00  1.0E-05
  9.500E-02  6.87293E-07  7.90344E-14  2.82237E+03  0.00000E+00  1.0E-05
  9.750E-02  7.23942E-07  7.48658E-14  2.67351E+03  0.00000E+00  1.0E-05
  1.000E-01  7.61543E-07  7.09713E-14  2.53443E+03  0.00000E+00  1.0E-05
  1.250E-01  1.18991E-06  4.29014E-14  1.53204E+03  0.00000E+00  1.0E-05
  1.500E-01  1.71347E-06  2.68829E-14  9.60005E+02  0.00000E+00  1.0E-05
  1.750E-01  2.33223E-06  1.78963E-14  6.39087E+02  0.00000E+00  1.0E-05
  2.000E-01  3.04617E-06  1.24360E-14  4.44099E+02  0.00000E+00  1.0E-05
  2.250E-01  3.85531E-06  8.94904E-15  3.19576E+02  0.00000E+00  1.0E-05
  2.500E-01  4.75964E-06  6.64680E-15  2.37362E+02  0.00000E+00  1.0E-05
  2.750E-01  5.75916E-06  5.07064E-15  1.81076E+02  0.00000E+00  1.0E-05
  3.000E-01  6.85388E-06  3.94943E-15  1.41037E+02  0.00000E+00  1.0E-05
  3.250E-01  8.04378E-06  3.11855E-15  1.11365E+02  0.00000E+00  1.0E-05
  3.500E-01  9.32888E-06  2.48676E-15  8.88037E+01  0.00000E+00  1.0E-05
  3.750E-01  1.07092E-05  2.00477E-15  7.15915E+01  0.00000E+00  1.0E-05
  4.000E-01  1.21846E-05  1.63096E-15  5.82427E+01  0.00000E+00  1.0E-05
  4.250E-01  1.37553E-05  1.33626E-15  4.77188E+01  0.00000E+00  1.0E-05
  4.500E-01  1.54212E-05  1.10053E-15  3.93006E+01  0.00000E+00  1.0E-05
  4.750E-01  1.71822E-05  9.13225E-16  3.26118E+01  0.00000E+00  1.0E-05
  5.000E-01  1.90385E-05  7.62923E-16  2.72445E+01  0.00000E+00  1.0E-05
  5.250E-01  2.09899E-05  6.41677E-16  2.29147E+01  0.00000E+00  1.0E-05
  5.500E-01  2.30365E-05  5.42449E-16  1.93712E+01  0.00000E+00  1.0E-05
  5.750E-01  2.51783E-05  4.61492E-16  1.64802E+01  0.00000E+00  1.0E-05
  6.000E-01  2.74153E-05  3.94961E-16  1.41043E+01  0.00000E+00  1.0E-05
  6.250E-01  2.97475E-05  3.39943E-16  1.21396E+01  0.00000E+00  1.0E-05
  6.500E-01  3.21749E-05  2.94123E-16  1.05033E+01  0.00000E+00  1.0E-05
  6.750E-01  3.46974E-05  2.55788E-16  9.13437E+00  0.00000E+00  1.0E-05
  7.000E-01  3.73152E-05  2.23575E-16  7.98400E+00  0.00000E+00  1.0E-05
  7.250E-01  4.00281E-05  1.96362E-16  7.01222E+00  0.00000E+00  1.0E-05
  7.500E-01  4.28362E-05  1.73229E-16  6.18613E+00  0.00000E+00  1.0E-05
  7.750E-01  4.57395E-05  1.53468E-16  5.48044E+00  0.00000E+00  1.0E-05
  8.000E-01  4.87380E-05  1.36504E-16  4.87464E+00  0.00000E+00  1.0E-05
  8.250E-01  5.18317E-05  1.21867E-16  4.35197E+00  0.00000E+00  1.0E-05
  8.500E-01  5.50205E-05  1.09172E-16  3.89861E+00  0.00000E+00  1.0E-05
  8.750E-01  5.83045E-05  9.81091E-17  3.50354E+00  0.00000E+00  1.0E-05
  9.000E-01  6.16838E-05  8.84381E-17  3.15818E+00  0.00000E+00  1.0E-05
  9.250E-01  6.51582E-05  7.99512E-17  2.85511E+00  0.00000E+00  1.0E-05
  9.500E-01  6.87277E-05  7.24730E-17  2.58806E+00  0.00000E+00  1.0E-05
  9.750E-01  7.23925E-05  6.58545E-17  2.35171E+00  0.00000E+00  1.0E-05
  1.000E+00  7.61524E-05  5.99857E-17  2.14213E+00  0.00000E+00  4.2E-06
  1.100E+00  9.21439E-05  4.21826E-17  1.50637E+00  0.00000E+00  3.2E-06
  1.200E+00  1.09658E-04  3.05350E-17  1.09042E+00  0.00000E+00  1.8E-06
  1.300E+00  1.28695E-04  2.26332E-17  8.08246E-01  0.00000E+00  4.1E-07
  1.400E+00  1.49255E-04  1.71034E-17  6.10775E-01  0.00000E+00  6.4E-07
  1.500E+00  1.71338E-04  1.31634E-17  4.70074E-01  0.00000E+00  1.2E-06
  1.600E+00  1.94942E-04  1.02894E-17  3.67443E-01  0.00000E+00  1.3E-06
  1.700E+00  2.20070E-04  8.15235E-18  2.91126E-01  0.00000E+00  1.1E-06
  1.800E+00  2.46720E-04  6.53690E-18  2.33437E-01  0.00000E+00  6.2E-07
  1.900E+00  2.74892E-04  5.30150E-18  1.89320E-01  0.00000E+00  1.3E-07
  2.000E+00  3.04586E-04  4.34401E-18  1.55127E-01  0.00000E+00  2.9E-07
  2.100E+00  3.35803E-04  3.59283E-18  1.28302E-01  0.00000E+00  5.3E-07
  2.200E+00  3.68542E-04  2.99643E-18  1.07004E-01  0.00000E+00  5.9E-07
  2.300E+00  4.02802E-04  2.51898E-18  8.99545E-02  0.00000E+00  4.9E-07
  2.400E+00  4.38585E-04  2.13311E-18  7.61748E-02  0.00000E+00  2.9E-07
  2.500E+00  4.75889E-04  1.81855E-18  6.49416E-02  0.00000E+00  1.0E-07
  2.600E+00  5.14715E-04  1.55988E-18  5.57044E-02  0.00000E+00  1.6E-07
  2.700E+00  5.55063E-04  1.34577E-18  4.80583E-02  0.00000E+00  2.9E-07
  2.800E+00  5.96931E-04  1.16730E-18  4.16851E-02  0.00000E+00  3.3E-07
  2.900E+00  6.40321E-04  1.01758E-18  3.63383E-02  0.00000E+00  2.7E-07
  3.000E+00  6.85233E-04  8.91165E-19  3.18241E-02  0.00000E+00  1.6E-07
  3.100E+00  7.31665E-04  7.83856E-19  2.79920E-02  0.00000E+00  1.0E-07
  3.200E+00  7.79618E-04  6.92296E-19  2.47223E-02  0.00000E+00  1.0E-07
  3.300E+00  8.29092E-04  6.13779E-19  2.19184E-02  0.00000E+00  1.8E-07
  3.400E+00  8.80086E-04  5.46123E-19  1.95024E-02  0.00000E+00  2.0E-07
  3.500E+00  9.32601E-04  4.87564E-19  1.74112E-02  0.00000E+00  1.7E-07
  3.600E+00  9.86636E-04  4.36681E-19  1.55942E-02  0.00000E+00  1.0E-07
  3.700E+00  1.04219E-03  3.92296E-19  1.40091E-02  0.00000E+00  1.0E-07
  3.800E+00  1.09927E-03  3.53429E-19  1.26212E-02  0.00000E+00  1.0E-07
  3.900E+00  1.15786E-03  3.19268E-19  1.14012E-02  0.00000E+00  1.2E-07
  4.000E+00  1.21797E-03  2.89153E-19  1.03258E-02  0.00000E+00  1.3E-07
  4.100E+00  1.27961E-03  2.62521E-19  9.37479E-03  0.00000E+00  1.1E-07
  4.200E+00  1.34276E-03  2.38897E-19  8.53115E-03  0.00000E+00  1.0E-07
  4.300E+00  1.40743E-03  2.17874E-19  7.78042E-03  0.00000E+00  1.0E-07
  4.400E+00  1.47362E-03  1.99123E-19  7.11079E-03  0.00000E+00  1.0E-07
  4.500E+00  1.54133E-03  1.82353E-19  6.51194E-03  0.00000E+00  1.0E-07
  4.600E+00  1.61056E-03  1.67319E-19  5.97505E-03  0.00000E+00  1.0E-07
  4.700E+00  1.68131E-03  1.53804E-19  5.49243E-03  0.00000E+00  1.0E-07
  4.800E+00  1.75357E-03  1.41630E-19  5.05772E-03  0.00000E+00  1.0E-07
  4.900E+00  1.82735E-03  1.30642E-19  4.66532E-03  0.00000E+00  1.0E-07
  5.000E+00  1.90265E-03  1.20703E-19  4.31038E-03  0.00000E+00  1.0E-07
  5.100E+00  1.97947E-03  1.11693E-19  3.98862E-03  0.00000E+00  1.0E-07
  5.200E+00  2.05780E-03  1.03510E-19  3.69639E-03  0.00000E+00  1.0E-07
  5.300E+00  2.13765E-03  9.60649E-20  3.43054E-03  0.00000E+00  1.0E-07
  5.400E+00  2.21902E-03  8.92799E-20  3.18824E-03  0.00000E+00  1.0E-07
  5.500E+00  2.30190E-03  8.30846E-20  2.96700E-03  0.00000E+00  1.0E-07
  5.600E+00  2.38630E-03  7.74186E-20  2.76467E-03  0.00000E+00  1.0E-07
  5.700E+00  2.47222E-03  7.22290E-20  2.57935E-03  0.00000E+00  1.0E-07
  5.800E+00  2.55965E-03  6.74686E-20  2.40935E-03  0.00000E+00  1.0E-07
  5.900E+00  2.64859E-03  6.30950E-20  2.25316E-03  0.00000E+00  1.0E-07
  6.000E+00  2.73905E-03  5.90706E-20  2.10945E-03  0.00000E+00  1.0E-07
  6.100E+00  2.83103E-03  5.53632E-20  1.97705E-03  0.00000E+00  1.0E-07
  6.200E+00  2.92452E-03  5.19431E-20  1.85492E-03  0.00000E+00  1.0E-07
  6.300E+00  3.01952E-03  4.87839E-20  1.74211E-03  0.00000E+00  1.0E-07
  6.400E+00  3.11604E-03  4.58616E-20  1.63775E-03  0.00000E+00  1.0E-07
  6.500E+00  3.21407E-03  4.31557E-20  1.54112E-03  0.00000E+00  1.0E-07
  6.600E+00  3.31362E-03  4.06472E-20  1.45154E-03  0.00000E+00  1.0E-07
  6.700E+00  3.41468E-03  3.83190E-20  1.36840E-03  0.00000E+00  1.0E-07
  6.800E+00  3.51725E-03  3.61554E-20  1.29113E-03  0.00000E+00  1.0E-07
  6.900E+00  3.62133E-03  3.41429E-20  1.21927E-03  0.00000E+00  1.0E-07
  7.000E+00  3.72692E-03  3.22691E-20  1.15235E-03  0.00000E+00  1.0E-07
  7.100E+00  3.83403E-03  3.05225E-20  1.08998E-03  0.00000E+00  1.0E-07
  7.200E+00  3.94265E-03  2.88928E-20  1.03178E-03  0.00000E+00  1.0E-07
  7.300E+00  4.05278E-03  2.73709E-20  9.77431E-04  0.00000E+00  1.0E-07
  7.400E+00  4.16442E-03  2.59482E-20  9.26627E-04  0.00000E+00  1.0E-07
  7.500E+00  4.27757E-03  2.46172E-20  8.79095E-04  0.00000E+00  1.0E-07
  7.600E+00  4.39223E-03  2.33707E-20  8.34582E-04  0.00000E+00  1.0E-07
  7.700E+00  4.50840E-03  2.22023E-20  7.92860E-04  0.00000E+00  1.0E-07
  7.800E+00  4.62608E-03  2.11064E-20  7.53725E-04  0.00000E+00  1.0E-07
  7.900E+00  4.74527E-03  2.00776E-20  7.16985E-04  0.00000E+00  1.0E-07
  8.000E+00  4.86597E-03  1.91110E-20  6.82465E-04  0.00000E+00  1.0E-07
  8.100E+00  4.98817E-03  1.82020E-20  6.50005E-04  0.00000E+00  1.0E-07
  8.200E+00  5.11188E-03  1.73467E-20  6.19461E-04  0.00000E+00  1.0E-07
  8.300E+00  5.23711E-03  1.65413E-20  5.90699E-04  0.00000E+00  1.0E-07
  8.400E+00  5.36383E-03  1.57822E-20  5.63594E-04  0.00000E+00  1.0E-07
  8.500E+00  5.49207E-03  1.50664E-20  5.38032E-04  0.00000E+00  1.0E-07
  8.600E+00  5.62181E-03  1.43909E-20  5.13909E-04  0.00000E+00  1.0E-07
  8.700E+00  5.75306E-03  1.37531E-20  4.91131E-04  0.00000E+00  1.0E-07
  8.800E+00  5.88581E-03  1.31503E-20  4.69606E-04  0.00000E+00  1.0E-07
  8.900E+00  6.02007E-03  1.25804E-20  4.49253E-04  0.00000E+00  1.0E-07
  9.000E+00  6.15583E-03  1.20411E-20  4.29996E-04  0.00000E+00  1.0E-07
  9.100E+00  6.29310E-03  1.15306E-20  4.11764E-04  0.00000E+00  1.0E-07
  9.200E+00  6.43187E-03  1.10470E-20  3.94495E-04  0.00000E+00  1.0E-07
  9.300E+00  6.57214E-03  1.05886E-20  3.78125E-04  0.00000E+00  1.0E-07
  9.400E+00  6.71392E-03  1.01538E-20  3.62600E-04  0.00000E+00  1.0E-07
  9.500E+00  6.85720E-03  9.74128E-21  3.47867E-04  0.00000E+00  1.0E-07
  9.600E+00  7.00198E-03  9.34960E-21  3.33880E-04  0.00000E+00  1.0E-07
  9.700E+00  7.14827E-03  8.97750E-21  3.20592E-04  0.00000E+00  1.0E-07
  9.800E+00  7.29605E-03  8.62382E-21  3.07962E-04  0.00000E+00  1.0E-07
  9.900E+00  7.44534E-03  8.28749E-21  2.95952E-04  0.00000E+00  1.0E-07
  1.000E+01  7.59612E-03  7.96751E-21  2.84525E-04  0.00000E+00  1.0E-07
  1.025E+01  7.97965E-03  7.23290E-21  2.58291E-04  0.00000E+00  1.0E-07
  1.050E+01  8.37255E-03  6.58149E-21  2.35029E-04  0.00000E+00  1.0E-07
  1.075E+01  8.77480E-03  6.00219E-21  2.14342E-04  0.00000E+00  1.0E-07
  1.100E+01  9.18641E-03  5.48561E-21  1.95895E-04  0.00000E+00  1.0E-07
  1.125E+01  9.60736E-03  5.02375E-21  1.79402E-04  0.00000E+00  1.0E-07
  1.150E+01  1.00376E-02  4.60979E-21  1.64619E-04  0.00000E+00  1.0E-07
  1.175E+01  1.04773E-02  4.23786E-21  1.51337E-04  0.00000E+00  1.0E-07
  1.200E+01  1.09262E-02  3.90293E-21  1.39376E-04  0.00000E+00  1.0E-07
  1.225E+01  1.13844E-02  3.60066E-21  1.28582E-04  0.00000E+00  1.0E-07
  1.250E+01  1.18520E-02  3.32729E-21  1.18820E-04  0.00000E+00  1.0E-07
  1.275E+01  1.23288E-02  3.07955E-21  1.09973E-04  0.00000E+00  1.0E-07
  1.300E+01  1.28150E-02  2.85461E-21  1.01940E-04  0.00000E+00  1.0E-07
  1.325E+01  1.33104E-02  2.64997E-21  9.46321E-05  0.00000E+00  1.0E-07
  1.350E+01  1.38150E-02  2.46348E-21  8.79726E-05  0.00000E+00  1.0E-07
  1.375E+01  1.43290E-02  2.29323E-21  8.18928E-05  0.00000E+00  1.0E-07
  1.400E+01  1.48521E-02  2.13755E-21  7.63332E-05  0.00000E+00  1.0E-07
  1.425E+01  1.53845E-02  1.99495E-21  7.12411E-05  0.00000E+00  1.0E-07
  1.450E+01  1.59262E-02  1.86415E-21  6.65699E-05  0.00000E+00  1.0E-07
  1.475E+01  1.64770E-02  1.74397E-21  6.22783E-05  0.00000E+00  1.0E-07
  1.500E+01  1.70371E-02  1.63340E-21  5.83298E-05  0.00000E+00  1.0E-07
  1.525E+01  1.76063E-02  1.53153E-21  5.46918E-05  0.00000E+00  1.0E-07
  1.550E+01  1.81848E-02  1.43754E-21  5.13354E-05  0.00000E+00  1.0E-07
  1.575E+01  1.87724E-02  1.35071E-21  4.82346E-05  0.00000E+00  1.0E-07
  1.600E+01  1.93692E-02  1.27039E-21  4.53664E-05  0.00000E+00  1.0E-07
  1.625E+01  1.99751E-02  1.19600E-21  4.27101E-05  0.00000E+00  1.0E-07
  1.650E+01  2.05901E-02  1.12703E-21  4.02470E-05  0.00000E+00  1.0E-07
  1.675E+01  2.12143E-02  1.06300E-21  3.79605E-05  0.00000E+00  1.0E-07
  1.700E+01  2.18476E-02  1.00350E-21  3.58355E-05  0.00000E+00  1.0E-07
  1.725E+01  2.24900E-02  9.48132E-22  3.38584E-05  0.00000E+00  1.0E-07
  1.750E+01  2.31415E-02  8.96568E-22  3.20170E-05  0.00000E+00  1.0E-07
  1.775E+01  2.38021E-02  8.48494E-22  3.03003E-05  0.00000E+00  1.0E-07
  1.800E+01  2.44717E-02  8.03627E-22  2.86981E-05  0.00000E+00  1.0E-07
  1.825E+01  2.51504E-02  7.61715E-22  2.72013E-05  0.00000E+00  1.0E-07
  1.850E+01  2.58382E-02  7.22525E-22  2.58018E-05  0.00000E+00  1.0E-07
  1.875E+01  2.65349E-02  6.85846E-22  2.44920E-05  0.00000E+00  1.0E-07
  1.900E+01  2.72407E-02  6.51487E-22  2.32650E-05  0.00000E+00  1.0E-07
  1.925E+01  2.79555E-02  6.19272E-22  2.21146E-05  0.00000E+00  1.0E-07
  1.950E+01  2.86793E-02  5.89044E-22  2.10351E-05  0.00000E+00  1.0E-07
  1.975E+01  2.94120E-02  5.60654E-22  2.00213E-05  0.00000E+00  1.0E-07
  2.000E+01  3.01537E-02  5.33971E-22  1.90685E-05  0.00000E+00  1.0E-07
  2.025E+01  3.09043E-02  5.08872E-22  1.81721E-05  0.00000E+00  1.0E-07
  2.050E+01  3.16639E-02  4.85244E-22  1.73284E-05  0.00000E+00  1.0E-07
  2.075E+01  3.24324E-02  4.62985E-22  1.65335E-05  0.00000E+00  1.0E-07
  2.100E+01  3.32098E-02  4.42000E-22  1.57841E-05  0.00000E+00  1.0E-07
  2.125E+01  3.39961E-02  4.22202E-22  1.50771E-05  0.00000E+00  1.0E-07
  2.150E+01  3.47912E-02  4.03511E-22  1.44097E-05  0.00000E+00  1.0E-07
  2.175E+01  3.55952E-02  3.85853E-22  1.37791E-05  0.00000E+00  1.0E-07
  2.200E+01  3.64081E-02  3.69160E-22  1.31830E-05  0.00000E+00  1.0E-07
  2.225E+01  3.72297E-02  3.53369E-22  1.26190E-05  0.00000E+00  1.0E-07
  2.250E+01  3.80602E-02  3.38421E-22  1.20852E-05  0.00000E+00  1.0E-07
  2.275E+01  3.88995E-02  3.24263E-22  1.15797E-05  0.00000E+00  1.0E-07
  2.300E+01  3.97476E-02  3.10846E-22  1.11005E-05  0.00000E+00  1.0E-07
  2.325E+01  4.06044E-02  2.98121E-22  1.06461E-05  0.00000E+00  1.0E-07
  2.350E+01  4.14700E-02  2.86048E-22  1.02150E-05  0.00000E+00  1.0E-07
  2.375E+01  4.23443E-02  2.74586E-22  9.80563E-06  0.00000E+00  1.0E-07
  2.400E+01  4.32273E-02  2.63697E-22  9.41681E-06  0.00000E+00  1.0E-07
  2.425E+01  4.41190E-02  2.53349E-22  9.04725E-06  0.00000E+00  1.0E-07
  2.450E+01  4.50194E-02  2.43508E-22  8.69582E-06  0.00000E+00  1.0E-07
  2.475E+01  4.59284E-02  2.34145E-22  8.36146E-06  0.00000E+00  1.0E-07
  2.500E+01  4.68461E-02  2.25232E-22  8.04317E-06  0.00000E+00  1.0E-07
  2.550E+01  4.87074E-02  2.08654E-22  7.45117E-06  0.00000E+00  1.0E-07
  2.600E+01  5.06030E-02  1.93588E-22  6.91316E-06  0.00000E+00  1.0E-07
  2.650E+01  5.25328E-02  1.79870E-22  6.42327E-06  0.00000E+00  1.0E-07
  2.700E+01  5.44967E-02  1.67357E-22  5.97642E-06  0.00000E+00  1.0E-07
  2.750E+01  5.64946E-02  1.55923E-22  5.56810E-06  0.00000E+00  1.0E-07
  2.800E+01  5.85262E-02  1.45457E-22  5.19438E-06  0.00000E+00  1.0E-07
  2.850E+01  6.05914E-02  1.35863E-22  4.85177E-06  0.00000E+00  1.0E-07
  2.900E+01  6.26901E-02  1.27054E-22  4.53718E-06  0.00000E+00  1.0E-07
  2.950E+01  6.48222E-02  1.18954E-22  4.24791E-06  0.00000E+00  1.0E-07
  3.000E+01  6.69873E-02  1.11494E-22  3.98152E-06  0.00000E+00  1.0E-07
  3.050E+01  6.91854E-02  1.04615E-22  3.73586E-06  0.00000E+00  1.0E-07
  3.100E+01  7.14163E-02  9.82624E-23  3.50901E-06  0.00000E+00  1.0E-07
  3.150E+01  7.36799E-02  9.23887E-23  3.29926E-06  0.00000E+00  1.0E-07
  3.200E+01  7.59760E-02  8.69509E-23  3.10507E-06  0.00000E+00  1.0E-07
  3.250E+01  7.83043E-02  8.19104E-23  2.92507E-06  0.00000E+00  1.0E-07
  3.300E+01  8.06647E-02  7.72326E-23  2.75803E-06  0.00000E+00  1.0E-07
  3.350E+01  8.30571E-02  7.28863E-23  2.60282E-06  0.00000E+00  1.0E-07
  3.400E+01  8.54812E-02  6.88437E-23  2.45845E-06  0.00000E+00  1.0E-07
  3.450E+01  8.79369E-02  6.50794E-23  2.32403E-06  0.00000E+00  1.0E-07
  3.500E+01  9.04240E-02  6.15705E-23  2.19872E-06  0.00000E+00  1.0E-07
  3.550E+01  9.29422E-02  5.82964E-23  2.08180E-06  0.00000E+00  1.0E-07
  3.600E+01  9.54915E-02  5.52384E-23  1.97260E-06  0.00000E+00  1.0E-07
  3.650E+01  9.80716E-02  5.23795E-23  1.87050E-06  0.00000E+00  1.0E-07
  3.700E+01  1.00682E-01  4.97041E-23  1.77496E-06  0.00000E+00  1.0E-07
  3.750E+01  1.03323E-01  4.71982E-23  1.68548E-06  0.00000E+00  1.0E-07
  3.800E+01  1.05995E-01  4.48490E-23  1.60159E-06  0.00000E+00  1.0E-07
  3.850E+01  1.08696E-01  4.26448E-23  1.52287E-06  0.00000E+00  1.0E-07
  3.900E+01  1.11427E-01  4.05749E-23  1.44895E-06  0.00000E+00  1.0E-07
  3.950E+01  1.14188E-01  3.86295E-23  1.37948E-06  0.00000E+00  1.0E-07
  4.000E+01  1.16978E-01  3.67997E-23  1.31414E-06  0.00000E+00  1.0E-07
  4.050E+01  1.19797E-01  3.50773E-23  1.25263E-06  0.00000E+00  1.0E-07
  4.100E+01  1.22645E-01  3.34548E-23  1.19469E-06  0.00000E+00  1.0E-07
  4.150E+01  1.25522E-01  3.19252E-23  1.14007E-06  0.00000E+00  1.0E-07
  4.200E+01  1.28428E-01  3.04821E-23  1.08854E-06  0.00000E+00  1.0E-07
  4.250E+01  1.31361E-01  2.91198E-23  1.03989E-06  0.00000E+00  1.0E-07
  4.300E+01  1.34323E-01  2.78328E-23  9.93929E-07  0.00000E+00  1.0E-07
  4.350E+01  1.37313E-01  2.66162E-23  9.50481E-07  0.00000E+00  1.0E-07
  4.400E+01  1.40330E-01  2.54653E-23  9.09382E-07  0.00000E+00  1.0E-07
  4.450E+01  1.43375E-01  2.43759E-23  8.70479E-07  0.00000E+00  1.0E-07
  4.500E+01  1.46447E-01  2.33440E-23  8.33631E-07  0.00000E+00  1.0E-07
  4.550E+01  1.49545E-01  2.23662E-23  7.98711E-07  0.00000E+00  1.0E-07
  4.600E+01  1.52671E-01  2.14389E-23  7.65596E-07  0.00000E+00  1.0E-07
  4.650E+01  1.55823E-01  2.05590E-23  7.34174E-07  0.00000E+00  1.0E-07
  4.700E+01  1.59001E-01  1.97237E-23  7.04344E-07  0.00000E+00  1.0E-07
  4.750E+01  1.62205E-01  1.89301E-23  6.76007E-07  0.00000E+00  1.0E-07
  4.800E+01  1.65435E-01  1.81759E-23  6.49074E-07  0.00000E+00  1.0E-07
  4.850E+01  1.68690E-01  1.74588E-23  6.23464E-07  0.00000E+00  1.0E-07
  4.900E+01  1.71970E-01  1.67764E-23  5.99097E-07  0.00000E+00  1.0E-07
  4.950E+01  1.75276E-01  1.61269E-23  5.75901E-07  0.00000E+00  1.0E-07
  5.000E+01  1.78606E-01  1.55083E-23  5.53811E-07  0.00000E+00  1.0E-07
  5.050E+01  1.81961E-01  1.49188E-23  5.32761E-07  0.00000E+00  1.0E-07
  5.100E+01  1.85340E-01  1.43569E-23  5.12695E-07  0.00000E+00  1.0E-07
  5.150E+01  1.88743E-01  1.38210E-23  4.93556E-07  0.00000E+00  1.0E-07
  5.200E+01  1.92169E-01  1.33096E-23  4.75293E-07  0.00000E+00  1.0E-07
  5.250E+01  1.95619E-01  1.28214E-23  4.57859E-07  0.00000E+00  1.0E-07
  5.300E+01  1.99092E-01  1.23551E-23  4.41208E-07  0.00000E+00  1.0E-07
  5.350E+01  2.02589E-01  1.19096E-23  4.25299E-07  0.00000E+00  1.0E-07
  5.400E+01  2.06107E-01  1.14837E-23  4.10092E-07  0.00000E+00  1.0E-07
  5.450E+01  2.09649E-01  1.10765E-23  3.95549E-07  0.00000E+00  1.0E-07
  5.500E+01  2.13212E-01  1.06869E-23  3.81637E-07  0.00000E+00  1.0E-07
  5.550E+01  2.16797E-01  1.03141E-23  3.68323E-07  0.00000E+00  1.0E-07
  5.600E+01  2.20404E-01  9.95713E-24  3.55576E-07  0.00000E+00  1.0E-07
  5.650E+01  2.24032E-01  9.61523E-24  3.43366E-07  0.00000E+00  1.0E-07
  5.700E+01  2.27680E-01  9.28762E-24  3.31667E-07  0.00000E+00  1.0E-07
  5.750E+01  2.31350E-01  8.97361E-24  3.20453E-07  0.00000E+00  1.0E-07
  5.800E+01  2.35040E-01  8.67250E-24  3.09701E-07  0.00000E+00  1.0E-07
  5.850E+01  2.38751E-01  8.38368E-24  2.99387E-07  0.00000E+00  1.0E-07
  5.900E+01  2.42481E-01  8.10655E-24  2.89490E-07  0.00000E+00  1.0E-07
  5.950E+01  2.46231E-01  7.84053E-24  2.79990E-07  0.00000E+00  1.0E-07
  6.000E+01  2.50000E-01  7.58510E-24  2.70869E-07  0.00000E+00  1.0E-07
  6.050E+01  2.53788E-01  7.33976E-24  2.62108E-07  0.00000E+00  1.0E-07
  6.100E+01  2.57595E-01  7.10402E-24  2.53689E-07  0.00000E+00  1.0E-07
  6.150E+01  2.61421E-01  6.87743E-24  2.45598E-07  0.00000E+00  1.0E-07
  6.200E+01  2.65264E-01  6.65958E-24  2.37818E-07  0.00000E+00  1.0E-07
  6.250E+01  2.69126E-01  6.45005E-24  2.30335E-07  0.00000E+00  1.0E-07
  6.300E+01  2.73005E-01  6.24847E-24  2.23137E-07  0.00000E+00  1.0E-07
  6.350E+01  2.76901E-01  6.05448E-24  2.16209E-07  0.00000E+00  1.0E-07
  6.400E+01  2.80814E-01  5.86774E-24  2.09541E-07  0.00000E+00  1.0E-07
  6.450E+01  2.84744E-01  5.68793E-24  2.03120E-07  0.00000E+00  1.0E-07
  6.500E+01  2.88691E-01  5.51474E-24  1.96935E-07  0.00000E+00  1.0E-07
  6.550E+01  2.92653E-01  5.34788E-24  1.90976E-07  0.00000E+00  1.0E-07
  6.600E+01  2.96632E-01  5.18707E-24  1.85234E-07  0.00000E+00  1.0E-07
  6.650E+01  3.00625E-01  5.03205E-24  1.79698E-07  0.00000E+00  1.0E-07
  6.700E+01  3.04634E-01  4.88256E-24  1.74360E-07  0.00000E+00  1.0E-07
  6.750E+01  3.08658E-01  4.73839E-24  1.69211E-07  0.00000E+00  1.0E-07
  6.800E+01  3.12697E-01  4.59929E-24  1.64244E-07  0.00000E+00  1.0E-07
  6.850E+01  3.16749E-01  4.46506E-24  1.59450E-07  0.00000E+00  1.0E-07
  6.900E+01  3.20816E-01  4.33549E-24  1.54823E-07  0.00000E+00  1.0E-07
  6.950E+01  3.24896E-01  4.21040E-24  1.50356E-07  0.00000E+00  1.0E-07
  7.000E+01  3.28990E-01  4.08959E-24  1.46042E-07  0.00000E+00  1.0E-07
  7.050E+01  3.33097E-01  3.97290E-24  1.41875E-07  0.00000E+00  1.0E-07
  7.100E+01  3.37216E-01  3.86015E-24  1.37849E-07  0.00000E+00  1.0E-07
  7.150E+01  3.41348E-01  3.75119E-24  1.33958E-07  0.00000E+00  1.0E-07
  7.200E+01  3.45492E-01  3.64587E-24  1.30196E-07  0.00000E+00  1.0E-07
  7.250E+01  3.49647E-01  3.54403E-24  1.26560E-07  0.00000E+00  1.0E-07
  7.300E+01  3.53814E-01  3.44554E-24  1.23042E-07  0.00000E+00  1.0E-07
  7.350E+01  3.57992E-01  3.35028E-24  1.19641E-07  0.00000E+00  1.0E-07
  7.400E+01  3.62181E-01  3.25811E-24  1.16349E-07  0.00000E+00  1.0E-07
  7.450E+01  3.66381E-01  3.16892E-24  1.13164E-07  0.00000E+00  1.0E-07
  7.500E+01  3.70590E-01  3.08259E-24  1.10081E-07  0.00000E+00  1.0E-07
  7.550E+01  3.74810E-01  2.99902E-24  1.07097E-07  0.00000E+00  1.0E-07
  7.600E+01  3.79039E-01  2.91810E-24  1.04207E-07  0.00000E+00  1.0E-07
  7.650E+01  3.83277E-01  2.83972E-24  1.01408E-07  0.00000E+00  1.0E-07
  7.700E+01  3.87524E-01  2.76380E-24  9.86970E-08  0.00000E+00  1.0E-07
  7.750E+01  3.91780E-01  2.69024E-24  9.60701E-08  0.00000E+00  1.0E-07
  7.800E+01  3.96044E-01  2.61895E-24  9.35243E-08  0.00000E+00  1.0E-07
  7.850E+01  4.00316E-01  2.54985E-24  9.10569E-08  0.00000E+00  1.0E-07
  7.900E+01  4.04596E-01  2.48287E-24  8.86648E-08  0.00000E+00  1.0E-07
  7.950E+01  4.08882E-01  2.41792E-24  8.63454E-08  0.00000E+00  1.0E-07
  8.000E+01  4.13176E-01  2.35493E-24  8.40961E-08  0.00000E+00  1.0E-07
  8.050E+01  4.17476E-01  2.29384E-24  8.19144E-08  0.00000E+00  1.0E-07
  8.100E+01  4.21783E-01  2.23457E-24  7.97978E-08  0.00000E+00  1.0E-07
  8.150E+01  4.26095E-01  2.17706E-24  7.77441E-08  0.00000E+00  1.0E-07
  8.200E+01  4.30413E-01  2.12124E-24  7.57509E-08  0.00000E+00  1.0E-07
  8.250E+01  4.34737E-01  2.06707E-24  7.38162E-08  0.00000E+00  1.0E-07
  8.300E+01  4.39065E-01  2.01447E-24  7.19380E-08  0.00000E+00  1.0E-07
  8.350E+01  4.43398E-01  1.96340E-24  7.01143E-08  0.00000E+00  1.0E-07
  8.400E+01  4.47736E-01  1.91380E-24  6.83432E-08  0.00000E+00  1.0E-07
  8.450E+01  4.52077E-01  1.86563E-24  6.66229E-08  0.00000E+00  1.0E-07
  8.500E+01  4.56422E-01  1.81884E-24  6.49518E-08  0.00000E+00  1.0E-07
  8.550E+01  4.60770E-01  1.77337E-24  6.33283E-08  0.00000E+00  1.0E-07
  8.600E+01  4.65122E-01  1.72919E-24  6.17505E-08  0.00000E+00  1.0E-07
  8.650E+01  4.69476E-01  1.68625E-24  6.02172E-08  0.00000E+00  1.0E-07
  8.700E+01  4.73832E-01  1.64451E-24  5.87267E-08  0.00000E+00  1.0E-07
  8.750E+01  4.78190E-01  1.60394E-24  5.72776E-08  0.00000E+00  1.0E-07
  8.800E+01  4.82550E-01  1.56448E-24  5.58686E-08  0.00000E+00  1.0E-07
  8.850E+01  4.86912E-01  1.52611E-24  5.44984E-08  0.00000E+00  1.0E-07
  8.900E+01  4.91274E-01  1.48879E-24  5.31657E-08  0.00000E+00  1.0E-07
  8.950E+01  4.95637E-01  1.45249E-24  5.18693E-08  0.00000E+00  1.0E-07
  9.000E+01  5.00000E-01  1.41717E-24  5.06080E-08  0.00000E+00  1.0E-07
  9.050E+01  5.04363E-01  1.38280E-24  4.93808E-08  0.00000E+00  1.0E-07
  9.100E+01  5.08726E-01  1.34936E-24  4.81866E-08  0.00000E+00  1.0E-07
  9.150E+01  5.13088E-01  1.31681E-24  4.70243E-08  0.00000E+00  1.0E-07
  9.200E+01  5.17450E-01  1.28513E-24  4.58929E-08  0.00000E+00  1.0E-07
  9.250E+01  5.21810E-01  1.25429E-24  4.47915E-08  0.00000E+00  1.0E-07
  9.300E+01  5.26168E-01  1.22426E-24  4.37190E-08  0.00000E+00  1.0E-07
  9.350E+01  5.30524E-01  1.19501E-24  4.26746E-08  0.00000E+00  1.0E-07
  9.400E+01  5.34878E-01  1.16653E-24  4.16575E-08  0.00000E+00  1.0E-07
  9.450E+01  5.39230E-01  1.13878E-24  4.06667E-08  0.00000E+00  1.0E-07
  9.500E+01  5.43578E-01  1.11176E-24  3.97016E-08  0.00000E+00  1.0E-07
  9.550E+01  5.47923E-01  1.08543E-24  3.87613E-08  0.00000E+00  1.0E-07
  9.600E+01  5.52264E-01  1.05977E-24  3.78451E-08  0.00000E+00  1.0E-07
  9.650E+01  5.56602E-01  1.03477E-24  3.69523E-08  0.00000E+00  1.0E-07
  9.700E+01  5.60935E-01  1.01040E-24  3.60822E-08  0.00000E+00  1.0E-07
  9.750E+01  5.65263E-01  9.86654E-25  3.52341E-08  0.00000E+00  1.0E-07
  9.800E+01  5.69587E-01  9.63503E-25  3.44073E-08  0.00000E+00  1.0E-07
  9.850E+01  5.73905E-01  9.40932E-25  3.36013E-08  0.00000E+00  1.0E-07
  9.900E+01  5.78217E-01  9.18922E-25  3.28153E-08  0.00000E+00  1.0E-07
  9.950E+01  5.82524E-01  8.97458E-25  3.20488E-08  0.00000E+00  1.0E-07
  1.000E+02  5.86824E-01  8.76524E-25  3.13012E-08  0.00000E+00  1.0E-07
  1.005E+02  5.91118E-01  8.56106E-25  3.05721E-08  0.00000E+00  1.0E-07
  1.010E+02  5.95404E-01  8.36188E-25  2.98608E-08  0.00000E+00  1.0E-07
  1.015E+02  5.99684E-01  8.16762E-25  2.91671E-08  0.00000E+00  1.0E-07
  1.020E+02  6.03956E-01  7.97808E-25  2.84902E-08  0.00000E+00  1.0E-07
  1.025E+02  6.08220E-01  7.79314E-25  2.78298E-08  0.00000E+00  1.0E-07
  1.030E+02  6.12476E-01  7.61266E-25  2.71853E-08  0.00000E+00  1.0E-07
  1.035E+02  6.16723E-01  7.43652E-25  2.65563E-08  0.00000E+00  1.0E-07
  1.040E+02  6.20961E-01  7.26458E-25  2.59423E-08  0.00000E+00  1.0E-07
  1.045E+02  6.25190E-01  7.09674E-25  2.53429E-08  0.00000E+00  1.0E-07
  1.050E+02  6.29410E-01  6.93289E-25  2.47578E-08  0.00000E+00  1.0E-07
  1.055E+02  6.33619E-01  6.77292E-25  2.41865E-08  0.00000E+00  1.0E-07
  1.060E+02  6.37819E-01  6.61673E-25  2.36288E-08  0.00000E+00  1.0E-07
  1.065E+02  6.42008E-01  6.46422E-25  2.30842E-08  0.00000E+00  1.0E-07
  1.070E+02  6.46186E-01  6.31529E-25  2.25523E-08  0.00000E+00  1.0E-07
  1.075E+02  6.50353E-01  6.16983E-25  2.20329E-08  0.00000E+00  1.0E-07
  1.080E+02  6.54508E-01  6.02776E-25  2.15255E-08  0.00000E+00  1.0E-07
  1.085E+02  6.58652E-01  5.88898E-25  2.10299E-08  0.00000E+00  1.0E-07
  1.090E+02  6.62784E-01  5.75340E-25  2.05458E-08  0.00000E+00  1.0E-07
  1.095E+02  6.66903E-01  5.62094E-25  2.00728E-08  0.00000E+00  1.0E-07
  1.100E+02  6.71010E-01  5.49152E-25  1.96106E-08  0.00000E+00  1.0E-07
  1.105E+02  6.75104E-01  5.36506E-25  1.91590E-08  0.00000E+00  1.0E-07
  1.110E+02  6.79184E-01  5.24148E-25  1.87177E-08  0.00000E+00  1.0E-07
  1.115E+02  6.83251E-01  5.12070E-25  1.82864E-08  0.00000E+00  1.0E-07
  1.120E+02  6.87303E-01  5.00267E-25  1.78648E-08  0.00000E+00  1.0E-07
  1.125E+02  6.91342E-01  4.88729E-25  1.74528E-08  0.00000E+00  1.0E-07
  1.130E+02  6.95366E-01  4.77452E-25  1.70501E-08  0.00000E+00  1.0E-07
  1.135E+02  6.99375E-01  4.66428E-25  1.66564E-08  0.00000E+00  1.0E-07
  1.140E+02  7.03368E-01  4.55650E-25  1.62716E-08  0.00000E+00  1.0E-07
  1.145E+02  7.07347E-01  4.45113E-25  1.58953E-08  0.00000E+00  1.0E-07
  1.150E+02  7.11309E-01  4.34810E-25  1.55273E-08  0.00000E+00  1.0E-07
  1.155E+02  7.15256E-01  4.24735E-25  1.51676E-08  0.00000E+00  1.0E-07
  1.160E+02  7.19186E-01  4.14884E-25  1.48158E-08  0.00000E+00  1.0E-07
  1.165E+02  7.23099E-01  4.05249E-25  1.44717E-08  0.00000E+00  1.0E-07
  1.170E+02  7.26995E-01  3.95826E-25  1.41352E-08  0.00000E+00  1.0E-07
  1.175E+02  7.30874E-01  3.86610E-25  1.38061E-08  0.00000E+00  1.0E-07
  1.180E+02  7.34736E-01  3.77596E-25  1.34842E-08  0.00000E+00  1.0E-07
  1.185E+02  7.38579E-01  3.68778E-25  1.31693E-08  0.00000E+00  1.0E-07
  1.190E+02  7.42405E-01  3.60153E-25  1.28613E-08  0.00000E+00  1.0E-07
  1.195E+02  7.46212E-01  3.51715E-25  1.25600E-08  0.00000E+00  1.0E-07
  1.200E+02  7.50000E-01  3.43460E-25  1.22652E-08  0.00000E+00  1.0E-07
  1.205E+02  7.53769E-01  3.35383E-25  1.19767E-08  0.00000E+00  1.0E-07
  1.210E+02  7.57519E-01  3.27481E-25  1.16945E-08  0.00000E+00  1.0E-07
  1.215E+02  7.61249E-01  3.19748E-25  1.14184E-08  0.00000E+00  1.0E-07
  1.220E+02  7.64960E-01  3.12182E-25  1.11482E-08  0.00000E+00  1.0E-07
  1.225E+02  7.68650E-01  3.04778E-25  1.08838E-08  0.00000E+00  1.0E-07
  1.230E+02  7.72320E-01  2.97533E-25  1.06251E-08  0.00000E+00  1.0E-07
  1.235E+02  7.75968E-01  2.90442E-25  1.03719E-08  0.00000E+00  1.0E-07
  1.240E+02  7.79596E-01  2.83503E-25  1.01241E-08  0.00000E+00  1.0E-07
  1.245E+02  7.83203E-01  2.76711E-25  9.88152E-09  0.00000E+00  1.0E-07
  1.250E+02  7.86788E-01  2.70063E-25  9.64413E-09  0.00000E+00  1.0E-07
  1.255E+02  7.90351E-01  2.63557E-25  9.41178E-09  0.00000E+00  1.0E-07
  1.260E+02  7.93893E-01  2.57188E-25  9.18435E-09  0.00000E+00  1.0E-07
  1.265E+02  7.97411E-01  2.50954E-25  8.96173E-09  0.00000E+00  1.0E-07
  1.270E+02  8.00908E-01  2.44852E-25  8.74382E-09  0.00000E+00  1.0E-07
  1.275E+02  8.04381E-01  2.38878E-25  8.53050E-09  0.00000E+00  1.0E-07
  1.280E+02  8.07831E-01  2.33031E-25  8.32169E-09  0.00000E+00  1.0E-07
  1.285E+02  8.11257E-01  2.27307E-25  8.11727E-09  0.00000E+00  1.0E-07
  1.290E+02  8.14660E-01  2.21703E-25  7.91715E-09  0.00000E+00  1.0E-07
  1.295E+02  8.18039E-01  2.16217E-25  7.72123E-09  0.00000E+00  1.0E-07
  1.300E+02  8.21394E-01  2.10846E-25  7.52944E-09  0.00000E+00  1.0E-07
  1.305E+02  8.24724E-01  2.05587E-25  7.34166E-09  0.00000E+00  1.0E-07
  1.310E+02  8.28030E-01  2.00439E-25  7.15782E-09  0.00000E+00  1.0E-07
  1.315E+02  8.31310E-01  1.95399E-25  6.97784E-09  0.00000E+00  1.0E-07
  1.320E+02  8.34565E-01  1.90465E-25  6.80163E-09  0.00000E+00  1.0E-07
  1.325E+02  8.37795E-01  1.85634E-25  6.62911E-09  0.00000E+00  1.0E-07
  1.330E+02  8.40999E-01  1.80904E-25  6.46020E-09  0.00000E+00  1.0E-07
  1.335E+02  8.44177E-01  1.76273E-25  6.29483E-09  0.00000E+00  1.0E-07
  1.340E+02  8.47329E-01  1.71739E-25  6.13292E-09  0.00000E+00  1.0E-07
  1.345E+02  8.50455E-01  1.67301E-25  5.97441E-09  0.00000E+00  1.0E-07
  1.350E+02  8.53553E-01  1.62955E-25  5.81922E-09  0.00000E+00  1.0E-07
  1.355E+02  8.56625E-01  1.58700E-25  5.66728E-09  0.00000E+00  1.0E-07
  1.360E+02  8.59670E-01  1.54535E-25  5.51854E-09  0.00000E+00  1.0E-07
  1.365E+02  8.62687E-01  1.50457E-25  5.37291E-09  0.00000E+00  1.0E-07
  1.370E+02  8.65677E-01  1.46465E-25  5.23035E-09  0.00000E+00  1.0E-07
  1.375E+02  8.68639E-01  1.42556E-25  5.09078E-09  0.00000E+00  1.0E-07
  1.380E+02  8.71572E-01  1.38730E-25  4.95416E-09  0.00000E+00  1.0E-07
  1.385E+02  8.74478E-01  1.34985E-25  4.82041E-09  0.00000E+00  1.0E-07
  1.390E+02  8.77355E-01  1.31319E-25  4.68949E-09  0.00000E+00  1.0E-07
  1.395E+02  8.80203E-01  1.27730E-25  4.56134E-09  0.00000E+00  1.0E-07
  1.400E+02  8.83022E-01  1.24218E-25  4.43590E-09  0.00000E+00  1.0E-07
  1.405E+02  8.85812E-01  1.20780E-25  4.31313E-09  0.00000E+00  1.0E-07
  1.410E+02  8.88573E-01  1.17415E-25  4.19297E-09  0.00000E+00  1.0E-07
  1.415E+02  8.91304E-01  1.14122E-25  4.07538E-09  0.00000E+00  1.0E-07
  1.420E+02  8.94005E-01  1.10900E-25  3.96030E-09  0.00000E+00  1.0E-07
  1.425E+02  8.96677E-01  1.07746E-25  3.84768E-09  0.00000E+00  1.0E-07
  1.430E+02  8.99318E-01  1.04660E-25  3.73749E-09  0.00000E+00  1.0E-07
  1.435E+02  9.01928E-01  1.01641E-25  3.62968E-09  0.00000E+00  1.0E-07
  1.440E+02  9.04508E-01  9.86875E-26  3.52419E-09  0.00000E+00  1.0E-07
  1.445E+02  9.07058E-01  9.57979E-26  3.42100E-09  0.00000E+00  1.0E-07
  1.450E+02  9.09576E-01  9.29713E-26  3.32006E-09  0.00000E+00  1.0E-07
  1.455E+02  9.12063E-01  9.02066E-26  3.22133E-09  0.00000E+00  1.0E-07
  1.460E+02  9.14519E-01  8.75026E-26  3.12478E-09  0.00000E+00  1.0E-07
  1.465E+02  9.16943E-01  8.48584E-26  3.03035E-09  0.00000E+00  1.0E-07
  1.470E+02  9.19335E-01  8.22729E-26  2.93802E-09  0.00000E+00  1.0E-07
  1.475E+02  9.21696E-01  7.97450E-26  2.84775E-09  0.00000E+00  1.0E-07
  1.480E+02  9.24024E-01  7.72739E-26  2.75950E-09  0.00000E+00  1.0E-07
  1.485E+02  9.26320E-01  7.48584E-26  2.67324E-09  0.00000E+00  1.0E-07
  1.490E+02  9.28584E-01  7.24978E-26  2.58894E-09  0.00000E+00  1.0E-07
  1.495E+02  9.30815E-01  7.01910E-26  2.50657E-09  0.00000E+00  1.0E-07
  1.500E+02  9.33013E-01  6.79373E-26  2.42608E-09  0.00000E+00  1.0E-07
  1.505E+02  9.35178E-01  6.57356E-26  2.34746E-09  0.00000E+00  1.0E-07
  1.510E+02  9.37310E-01  6.35853E-26  2.27067E-09  0.00000E+00  1.0E-07
  1.515E+02  9.39409E-01  6.14855E-26  2.19569E-09  0.00000E+00  1.0E-07
  1.520E+02  9.41474E-01  5.94353E-26  2.12247E-09  0.00000E+00  1.0E-07
  1.525E+02  9.43505E-01  5.74341E-26  2.05101E-09  0.00000E+00  1.0E-07
  1.530E+02  9.45503E-01  5.54810E-26  1.98126E-09  0.00000E+00  1.0E-07
  1.535E+02  9.47467E-01  5.35754E-26  1.91321E-09  0.00000E+00  1.0E-07
  1.540E+02  9.49397E-01  5.17165E-26  1.84683E-09  0.00000E+00  1.0E-07
  1.545E+02  9.51293E-01  4.99037E-26  1.78209E-09  0.00000E+00  1.0E-07
  1.550E+02  9.53154E-01  4.81362E-26  1.71897E-09  0.00000E+00  1.0E-07
  1.555E+02  9.54981E-01  4.64134E-26  1.65745E-09  0.00000E+00  1.0E-07
  1.560E+02  9.56773E-01  4.47348E-26  1.59751E-09  0.00000E+00  1.0E-07
  1.565E+02  9.58530E-01  4.30996E-26  1.53911E-09  0.00000E+00  1.0E-07
  1.570E+02  9.60252E-01  4.15072E-26  1.48225E-09  0.00000E+00  1.0E-07
  1.575E+02  9.61940E-01  3.99572E-26  1.42690E-09  0.00000E+00  1.0E-07
  1.580E+02  9.63592E-01  3.84489E-26  1.37303E-09  0.00000E+00  1.0E-07
  1.585E+02  9.65209E-01  3.69817E-26  1.32064E-09  0.00000E+00  1.0E-07
  1.590E+02  9.66790E-01  3.55552E-26  1.26970E-09  0.00000E+00  1.0E-07
  1.595E+02  9.68336E-01  3.41689E-26  1.22019E-09  0.00000E+00  1.0E-07
  1.600E+02  9.69846E-01  3.28222E-26  1.17210E-09  0.00000E+00  1.0E-07
  1.605E+02  9.71321E-01  3.15147E-26  1.12541E-09  0.00000E+00  1.0E-07
  1.610E+02  9.72759E-01  3.02458E-26  1.08010E-09  0.00000E+00  1.0E-07
  1.615E+02  9.74162E-01  2.90152E-26  1.03615E-09  0.00000E+00  1.0E-07
  1.620E+02  9.75528E-01  2.78224E-26  9.93556E-10  0.00000E+00  1.0E-07
  1.625E+02  9.76858E-01  2.66670E-26  9.52295E-10  0.00000E+00  1.0E-07
  1.630E+02  9.78152E-01  2.55485E-26  9.12355E-10  0.00000E+00  1.0E-07
  1.635E+02  9.79410E-01  2.44667E-26  8.73720E-10  0.00000E+00  1.0E-07
  1.640E+02  9.80631E-01  2.34210E-26  8.36378E-10  0.00000E+00  1.0E-07
  1.645E+02  9.81815E-01  2.24111E-26  8.00316E-10  0.00000E+00  1.0E-07
  1.650E+02  9.82963E-01  2.14367E-26  7.65520E-10  0.00000E+00  1.0E-07
  1.655E+02  9.84074E-01  2.04975E-26  7.31979E-10  0.00000E+00  1.0E-07
  1.660E+02  9.85148E-01  1.95930E-26  6.99680E-10  0.00000E+00  1.0E-07
  1.665E+02  9.86185E-01  1.87231E-26  6.68614E-10  0.00000E+00  1.0E-07
  1.670E+02  9.87185E-01  1.78873E-26  6.38768E-10  0.00000E+00  1.0E-07
  1.675E+02  9.88148E-01  1.70855E-26  6.10133E-10  0.00000E+00  1.0E-07
  1.680E+02  9.89074E-01  1.63172E-26  5.82698E-10  0.00000E+00  1.0E-07
  1.685E+02  9.89962E-01  1.55823E-26  5.56454E-10  0.00000E+00  1.0E-07
  1.690E+02  9.90814E-01  1.48805E-26  5.31392E-10  0.00000E+00  1.0E-07
  1.695E+02  9.91627E-01  1.42115E-26  5.07503E-10  0.00000E+00  1.0E-07
  1.700E+02  9.92404E-01  1.35752E-26  4.84780E-10  0.00000E+00  1.0E-07
  1.705E+02  9.93143E-01  1.29713E-26  4.63214E-10  0.00000E+00  1.0E-07
  1.710E+02  9.93844E-01  1.23996E-26  4.42797E-10  0.00000E+00  1.0E-07
  1.715E+02  9.94508E-01  1.18599E-26  4.23524E-10  0.00000E+00  1.0E-07
  1.720E+02  9.95134E-01  1.13520E-26  4.05387E-10  0.00000E+00  1.0E-07
  1.725E+02  9.95722E-01  1.08757E-26  3.88379E-10  0.00000E+00  1.0E-07
  1.730E+02  9.96273E-01  1.04310E-26  3.72496E-10  0.00000E+00  1.0E-07
  1.735E+02  9.96786E-01  1.00175E-26  3.57732E-10  0.00000E+00  1.0E-07
  1.740E+02  9.97261E-01  9.63526E-27  3.44081E-10  0.00000E+00  1.0E-07
  1.745E+02  9.97698E-01  9.28406E-27  3.31540E-10  0.00000E+00  1.0E-07
  1.750E+02  9.98097E-01  8.96380E-27  3.20103E-10  0.00000E+00  1.0E-07
  1.755E+02  9.98459E-01  8.67437E-27  3.09767E-10  0.00000E+00  1.0E-07
  1.760E+02  9.98782E-01  8.41567E-27  3.00529E-10  0.00000E+00  1.0E-07
  1.765E+02  9.99067E-01  8.18761E-27  2.92385E-10  0.00000E+00  1.0E-07
  1.770E+02  9.99315E-01  7.99011E-27  2.85332E-10  0.00000E+00  1.0E-07
  1.775E+02  9.99524E-01  7.82312E-27  2.79369E-10  0.00000E+00  1.0E-07
  1.780E+02  9.99695E-01  7.68656E-27  2.74492E-10  0.00000E+00  1.0E-07
  1.785E+02  9.99829E-01  7.58040E-27  2.70701E-10  0.00000E+00  1.0E-07
  1.790E+02  9.99924E-01  7.50459E-27  2.67994E-10  0.00000E+00  1.0E-07
  1.795E+02  9.99981E-01  7.45912E-27  2.66370E-10  0.00000E+00  1.0E-07
  1.800E+02  1.00000E+00  7.44396E-27  2.65829E-10  0.00000E+00  1.0E-07
