 #
 # Subroutine ELSEPA. Elastic scattering of electrons and positrons
 #                    by neutral atoms and positive ions
 #
 # Projectile: electron
 # Kinetic energy = 3.70000E+06 eV = 1.35973E+05 a.u.
 #
 # WARNING: High-energy factorization with free-atom DF screening.
 #          Absorption, polarization and exchange corrections are
 #          switched off.
 #          Phase shifts are calculated for the bare nucleus.
 #          Scattering amplitudes are not evaluated.
 #
 # Element: Tb,  Z =  65,  atomic weight = 1.58925E+02 g/mol
 #
 # Nuclear model: Fermi distribution
 #                Average radius = 5.79582E-13 cm
 #                Skin thickness = 5.46000E-14 cm
 #
 # Number of electrons = 65
 #
 # Total elastic cross section = 7.26190E-18 cm**2 = 2.59327E-01 a0**2
 # 1st transport cross section = 3.82446E-22 cm**2 = 1.36574E-05 a0**2
 # 2nd transport cross section = 1.04305E-21 cm**2 = 3.72480E-05 a0**2
 #
 #
 # Differential cross section:                       MU=(1-COS(THETA))/2
 #
 #  THETA        MU          DCS          DCS        Sherman      error
 #  (deg)                 (cm**2/sr)   (a0**2/sr)    function
 #----------------------------------------------------------------------
  0.000E+00  0.00000E+00  1.44889E-12  5.17410E+04  0.00000E+00  1.0E-05
  1.000E-04  7.61557E-13  1.44888E-12  5.17406E+04  0.00000E+00  1.0E-05
  1.250E-04  1.18994E-12  1.44888E-12  5.17403E+04  0.00000E+00  1.0E-05
  1.500E-04  1.71346E-12  1.44887E-12  5.17400E+04  0.00000E+00  1.0E-05
  1.750E-04  2.33225E-12  1.44886E-12  5.17397E+04  0.00000E+00  1.0E-05
  2.000E-04  3.04617E-12  1.44885E-12  5.17393E+04  0.00000E+00  1.0E-05
  2.250E-04  3.85530E-12  1.44883E-12  5.17388E+04  0.00000E+00  1.0E-05
  2.500E-04  4.75964E-12  1.44882E-12  5.17383E+04  0.00000E+00  1.0E-05
  2.750E-04  5.75917E-12  1.44880E-12  5.17377E+04  0.00000E+00  1.0E-05
  3.000E-04  6.85391E-12  1.44879E-12  5.17371E+04  0.00000E+00  1.0E-05
  3.250E-04  8.04379E-12  1.44877E-12  5.17364E+04  0.00000E+00  1.0E-05
  3.500E-04  9.32893E-12  1.44875E-12  5.17357E+04  0.00000E+00  1.0E-05
  3.750E-04  1.07092E-11  1.44872E-12  5.17349E+04  0.00000E+00  1.0E-05
  4.000E-04  1.21847E-11  1.44870E-12  5.17341E+04  0.00000E+00  1.0E-05
  4.250E-04  1.37554E-11  1.44868E-12  5.17332E+04  0.00000E+00  1.0E-05
  4.500E-04  1.54213E-11  1.44865E-12  5.17322E+04  0.00000E+00  1.0E-05
  4.750E-04  1.71823E-11  1.44862E-12  5.17312E+04  0.00000E+00  1.0E-05
  5.000E-04  1.90386E-11  1.44859E-12  5.17302E+04  0.00000E+00  1.0E-05
  5.250E-04  2.09900E-11  1.44856E-12  5.17291E+04  0.00000E+00  1.0E-05
  5.500E-04  2.30367E-11  1.44853E-12  5.17279E+04  0.00000E+00  1.0E-05
  5.750E-04  2.51785E-11  1.44849E-12  5.17267E+04  0.00000E+00  1.0E-05
  6.000E-04  2.74156E-11  1.44846E-12  5.17254E+04  0.00000E+00  1.0E-05
  6.250E-04  2.97478E-11  1.44842E-12  5.17241E+04  0.00000E+00  1.0E-05
  6.500E-04  3.21752E-11  1.44838E-12  5.17227E+04  0.00000E+00  1.0E-05
  6.750E-04  3.46979E-11  1.44834E-12  5.17213E+04  0.00000E+00  1.0E-05
  7.000E-04  3.73157E-11  1.44830E-12  5.17198E+04  0.00000E+00  1.0E-05
  7.250E-04  4.00286E-11  1.44826E-12  5.17183E+04  0.00000E+00  1.0E-05
  7.500E-04  4.28368E-11  1.44821E-12  5.17167E+04  0.00000E+00  1.0E-05
  7.750E-04  4.57402E-11  1.44817E-12  5.17150E+04  0.00000E+00  1.0E-05
  8.000E-04  4.87388E-11  1.44812E-12  5.17133E+04  0.00000E+00  1.0E-05
  8.250E-04  5.18325E-11  1.44807E-12  5.17115E+04  0.00000E+00  1.0E-05
  8.500E-04  5.50215E-11  1.44802E-12  5.17097E+04  0.00000E+00  1.0E-05
  8.750E-04  5.83057E-11  1.44797E-12  5.17079E+04  0.00000E+00  1.0E-05
  9.000E-04  6.16850E-11  1.44791E-12  5.17059E+04  0.00000E+00  1.0E-05
  9.250E-04  6.51595E-11  1.44786E-12  5.17040E+04  0.00000E+00  1.0E-05
  9.500E-04  6.87293E-11  1.44780E-12  5.17019E+04  0.00000E+00  1.0E-05
  9.750E-04  7.23943E-11  1.44774E-12  5.16999E+04  0.00000E+00  1.0E-05
  1.000E-03  7.61544E-11  1.44768E-12  5.16977E+04  0.00000E+00  1.0E-05
  1.250E-03  1.18991E-10  1.44700E-12  5.16734E+04  0.00000E+00  1.0E-05
  1.500E-03  1.71347E-10  1.44617E-12  5.16437E+04  0.00000E+00  1.0E-05
  1.750E-03  2.33223E-10  1.44519E-12  5.16086E+04  0.00000E+00  1.0E-05
  2.000E-03  3.04617E-10  1.44406E-12  5.15681E+04  0.00000E+00  1.0E-05
  2.250E-03  3.85531E-10  1.44277E-12  5.15224E+04  0.00000E+00  1.0E-05
  2.500E-03  4.75965E-10  1.44134E-12  5.14713E+04  0.00000E+00  1.0E-05
  2.750E-03  5.75917E-10  1.43977E-12  5.14149E+04  0.00000E+00  1.0E-05
  3.000E-03  6.85389E-10  1.43804E-12  5.13533E+04  0.00000E+00  1.0E-05
  3.250E-03  8.04380E-10  1.43617E-12  5.12865E+04  0.00000E+00  1.0E-05
  3.500E-03  9.32891E-10  1.43415E-12  5.12145E+04  0.00000E+00  1.0E-05
  3.750E-03  1.07092E-09  1.43199E-12  5.11373E+04  0.00000E+00  1.0E-05
  4.000E-03  1.21847E-09  1.42969E-12  5.10551E+04  0.00000E+00  1.0E-05
  4.250E-03  1.37554E-09  1.42724E-12  5.09677E+04  0.00000E+00  1.0E-05
  4.500E-03  1.54213E-09  1.42466E-12  5.08754E+04  0.00000E+00  1.0E-05
  4.750E-03  1.71823E-09  1.42193E-12  5.07780E+04  0.00000E+00  1.0E-05
  5.000E-03  1.90386E-09  1.41907E-12  5.06758E+04  0.00000E+00  1.0E-05
  5.250E-03  2.09900E-09  1.41607E-12  5.05686E+04  0.00000E+00  1.0E-05
  5.500E-03  2.30367E-09  1.41293E-12  5.04567E+04  0.00000E+00  1.0E-05
  5.750E-03  2.51785E-09  1.40966E-12  5.03399E+04  0.00000E+00  1.0E-05
  6.000E-03  2.74156E-09  1.40626E-12  5.02185E+04  0.00000E+00  1.0E-05
  6.250E-03  2.97478E-09  1.40273E-12  5.00924E+04  0.00000E+00  1.0E-05
  6.500E-03  3.21752E-09  1.39907E-12  4.99618E+04  0.00000E+00  1.0E-05
  6.750E-03  3.46978E-09  1.39529E-12  4.98266E+04  0.00000E+00  1.0E-05
  7.000E-03  3.73156E-09  1.39138E-12  4.96869E+04  0.00000E+00  1.0E-05
  7.250E-03  4.00286E-09  1.38734E-12  4.95429E+04  0.00000E+00  1.0E-05
  7.500E-03  4.28368E-09  1.38319E-12  4.93945E+04  0.00000E+00  1.0E-05
  7.750E-03  4.57402E-09  1.37891E-12  4.92419E+04  0.00000E+00  1.0E-05
  8.000E-03  4.87388E-09  1.37452E-12  4.90852E+04  0.00000E+00  1.0E-05
  8.250E-03  5.18326E-09  1.37002E-12  4.89243E+04  0.00000E+00  1.0E-05
  8.500E-03  5.50215E-09  1.36540E-12  4.87594E+04  0.00000E+00  1.0E-05
  8.750E-03  5.83057E-09  1.36067E-12  4.85906E+04  0.00000E+00  1.0E-05
  9.000E-03  6.16850E-09  1.35584E-12  4.84178E+04  0.00000E+00  1.0E-05
  9.250E-03  6.51596E-09  1.35089E-12  4.82413E+04  0.00000E+00  1.0E-05
  9.500E-03  6.87293E-09  1.34585E-12  4.80611E+04  0.00000E+00  1.0E-05
  9.750E-03  7.23942E-09  1.34070E-12  4.78773E+04  0.00000E+00  1.0E-05
  1.000E-02  7.61544E-09  1.33545E-12  4.76899E+04  0.00000E+00  1.0E-05
  1.250E-02  1.18991E-08  1.27804E-12  4.56397E+04  0.00000E+00  1.0E-05
  1.500E-02  1.71347E-08  1.21359E-12  4.33381E+04  0.00000E+00  1.0E-05
  1.750E-02  2.33223E-08  1.14416E-12  4.08587E+04  0.00000E+00  1.0E-05
  2.000E-02  3.04617E-08  1.07209E-12  3.82851E+04  0.00000E+00  1.0E-05
  2.250E-02  3.85531E-08  9.99782E-13  3.57029E+04  0.00000E+00  1.0E-05
  2.500E-02  4.75965E-08  9.28859E-13  3.31702E+04  0.00000E+00  1.0E-05
  2.750E-02  5.75917E-08  8.60373E-13  3.07245E+04  0.00000E+00  1.0E-05
  3.000E-02  6.85389E-08  7.95266E-13  2.83995E+04  0.00000E+00  1.0E-05
  3.250E-02  8.04380E-08  7.34425E-13  2.62268E+04  0.00000E+00  1.0E-05
  3.500E-02  9.32891E-08  6.78265E-13  2.42213E+04  0.00000E+00  1.0E-05
  3.750E-02  1.07092E-07  6.26521E-13  2.23735E+04  0.00000E+00  1.0E-05
  4.000E-02  1.21847E-07  5.79161E-13  2.06822E+04  0.00000E+00  1.0E-05
  4.250E-02  1.37554E-07  5.36120E-13  1.91452E+04  0.00000E+00  1.0E-05
  4.500E-02  1.54213E-07  4.97310E-13  1.77593E+04  0.00000E+00  1.0E-05
  4.750E-02  1.71823E-07  4.62101E-13  1.65019E+04  0.00000E+00  1.0E-05
  5.000E-02  1.90386E-07  4.30208E-13  1.53630E+04  0.00000E+00  1.0E-05
  5.250E-02  2.09900E-07  4.01341E-13  1.43321E+04  0.00000E+00  1.0E-05
  5.500E-02  2.30367E-07  3.75322E-13  1.34030E+04  0.00000E+00  1.0E-05
  5.750E-02  2.51785E-07  3.51671E-13  1.25584E+04  0.00000E+00  1.0E-05
  6.000E-02  2.74156E-07  3.30147E-13  1.17898E+04  0.00000E+00  1.0E-05
  6.250E-02  2.97478E-07  3.10531E-13  1.10893E+04  0.00000E+00  1.0E-05
  6.500E-02  3.21752E-07  2.92619E-13  1.04496E+04  0.00000E+00  1.0E-05
  6.750E-02  3.46978E-07  2.76184E-13  9.86270E+03  0.00000E+00  1.0E-05
  7.000E-02  3.73156E-07  2.61068E-13  9.32291E+03  0.00000E+00  1.0E-05
  7.250E-02  4.00286E-07  2.47135E-13  8.82537E+03  0.00000E+00  1.0E-05
  7.500E-02  4.28368E-07  2.34232E-13  8.36457E+03  0.00000E+00  1.0E-05
  7.750E-02  4.57402E-07  2.22245E-13  7.93650E+03  0.00000E+00  1.0E-05
  8.000E-02  4.87388E-07  2.11100E-13  7.53852E+03  0.00000E+00  1.0E-05
  8.250E-02  5.18325E-07  2.00718E-13  7.16778E+03  0.00000E+00  1.0E-05
  8.500E-02  5.50215E-07  1.90999E-13  6.82071E+03  0.00000E+00  1.0E-05
  8.750E-02  5.83057E-07  1.81867E-13  6.49458E+03  0.00000E+00  1.0E-05
  9.000E-02  6.16850E-07  1.73304E-13  6.18880E+03  0.00000E+00  1.0E-05
  9.250E-02  6.51596E-07  1.65264E-13  5.90167E+03  0.00000E+00  1.0E-05
  9.500E-02  6.87293E-07  1.57687E-13  5.63112E+03  0.00000E+00  1.0E-05
  9.750E-02  7.23942E-07  1.50505E-13  5.37462E+03  0.00000E+00  1.0E-05
  1.000E-01  7.61543E-07  1.43732E-13  5.13276E+03  0.00000E+00  1.0E-05
  1.250E-01  1.18991E-06  9.26654E-14  3.30914E+03  0.00000E+00  1.0E-05
  1.500E-01  1.71347E-06  6.08671E-14  2.17360E+03  0.00000E+00  1.0E-05
  1.750E-01  2.33223E-06  4.20053E-14  1.50004E+03  0.00000E+00  1.0E-05
  2.000E-01  3.04617E-06  2.98934E-14  1.06751E+03  0.00000E+00  1.0E-05
  2.250E-01  3.85531E-06  2.17256E-14  7.75836E+02  0.00000E+00  1.0E-05
  2.500E-01  4.75964E-06  1.61492E-14  5.76698E+02  0.00000E+00  1.0E-05
  2.750E-01  5.75916E-06  1.22651E-14  4.37994E+02  0.00000E+00  1.0E-05
  3.000E-01  6.85388E-06  9.47670E-15  3.38419E+02  0.00000E+00  1.0E-05
  3.250E-01  8.04378E-06  7.40930E-15  2.64591E+02  0.00000E+00  1.0E-05
  3.500E-01  9.32888E-06  5.85259E-15  2.09000E+02  0.00000E+00  1.0E-05
  3.750E-01  1.07092E-05  4.67958E-15  1.67111E+02  0.00000E+00  1.0E-05
  4.000E-01  1.21846E-05  3.78211E-15  1.35061E+02  0.00000E+00  1.0E-05
  4.250E-01  1.37553E-05  3.08537E-15  1.10180E+02  0.00000E+00  1.0E-05
  4.500E-01  1.54212E-05  2.53773E-15  9.06241E+01  0.00000E+00  1.0E-05
  4.750E-01  1.71822E-05  2.10740E-15  7.52566E+01  0.00000E+00  1.0E-05
  5.000E-01  1.90385E-05  1.76469E-15  6.30181E+01  0.00000E+00  1.0E-05
  5.250E-01  2.09899E-05  1.49136E-15  5.32575E+01  0.00000E+00  1.0E-05
  5.500E-01  2.30365E-05  1.26905E-15  4.53187E+01  0.00000E+00  1.0E-05
  5.750E-01  2.51783E-05  1.08759E-15  3.88387E+01  0.00000E+00  1.0E-05
  6.000E-01  2.74153E-05  9.38187E-16  3.35033E+01  0.00000E+00  1.0E-05
  6.250E-01  2.97475E-05  8.14267E-16  2.90780E+01  0.00000E+00  1.0E-05
  6.500E-01  3.21749E-05  7.10718E-16  2.53802E+01  0.00000E+00  1.0E-05
  6.750E-01  3.46974E-05  6.23260E-16  2.22570E+01  0.00000E+00  1.0E-05
  7.000E-01  3.73152E-05  5.49199E-16  1.96123E+01  0.00000E+00  1.0E-05
  7.250E-01  4.00281E-05  4.86183E-16  1.73619E+01  0.00000E+00  1.0E-05
  7.500E-01  4.28362E-05  4.32112E-16  1.54310E+01  0.00000E+00  1.0E-05
  7.750E-01  4.57395E-05  3.85470E-16  1.37654E+01  0.00000E+00  1.0E-05
  8.000E-01  4.87380E-05  3.45057E-16  1.23222E+01  0.00000E+00  1.0E-05
  8.250E-01  5.18317E-05  3.09860E-16  1.10653E+01  0.00000E+00  1.0E-05
  8.500E-01  5.50205E-05  2.79007E-16  9.96351E+00  0.00000E+00  1.0E-05
  8.750E-01  5.83045E-05  2.51839E-16  8.99335E+00  0.00000E+00  1.0E-05
  9.000E-01  6.16838E-05  2.27899E-16  8.13841E+00  0.00000E+00  1.0E-05
  9.250E-01  6.51582E-05  2.06732E-16  7.38253E+00  0.00000E+00  1.0E-05
  9.500E-01  6.87277E-05  1.87943E-16  6.71155E+00  0.00000E+00  1.0E-05
  9.750E-01  7.23925E-05  1.71189E-16  6.11327E+00  0.00000E+00  1.0E-05
  1.000E+00  7.61524E-05  1.56259E-16  5.58011E+00  0.00000E+00  6.2E-06
  1.100E+00  9.21439E-05  1.10514E-16  3.94652E+00  0.00000E+00  4.6E-06
  1.200E+00  1.09658E-04  8.02634E-17  2.86626E+00  0.00000E+00  2.5E-06
  1.300E+00  1.28695E-04  5.96389E-17  2.12974E+00  0.00000E+00  5.0E-07
  1.400E+00  1.49255E-04  4.51887E-17  1.61372E+00  0.00000E+00  1.0E-06
  1.500E+00  1.71338E-04  3.48909E-17  1.24598E+00  0.00000E+00  1.8E-06
  1.600E+00  1.94942E-04  2.73758E-17  9.77607E-01  0.00000E+00  1.9E-06
  1.700E+00  2.20070E-04  2.17823E-17  7.77860E-01  0.00000E+00  1.5E-06
  1.800E+00  2.46720E-04  1.75465E-17  6.26597E-01  0.00000E+00  8.5E-07
  1.900E+00  2.74892E-04  1.42976E-17  5.10576E-01  0.00000E+00  1.3E-07
  2.000E+00  3.04586E-04  1.17709E-17  4.20347E-01  0.00000E+00  4.6E-07
  2.100E+00  3.35803E-04  9.78112E-18  3.49290E-01  0.00000E+00  8.0E-07
  2.200E+00  3.68542E-04  8.19319E-18  2.92584E-01  0.00000E+00  8.7E-07
  2.300E+00  4.02802E-04  6.91637E-18  2.46988E-01  0.00000E+00  7.0E-07
  2.400E+00  4.38585E-04  5.87991E-18  2.09975E-01  0.00000E+00  3.9E-07
  2.500E+00  4.75889E-04  5.03126E-18  1.79670E-01  0.00000E+00  1.0E-07
  2.600E+00  5.14715E-04  4.32981E-18  1.54620E-01  0.00000E+00  2.6E-07
  2.700E+00  5.55063E-04  3.74674E-18  1.33798E-01  0.00000E+00  4.4E-07
  2.800E+00  5.96931E-04  3.25890E-18  1.16377E-01  0.00000E+00  4.7E-07
  2.900E+00  6.40321E-04  2.84812E-18  1.01708E-01  0.00000E+00  3.8E-07
  3.000E+00  6.85233E-04  2.49992E-18  8.92736E-02  0.00000E+00  2.1E-07
  3.100E+00  7.31665E-04  2.20333E-18  7.86823E-02  0.00000E+00  1.0E-07
  3.200E+00  7.79618E-04  1.94955E-18  6.96197E-02  0.00000E+00  1.7E-07
  3.300E+00  8.29092E-04  1.73135E-18  6.18275E-02  0.00000E+00  2.7E-07
  3.400E+00  8.80086E-04  1.54280E-18  5.50945E-02  0.00000E+00  2.9E-07
  3.500E+00  9.32601E-04  1.37920E-18  4.92520E-02  0.00000E+00  2.3E-07
  3.600E+00  9.86636E-04  1.23676E-18  4.41655E-02  0.00000E+00  1.2E-07
  3.700E+00  1.04219E-03  1.11228E-18  3.97203E-02  0.00000E+00  1.0E-07
  3.800E+00  1.09927E-03  1.00309E-18  3.58209E-02  0.00000E+00  1.2E-07
  3.900E+00  1.15786E-03  9.06939E-19  3.23874E-02  0.00000E+00  1.8E-07
  4.000E+00  1.21797E-03  8.22070E-19  2.93567E-02  0.00000E+00  1.9E-07
  4.100E+00  1.27961E-03  7.46925E-19  2.66732E-02  0.00000E+00  1.5E-07
  4.200E+00  1.34276E-03  6.80193E-19  2.42901E-02  0.00000E+00  1.0E-07
  4.300E+00  1.40743E-03  6.20735E-19  2.21669E-02  0.00000E+00  1.0E-07
  4.400E+00  1.47362E-03  5.67656E-19  2.02713E-02  0.00000E+00  1.0E-07
  4.500E+00  1.54133E-03  5.20149E-19  1.85749E-02  0.00000E+00  1.3E-07
  4.600E+00  1.61056E-03  4.77527E-19  1.70528E-02  0.00000E+00  1.3E-07
  4.700E+00  1.68131E-03  4.39182E-19  1.56835E-02  0.00000E+00  1.0E-07
  4.800E+00  1.75357E-03  4.04623E-19  1.44493E-02  0.00000E+00  1.0E-07
  4.900E+00  1.82735E-03  3.73412E-19  1.33348E-02  0.00000E+00  1.0E-07
  5.000E+00  1.90265E-03  3.45165E-19  1.23261E-02  0.00000E+00  1.0E-07
  5.100E+00  1.97947E-03  3.19546E-19  1.14112E-02  0.00000E+00  1.0E-07
  5.200E+00  2.05780E-03  2.96268E-19  1.05799E-02  0.00000E+00  1.0E-07
  5.300E+00  2.13765E-03  2.75082E-19  9.82337E-03  0.00000E+00  1.0E-07
  5.400E+00  2.21902E-03  2.55767E-19  9.13361E-03  0.00000E+00  1.0E-07
  5.500E+00  2.30190E-03  2.38124E-19  8.50357E-03  0.00000E+00  1.0E-07
  5.600E+00  2.38630E-03  2.21982E-19  7.92714E-03  0.00000E+00  1.0E-07
  5.700E+00  2.47222E-03  2.07194E-19  7.39903E-03  0.00000E+00  1.0E-07
  5.800E+00  2.55965E-03  1.93624E-19  6.91443E-03  0.00000E+00  1.0E-07
  5.900E+00  2.64859E-03  1.81153E-19  6.46908E-03  0.00000E+00  1.0E-07
  6.000E+00  2.73905E-03  1.69674E-19  6.05916E-03  0.00000E+00  1.0E-07
  6.100E+00  2.83103E-03  1.59096E-19  5.68142E-03  0.00000E+00  1.0E-07
  6.200E+00  2.92452E-03  1.49336E-19  5.33287E-03  0.00000E+00  1.0E-07
  6.300E+00  3.01952E-03  1.40317E-19  5.01081E-03  0.00000E+00  1.0E-07
  6.400E+00  3.11604E-03  1.31972E-19  4.71281E-03  0.00000E+00  1.0E-07
  6.500E+00  3.21407E-03  1.24243E-19  4.43681E-03  0.00000E+00  1.0E-07
  6.600E+00  3.31362E-03  1.17076E-19  4.18087E-03  0.00000E+00  1.0E-07
  6.700E+00  3.41468E-03  1.10422E-19  3.94325E-03  0.00000E+00  1.0E-07
  6.800E+00  3.51725E-03  1.04237E-19  3.72237E-03  0.00000E+00  1.0E-07
  6.900E+00  3.62133E-03  9.84823E-20  3.51687E-03  0.00000E+00  1.0E-07
  7.000E+00  3.72692E-03  9.31225E-20  3.32546E-03  0.00000E+00  1.0E-07
  7.100E+00  3.83403E-03  8.81253E-20  3.14701E-03  0.00000E+00  1.0E-07
  7.200E+00  3.94265E-03  8.34611E-20  2.98045E-03  0.00000E+00  1.0E-07
  7.300E+00  4.05278E-03  7.91038E-20  2.82485E-03  0.00000E+00  1.0E-07
  7.400E+00  4.16442E-03  7.50297E-20  2.67936E-03  0.00000E+00  1.0E-07
  7.500E+00  4.27757E-03  7.12168E-20  2.54320E-03  0.00000E+00  1.0E-07
  7.600E+00  4.39223E-03  6.76449E-20  2.41564E-03  0.00000E+00  1.0E-07
  7.700E+00  4.50840E-03  6.42960E-20  2.29605E-03  0.00000E+00  1.0E-07
  7.800E+00  4.62608E-03  6.11537E-20  2.18384E-03  0.00000E+00  1.0E-07
  7.900E+00  4.74527E-03  5.82028E-20  2.07846E-03  0.00000E+00  1.0E-07
  8.000E+00  4.86597E-03  5.54293E-20  1.97942E-03  0.00000E+00  1.0E-07
  8.100E+00  4.98817E-03  5.28204E-20  1.88625E-03  0.00000E+00  1.0E-07
  8.200E+00  5.11188E-03  5.03647E-20  1.79856E-03  0.00000E+00  1.0E-07
  8.300E+00  5.23711E-03  4.80515E-20  1.71595E-03  0.00000E+00  1.0E-07
  8.400E+00  5.36383E-03  4.58708E-20  1.63808E-03  0.00000E+00  1.0E-07
  8.500E+00  5.49207E-03  4.38136E-20  1.56461E-03  0.00000E+00  1.0E-07
  8.600E+00  5.62181E-03  4.18715E-20  1.49526E-03  0.00000E+00  1.0E-07
  8.700E+00  5.75306E-03  4.00370E-20  1.42975E-03  0.00000E+00  1.0E-07
  8.800E+00  5.88581E-03  3.83029E-20  1.36782E-03  0.00000E+00  1.0E-07
  8.900E+00  6.02007E-03  3.66625E-20  1.30924E-03  0.00000E+00  1.0E-07
  9.000E+00  6.15583E-03  3.51099E-20  1.25380E-03  0.00000E+00  1.0E-07
  9.100E+00  6.29310E-03  3.36395E-20  1.20129E-03  0.00000E+00  1.0E-07
  9.200E+00  6.43187E-03  3.22462E-20  1.15153E-03  0.00000E+00  1.0E-07
  9.300E+00  6.57214E-03  3.09250E-20  1.10435E-03  0.00000E+00  1.0E-07
  9.400E+00  6.71392E-03  2.96714E-20  1.05959E-03  0.00000E+00  1.0E-07
  9.500E+00  6.85720E-03  2.84815E-20  1.01709E-03  0.00000E+00  1.0E-07
  9.600E+00  7.00198E-03  2.73514E-20  9.76735E-04  0.00000E+00  1.0E-07
  9.700E+00  7.14827E-03  2.62773E-20  9.38379E-04  0.00000E+00  1.0E-07
  9.800E+00  7.29605E-03  2.52560E-20  9.01908E-04  0.00000E+00  1.0E-07
  9.900E+00  7.44534E-03  2.42844E-20  8.67213E-04  0.00000E+00  1.0E-07
  1.000E+01  7.59612E-03  2.33598E-20  8.34192E-04  0.00000E+00  1.0E-07
  1.025E+01  7.97965E-03  2.12355E-20  7.58334E-04  0.00000E+00  1.0E-07
  1.050E+01  8.37255E-03  1.93500E-20  6.91002E-04  0.00000E+00  1.0E-07
  1.075E+01  8.77480E-03  1.76716E-20  6.31066E-04  0.00000E+00  1.0E-07
  1.100E+01  9.18641E-03  1.61735E-20  5.77567E-04  0.00000E+00  1.0E-07
  1.125E+01  9.60736E-03  1.48328E-20  5.29689E-04  0.00000E+00  1.0E-07
  1.150E+01  1.00376E-02  1.36299E-20  4.86733E-04  0.00000E+00  1.0E-07
  1.175E+01  1.04773E-02  1.25481E-20  4.48102E-04  0.00000E+00  1.0E-07
  1.200E+01  1.09262E-02  1.15730E-20  4.13279E-04  0.00000E+00  1.0E-07
  1.225E+01  1.13844E-02  1.06921E-20  3.81821E-04  0.00000E+00  1.0E-07
  1.250E+01  1.18520E-02  9.89460E-21  3.53343E-04  0.00000E+00  1.0E-07
  1.275E+01  1.23288E-02  9.17118E-21  3.27509E-04  0.00000E+00  1.0E-07
  1.300E+01  1.28150E-02  8.51367E-21  3.04029E-04  0.00000E+00  1.0E-07
  1.325E+01  1.33104E-02  7.91489E-21  2.82646E-04  0.00000E+00  1.0E-07
  1.350E+01  1.38150E-02  7.36873E-21  2.63142E-04  0.00000E+00  1.0E-07
  1.375E+01  1.43290E-02  6.86960E-21  2.45318E-04  0.00000E+00  1.0E-07
  1.400E+01  1.48521E-02  6.41272E-21  2.29002E-04  0.00000E+00  1.0E-07
  1.425E+01  1.53845E-02  5.99384E-21  2.14044E-04  0.00000E+00  1.0E-07
  1.450E+01  1.59262E-02  5.60921E-21  2.00309E-04  0.00000E+00  1.0E-07
  1.475E+01  1.64770E-02  5.25548E-21  1.87677E-04  0.00000E+00  1.0E-07
  1.500E+01  1.70371E-02  4.92969E-21  1.76042E-04  0.00000E+00  1.0E-07
  1.525E+01  1.76063E-02  4.62923E-21  1.65313E-04  0.00000E+00  1.0E-07
  1.550E+01  1.81848E-02  4.35175E-21  1.55404E-04  0.00000E+00  1.0E-07
  1.575E+01  1.87724E-02  4.09515E-21  1.46240E-04  0.00000E+00  1.0E-07
  1.600E+01  1.93692E-02  3.85754E-21  1.37755E-04  0.00000E+00  1.0E-07
  1.625E+01  1.99751E-02  3.63727E-21  1.29889E-04  0.00000E+00  1.0E-07
  1.650E+01  2.05901E-02  3.43282E-21  1.22588E-04  0.00000E+00  1.0E-07
  1.675E+01  2.12143E-02  3.24283E-21  1.15803E-04  0.00000E+00  1.0E-07
  1.700E+01  2.18476E-02  3.06607E-21  1.09491E-04  0.00000E+00  1.0E-07
  1.725E+01  2.24900E-02  2.90145E-21  1.03613E-04  0.00000E+00  1.0E-07
  1.750E+01  2.31415E-02  2.74798E-21  9.81322E-05  0.00000E+00  1.0E-07
  1.775E+01  2.38021E-02  2.60475E-21  9.30173E-05  0.00000E+00  1.0E-07
  1.800E+01  2.44717E-02  2.47093E-21  8.82386E-05  0.00000E+00  1.0E-07
  1.825E+01  2.51504E-02  2.34580E-21  8.37699E-05  0.00000E+00  1.0E-07
  1.850E+01  2.58382E-02  2.22867E-21  7.95872E-05  0.00000E+00  1.0E-07
  1.875E+01  2.65349E-02  2.11893E-21  7.56685E-05  0.00000E+00  1.0E-07
  1.900E+01  2.72407E-02  2.01603E-21  7.19936E-05  0.00000E+00  1.0E-07
  1.925E+01  2.79555E-02  1.91944E-21  6.85446E-05  0.00000E+00  1.0E-07
  1.950E+01  2.86793E-02  1.82872E-21  6.53048E-05  0.00000E+00  1.0E-07
  1.975E+01  2.94120E-02  1.74343E-21  6.22589E-05  0.00000E+00  1.0E-07
  2.000E+01  3.01537E-02  1.66317E-21  5.93929E-05  0.00000E+00  1.0E-07
  2.025E+01  3.09043E-02  1.58760E-21  5.66942E-05  0.00000E+00  1.0E-07
  2.050E+01  3.16639E-02  1.51638E-21  5.41510E-05  0.00000E+00  1.0E-07
  2.075E+01  3.24324E-02  1.44922E-21  5.17526E-05  0.00000E+00  1.0E-07
  2.100E+01  3.32098E-02  1.38583E-21  4.94890E-05  0.00000E+00  1.0E-07
  2.125E+01  3.39961E-02  1.32597E-21  4.73511E-05  0.00000E+00  1.0E-07
  2.150E+01  3.47912E-02  1.26938E-21  4.53305E-05  0.00000E+00  1.0E-07
  2.175E+01  3.55952E-02  1.21587E-21  4.34196E-05  0.00000E+00  1.0E-07
  2.200E+01  3.64081E-02  1.16523E-21  4.16110E-05  0.00000E+00  1.0E-07
  2.225E+01  3.72297E-02  1.11727E-21  3.98983E-05  0.00000E+00  1.0E-07
  2.250E+01  3.80602E-02  1.07182E-21  3.82753E-05  0.00000E+00  1.0E-07
  2.275E+01  3.88995E-02  1.02872E-21  3.67363E-05  0.00000E+00  1.0E-07
  2.300E+01  3.97476E-02  9.87832E-22  3.52761E-05  0.00000E+00  1.0E-07
  2.325E+01  4.06044E-02  9.49013E-22  3.38899E-05  0.00000E+00  1.0E-07
  2.350E+01  4.14700E-02  9.12138E-22  3.25730E-05  0.00000E+00  1.0E-07
  2.375E+01  4.23443E-02  8.77090E-22  3.13215E-05  0.00000E+00  1.0E-07
  2.400E+01  4.32273E-02  8.43759E-22  3.01312E-05  0.00000E+00  1.0E-07
  2.425E+01  4.41190E-02  8.12043E-22  2.89986E-05  0.00000E+00  1.0E-07
  2.450E+01  4.50194E-02  7.81849E-22  2.79203E-05  0.00000E+00  1.0E-07
  2.475E+01  4.59284E-02  7.53089E-22  2.68933E-05  0.00000E+00  1.0E-07
  2.500E+01  4.68461E-02  7.25679E-22  2.59145E-05  0.00000E+00  1.0E-07
  2.550E+01  4.87074E-02  6.74609E-22  2.40907E-05  0.00000E+00  1.0E-07
  2.600E+01  5.06030E-02  6.28088E-22  2.24294E-05  0.00000E+00  1.0E-07
  2.650E+01  5.25328E-02  5.85629E-22  2.09132E-05  0.00000E+00  1.0E-07
  2.700E+01  5.44967E-02  5.46807E-22  1.95268E-05  0.00000E+00  1.0E-07
  2.750E+01  5.64946E-02  5.11248E-22  1.82570E-05  0.00000E+00  1.0E-07
  2.800E+01  5.85262E-02  4.78623E-22  1.70919E-05  0.00000E+00  1.0E-07
  2.850E+01  6.05914E-02  4.48640E-22  1.60212E-05  0.00000E+00  1.0E-07
  2.900E+01  6.26901E-02  4.21043E-22  1.50357E-05  0.00000E+00  1.0E-07
  2.950E+01  6.48222E-02  3.95604E-22  1.41273E-05  0.00000E+00  1.0E-07
  3.000E+01  6.69873E-02  3.72118E-22  1.32886E-05  0.00000E+00  1.0E-07
  3.050E+01  6.91854E-02  3.50407E-22  1.25132E-05  0.00000E+00  1.0E-07
  3.100E+01  7.14163E-02  3.30307E-22  1.17955E-05  0.00000E+00  1.0E-07
  3.150E+01  7.36799E-02  3.11675E-22  1.11301E-05  0.00000E+00  1.0E-07
  3.200E+01  7.59760E-02  2.94382E-22  1.05126E-05  0.00000E+00  1.0E-07
  3.250E+01  7.83043E-02  2.78311E-22  9.93867E-06  0.00000E+00  1.0E-07
  3.300E+01  8.06647E-02  2.63358E-22  9.40469E-06  0.00000E+00  1.0E-07
  3.350E+01  8.30571E-02  2.49429E-22  8.90727E-06  0.00000E+00  1.0E-07
  3.400E+01  8.54812E-02  2.36439E-22  8.44339E-06  0.00000E+00  1.0E-07
  3.450E+01  8.79369E-02  2.24312E-22  8.01032E-06  0.00000E+00  1.0E-07
  3.500E+01  9.04240E-02  2.12978E-22  7.60558E-06  0.00000E+00  1.0E-07
  3.550E+01  9.29422E-02  2.02374E-22  7.22692E-06  0.00000E+00  1.0E-07
  3.600E+01  9.54915E-02  1.92444E-22  6.87232E-06  0.00000E+00  1.0E-07
  3.650E+01  9.80716E-02  1.83136E-22  6.53991E-06  0.00000E+00  1.0E-07
  3.700E+01  1.00682E-01  1.74402E-22  6.22802E-06  0.00000E+00  1.0E-07
  3.750E+01  1.03323E-01  1.66200E-22  5.93510E-06  0.00000E+00  1.0E-07
  3.800E+01  1.05995E-01  1.58489E-22  5.65975E-06  0.00000E+00  1.0E-07
  3.850E+01  1.08696E-01  1.51235E-22  5.40070E-06  0.00000E+00  1.0E-07
  3.900E+01  1.11427E-01  1.44404E-22  5.15678E-06  0.00000E+00  1.0E-07
  3.950E+01  1.14188E-01  1.37967E-22  4.92690E-06  0.00000E+00  1.0E-07
  4.000E+01  1.16978E-01  1.31896E-22  4.71009E-06  0.00000E+00  1.0E-07
  4.050E+01  1.19797E-01  1.26166E-22  4.50545E-06  0.00000E+00  1.0E-07
  4.100E+01  1.22645E-01  1.20753E-22  4.31215E-06  0.00000E+00  1.0E-07
  4.150E+01  1.25522E-01  1.15635E-22  4.12942E-06  0.00000E+00  1.0E-07
  4.200E+01  1.28428E-01  1.10795E-22  3.95655E-06  0.00000E+00  1.0E-07
  4.250E+01  1.31361E-01  1.06212E-22  3.79290E-06  0.00000E+00  1.0E-07
  4.300E+01  1.34323E-01  1.01871E-22  3.63787E-06  0.00000E+00  1.0E-07
  4.350E+01  1.37313E-01  9.77553E-23  3.49091E-06  0.00000E+00  1.0E-07
  4.400E+01  1.40330E-01  9.38515E-23  3.35150E-06  0.00000E+00  1.0E-07
  4.450E+01  1.43375E-01  9.01460E-23  3.21917E-06  0.00000E+00  1.0E-07
  4.500E+01  1.46447E-01  8.66265E-23  3.09349E-06  0.00000E+00  1.0E-07
  4.550E+01  1.49545E-01  8.32817E-23  2.97404E-06  0.00000E+00  1.0E-07
  4.600E+01  1.52671E-01  8.01010E-23  2.86046E-06  0.00000E+00  1.0E-07
  4.650E+01  1.55823E-01  7.70746E-23  2.75238E-06  0.00000E+00  1.0E-07
  4.700E+01  1.59001E-01  7.41933E-23  2.64949E-06  0.00000E+00  1.0E-07
  4.750E+01  1.62205E-01  7.14485E-23  2.55147E-06  0.00000E+00  1.0E-07
  4.800E+01  1.65435E-01  6.88325E-23  2.45805E-06  0.00000E+00  1.0E-07
  4.850E+01  1.68690E-01  6.63378E-23  2.36897E-06  0.00000E+00  1.0E-07
  4.900E+01  1.71970E-01  6.39576E-23  2.28397E-06  0.00000E+00  1.0E-07
  4.950E+01  1.75276E-01  6.16854E-23  2.20283E-06  0.00000E+00  1.0E-07
  5.000E+01  1.78606E-01  5.95154E-23  2.12533E-06  0.00000E+00  1.0E-07
  5.050E+01  1.81961E-01  5.74418E-23  2.05129E-06  0.00000E+00  1.0E-07
  5.100E+01  1.85340E-01  5.54595E-23  1.98049E-06  0.00000E+00  1.0E-07
  5.150E+01  1.88743E-01  5.35635E-23  1.91279E-06  0.00000E+00  1.0E-07
  5.200E+01  1.92169E-01  5.17492E-23  1.84800E-06  0.00000E+00  1.0E-07
  5.250E+01  1.95619E-01  5.00122E-23  1.78597E-06  0.00000E+00  1.0E-07
  5.300E+01  1.99092E-01  4.83487E-23  1.72656E-06  0.00000E+00  1.0E-07
  5.350E+01  2.02589E-01  4.67547E-23  1.66964E-06  0.00000E+00  1.0E-07
  5.400E+01  2.06107E-01  4.52268E-23  1.61508E-06  0.00000E+00  1.0E-07
  5.450E+01  2.09649E-01  4.37616E-23  1.56275E-06  0.00000E+00  1.0E-07
  5.500E+01  2.13212E-01  4.23559E-23  1.51256E-06  0.00000E+00  1.0E-07
  5.550E+01  2.16797E-01  4.10068E-23  1.46438E-06  0.00000E+00  1.0E-07
  5.600E+01  2.20404E-01  3.97115E-23  1.41812E-06  0.00000E+00  1.0E-07
  5.650E+01  2.24032E-01  3.84674E-23  1.37369E-06  0.00000E+00  1.0E-07
  5.700E+01  2.27680E-01  3.72719E-23  1.33100E-06  0.00000E+00  1.0E-07
  5.750E+01  2.31350E-01  3.61228E-23  1.28997E-06  0.00000E+00  1.0E-07
  5.800E+01  2.35040E-01  3.50178E-23  1.25051E-06  0.00000E+00  1.0E-07
  5.850E+01  2.38751E-01  3.39550E-23  1.21255E-06  0.00000E+00  1.0E-07
  5.900E+01  2.42481E-01  3.29323E-23  1.17603E-06  0.00000E+00  1.0E-07
  5.950E+01  2.46231E-01  3.19478E-23  1.14088E-06  0.00000E+00  1.0E-07
  6.000E+01  2.50000E-01  3.09999E-23  1.10703E-06  0.00000E+00  1.0E-07
  6.050E+01  2.53788E-01  3.00869E-23  1.07442E-06  0.00000E+00  1.0E-07
  6.100E+01  2.57595E-01  2.92071E-23  1.04301E-06  0.00000E+00  1.0E-07
  6.150E+01  2.61421E-01  2.83592E-23  1.01272E-06  0.00000E+00  1.0E-07
  6.200E+01  2.65264E-01  2.75416E-23  9.83529E-07  0.00000E+00  1.0E-07
  6.250E+01  2.69126E-01  2.67531E-23  9.55371E-07  0.00000E+00  1.0E-07
  6.300E+01  2.73005E-01  2.59924E-23  9.28206E-07  0.00000E+00  1.0E-07
  6.350E+01  2.76901E-01  2.52583E-23  9.01991E-07  0.00000E+00  1.0E-07
  6.400E+01  2.80814E-01  2.45497E-23  8.76686E-07  0.00000E+00  1.0E-07
  6.450E+01  2.84744E-01  2.38655E-23  8.52252E-07  0.00000E+00  1.0E-07
  6.500E+01  2.88691E-01  2.32046E-23  8.28652E-07  0.00000E+00  1.0E-07
  6.550E+01  2.92653E-01  2.25662E-23  8.05852E-07  0.00000E+00  1.0E-07
  6.600E+01  2.96632E-01  2.19491E-23  7.83818E-07  0.00000E+00  1.0E-07
  6.650E+01  3.00625E-01  2.13527E-23  7.62518E-07  0.00000E+00  1.0E-07
  6.700E+01  3.04634E-01  2.07760E-23  7.41924E-07  0.00000E+00  1.0E-07
  6.750E+01  3.08658E-01  2.02182E-23  7.22005E-07  0.00000E+00  1.0E-07
  6.800E+01  3.12697E-01  1.96786E-23  7.02735E-07  0.00000E+00  1.0E-07
  6.850E+01  3.16749E-01  1.91564E-23  6.84089E-07  0.00000E+00  1.0E-07
  6.900E+01  3.20816E-01  1.86511E-23  6.66042E-07  0.00000E+00  1.0E-07
  6.950E+01  3.24896E-01  1.81618E-23  6.48570E-07  0.00000E+00  1.0E-07
  7.000E+01  3.28990E-01  1.76880E-23  6.31651E-07  0.00000E+00  1.0E-07
  7.050E+01  3.33097E-01  1.72291E-23  6.15263E-07  0.00000E+00  1.0E-07
  7.100E+01  3.37216E-01  1.67845E-23  5.99386E-07  0.00000E+00  1.0E-07
  7.150E+01  3.41348E-01  1.63537E-23  5.84001E-07  0.00000E+00  1.0E-07
  7.200E+01  3.45492E-01  1.59361E-23  5.69089E-07  0.00000E+00  1.0E-07
  7.250E+01  3.49647E-01  1.55313E-23  5.54632E-07  0.00000E+00  1.0E-07
  7.300E+01  3.53814E-01  1.51387E-23  5.40614E-07  0.00000E+00  1.0E-07
  7.350E+01  3.57992E-01  1.47580E-23  5.27017E-07  0.00000E+00  1.0E-07
  7.400E+01  3.62181E-01  1.43886E-23  5.13827E-07  0.00000E+00  1.0E-07
  7.450E+01  3.66381E-01  1.40302E-23  5.01029E-07  0.00000E+00  1.0E-07
  7.500E+01  3.70590E-01  1.36824E-23  4.88609E-07  0.00000E+00  1.0E-07
  7.550E+01  3.74810E-01  1.33448E-23  4.76553E-07  0.00000E+00  1.0E-07
  7.600E+01  3.79039E-01  1.30171E-23  4.64848E-07  0.00000E+00  1.0E-07
  7.650E+01  3.83277E-01  1.26988E-23  4.53481E-07  0.00000E+00  1.0E-07
  7.700E+01  3.87524E-01  1.23896E-23  4.42441E-07  0.00000E+00  1.0E-07
  7.750E+01  3.91780E-01  1.20893E-23  4.31717E-07  0.00000E+00  1.0E-07
  7.800E+01  3.96044E-01  1.17975E-23  4.21296E-07  0.00000E+00  1.0E-07
  7.850E+01  4.00316E-01  1.15139E-23  4.11169E-07  0.00000E+00  1.0E-07
  7.900E+01  4.04596E-01  1.12383E-23  4.01326E-07  0.00000E+00  1.0E-07
  7.950E+01  4.08882E-01  1.09703E-23  3.91757E-07  0.00000E+00  1.0E-07
  8.000E+01  4.13176E-01  1.07098E-23  3.82453E-07  0.00000E+00  1.0E-07
  8.050E+01  4.17476E-01  1.04564E-23  3.73405E-07  0.00000E+00  1.0E-07
  8.100E+01  4.21783E-01  1.02100E-23  3.64604E-07  0.00000E+00  1.0E-07
  8.150E+01  4.26095E-01  9.97020E-24  3.56042E-07  0.00000E+00  1.0E-07
  8.200E+01  4.30413E-01  9.73693E-24  3.47712E-07  0.00000E+00  1.0E-07
  8.250E+01  4.34737E-01  9.50991E-24  3.39605E-07  0.00000E+00  1.0E-07
  8.300E+01  4.39065E-01  9.28895E-24  3.31715E-07  0.00000E+00  1.0E-07
  8.350E+01  4.43398E-01  9.07386E-24  3.24033E-07  0.00000E+00  1.0E-07
  8.400E+01  4.47736E-01  8.86444E-24  3.16555E-07  0.00000E+00  1.0E-07
  8.450E+01  4.52077E-01  8.66051E-24  3.09273E-07  0.00000E+00  1.0E-07
  8.500E+01  4.56422E-01  8.46191E-24  3.02180E-07  0.00000E+00  1.0E-07
  8.550E+01  4.60770E-01  8.26846E-24  2.95272E-07  0.00000E+00  1.0E-07
  8.600E+01  4.65122E-01  8.08000E-24  2.88542E-07  0.00000E+00  1.0E-07
  8.650E+01  4.69476E-01  7.89637E-24  2.81985E-07  0.00000E+00  1.0E-07
  8.700E+01  4.73832E-01  7.71743E-24  2.75594E-07  0.00000E+00  1.0E-07
  8.750E+01  4.78190E-01  7.54303E-24  2.69366E-07  0.00000E+00  1.0E-07
  8.800E+01  4.82550E-01  7.37303E-24  2.63296E-07  0.00000E+00  1.0E-07
  8.850E+01  4.86912E-01  7.20729E-24  2.57377E-07  0.00000E+00  1.0E-07
  8.900E+01  4.91274E-01  7.04569E-24  2.51606E-07  0.00000E+00  1.0E-07
  8.950E+01  4.95637E-01  6.88811E-24  2.45979E-07  0.00000E+00  1.0E-07
  9.000E+01  5.00000E-01  6.73442E-24  2.40490E-07  0.00000E+00  1.0E-07
  9.050E+01  5.04363E-01  6.58451E-24  2.35137E-07  0.00000E+00  1.0E-07
  9.100E+01  5.08726E-01  6.43826E-24  2.29915E-07  0.00000E+00  1.0E-07
  9.150E+01  5.13088E-01  6.29558E-24  2.24819E-07  0.00000E+00  1.0E-07
  9.200E+01  5.17450E-01  6.15635E-24  2.19847E-07  0.00000E+00  1.0E-07
  9.250E+01  5.21810E-01  6.02047E-24  2.14995E-07  0.00000E+00  1.0E-07
  9.300E+01  5.26168E-01  5.88786E-24  2.10259E-07  0.00000E+00  1.0E-07
  9.350E+01  5.30524E-01  5.75840E-24  2.05636E-07  0.00000E+00  1.0E-07
  9.400E+01  5.34878E-01  5.63202E-24  2.01123E-07  0.00000E+00  1.0E-07
  9.450E+01  5.39230E-01  5.50862E-24  1.96716E-07  0.00000E+00  1.0E-07
  9.500E+01  5.43578E-01  5.38812E-24  1.92413E-07  0.00000E+00  1.0E-07
  9.550E+01  5.47923E-01  5.27044E-24  1.88211E-07  0.00000E+00  1.0E-07
  9.600E+01  5.52264E-01  5.15551E-24  1.84107E-07  0.00000E+00  1.0E-07
  9.650E+01  5.56602E-01  5.04324E-24  1.80098E-07  0.00000E+00  1.0E-07
  9.700E+01  5.60935E-01  4.93357E-24  1.76181E-07  0.00000E+00  1.0E-07
  9.750E+01  5.65263E-01  4.82642E-24  1.72354E-07  0.00000E+00  1.0E-07
  9.800E+01  5.69587E-01  4.72171E-24  1.68615E-07  0.00000E+00  1.0E-07
  9.850E+01  5.73905E-01  4.61939E-24  1.64962E-07  0.00000E+00  1.0E-07
  9.900E+01  5.78217E-01  4.51939E-24  1.61390E-07  0.00000E+00  1.0E-07
  9.950E+01  5.82524E-01  4.42165E-24  1.57900E-07  0.00000E+00  1.0E-07
  1.000E+02  5.86824E-01  4.32611E-24  1.54488E-07  0.00000E+00  1.0E-07
  1.005E+02  5.91118E-01  4.23270E-24  1.51152E-07  0.00000E+00  1.0E-07
  1.010E+02  5.95404E-01  4.14138E-24  1.47891E-07  0.00000E+00  1.0E-07
  1.015E+02  5.99684E-01  4.05208E-24  1.44702E-07  0.00000E+00  1.0E-07
  1.020E+02  6.03956E-01  3.96476E-24  1.41584E-07  0.00000E+00  1.0E-07
  1.025E+02  6.08220E-01  3.87936E-24  1.38535E-07  0.00000E+00  1.0E-07
  1.030E+02  6.12476E-01  3.79584E-24  1.35552E-07  0.00000E+00  1.0E-07
  1.035E+02  6.16723E-01  3.71414E-24  1.32634E-07  0.00000E+00  1.0E-07
  1.040E+02  6.20961E-01  3.63422E-24  1.29780E-07  0.00000E+00  1.0E-07
  1.045E+02  6.25190E-01  3.55603E-24  1.26988E-07  0.00000E+00  1.0E-07
  1.050E+02  6.29410E-01  3.47953E-24  1.24256E-07  0.00000E+00  1.0E-07
  1.055E+02  6.33619E-01  3.40468E-24  1.21583E-07  0.00000E+00  1.0E-07
  1.060E+02  6.37819E-01  3.33142E-24  1.18967E-07  0.00000E+00  1.0E-07
  1.065E+02  6.42008E-01  3.25974E-24  1.16407E-07  0.00000E+00  1.0E-07
  1.070E+02  6.46186E-01  3.18958E-24  1.13902E-07  0.00000E+00  1.0E-07
  1.075E+02  6.50353E-01  3.12091E-24  1.11450E-07  0.00000E+00  1.0E-07
  1.080E+02  6.54508E-01  3.05369E-24  1.09049E-07  0.00000E+00  1.0E-07
  1.085E+02  6.58652E-01  2.98788E-24  1.06699E-07  0.00000E+00  1.0E-07
  1.090E+02  6.62784E-01  2.92346E-24  1.04399E-07  0.00000E+00  1.0E-07
  1.095E+02  6.66903E-01  2.86038E-24  1.02146E-07  0.00000E+00  1.0E-07
  1.100E+02  6.71010E-01  2.79862E-24  9.99406E-08  0.00000E+00  1.0E-07
  1.105E+02  6.75104E-01  2.73814E-24  9.77808E-08  0.00000E+00  1.0E-07
  1.110E+02  6.79184E-01  2.67892E-24  9.56659E-08  0.00000E+00  1.0E-07
  1.115E+02  6.83251E-01  2.62091E-24  9.35946E-08  0.00000E+00  1.0E-07
  1.120E+02  6.87303E-01  2.56411E-24  9.15659E-08  0.00000E+00  1.0E-07
  1.125E+02  6.91342E-01  2.50846E-24  8.95789E-08  0.00000E+00  1.0E-07
  1.130E+02  6.95366E-01  2.45396E-24  8.76325E-08  0.00000E+00  1.0E-07
  1.135E+02  6.99375E-01  2.40057E-24  8.57259E-08  0.00000E+00  1.0E-07
  1.140E+02  7.03368E-01  2.34827E-24  8.38581E-08  0.00000E+00  1.0E-07
  1.145E+02  7.07347E-01  2.29702E-24  8.20282E-08  0.00000E+00  1.0E-07
  1.150E+02  7.11309E-01  2.24682E-24  8.02353E-08  0.00000E+00  1.0E-07
  1.155E+02  7.15256E-01  2.19763E-24  7.84786E-08  0.00000E+00  1.0E-07
  1.160E+02  7.19186E-01  2.14942E-24  7.67573E-08  0.00000E+00  1.0E-07
  1.165E+02  7.23099E-01  2.10219E-24  7.50706E-08  0.00000E+00  1.0E-07
  1.170E+02  7.26995E-01  2.05590E-24  7.34176E-08  0.00000E+00  1.0E-07
  1.175E+02  7.30874E-01  2.01054E-24  7.17977E-08  0.00000E+00  1.0E-07
  1.180E+02  7.34736E-01  1.96608E-24  7.02100E-08  0.00000E+00  1.0E-07
  1.185E+02  7.38579E-01  1.92251E-24  6.86540E-08  0.00000E+00  1.0E-07
  1.190E+02  7.42405E-01  1.87980E-24  6.71288E-08  0.00000E+00  1.0E-07
  1.195E+02  7.46212E-01  1.83794E-24  6.56339E-08  0.00000E+00  1.0E-07
  1.200E+02  7.50000E-01  1.79690E-24  6.41685E-08  0.00000E+00  1.0E-07
  1.205E+02  7.53769E-01  1.75668E-24  6.27320E-08  0.00000E+00  1.0E-07
  1.210E+02  7.57519E-01  1.71724E-24  6.13238E-08  0.00000E+00  1.0E-07
  1.215E+02  7.61249E-01  1.67858E-24  5.99433E-08  0.00000E+00  1.0E-07
  1.220E+02  7.64960E-01  1.64068E-24  5.85899E-08  0.00000E+00  1.0E-07
  1.225E+02  7.68650E-01  1.60353E-24  5.72630E-08  0.00000E+00  1.0E-07
  1.230E+02  7.72320E-01  1.56710E-24  5.59621E-08  0.00000E+00  1.0E-07
  1.235E+02  7.75968E-01  1.53138E-24  5.46865E-08  0.00000E+00  1.0E-07
  1.240E+02  7.79596E-01  1.49636E-24  5.34359E-08  0.00000E+00  1.0E-07
  1.245E+02  7.83203E-01  1.46202E-24  5.22096E-08  0.00000E+00  1.0E-07
  1.250E+02  7.86788E-01  1.42835E-24  5.10072E-08  0.00000E+00  1.0E-07
  1.255E+02  7.90351E-01  1.39533E-24  4.98281E-08  0.00000E+00  1.0E-07
  1.260E+02  7.93893E-01  1.36295E-24  4.86719E-08  0.00000E+00  1.0E-07
  1.265E+02  7.97411E-01  1.33120E-24  4.75381E-08  0.00000E+00  1.0E-07
  1.270E+02  8.00908E-01  1.30007E-24  4.64263E-08  0.00000E+00  1.0E-07
  1.275E+02  8.04381E-01  1.26954E-24  4.53361E-08  0.00000E+00  1.0E-07
  1.280E+02  8.07831E-01  1.23960E-24  4.42669E-08  0.00000E+00  1.0E-07
  1.285E+02  8.11257E-01  1.21024E-24  4.32184E-08  0.00000E+00  1.0E-07
  1.290E+02  8.14660E-01  1.18145E-24  4.21902E-08  0.00000E+00  1.0E-07
  1.295E+02  8.18039E-01  1.15321E-24  4.11819E-08  0.00000E+00  1.0E-07
  1.300E+02  8.21394E-01  1.12552E-24  4.01930E-08  0.00000E+00  1.0E-07
  1.305E+02  8.24724E-01  1.09836E-24  3.92232E-08  0.00000E+00  1.0E-07
  1.310E+02  8.28030E-01  1.07173E-24  3.82722E-08  0.00000E+00  1.0E-07
  1.315E+02  8.31310E-01  1.04561E-24  3.73395E-08  0.00000E+00  1.0E-07
  1.320E+02  8.34565E-01  1.02000E-24  3.64249E-08  0.00000E+00  1.0E-07
  1.325E+02  8.37795E-01  9.94884E-25  3.55279E-08  0.00000E+00  1.0E-07
  1.330E+02  8.40999E-01  9.70252E-25  3.46483E-08  0.00000E+00  1.0E-07
  1.335E+02  8.44177E-01  9.46097E-25  3.37857E-08  0.00000E+00  1.0E-07
  1.340E+02  8.47329E-01  9.22410E-25  3.29399E-08  0.00000E+00  1.0E-07
  1.345E+02  8.50455E-01  8.99182E-25  3.21104E-08  0.00000E+00  1.0E-07
  1.350E+02  8.53553E-01  8.76405E-25  3.12970E-08  0.00000E+00  1.0E-07
  1.355E+02  8.56625E-01  8.54070E-25  3.04994E-08  0.00000E+00  1.0E-07
  1.360E+02  8.59670E-01  8.32170E-25  2.97173E-08  0.00000E+00  1.0E-07
  1.365E+02  8.62687E-01  8.10696E-25  2.89505E-08  0.00000E+00  1.0E-07
  1.370E+02  8.65677E-01  7.89642E-25  2.81986E-08  0.00000E+00  1.0E-07
  1.375E+02  8.68639E-01  7.68998E-25  2.74614E-08  0.00000E+00  1.0E-07
  1.380E+02  8.71572E-01  7.48760E-25  2.67387E-08  0.00000E+00  1.0E-07
  1.385E+02  8.74478E-01  7.28918E-25  2.60301E-08  0.00000E+00  1.0E-07
  1.390E+02  8.77355E-01  7.09467E-25  2.53355E-08  0.00000E+00  1.0E-07
  1.395E+02  8.80203E-01  6.90399E-25  2.46546E-08  0.00000E+00  1.0E-07
  1.400E+02  8.83022E-01  6.71708E-25  2.39871E-08  0.00000E+00  1.0E-07
  1.405E+02  8.85812E-01  6.53388E-25  2.33329E-08  0.00000E+00  1.0E-07
  1.410E+02  8.88573E-01  6.35433E-25  2.26917E-08  0.00000E+00  1.0E-07
  1.415E+02  8.91304E-01  6.17835E-25  2.20633E-08  0.00000E+00  1.0E-07
  1.420E+02  8.94005E-01  6.00590E-25  2.14475E-08  0.00000E+00  1.0E-07
  1.425E+02  8.96677E-01  5.83691E-25  2.08440E-08  0.00000E+00  1.0E-07
  1.430E+02  8.99318E-01  5.67133E-25  2.02527E-08  0.00000E+00  1.0E-07
  1.435E+02  9.01928E-01  5.50911E-25  1.96734E-08  0.00000E+00  1.0E-07
  1.440E+02  9.04508E-01  5.35018E-25  1.91059E-08  0.00000E+00  1.0E-07
  1.445E+02  9.07058E-01  5.19451E-25  1.85499E-08  0.00000E+00  1.0E-07
  1.450E+02  9.09576E-01  5.04202E-25  1.80054E-08  0.00000E+00  1.0E-07
  1.455E+02  9.12063E-01  4.89269E-25  1.74721E-08  0.00000E+00  1.0E-07
  1.460E+02  9.14519E-01  4.74645E-25  1.69499E-08  0.00000E+00  1.0E-07
  1.465E+02  9.16943E-01  4.60326E-25  1.64386E-08  0.00000E+00  1.0E-07
  1.470E+02  9.19335E-01  4.46308E-25  1.59380E-08  0.00000E+00  1.0E-07
  1.475E+02  9.21696E-01  4.32586E-25  1.54479E-08  0.00000E+00  1.0E-07
  1.480E+02  9.24024E-01  4.19155E-25  1.49683E-08  0.00000E+00  1.0E-07
  1.485E+02  9.26320E-01  4.06011E-25  1.44989E-08  0.00000E+00  1.0E-07
  1.490E+02  9.28584E-01  3.93150E-25  1.40396E-08  0.00000E+00  1.0E-07
  1.495E+02  9.30815E-01  3.80568E-25  1.35903E-08  0.00000E+00  1.0E-07
  1.500E+02  9.33013E-01  3.68262E-25  1.31509E-08  0.00000E+00  1.0E-07
  1.505E+02  9.35178E-01  3.56226E-25  1.27211E-08  0.00000E+00  1.0E-07
  1.510E+02  9.37310E-01  3.44458E-25  1.23008E-08  0.00000E+00  1.0E-07
  1.515E+02  9.39409E-01  3.32953E-25  1.18900E-08  0.00000E+00  1.0E-07
  1.520E+02  9.41474E-01  3.21709E-25  1.14884E-08  0.00000E+00  1.0E-07
  1.525E+02  9.43505E-01  3.10721E-25  1.10961E-08  0.00000E+00  1.0E-07
  1.530E+02  9.45503E-01  2.99987E-25  1.07127E-08  0.00000E+00  1.0E-07
  1.535E+02  9.47467E-01  2.89502E-25  1.03383E-08  0.00000E+00  1.0E-07
  1.540E+02  9.49397E-01  2.79265E-25  9.97273E-09  0.00000E+00  1.0E-07
  1.545E+02  9.51293E-01  2.69271E-25  9.61583E-09  0.00000E+00  1.0E-07
  1.550E+02  9.53154E-01  2.59517E-25  9.26753E-09  0.00000E+00  1.0E-07
  1.555E+02  9.54981E-01  2.50002E-25  8.92772E-09  0.00000E+00  1.0E-07
  1.560E+02  9.56773E-01  2.40721E-25  8.59629E-09  0.00000E+00  1.0E-07
  1.565E+02  9.58530E-01  2.31672E-25  8.27314E-09  0.00000E+00  1.0E-07
  1.570E+02  9.60252E-01  2.22852E-25  7.95818E-09  0.00000E+00  1.0E-07
  1.575E+02  9.61940E-01  2.14259E-25  7.65132E-09  0.00000E+00  1.0E-07
  1.580E+02  9.63592E-01  2.05890E-25  7.35245E-09  0.00000E+00  1.0E-07
  1.585E+02  9.65209E-01  1.97742E-25  7.06150E-09  0.00000E+00  1.0E-07
  1.590E+02  9.66790E-01  1.89814E-25  6.77838E-09  0.00000E+00  1.0E-07
  1.595E+02  9.68336E-01  1.82102E-25  6.50299E-09  0.00000E+00  1.0E-07
  1.600E+02  9.69846E-01  1.74605E-25  6.23527E-09  0.00000E+00  1.0E-07
  1.605E+02  9.71321E-01  1.67321E-25  5.97513E-09  0.00000E+00  1.0E-07
  1.610E+02  9.72759E-01  1.60246E-25  5.72250E-09  0.00000E+00  1.0E-07
  1.615E+02  9.74162E-01  1.53380E-25  5.47729E-09  0.00000E+00  1.0E-07
  1.620E+02  9.75528E-01  1.46720E-25  5.23945E-09  0.00000E+00  1.0E-07
  1.625E+02  9.76858E-01  1.40264E-25  5.00890E-09  0.00000E+00  1.0E-07
  1.630E+02  9.78152E-01  1.34010E-25  4.78557E-09  0.00000E+00  1.0E-07
  1.635E+02  9.79410E-01  1.27956E-25  4.56941E-09  0.00000E+00  1.0E-07
  1.640E+02  9.80631E-01  1.22102E-25  4.36033E-09  0.00000E+00  1.0E-07
  1.645E+02  9.81815E-01  1.16444E-25  4.15830E-09  0.00000E+00  1.0E-07
  1.650E+02  9.82963E-01  1.10982E-25  3.96324E-09  0.00000E+00  1.0E-07
  1.655E+02  9.84074E-01  1.05714E-25  3.77510E-09  0.00000E+00  1.0E-07
  1.660E+02  9.85148E-01  1.00638E-25  3.59384E-09  0.00000E+00  1.0E-07
  1.665E+02  9.86185E-01  9.57525E-26  3.41938E-09  0.00000E+00  1.0E-07
  1.670E+02  9.87185E-01  9.10568E-26  3.25170E-09  0.00000E+00  1.0E-07
  1.675E+02  9.88148E-01  8.65492E-26  3.09073E-09  0.00000E+00  1.0E-07
  1.680E+02  9.89074E-01  8.22285E-26  2.93643E-09  0.00000E+00  1.0E-07
  1.685E+02  9.89962E-01  7.80933E-26  2.78876E-09  0.00000E+00  1.0E-07
  1.690E+02  9.90814E-01  7.41426E-26  2.64768E-09  0.00000E+00  1.0E-07
  1.695E+02  9.91627E-01  7.03752E-26  2.51314E-09  0.00000E+00  1.0E-07
  1.700E+02  9.92404E-01  6.67901E-26  2.38512E-09  0.00000E+00  1.0E-07
  1.705E+02  9.93143E-01  6.33861E-26  2.26356E-09  0.00000E+00  1.0E-07
  1.710E+02  9.93844E-01  6.01625E-26  2.14844E-09  0.00000E+00  1.0E-07
  1.715E+02  9.94508E-01  5.71182E-26  2.03973E-09  0.00000E+00  1.0E-07
  1.720E+02  9.95134E-01  5.42524E-26  1.93739E-09  0.00000E+00  1.0E-07
  1.725E+02  9.95722E-01  5.15642E-26  1.84139E-09  0.00000E+00  1.0E-07
  1.730E+02  9.96273E-01  4.90531E-26  1.75172E-09  0.00000E+00  1.0E-07
  1.735E+02  9.96786E-01  4.67181E-26  1.66833E-09  0.00000E+00  1.0E-07
  1.740E+02  9.97261E-01  4.45587E-26  1.59122E-09  0.00000E+00  1.0E-07
  1.745E+02  9.97698E-01  4.25743E-26  1.52036E-09  0.00000E+00  1.0E-07
  1.750E+02  9.98097E-01  4.07643E-26  1.45572E-09  0.00000E+00  1.0E-07
  1.755E+02  9.98459E-01  3.91282E-26  1.39729E-09  0.00000E+00  1.0E-07
  1.760E+02  9.98782E-01  3.76656E-26  1.34506E-09  0.00000E+00  1.0E-07
  1.765E+02  9.99067E-01  3.63759E-26  1.29901E-09  0.00000E+00  1.0E-07
  1.770E+02  9.99315E-01  3.52590E-26  1.25912E-09  0.00000E+00  1.0E-07
  1.775E+02  9.99524E-01  3.43144E-26  1.22539E-09  0.00000E+00  1.0E-07
  1.780E+02  9.99695E-01  3.35420E-26  1.19781E-09  0.00000E+00  1.0E-07
  1.785E+02  9.99829E-01  3.29414E-26  1.17636E-09  0.00000E+00  1.0E-07
  1.790E+02  9.99924E-01  3.25125E-26  1.16104E-09  0.00000E+00  1.0E-07
  1.795E+02  9.99981E-01  3.22552E-26  1.15186E-09  0.00000E+00  1.0E-07
  1.800E+02  1.00000E+00  3.21695E-26  1.14879E-09  0.00000E+00  1.0E-07
