 #
 # Subroutine ELSEPA. Elastic scattering of electrons and positrons
 #                    by neutral atoms and positive ions
 #
 # Projectile: electron
 # Kinetic energy = 3.70000E+06 eV = 1.35973E+05 a.u.
 #
 # WARNING: High-energy factorization with free-atom DF screening.
 #          Absorption, polarization and exchange corrections are
 #          switched off.
 #          Phase shifts are calculated for the bare nucleus.
 #          Scattering amplitudes are not evaluated.
 #
 # Element: Tm,  Z =  69,  atomic weight = 1.68934E+02 g/mol
 #
 # Nuclear model: Fermi distribution
 #                Average radius = 5.91502E-13 cm
 #                Skin thickness = 5.46000E-14 cm
 #
 # Number of electrons = 69
 #
 # Total elastic cross section = 7.13649E-18 cm**2 = 2.54849E-01 a0**2
 # 1st transport cross section = 4.33552E-22 cm**2 = 1.54824E-05 a0**2
 # 2nd transport cross section = 1.17554E-21 cm**2 = 4.19792E-05 a0**2
 #
 #
 # Differential cross section:                       MU=(1-COS(THETA))/2
 #
 #  THETA        MU          DCS          DCS        Sherman      error
 #  (deg)                 (cm**2/sr)   (a0**2/sr)    function
 #----------------------------------------------------------------------
  0.000E+00  0.00000E+00  1.23126E-12  4.39691E+04  0.00000E+00  1.0E-05
  1.000E-04  7.61557E-13  1.23125E-12  4.39688E+04  0.00000E+00  1.0E-05
  1.250E-04  1.18994E-12  1.23125E-12  4.39686E+04  0.00000E+00  1.0E-05
  1.500E-04  1.71346E-12  1.23124E-12  4.39684E+04  0.00000E+00  1.0E-05
  1.750E-04  2.33225E-12  1.23123E-12  4.39681E+04  0.00000E+00  1.0E-05
  2.000E-04  3.04617E-12  1.23122E-12  4.39678E+04  0.00000E+00  1.0E-05
  2.250E-04  3.85530E-12  1.23121E-12  4.39674E+04  0.00000E+00  1.0E-05
  2.500E-04  4.75964E-12  1.23120E-12  4.39670E+04  0.00000E+00  1.0E-05
  2.750E-04  5.75917E-12  1.23119E-12  4.39666E+04  0.00000E+00  1.0E-05
  3.000E-04  6.85391E-12  1.23118E-12  4.39661E+04  0.00000E+00  1.0E-05
  3.250E-04  8.04379E-12  1.23116E-12  4.39656E+04  0.00000E+00  1.0E-05
  3.500E-04  9.32893E-12  1.23115E-12  4.39650E+04  0.00000E+00  1.0E-05
  3.750E-04  1.07092E-11  1.23113E-12  4.39644E+04  0.00000E+00  1.0E-05
  4.000E-04  1.21847E-11  1.23111E-12  4.39637E+04  0.00000E+00  1.0E-05
  4.250E-04  1.37554E-11  1.23109E-12  4.39631E+04  0.00000E+00  1.0E-05
  4.500E-04  1.54213E-11  1.23107E-12  4.39623E+04  0.00000E+00  1.0E-05
  4.750E-04  1.71823E-11  1.23105E-12  4.39615E+04  0.00000E+00  1.0E-05
  5.000E-04  1.90386E-11  1.23103E-12  4.39607E+04  0.00000E+00  1.0E-05
  5.250E-04  2.09900E-11  1.23100E-12  4.39599E+04  0.00000E+00  1.0E-05
  5.500E-04  2.30367E-11  1.23098E-12  4.39590E+04  0.00000E+00  1.0E-05
  5.750E-04  2.51785E-11  1.23095E-12  4.39580E+04  0.00000E+00  1.0E-05
  6.000E-04  2.74156E-11  1.23092E-12  4.39570E+04  0.00000E+00  1.0E-05
  6.250E-04  2.97478E-11  1.23089E-12  4.39560E+04  0.00000E+00  1.0E-05
  6.500E-04  3.21752E-11  1.23086E-12  4.39549E+04  0.00000E+00  1.0E-05
  6.750E-04  3.46979E-11  1.23083E-12  4.39538E+04  0.00000E+00  1.0E-05
  7.000E-04  3.73157E-11  1.23080E-12  4.39526E+04  0.00000E+00  1.0E-05
  7.250E-04  4.00286E-11  1.23077E-12  4.39514E+04  0.00000E+00  1.0E-05
  7.500E-04  4.28368E-11  1.23073E-12  4.39502E+04  0.00000E+00  1.0E-05
  7.750E-04  4.57402E-11  1.23069E-12  4.39489E+04  0.00000E+00  1.0E-05
  8.000E-04  4.87388E-11  1.23066E-12  4.39476E+04  0.00000E+00  1.0E-05
  8.250E-04  5.18325E-11  1.23062E-12  4.39462E+04  0.00000E+00  1.0E-05
  8.500E-04  5.50215E-11  1.23058E-12  4.39448E+04  0.00000E+00  1.0E-05
  8.750E-04  5.83057E-11  1.23054E-12  4.39434E+04  0.00000E+00  1.0E-05
  9.000E-04  6.16850E-11  1.23050E-12  4.39419E+04  0.00000E+00  1.0E-05
  9.250E-04  6.51595E-11  1.23045E-12  4.39403E+04  0.00000E+00  1.0E-05
  9.500E-04  6.87293E-11  1.23041E-12  4.39387E+04  0.00000E+00  1.0E-05
  9.750E-04  7.23943E-11  1.23036E-12  4.39371E+04  0.00000E+00  1.0E-05
  1.000E-03  7.61544E-11  1.23032E-12  4.39355E+04  0.00000E+00  1.0E-05
  1.250E-03  1.18991E-10  1.22979E-12  4.39165E+04  0.00000E+00  1.0E-05
  1.500E-03  1.71347E-10  1.22914E-12  4.38934E+04  0.00000E+00  1.0E-05
  1.750E-03  2.33223E-10  1.22838E-12  4.38661E+04  0.00000E+00  1.0E-05
  2.000E-03  3.04617E-10  1.22749E-12  4.38346E+04  0.00000E+00  1.0E-05
  2.250E-03  3.85531E-10  1.22650E-12  4.37990E+04  0.00000E+00  1.0E-05
  2.500E-03  4.75965E-10  1.22538E-12  4.37592E+04  0.00000E+00  1.0E-05
  2.750E-03  5.75917E-10  1.22415E-12  4.37153E+04  0.00000E+00  1.0E-05
  3.000E-03  6.85389E-10  1.22281E-12  4.36673E+04  0.00000E+00  1.0E-05
  3.250E-03  8.04380E-10  1.22135E-12  4.36153E+04  0.00000E+00  1.0E-05
  3.500E-03  9.32891E-10  1.21978E-12  4.35592E+04  0.00000E+00  1.0E-05
  3.750E-03  1.07092E-09  1.21810E-12  4.34990E+04  0.00000E+00  1.0E-05
  4.000E-03  1.21847E-09  1.21630E-12  4.34349E+04  0.00000E+00  1.0E-05
  4.250E-03  1.37554E-09  1.21439E-12  4.33668E+04  0.00000E+00  1.0E-05
  4.500E-03  1.54213E-09  1.21238E-12  4.32948E+04  0.00000E+00  1.0E-05
  4.750E-03  1.71823E-09  1.21025E-12  4.32189E+04  0.00000E+00  1.0E-05
  5.000E-03  1.90386E-09  1.20802E-12  4.31391E+04  0.00000E+00  1.0E-05
  5.250E-03  2.09900E-09  1.20568E-12  4.30555E+04  0.00000E+00  1.0E-05
  5.500E-03  2.30367E-09  1.20323E-12  4.29682E+04  0.00000E+00  1.0E-05
  5.750E-03  2.51785E-09  1.20068E-12  4.28770E+04  0.00000E+00  1.0E-05
  6.000E-03  2.74156E-09  1.19802E-12  4.27822E+04  0.00000E+00  1.0E-05
  6.250E-03  2.97478E-09  1.19527E-12  4.26837E+04  0.00000E+00  1.0E-05
  6.500E-03  3.21752E-09  1.19241E-12  4.25816E+04  0.00000E+00  1.0E-05
  6.750E-03  3.46978E-09  1.18945E-12  4.24760E+04  0.00000E+00  1.0E-05
  7.000E-03  3.73156E-09  1.18639E-12  4.23668E+04  0.00000E+00  1.0E-05
  7.250E-03  4.00286E-09  1.18324E-12  4.22541E+04  0.00000E+00  1.0E-05
  7.500E-03  4.28368E-09  1.17999E-12  4.21381E+04  0.00000E+00  1.0E-05
  7.750E-03  4.57402E-09  1.17664E-12  4.20187E+04  0.00000E+00  1.0E-05
  8.000E-03  4.87388E-09  1.17320E-12  4.18959E+04  0.00000E+00  1.0E-05
  8.250E-03  5.18326E-09  1.16968E-12  4.17699E+04  0.00000E+00  1.0E-05
  8.500E-03  5.50215E-09  1.16606E-12  4.16407E+04  0.00000E+00  1.0E-05
  8.750E-03  5.83057E-09  1.16235E-12  4.15083E+04  0.00000E+00  1.0E-05
  9.000E-03  6.16850E-09  1.15856E-12  4.13729E+04  0.00000E+00  1.0E-05
  9.250E-03  6.51596E-09  1.15468E-12  4.12344E+04  0.00000E+00  1.0E-05
  9.500E-03  6.87293E-09  1.15072E-12  4.10930E+04  0.00000E+00  1.0E-05
  9.750E-03  7.23942E-09  1.14668E-12  4.09486E+04  0.00000E+00  1.0E-05
  1.000E-02  7.61544E-09  1.14256E-12  4.08014E+04  0.00000E+00  1.0E-05
  1.250E-02  1.18991E-08  1.09733E-12  3.91865E+04  0.00000E+00  1.0E-05
  1.500E-02  1.71347E-08  1.04624E-12  3.73618E+04  0.00000E+00  1.0E-05
  1.750E-02  2.33223E-08  9.90889E-13  3.53853E+04  0.00000E+00  1.0E-05
  2.000E-02  3.04617E-08  9.33068E-13  3.33205E+04  0.00000E+00  1.0E-05
  2.250E-02  3.85531E-08  8.74574E-13  3.12316E+04  0.00000E+00  1.0E-05
  2.500E-02  4.75965E-08  8.16727E-13  2.91658E+04  0.00000E+00  1.0E-05
  2.750E-02  5.75917E-08  7.60445E-13  2.71560E+04  0.00000E+00  1.0E-05
  3.000E-02  6.85389E-08  7.06530E-13  2.52306E+04  0.00000E+00  1.0E-05
  3.250E-02  8.04380E-08  6.55715E-13  2.34160E+04  0.00000E+00  1.0E-05
  3.500E-02  9.32891E-08  6.08399E-13  2.17263E+04  0.00000E+00  1.0E-05
  3.750E-02  1.07092E-07  5.64498E-13  2.01586E+04  0.00000E+00  1.0E-05
  4.000E-02  1.21847E-07  5.24042E-13  1.87139E+04  0.00000E+00  1.0E-05
  4.250E-02  1.37554E-07  4.87020E-13  1.73918E+04  0.00000E+00  1.0E-05
  4.500E-02  1.54213E-07  4.53395E-13  1.61910E+04  0.00000E+00  1.0E-05
  4.750E-02  1.71823E-07  4.22732E-13  1.50960E+04  0.00000E+00  1.0E-05
  5.000E-02  1.90386E-07  3.94822E-13  1.40993E+04  0.00000E+00  1.0E-05
  5.250E-02  2.09900E-07  3.69446E-13  1.31932E+04  0.00000E+00  1.0E-05
  5.500E-02  2.30367E-07  3.46465E-13  1.23725E+04  0.00000E+00  1.0E-05
  5.750E-02  2.51785E-07  3.25511E-13  1.16242E+04  0.00000E+00  1.0E-05
  6.000E-02  2.74156E-07  3.06389E-13  1.09414E+04  0.00000E+00  1.0E-05
  6.250E-02  2.97478E-07  2.88919E-13  1.03175E+04  0.00000E+00  1.0E-05
  6.500E-02  3.21752E-07  2.72930E-13  9.74651E+03  0.00000E+00  1.0E-05
  6.750E-02  3.46978E-07  2.58235E-13  9.22176E+03  0.00000E+00  1.0E-05
  7.000E-02  3.73156E-07  2.44702E-13  8.73847E+03  0.00000E+00  1.0E-05
  7.250E-02  4.00286E-07  2.32212E-13  8.29245E+03  0.00000E+00  1.0E-05
  7.500E-02  4.28368E-07  2.20633E-13  7.87894E+03  0.00000E+00  1.0E-05
  7.750E-02  4.57402E-07  2.09866E-13  7.49444E+03  0.00000E+00  1.0E-05
  8.000E-02  4.87388E-07  1.99846E-13  7.13661E+03  0.00000E+00  1.0E-05
  8.250E-02  5.18325E-07  1.90502E-13  6.80295E+03  0.00000E+00  1.0E-05
  8.500E-02  5.50215E-07  1.81747E-13  6.49029E+03  0.00000E+00  1.0E-05
  8.750E-02  5.83057E-07  1.73511E-13  6.19618E+03  0.00000E+00  1.0E-05
  9.000E-02  6.16850E-07  1.65779E-13  5.92007E+03  0.00000E+00  1.0E-05
  9.250E-02  6.51596E-07  1.58509E-13  5.66046E+03  0.00000E+00  1.0E-05
  9.500E-02  6.87293E-07  1.51649E-13  5.41549E+03  0.00000E+00  1.0E-05
  9.750E-02  7.23942E-07  1.45134E-13  5.18283E+03  0.00000E+00  1.0E-05
  1.000E-01  7.61543E-07  1.38980E-13  4.96306E+03  0.00000E+00  1.0E-05
  1.250E-01  1.18991E-06  9.20228E-14  3.28619E+03  0.00000E+00  1.0E-05
  1.500E-01  1.71347E-06  6.18021E-14  2.20699E+03  0.00000E+00  1.0E-05
  1.750E-01  2.33223E-06  4.34224E-14  1.55064E+03  0.00000E+00  1.0E-05
  2.000E-01  3.04617E-06  3.13290E-14  1.11878E+03  0.00000E+00  1.0E-05
  2.250E-01  3.85531E-06  2.29916E-14  8.21046E+02  0.00000E+00  1.0E-05
  2.500E-01  4.75964E-06  1.72235E-14  6.15063E+02  0.00000E+00  1.0E-05
  2.750E-01  5.75916E-06  1.31700E-14  4.70310E+02  0.00000E+00  1.0E-05
  3.000E-01  6.85388E-06  1.02387E-14  3.65629E+02  0.00000E+00  1.0E-05
  3.250E-01  8.04378E-06  8.05037E-15  2.87484E+02  0.00000E+00  1.0E-05
  3.500E-01  9.32888E-06  6.39108E-15  2.28230E+02  0.00000E+00  1.0E-05
  3.750E-01  1.07092E-05  5.13297E-15  1.83302E+02  0.00000E+00  1.0E-05
  4.000E-01  1.21846E-05  4.16437E-15  1.48712E+02  0.00000E+00  1.0E-05
  4.250E-01  1.37553E-05  3.40743E-15  1.21682E+02  0.00000E+00  1.0E-05
  4.500E-01  1.54212E-05  2.80814E-15  1.00281E+02  0.00000E+00  1.0E-05
  4.750E-01  1.71822E-05  2.33492E-15  8.33816E+01  0.00000E+00  1.0E-05
  5.000E-01  1.90385E-05  1.95638E-15  6.98635E+01  0.00000E+00  1.0E-05
  5.250E-01  2.09899E-05  1.65355E-15  5.90494E+01  0.00000E+00  1.0E-05
  5.500E-01  2.30365E-05  1.40635E-15  5.02218E+01  0.00000E+00  1.0E-05
  5.750E-01  2.51783E-05  1.20431E-15  4.30067E+01  0.00000E+00  1.0E-05
  6.000E-01  2.74153E-05  1.03783E-15  3.70616E+01  0.00000E+00  1.0E-05
  6.250E-01  2.97475E-05  8.99734E-16  3.21301E+01  0.00000E+00  1.0E-05
  6.500E-01  3.21749E-05  7.84438E-16  2.80128E+01  0.00000E+00  1.0E-05
  6.750E-01  3.46974E-05  6.87153E-16  2.45387E+01  0.00000E+00  1.0E-05
  7.000E-01  3.73152E-05  6.04886E-16  2.16009E+01  0.00000E+00  1.0E-05
  7.250E-01  4.00281E-05  5.35006E-16  1.91054E+01  0.00000E+00  1.0E-05
  7.500E-01  4.28362E-05  4.75178E-16  1.69689E+01  0.00000E+00  1.0E-05
  7.750E-01  4.57395E-05  4.23671E-16  1.51296E+01  0.00000E+00  1.0E-05
  8.000E-01  4.87380E-05  3.79116E-16  1.35385E+01  0.00000E+00  1.0E-05
  8.250E-01  5.18317E-05  3.40368E-16  1.21548E+01  0.00000E+00  1.0E-05
  8.500E-01  5.50205E-05  3.06456E-16  1.09438E+01  0.00000E+00  1.0E-05
  8.750E-01  5.83045E-05  2.76637E-16  9.87887E+00  0.00000E+00  1.0E-05
  9.000E-01  6.16838E-05  2.50382E-16  8.94129E+00  0.00000E+00  1.0E-05
  9.250E-01  6.51582E-05  2.27186E-16  8.11297E+00  0.00000E+00  1.0E-05
  9.500E-01  6.87277E-05  2.06610E-16  7.37817E+00  0.00000E+00  1.0E-05
  9.750E-01  7.23925E-05  1.88273E-16  6.72336E+00  0.00000E+00  1.0E-05
  1.000E+00  7.61524E-05  1.71935E-16  6.13990E+00  0.00000E+00  7.3E-06
  1.100E+00  9.21439E-05  1.21872E-16  4.35212E+00  0.00000E+00  5.5E-06
  1.200E+00  1.09658E-04  8.87167E-17  3.16813E+00  0.00000E+00  3.0E-06
  1.300E+00  1.28695E-04  6.60531E-17  2.35880E+00  0.00000E+00  5.9E-07
  1.400E+00  1.49255E-04  5.01267E-17  1.79006E+00  0.00000E+00  1.2E-06
  1.500E+00  1.71338E-04  3.87526E-17  1.38388E+00  0.00000E+00  2.1E-06
  1.600E+00  1.94942E-04  3.04352E-17  1.08686E+00  0.00000E+00  2.3E-06
  1.700E+00  2.20070E-04  2.42335E-17  8.65395E-01  0.00000E+00  1.8E-06
  1.800E+00  2.46720E-04  1.95299E-17  6.97426E-01  0.00000E+00  1.0E-06
  1.900E+00  2.74892E-04  1.59193E-17  5.68488E-01  0.00000E+00  1.6E-07
  2.000E+00  3.04586E-04  1.31094E-17  4.68146E-01  0.00000E+00  5.4E-07
  2.100E+00  3.35803E-04  1.08955E-17  3.89086E-01  0.00000E+00  9.4E-07
  2.200E+00  3.68542E-04  9.12809E-18  3.25970E-01  0.00000E+00  1.0E-06
  2.300E+00  4.02802E-04  7.70676E-18  2.75213E-01  0.00000E+00  8.3E-07
  2.400E+00  4.38585E-04  6.55287E-18  2.34007E-01  0.00000E+00  4.6E-07
  2.500E+00  4.75889E-04  5.60801E-18  2.00266E-01  0.00000E+00  1.0E-07
  2.600E+00  5.14715E-04  4.82705E-18  1.72377E-01  0.00000E+00  3.1E-07
  2.700E+00  5.55063E-04  4.17788E-18  1.49195E-01  0.00000E+00  5.2E-07
  2.800E+00  5.96931E-04  3.63471E-18  1.29798E-01  0.00000E+00  5.6E-07
  2.900E+00  6.40321E-04  3.17732E-18  1.13464E-01  0.00000E+00  4.5E-07
  3.000E+00  6.85233E-04  2.78959E-18  9.96181E-02  0.00000E+00  2.4E-07
  3.100E+00  7.31665E-04  2.45930E-18  8.78232E-02  0.00000E+00  1.0E-07
  3.200E+00  7.79618E-04  2.17664E-18  7.77292E-02  0.00000E+00  2.0E-07
  3.300E+00  8.29092E-04  1.93357E-18  6.90489E-02  0.00000E+00  3.2E-07
  3.400E+00  8.80086E-04  1.72349E-18  6.15468E-02  0.00000E+00  3.4E-07
  3.500E+00  9.32601E-04  1.54115E-18  5.50355E-02  0.00000E+00  2.7E-07
  3.600E+00  9.86636E-04  1.38237E-18  4.93654E-02  0.00000E+00  1.4E-07
  3.700E+00  1.04219E-03  1.24357E-18  4.44089E-02  0.00000E+00  1.0E-07
  3.800E+00  1.09927E-03  1.12178E-18  4.00597E-02  0.00000E+00  1.4E-07
  3.900E+00  1.15786E-03  1.01451E-18  3.62289E-02  0.00000E+00  2.2E-07
  4.000E+00  1.21797E-03  9.19796E-19  3.28465E-02  0.00000E+00  2.3E-07
  4.100E+00  1.27961E-03  8.35909E-19  2.98508E-02  0.00000E+00  1.8E-07
  4.200E+00  1.34276E-03  7.61392E-19  2.71898E-02  0.00000E+00  1.0E-07
  4.300E+00  1.40743E-03  6.94974E-19  2.48180E-02  0.00000E+00  1.0E-07
  4.400E+00  1.47362E-03  6.35665E-19  2.27000E-02  0.00000E+00  1.0E-07
  4.500E+00  1.54133E-03  5.82570E-19  2.08040E-02  0.00000E+00  1.5E-07
  4.600E+00  1.61056E-03  5.34921E-19  1.91024E-02  0.00000E+00  1.6E-07
  4.700E+00  1.68131E-03  4.92041E-19  1.75711E-02  0.00000E+00  1.2E-07
  4.800E+00  1.75357E-03  4.53385E-19  1.61907E-02  0.00000E+00  1.0E-07
  4.900E+00  1.82735E-03  4.18466E-19  1.49437E-02  0.00000E+00  1.0E-07
  5.000E+00  1.90265E-03  3.86857E-19  1.38149E-02  0.00000E+00  1.0E-07
  5.100E+00  1.97947E-03  3.58181E-19  1.27909E-02  0.00000E+00  1.1E-07
  5.200E+00  2.05780E-03  3.32121E-19  1.18603E-02  0.00000E+00  1.2E-07
  5.300E+00  2.13765E-03  3.08399E-19  1.10131E-02  0.00000E+00  1.0E-07
  5.400E+00  2.21902E-03  2.86768E-19  1.02407E-02  0.00000E+00  1.0E-07
  5.500E+00  2.30190E-03  2.67006E-19  9.53496E-03  0.00000E+00  1.0E-07
  5.600E+00  2.38630E-03  2.48922E-19  8.88918E-03  0.00000E+00  1.0E-07
  5.700E+00  2.47222E-03  2.32353E-19  8.29747E-03  0.00000E+00  1.0E-07
  5.800E+00  2.55965E-03  2.17147E-19  7.75446E-03  0.00000E+00  1.0E-07
  5.900E+00  2.64859E-03  2.03170E-19  7.25535E-03  0.00000E+00  1.0E-07
  6.000E+00  2.73905E-03  1.90305E-19  6.79590E-03  0.00000E+00  1.0E-07
  6.100E+00  2.83103E-03  1.78448E-19  6.37248E-03  0.00000E+00  1.0E-07
  6.200E+00  2.92452E-03  1.67506E-19  5.98174E-03  0.00000E+00  1.0E-07
  6.300E+00  3.01952E-03  1.57395E-19  5.62067E-03  0.00000E+00  1.0E-07
  6.400E+00  3.11604E-03  1.48039E-19  5.28655E-03  0.00000E+00  1.0E-07
  6.500E+00  3.21407E-03  1.39372E-19  4.97707E-03  0.00000E+00  1.0E-07
  6.600E+00  3.31362E-03  1.31335E-19  4.69007E-03  0.00000E+00  1.0E-07
  6.700E+00  3.41468E-03  1.23874E-19  4.42362E-03  0.00000E+00  1.0E-07
  6.800E+00  3.51725E-03  1.16937E-19  4.17590E-03  0.00000E+00  1.0E-07
  6.900E+00  3.62133E-03  1.10483E-19  3.94543E-03  0.00000E+00  1.0E-07
  7.000E+00  3.72692E-03  1.04472E-19  3.73076E-03  0.00000E+00  1.0E-07
  7.100E+00  3.83403E-03  9.88671E-20  3.53061E-03  0.00000E+00  1.0E-07
  7.200E+00  3.94265E-03  9.36356E-20  3.34379E-03  0.00000E+00  1.0E-07
  7.300E+00  4.05278E-03  8.87483E-20  3.16926E-03  0.00000E+00  1.0E-07
  7.400E+00  4.16442E-03  8.41785E-20  3.00607E-03  0.00000E+00  1.0E-07
  7.500E+00  4.27757E-03  7.99016E-20  2.85334E-03  0.00000E+00  1.0E-07
  7.600E+00  4.39223E-03  7.58949E-20  2.71026E-03  0.00000E+00  1.0E-07
  7.700E+00  4.50840E-03  7.21384E-20  2.57611E-03  0.00000E+00  1.0E-07
  7.800E+00  4.62608E-03  6.86135E-20  2.45023E-03  0.00000E+00  1.0E-07
  7.900E+00  4.74527E-03  6.53034E-20  2.33203E-03  0.00000E+00  1.0E-07
  8.000E+00  4.86597E-03  6.21922E-20  2.22092E-03  0.00000E+00  1.0E-07
  8.100E+00  4.98817E-03  5.92657E-20  2.11642E-03  0.00000E+00  1.0E-07
  8.200E+00  5.11188E-03  5.65110E-20  2.01804E-03  0.00000E+00  1.0E-07
  8.300E+00  5.23711E-03  5.39161E-20  1.92538E-03  0.00000E+00  1.0E-07
  8.400E+00  5.36383E-03  5.14699E-20  1.83802E-03  0.00000E+00  1.0E-07
  8.500E+00  5.49207E-03  4.91621E-20  1.75561E-03  0.00000E+00  1.0E-07
  8.600E+00  5.62181E-03  4.69836E-20  1.67781E-03  0.00000E+00  1.0E-07
  8.700E+00  5.75306E-03  4.49257E-20  1.60432E-03  0.00000E+00  1.0E-07
  8.800E+00  5.88581E-03  4.29804E-20  1.53486E-03  0.00000E+00  1.0E-07
  8.900E+00  6.02007E-03  4.11403E-20  1.46915E-03  0.00000E+00  1.0E-07
  9.000E+00  6.15583E-03  3.93987E-20  1.40695E-03  0.00000E+00  1.0E-07
  9.100E+00  6.29310E-03  3.77493E-20  1.34805E-03  0.00000E+00  1.0E-07
  9.200E+00  6.43187E-03  3.61864E-20  1.29224E-03  0.00000E+00  1.0E-07
  9.300E+00  6.57214E-03  3.47043E-20  1.23931E-03  0.00000E+00  1.0E-07
  9.400E+00  6.71392E-03  3.32982E-20  1.18910E-03  0.00000E+00  1.0E-07
  9.500E+00  6.85720E-03  3.19634E-20  1.14143E-03  0.00000E+00  1.0E-07
  9.600E+00  7.00198E-03  3.06957E-20  1.09616E-03  0.00000E+00  1.0E-07
  9.700E+00  7.14827E-03  2.94909E-20  1.05314E-03  0.00000E+00  1.0E-07
  9.800E+00  7.29605E-03  2.83453E-20  1.01223E-03  0.00000E+00  1.0E-07
  9.900E+00  7.44534E-03  2.72555E-20  9.73310E-04  0.00000E+00  1.0E-07
  1.000E+01  7.59612E-03  2.62182E-20  9.36269E-04  0.00000E+00  1.0E-07
  1.025E+01  7.97965E-03  2.38354E-20  8.51179E-04  0.00000E+00  1.0E-07
  1.050E+01  8.37255E-03  2.17205E-20  7.75653E-04  0.00000E+00  1.0E-07
  1.075E+01  8.77480E-03  1.98378E-20  7.08422E-04  0.00000E+00  1.0E-07
  1.100E+01  9.18641E-03  1.81574E-20  6.48413E-04  0.00000E+00  1.0E-07
  1.125E+01  9.60736E-03  1.66535E-20  5.94708E-04  0.00000E+00  1.0E-07
  1.150E+01  1.00376E-02  1.53042E-20  5.46525E-04  0.00000E+00  1.0E-07
  1.175E+01  1.04773E-02  1.40908E-20  5.03191E-04  0.00000E+00  1.0E-07
  1.200E+01  1.09262E-02  1.29970E-20  4.64130E-04  0.00000E+00  1.0E-07
  1.225E+01  1.13844E-02  1.20088E-20  4.28843E-04  0.00000E+00  1.0E-07
  1.250E+01  1.18520E-02  1.11142E-20  3.96897E-04  0.00000E+00  1.0E-07
  1.275E+01  1.23288E-02  1.03027E-20  3.67917E-04  0.00000E+00  1.0E-07
  1.300E+01  1.28150E-02  9.56512E-21  3.41577E-04  0.00000E+00  1.0E-07
  1.325E+01  1.33104E-02  8.89340E-21  3.17589E-04  0.00000E+00  1.0E-07
  1.350E+01  1.38150E-02  8.28068E-21  2.95709E-04  0.00000E+00  1.0E-07
  1.375E+01  1.43290E-02  7.72072E-21  2.75712E-04  0.00000E+00  1.0E-07
  1.400E+01  1.48521E-02  7.20812E-21  2.57407E-04  0.00000E+00  1.0E-07
  1.425E+01  1.53845E-02  6.73816E-21  2.40624E-04  0.00000E+00  1.0E-07
  1.450E+01  1.59262E-02  6.30660E-21  2.25213E-04  0.00000E+00  1.0E-07
  1.475E+01  1.64770E-02  5.90970E-21  2.11039E-04  0.00000E+00  1.0E-07
  1.500E+01  1.70371E-02  5.54413E-21  1.97984E-04  0.00000E+00  1.0E-07
  1.525E+01  1.76063E-02  5.20696E-21  1.85944E-04  0.00000E+00  1.0E-07
  1.550E+01  1.81848E-02  4.89558E-21  1.74824E-04  0.00000E+00  1.0E-07
  1.575E+01  1.87724E-02  4.60760E-21  1.64541E-04  0.00000E+00  1.0E-07
  1.600E+01  1.93692E-02  4.34093E-21  1.55018E-04  0.00000E+00  1.0E-07
  1.625E+01  1.99751E-02  4.09370E-21  1.46189E-04  0.00000E+00  1.0E-07
  1.650E+01  2.05901E-02  3.86422E-21  1.37994E-04  0.00000E+00  1.0E-07
  1.675E+01  2.12143E-02  3.65096E-21  1.30378E-04  0.00000E+00  1.0E-07
  1.700E+01  2.18476E-02  3.45254E-21  1.23293E-04  0.00000E+00  1.0E-07
  1.725E+01  2.24900E-02  3.26774E-21  1.16693E-04  0.00000E+00  1.0E-07
  1.750E+01  2.31415E-02  3.09544E-21  1.10540E-04  0.00000E+00  1.0E-07
  1.775E+01  2.38021E-02  2.93462E-21  1.04797E-04  0.00000E+00  1.0E-07
  1.800E+01  2.44717E-02  2.78436E-21  9.94313E-05  0.00000E+00  1.0E-07
  1.825E+01  2.51504E-02  2.64384E-21  9.44133E-05  0.00000E+00  1.0E-07
  1.850E+01  2.58382E-02  2.51231E-21  8.97161E-05  0.00000E+00  1.0E-07
  1.875E+01  2.65349E-02  2.38906E-21  8.53150E-05  0.00000E+00  1.0E-07
  1.900E+01  2.72407E-02  2.27348E-21  8.11875E-05  0.00000E+00  1.0E-07
  1.925E+01  2.79555E-02  2.16499E-21  7.73133E-05  0.00000E+00  1.0E-07
  1.950E+01  2.86793E-02  2.06308E-21  7.36738E-05  0.00000E+00  1.0E-07
  1.975E+01  2.94120E-02  1.96725E-21  7.02519E-05  0.00000E+00  1.0E-07
  2.000E+01  3.01537E-02  1.87708E-21  6.70319E-05  0.00000E+00  1.0E-07
  2.025E+01  3.09043E-02  1.79217E-21  6.39995E-05  0.00000E+00  1.0E-07
  2.050E+01  3.16639E-02  1.71214E-21  6.11416E-05  0.00000E+00  1.0E-07
  2.075E+01  3.24324E-02  1.63666E-21  5.84462E-05  0.00000E+00  1.0E-07
  2.100E+01  3.32098E-02  1.56542E-21  5.59020E-05  0.00000E+00  1.0E-07
  2.125E+01  3.39961E-02  1.49812E-21  5.34989E-05  0.00000E+00  1.0E-07
  2.150E+01  3.47912E-02  1.43452E-21  5.12275E-05  0.00000E+00  1.0E-07
  2.175E+01  3.55952E-02  1.37435E-21  4.90791E-05  0.00000E+00  1.0E-07
  2.200E+01  3.64081E-02  1.31741E-21  4.70456E-05  0.00000E+00  1.0E-07
  2.225E+01  3.72297E-02  1.26348E-21  4.51196E-05  0.00000E+00  1.0E-07
  2.250E+01  3.80602E-02  1.21237E-21  4.32944E-05  0.00000E+00  1.0E-07
  2.275E+01  3.88995E-02  1.16390E-21  4.15635E-05  0.00000E+00  1.0E-07
  2.300E+01  3.97476E-02  1.11790E-21  3.99210E-05  0.00000E+00  1.0E-07
  2.325E+01  4.06044E-02  1.07423E-21  3.83615E-05  0.00000E+00  1.0E-07
  2.350E+01  4.14700E-02  1.03274E-21  3.68799E-05  0.00000E+00  1.0E-07
  2.375E+01  4.23443E-02  9.93306E-22  3.54716E-05  0.00000E+00  1.0E-07
  2.400E+01  4.32273E-02  9.55796E-22  3.41321E-05  0.00000E+00  1.0E-07
  2.425E+01  4.41190E-02  9.20101E-22  3.28574E-05  0.00000E+00  1.0E-07
  2.450E+01  4.50194E-02  8.86114E-22  3.16437E-05  0.00000E+00  1.0E-07
  2.475E+01  4.59284E-02  8.53736E-22  3.04875E-05  0.00000E+00  1.0E-07
  2.500E+01  4.68461E-02  8.22875E-22  2.93854E-05  0.00000E+00  1.0E-07
  2.550E+01  4.87074E-02  7.65365E-22  2.73317E-05  0.00000E+00  1.0E-07
  2.600E+01  5.06030E-02  7.12964E-22  2.54604E-05  0.00000E+00  1.0E-07
  2.650E+01  5.25328E-02  6.65125E-22  2.37520E-05  0.00000E+00  1.0E-07
  2.700E+01  5.44967E-02  6.21372E-22  2.21896E-05  0.00000E+00  1.0E-07
  2.750E+01  5.64946E-02  5.81285E-22  2.07581E-05  0.00000E+00  1.0E-07
  2.800E+01  5.85262E-02  5.44495E-22  1.94443E-05  0.00000E+00  1.0E-07
  2.850E+01  6.05914E-02  5.10675E-22  1.82365E-05  0.00000E+00  1.0E-07
  2.900E+01  6.26901E-02  4.79537E-22  1.71246E-05  0.00000E+00  1.0E-07
  2.950E+01  6.48222E-02  4.50824E-22  1.60992E-05  0.00000E+00  1.0E-07
  3.000E+01  6.69873E-02  4.24308E-22  1.51523E-05  0.00000E+00  1.0E-07
  3.050E+01  6.91854E-02  3.99787E-22  1.42766E-05  0.00000E+00  1.0E-07
  3.100E+01  7.14163E-02  3.77079E-22  1.34657E-05  0.00000E+00  1.0E-07
  3.150E+01  7.36799E-02  3.56022E-22  1.27138E-05  0.00000E+00  1.0E-07
  3.200E+01  7.59760E-02  3.36471E-22  1.20156E-05  0.00000E+00  1.0E-07
  3.250E+01  7.83043E-02  3.18296E-22  1.13666E-05  0.00000E+00  1.0E-07
  3.300E+01  8.06647E-02  3.01379E-22  1.07624E-05  0.00000E+00  1.0E-07
  3.350E+01  8.30571E-02  2.85614E-22  1.01995E-05  0.00000E+00  1.0E-07
  3.400E+01  8.54812E-02  2.70907E-22  9.67428E-06  0.00000E+00  1.0E-07
  3.450E+01  8.79369E-02  2.57172E-22  9.18379E-06  0.00000E+00  1.0E-07
  3.500E+01  9.04240E-02  2.44331E-22  8.72521E-06  0.00000E+00  1.0E-07
  3.550E+01  9.29422E-02  2.32312E-22  8.29601E-06  0.00000E+00  1.0E-07
  3.600E+01  9.54915E-02  2.21052E-22  7.89391E-06  0.00000E+00  1.0E-07
  3.650E+01  9.80716E-02  2.10493E-22  7.51685E-06  0.00000E+00  1.0E-07
  3.700E+01  1.00682E-01  2.00582E-22  7.16290E-06  0.00000E+00  1.0E-07
  3.750E+01  1.03323E-01  1.91269E-22  6.83035E-06  0.00000E+00  1.0E-07
  3.800E+01  1.05995E-01  1.82512E-22  6.51763E-06  0.00000E+00  1.0E-07
  3.850E+01  1.08696E-01  1.74270E-22  6.22329E-06  0.00000E+00  1.0E-07
  3.900E+01  1.11427E-01  1.66505E-22  5.94602E-06  0.00000E+00  1.0E-07
  3.950E+01  1.14188E-01  1.59185E-22  5.68461E-06  0.00000E+00  1.0E-07
  4.000E+01  1.16978E-01  1.52278E-22  5.43795E-06  0.00000E+00  1.0E-07
  4.050E+01  1.19797E-01  1.45756E-22  5.20503E-06  0.00000E+00  1.0E-07
  4.100E+01  1.22645E-01  1.39592E-22  4.98492E-06  0.00000E+00  1.0E-07
  4.150E+01  1.25522E-01  1.33763E-22  4.77675E-06  0.00000E+00  1.0E-07
  4.200E+01  1.28428E-01  1.28246E-22  4.57974E-06  0.00000E+00  1.0E-07
  4.250E+01  1.31361E-01  1.23021E-22  4.39314E-06  0.00000E+00  1.0E-07
  4.300E+01  1.34323E-01  1.18068E-22  4.21629E-06  0.00000E+00  1.0E-07
  4.350E+01  1.37313E-01  1.13371E-22  4.04857E-06  0.00000E+00  1.0E-07
  4.400E+01  1.40330E-01  1.08914E-22  3.88939E-06  0.00000E+00  1.0E-07
  4.450E+01  1.43375E-01  1.04681E-22  3.73824E-06  0.00000E+00  1.0E-07
  4.500E+01  1.46447E-01  1.00659E-22  3.59460E-06  0.00000E+00  1.0E-07
  4.550E+01  1.49545E-01  9.68345E-23  3.45802E-06  0.00000E+00  1.0E-07
  4.600E+01  1.52671E-01  9.31960E-23  3.32809E-06  0.00000E+00  1.0E-07
  4.650E+01  1.55823E-01  8.97322E-23  3.20440E-06  0.00000E+00  1.0E-07
  4.700E+01  1.59001E-01  8.64329E-23  3.08658E-06  0.00000E+00  1.0E-07
  4.750E+01  1.62205E-01  8.32885E-23  2.97429E-06  0.00000E+00  1.0E-07
  4.800E+01  1.65435E-01  8.02902E-23  2.86721E-06  0.00000E+00  1.0E-07
  4.850E+01  1.68690E-01  7.74294E-23  2.76505E-06  0.00000E+00  1.0E-07
  4.900E+01  1.71970E-01  7.46986E-23  2.66754E-06  0.00000E+00  1.0E-07
  4.950E+01  1.75276E-01  7.20905E-23  2.57440E-06  0.00000E+00  1.0E-07
  5.000E+01  1.78606E-01  6.95984E-23  2.48540E-06  0.00000E+00  1.0E-07
  5.050E+01  1.81961E-01  6.72158E-23  2.40032E-06  0.00000E+00  1.0E-07
  5.100E+01  1.85340E-01  6.49369E-23  2.31894E-06  0.00000E+00  1.0E-07
  5.150E+01  1.88743E-01  6.27562E-23  2.24106E-06  0.00000E+00  1.0E-07
  5.200E+01  1.92169E-01  6.06684E-23  2.16651E-06  0.00000E+00  1.0E-07
  5.250E+01  1.95619E-01  5.86686E-23  2.09509E-06  0.00000E+00  1.0E-07
  5.300E+01  1.99092E-01  5.67523E-23  2.02666E-06  0.00000E+00  1.0E-07
  5.350E+01  2.02589E-01  5.49152E-23  1.96106E-06  0.00000E+00  1.0E-07
  5.400E+01  2.06107E-01  5.31534E-23  1.89814E-06  0.00000E+00  1.0E-07
  5.450E+01  2.09649E-01  5.14629E-23  1.83777E-06  0.00000E+00  1.0E-07
  5.500E+01  2.13212E-01  4.98404E-23  1.77983E-06  0.00000E+00  1.0E-07
  5.550E+01  2.16797E-01  4.82823E-23  1.72419E-06  0.00000E+00  1.0E-07
  5.600E+01  2.20404E-01  4.67856E-23  1.67074E-06  0.00000E+00  1.0E-07
  5.650E+01  2.24032E-01  4.53472E-23  1.61938E-06  0.00000E+00  1.0E-07
  5.700E+01  2.27680E-01  4.39644E-23  1.57000E-06  0.00000E+00  1.0E-07
  5.750E+01  2.31350E-01  4.26346E-23  1.52251E-06  0.00000E+00  1.0E-07
  5.800E+01  2.35040E-01  4.13552E-23  1.47682E-06  0.00000E+00  1.0E-07
  5.850E+01  2.38751E-01  4.01238E-23  1.43285E-06  0.00000E+00  1.0E-07
  5.900E+01  2.42481E-01  3.89384E-23  1.39051E-06  0.00000E+00  1.0E-07
  5.950E+01  2.46231E-01  3.77967E-23  1.34974E-06  0.00000E+00  1.0E-07
  6.000E+01  2.50000E-01  3.66968E-23  1.31046E-06  0.00000E+00  1.0E-07
  6.050E+01  2.53788E-01  3.56367E-23  1.27261E-06  0.00000E+00  1.0E-07
  6.100E+01  2.57595E-01  3.46148E-23  1.23612E-06  0.00000E+00  1.0E-07
  6.150E+01  2.61421E-01  3.36293E-23  1.20093E-06  0.00000E+00  1.0E-07
  6.200E+01  2.65264E-01  3.26787E-23  1.16698E-06  0.00000E+00  1.0E-07
  6.250E+01  2.69126E-01  3.17613E-23  1.13422E-06  0.00000E+00  1.0E-07
  6.300E+01  2.73005E-01  3.08759E-23  1.10260E-06  0.00000E+00  1.0E-07
  6.350E+01  2.76901E-01  3.00209E-23  1.07207E-06  0.00000E+00  1.0E-07
  6.400E+01  2.80814E-01  2.91952E-23  1.04258E-06  0.00000E+00  1.0E-07
  6.450E+01  2.84744E-01  2.83974E-23  1.01409E-06  0.00000E+00  1.0E-07
  6.500E+01  2.88691E-01  2.76265E-23  9.86561E-07  0.00000E+00  1.0E-07
  6.550E+01  2.92653E-01  2.68813E-23  9.59949E-07  0.00000E+00  1.0E-07
  6.600E+01  2.96632E-01  2.61608E-23  9.34219E-07  0.00000E+00  1.0E-07
  6.650E+01  3.00625E-01  2.54639E-23  9.09332E-07  0.00000E+00  1.0E-07
  6.700E+01  3.04634E-01  2.47897E-23  8.85257E-07  0.00000E+00  1.0E-07
  6.750E+01  3.08658E-01  2.41373E-23  8.61960E-07  0.00000E+00  1.0E-07
  6.800E+01  3.12697E-01  2.35059E-23  8.39410E-07  0.00000E+00  1.0E-07
  6.850E+01  3.16749E-01  2.28945E-23  8.17577E-07  0.00000E+00  1.0E-07
  6.900E+01  3.20816E-01  2.23024E-23  7.96435E-07  0.00000E+00  1.0E-07
  6.950E+01  3.24896E-01  2.17290E-23  7.75956E-07  0.00000E+00  1.0E-07
  7.000E+01  3.28990E-01  2.11733E-23  7.56114E-07  0.00000E+00  1.0E-07
  7.050E+01  3.33097E-01  2.06349E-23  7.36885E-07  0.00000E+00  1.0E-07
  7.100E+01  3.37216E-01  2.01129E-23  7.18246E-07  0.00000E+00  1.0E-07
  7.150E+01  3.41348E-01  1.96069E-23  7.00174E-07  0.00000E+00  1.0E-07
  7.200E+01  3.45492E-01  1.91161E-23  6.82649E-07  0.00000E+00  1.0E-07
  7.250E+01  3.49647E-01  1.86401E-23  6.65650E-07  0.00000E+00  1.0E-07
  7.300E+01  3.53814E-01  1.81783E-23  6.49158E-07  0.00000E+00  1.0E-07
  7.350E+01  3.57992E-01  1.77301E-23  6.33153E-07  0.00000E+00  1.0E-07
  7.400E+01  3.62181E-01  1.72951E-23  6.17619E-07  0.00000E+00  1.0E-07
  7.450E+01  3.66381E-01  1.68728E-23  6.02539E-07  0.00000E+00  1.0E-07
  7.500E+01  3.70590E-01  1.64628E-23  5.87896E-07  0.00000E+00  1.0E-07
  7.550E+01  3.74810E-01  1.60645E-23  5.73674E-07  0.00000E+00  1.0E-07
  7.600E+01  3.79039E-01  1.56777E-23  5.59860E-07  0.00000E+00  1.0E-07
  7.650E+01  3.83277E-01  1.53018E-23  5.46438E-07  0.00000E+00  1.0E-07
  7.700E+01  3.87524E-01  1.49366E-23  5.33395E-07  0.00000E+00  1.0E-07
  7.750E+01  3.91780E-01  1.45816E-23  5.20717E-07  0.00000E+00  1.0E-07
  7.800E+01  3.96044E-01  1.42365E-23  5.08393E-07  0.00000E+00  1.0E-07
  7.850E+01  4.00316E-01  1.39009E-23  4.96410E-07  0.00000E+00  1.0E-07
  7.900E+01  4.04596E-01  1.35746E-23  4.84757E-07  0.00000E+00  1.0E-07
  7.950E+01  4.08882E-01  1.32572E-23  4.73422E-07  0.00000E+00  1.0E-07
  8.000E+01  4.13176E-01  1.29484E-23  4.62395E-07  0.00000E+00  1.0E-07
  8.050E+01  4.17476E-01  1.26479E-23  4.51666E-07  0.00000E+00  1.0E-07
  8.100E+01  4.21783E-01  1.23556E-23  4.41225E-07  0.00000E+00  1.0E-07
  8.150E+01  4.26095E-01  1.20710E-23  4.31062E-07  0.00000E+00  1.0E-07
  8.200E+01  4.30413E-01  1.17939E-23  4.21169E-07  0.00000E+00  1.0E-07
  8.250E+01  4.34737E-01  1.15242E-23  4.11536E-07  0.00000E+00  1.0E-07
  8.300E+01  4.39065E-01  1.12615E-23  4.02156E-07  0.00000E+00  1.0E-07
  8.350E+01  4.43398E-01  1.10057E-23  3.93019E-07  0.00000E+00  1.0E-07
  8.400E+01  4.47736E-01  1.07564E-23  3.84120E-07  0.00000E+00  1.0E-07
  8.450E+01  4.52077E-01  1.05136E-23  3.75449E-07  0.00000E+00  1.0E-07
  8.500E+01  4.56422E-01  1.02770E-23  3.67000E-07  0.00000E+00  1.0E-07
  8.550E+01  4.60770E-01  1.00465E-23  3.58766E-07  0.00000E+00  1.0E-07
  8.600E+01  4.65122E-01  9.82174E-24  3.50741E-07  0.00000E+00  1.0E-07
  8.650E+01  4.69476E-01  9.60265E-24  3.42917E-07  0.00000E+00  1.0E-07
  8.700E+01  4.73832E-01  9.38905E-24  3.35289E-07  0.00000E+00  1.0E-07
  8.750E+01  4.78190E-01  9.18076E-24  3.27851E-07  0.00000E+00  1.0E-07
  8.800E+01  4.82550E-01  8.97763E-24  3.20597E-07  0.00000E+00  1.0E-07
  8.850E+01  4.86912E-01  8.77949E-24  3.13521E-07  0.00000E+00  1.0E-07
  8.900E+01  4.91274E-01  8.58621E-24  3.06619E-07  0.00000E+00  1.0E-07
  8.950E+01  4.95637E-01  8.39763E-24  2.99885E-07  0.00000E+00  1.0E-07
  9.000E+01  5.00000E-01  8.21362E-24  2.93314E-07  0.00000E+00  1.0E-07
  9.050E+01  5.04363E-01  8.03405E-24  2.86901E-07  0.00000E+00  1.0E-07
  9.100E+01  5.08726E-01  7.85878E-24  2.80642E-07  0.00000E+00  1.0E-07
  9.150E+01  5.13088E-01  7.68769E-24  2.74532E-07  0.00000E+00  1.0E-07
  9.200E+01  5.17450E-01  7.52066E-24  2.68568E-07  0.00000E+00  1.0E-07
  9.250E+01  5.21810E-01  7.35757E-24  2.62744E-07  0.00000E+00  1.0E-07
  9.300E+01  5.26168E-01  7.19832E-24  2.57057E-07  0.00000E+00  1.0E-07
  9.350E+01  5.30524E-01  7.04278E-24  2.51502E-07  0.00000E+00  1.0E-07
  9.400E+01  5.34878E-01  6.89087E-24  2.46077E-07  0.00000E+00  1.0E-07
  9.450E+01  5.39230E-01  6.74247E-24  2.40778E-07  0.00000E+00  1.0E-07
  9.500E+01  5.43578E-01  6.59750E-24  2.35601E-07  0.00000E+00  1.0E-07
  9.550E+01  5.47923E-01  6.45584E-24  2.30542E-07  0.00000E+00  1.0E-07
  9.600E+01  5.52264E-01  6.31743E-24  2.25599E-07  0.00000E+00  1.0E-07
  9.650E+01  5.56602E-01  6.18215E-24  2.20769E-07  0.00000E+00  1.0E-07
  9.700E+01  5.60935E-01  6.04994E-24  2.16047E-07  0.00000E+00  1.0E-07
  9.750E+01  5.65263E-01  5.92070E-24  2.11432E-07  0.00000E+00  1.0E-07
  9.800E+01  5.69587E-01  5.79436E-24  2.06920E-07  0.00000E+00  1.0E-07
  9.850E+01  5.73905E-01  5.67083E-24  2.02509E-07  0.00000E+00  1.0E-07
  9.900E+01  5.78217E-01  5.55005E-24  1.98196E-07  0.00000E+00  1.0E-07
  9.950E+01  5.82524E-01  5.43195E-24  1.93978E-07  0.00000E+00  1.0E-07
  1.000E+02  5.86824E-01  5.31644E-24  1.89854E-07  0.00000E+00  1.0E-07
  1.005E+02  5.91118E-01  5.20347E-24  1.85819E-07  0.00000E+00  1.0E-07
  1.010E+02  5.95404E-01  5.09297E-24  1.81873E-07  0.00000E+00  1.0E-07
  1.015E+02  5.99684E-01  4.98487E-24  1.78013E-07  0.00000E+00  1.0E-07
  1.020E+02  6.03956E-01  4.87910E-24  1.74236E-07  0.00000E+00  1.0E-07
  1.025E+02  6.08220E-01  4.77562E-24  1.70541E-07  0.00000E+00  1.0E-07
  1.030E+02  6.12476E-01  4.67436E-24  1.66925E-07  0.00000E+00  1.0E-07
  1.035E+02  6.16723E-01  4.57527E-24  1.63386E-07  0.00000E+00  1.0E-07
  1.040E+02  6.20961E-01  4.47830E-24  1.59923E-07  0.00000E+00  1.0E-07
  1.045E+02  6.25190E-01  4.38338E-24  1.56533E-07  0.00000E+00  1.0E-07
  1.050E+02  6.29410E-01  4.29047E-24  1.53216E-07  0.00000E+00  1.0E-07
  1.055E+02  6.33619E-01  4.19952E-24  1.49968E-07  0.00000E+00  1.0E-07
  1.060E+02  6.37819E-01  4.11048E-24  1.46788E-07  0.00000E+00  1.0E-07
  1.065E+02  6.42008E-01  4.02329E-24  1.43674E-07  0.00000E+00  1.0E-07
  1.070E+02  6.46186E-01  3.93793E-24  1.40626E-07  0.00000E+00  1.0E-07
  1.075E+02  6.50353E-01  3.85434E-24  1.37641E-07  0.00000E+00  1.0E-07
  1.080E+02  6.54508E-01  3.77248E-24  1.34718E-07  0.00000E+00  1.0E-07
  1.085E+02  6.58652E-01  3.69231E-24  1.31855E-07  0.00000E+00  1.0E-07
  1.090E+02  6.62784E-01  3.61379E-24  1.29051E-07  0.00000E+00  1.0E-07
  1.095E+02  6.66903E-01  3.53687E-24  1.26304E-07  0.00000E+00  1.0E-07
  1.100E+02  6.71010E-01  3.46153E-24  1.23614E-07  0.00000E+00  1.0E-07
  1.105E+02  6.75104E-01  3.38772E-24  1.20978E-07  0.00000E+00  1.0E-07
  1.110E+02  6.79184E-01  3.31541E-24  1.18395E-07  0.00000E+00  1.0E-07
  1.115E+02  6.83251E-01  3.24456E-24  1.15865E-07  0.00000E+00  1.0E-07
  1.120E+02  6.87303E-01  3.17514E-24  1.13386E-07  0.00000E+00  1.0E-07
  1.125E+02  6.91342E-01  3.10712E-24  1.10957E-07  0.00000E+00  1.0E-07
  1.130E+02  6.95366E-01  3.04046E-24  1.08577E-07  0.00000E+00  1.0E-07
  1.135E+02  6.99375E-01  2.97513E-24  1.06244E-07  0.00000E+00  1.0E-07
  1.140E+02  7.03368E-01  2.91111E-24  1.03958E-07  0.00000E+00  1.0E-07
  1.145E+02  7.07347E-01  2.84836E-24  1.01717E-07  0.00000E+00  1.0E-07
  1.150E+02  7.11309E-01  2.78685E-24  9.95202E-08  0.00000E+00  1.0E-07
  1.155E+02  7.15256E-01  2.72656E-24  9.73672E-08  0.00000E+00  1.0E-07
  1.160E+02  7.19186E-01  2.66746E-24  9.52567E-08  0.00000E+00  1.0E-07
  1.165E+02  7.23099E-01  2.60952E-24  9.31878E-08  0.00000E+00  1.0E-07
  1.170E+02  7.26995E-01  2.55272E-24  9.11594E-08  0.00000E+00  1.0E-07
  1.175E+02  7.30874E-01  2.49704E-24  8.91708E-08  0.00000E+00  1.0E-07
  1.180E+02  7.34736E-01  2.44244E-24  8.72210E-08  0.00000E+00  1.0E-07
  1.185E+02  7.38579E-01  2.38890E-24  8.53093E-08  0.00000E+00  1.0E-07
  1.190E+02  7.42405E-01  2.33641E-24  8.34348E-08  0.00000E+00  1.0E-07
  1.195E+02  7.46212E-01  2.28494E-24  8.15967E-08  0.00000E+00  1.0E-07
  1.200E+02  7.50000E-01  2.23446E-24  7.97942E-08  0.00000E+00  1.0E-07
  1.205E+02  7.53769E-01  2.18497E-24  7.80266E-08  0.00000E+00  1.0E-07
  1.210E+02  7.57519E-01  2.13642E-24  7.62931E-08  0.00000E+00  1.0E-07
  1.215E+02  7.61249E-01  2.08882E-24  7.45930E-08  0.00000E+00  1.0E-07
  1.220E+02  7.64960E-01  2.04213E-24  7.29257E-08  0.00000E+00  1.0E-07
  1.225E+02  7.68650E-01  1.99633E-24  7.12903E-08  0.00000E+00  1.0E-07
  1.230E+02  7.72320E-01  1.95142E-24  6.96864E-08  0.00000E+00  1.0E-07
  1.235E+02  7.75968E-01  1.90736E-24  6.81132E-08  0.00000E+00  1.0E-07
  1.240E+02  7.79596E-01  1.86415E-24  6.65701E-08  0.00000E+00  1.0E-07
  1.245E+02  7.83203E-01  1.82177E-24  6.50565E-08  0.00000E+00  1.0E-07
  1.250E+02  7.86788E-01  1.78019E-24  6.35718E-08  0.00000E+00  1.0E-07
  1.255E+02  7.90351E-01  1.73941E-24  6.21155E-08  0.00000E+00  1.0E-07
  1.260E+02  7.93893E-01  1.69940E-24  6.06868E-08  0.00000E+00  1.0E-07
  1.265E+02  7.97411E-01  1.66016E-24  5.92854E-08  0.00000E+00  1.0E-07
  1.270E+02  8.00908E-01  1.62166E-24  5.79106E-08  0.00000E+00  1.0E-07
  1.275E+02  8.04381E-01  1.58390E-24  5.65620E-08  0.00000E+00  1.0E-07
  1.280E+02  8.07831E-01  1.54685E-24  5.52390E-08  0.00000E+00  1.0E-07
  1.285E+02  8.11257E-01  1.51050E-24  5.39411E-08  0.00000E+00  1.0E-07
  1.290E+02  8.14660E-01  1.47485E-24  5.26678E-08  0.00000E+00  1.0E-07
  1.295E+02  8.18039E-01  1.43987E-24  5.14187E-08  0.00000E+00  1.0E-07
  1.300E+02  8.21394E-01  1.40556E-24  5.01934E-08  0.00000E+00  1.0E-07
  1.305E+02  8.24724E-01  1.37190E-24  4.89913E-08  0.00000E+00  1.0E-07
  1.310E+02  8.28030E-01  1.33887E-24  4.78120E-08  0.00000E+00  1.0E-07
  1.315E+02  8.31310E-01  1.30647E-24  4.66551E-08  0.00000E+00  1.0E-07
  1.320E+02  8.34565E-01  1.27469E-24  4.55201E-08  0.00000E+00  1.0E-07
  1.325E+02  8.37795E-01  1.24352E-24  4.44068E-08  0.00000E+00  1.0E-07
  1.330E+02  8.40999E-01  1.21293E-24  4.33146E-08  0.00000E+00  1.0E-07
  1.335E+02  8.44177E-01  1.18293E-24  4.22432E-08  0.00000E+00  1.0E-07
  1.340E+02  8.47329E-01  1.15350E-24  4.11922E-08  0.00000E+00  1.0E-07
  1.345E+02  8.50455E-01  1.12463E-24  4.01613E-08  0.00000E+00  1.0E-07
  1.350E+02  8.53553E-01  1.09631E-24  3.91500E-08  0.00000E+00  1.0E-07
  1.355E+02  8.56625E-01  1.06853E-24  3.81581E-08  0.00000E+00  1.0E-07
  1.360E+02  8.59670E-01  1.04129E-24  3.71851E-08  0.00000E+00  1.0E-07
  1.365E+02  8.62687E-01  1.01457E-24  3.62308E-08  0.00000E+00  1.0E-07
  1.370E+02  8.65677E-01  9.88357E-25  3.52949E-08  0.00000E+00  1.0E-07
  1.375E+02  8.68639E-01  9.62652E-25  3.43769E-08  0.00000E+00  1.0E-07
  1.380E+02  8.71572E-01  9.37443E-25  3.34767E-08  0.00000E+00  1.0E-07
  1.385E+02  8.74478E-01  9.12721E-25  3.25938E-08  0.00000E+00  1.0E-07
  1.390E+02  8.77355E-01  8.88478E-25  3.17281E-08  0.00000E+00  1.0E-07
  1.395E+02  8.80203E-01  8.64706E-25  3.08792E-08  0.00000E+00  1.0E-07
  1.400E+02  8.83022E-01  8.41398E-25  3.00469E-08  0.00000E+00  1.0E-07
  1.405E+02  8.85812E-01  8.18545E-25  2.92308E-08  0.00000E+00  1.0E-07
  1.410E+02  8.88573E-01  7.96140E-25  2.84307E-08  0.00000E+00  1.0E-07
  1.415E+02  8.91304E-01  7.74176E-25  2.76463E-08  0.00000E+00  1.0E-07
  1.420E+02  8.94005E-01  7.52646E-25  2.68775E-08  0.00000E+00  1.0E-07
  1.425E+02  8.96677E-01  7.31543E-25  2.61239E-08  0.00000E+00  1.0E-07
  1.430E+02  8.99318E-01  7.10860E-25  2.53853E-08  0.00000E+00  1.0E-07
  1.435E+02  9.01928E-01  6.90590E-25  2.46614E-08  0.00000E+00  1.0E-07
  1.440E+02  9.04508E-01  6.70727E-25  2.39521E-08  0.00000E+00  1.0E-07
  1.445E+02  9.07058E-01  6.51265E-25  2.32571E-08  0.00000E+00  1.0E-07
  1.450E+02  9.09576E-01  6.32197E-25  2.25762E-08  0.00000E+00  1.0E-07
  1.455E+02  9.12063E-01  6.13518E-25  2.19091E-08  0.00000E+00  1.0E-07
  1.460E+02  9.14519E-01  5.95222E-25  2.12558E-08  0.00000E+00  1.0E-07
  1.465E+02  9.16943E-01  5.77303E-25  2.06159E-08  0.00000E+00  1.0E-07
  1.470E+02  9.19335E-01  5.59756E-25  1.99892E-08  0.00000E+00  1.0E-07
  1.475E+02  9.21696E-01  5.42575E-25  1.93757E-08  0.00000E+00  1.0E-07
  1.480E+02  9.24024E-01  5.25754E-25  1.87750E-08  0.00000E+00  1.0E-07
  1.485E+02  9.26320E-01  5.09290E-25  1.81871E-08  0.00000E+00  1.0E-07
  1.490E+02  9.28584E-01  4.93176E-25  1.76116E-08  0.00000E+00  1.0E-07
  1.495E+02  9.30815E-01  4.77408E-25  1.70486E-08  0.00000E+00  1.0E-07
  1.500E+02  9.33013E-01  4.61981E-25  1.64977E-08  0.00000E+00  1.0E-07
  1.505E+02  9.35178E-01  4.46891E-25  1.59588E-08  0.00000E+00  1.0E-07
  1.510E+02  9.37310E-01  4.32133E-25  1.54317E-08  0.00000E+00  1.0E-07
  1.515E+02  9.39409E-01  4.17702E-25  1.49164E-08  0.00000E+00  1.0E-07
  1.520E+02  9.41474E-01  4.03595E-25  1.44126E-08  0.00000E+00  1.0E-07
  1.525E+02  9.43505E-01  3.89807E-25  1.39202E-08  0.00000E+00  1.0E-07
  1.530E+02  9.45503E-01  3.76333E-25  1.34391E-08  0.00000E+00  1.0E-07
  1.535E+02  9.47467E-01  3.63171E-25  1.29691E-08  0.00000E+00  1.0E-07
  1.540E+02  9.49397E-01  3.50316E-25  1.25100E-08  0.00000E+00  1.0E-07
  1.545E+02  9.51293E-01  3.37765E-25  1.20618E-08  0.00000E+00  1.0E-07
  1.550E+02  9.53154E-01  3.25513E-25  1.16243E-08  0.00000E+00  1.0E-07
  1.555E+02  9.54981E-01  3.13557E-25  1.11973E-08  0.00000E+00  1.0E-07
  1.560E+02  9.56773E-01  3.01895E-25  1.07809E-08  0.00000E+00  1.0E-07
  1.565E+02  9.58530E-01  2.90522E-25  1.03747E-08  0.00000E+00  1.0E-07
  1.570E+02  9.60252E-01  2.79435E-25  9.97879E-09  0.00000E+00  1.0E-07
  1.575E+02  9.61940E-01  2.68630E-25  9.59297E-09  0.00000E+00  1.0E-07
  1.580E+02  9.63592E-01  2.58106E-25  9.21714E-09  0.00000E+00  1.0E-07
  1.585E+02  9.65209E-01  2.47859E-25  8.85121E-09  0.00000E+00  1.0E-07
  1.590E+02  9.66790E-01  2.37886E-25  8.49505E-09  0.00000E+00  1.0E-07
  1.595E+02  9.68336E-01  2.28184E-25  8.14858E-09  0.00000E+00  1.0E-07
  1.600E+02  9.69846E-01  2.18750E-25  7.81170E-09  0.00000E+00  1.0E-07
  1.605E+02  9.71321E-01  2.09582E-25  7.48431E-09  0.00000E+00  1.0E-07
  1.610E+02  9.72759E-01  2.00677E-25  7.16631E-09  0.00000E+00  1.0E-07
  1.615E+02  9.74162E-01  1.92033E-25  6.85763E-09  0.00000E+00  1.0E-07
  1.620E+02  9.75528E-01  1.83647E-25  6.55816E-09  0.00000E+00  1.0E-07
  1.625E+02  9.76858E-01  1.75517E-25  6.26784E-09  0.00000E+00  1.0E-07
  1.630E+02  9.78152E-01  1.67641E-25  5.98658E-09  0.00000E+00  1.0E-07
  1.635E+02  9.79410E-01  1.60016E-25  5.71429E-09  0.00000E+00  1.0E-07
  1.640E+02  9.80631E-01  1.52641E-25  5.45091E-09  0.00000E+00  1.0E-07
  1.645E+02  9.81815E-01  1.45513E-25  5.19636E-09  0.00000E+00  1.0E-07
  1.650E+02  9.82963E-01  1.38630E-25  4.95058E-09  0.00000E+00  1.0E-07
  1.655E+02  9.84074E-01  1.31991E-25  4.71349E-09  0.00000E+00  1.0E-07
  1.660E+02  9.85148E-01  1.25593E-25  4.48502E-09  0.00000E+00  1.0E-07
  1.665E+02  9.86185E-01  1.19436E-25  4.26513E-09  0.00000E+00  1.0E-07
  1.670E+02  9.87185E-01  1.13516E-25  4.05374E-09  0.00000E+00  1.0E-07
  1.675E+02  9.88148E-01  1.07833E-25  3.85079E-09  0.00000E+00  1.0E-07
  1.680E+02  9.89074E-01  1.02385E-25  3.65625E-09  0.00000E+00  1.0E-07
  1.685E+02  9.89962E-01  9.71709E-26  3.47004E-09  0.00000E+00  1.0E-07
  1.690E+02  9.90814E-01  9.21886E-26  3.29212E-09  0.00000E+00  1.0E-07
  1.695E+02  9.91627E-01  8.74371E-26  3.12244E-09  0.00000E+00  1.0E-07
  1.700E+02  9.92404E-01  8.29151E-26  2.96095E-09  0.00000E+00  1.0E-07
  1.705E+02  9.93143E-01  7.86213E-26  2.80762E-09  0.00000E+00  1.0E-07
  1.710E+02  9.93844E-01  7.45546E-26  2.66239E-09  0.00000E+00  1.0E-07
  1.715E+02  9.94508E-01  7.07138E-26  2.52524E-09  0.00000E+00  1.0E-07
  1.720E+02  9.95134E-01  6.70981E-26  2.39612E-09  0.00000E+00  1.0E-07
  1.725E+02  9.95722E-01  6.37063E-26  2.27499E-09  0.00000E+00  1.0E-07
  1.730E+02  9.96273E-01  6.05376E-26  2.16184E-09  0.00000E+00  1.0E-07
  1.735E+02  9.96786E-01  5.75911E-26  2.05661E-09  0.00000E+00  1.0E-07
  1.740E+02  9.97261E-01  5.48660E-26  1.95930E-09  0.00000E+00  1.0E-07
  1.745E+02  9.97698E-01  5.23616E-26  1.86987E-09  0.00000E+00  1.0E-07
  1.750E+02  9.98097E-01  5.00772E-26  1.78829E-09  0.00000E+00  1.0E-07
  1.755E+02  9.98459E-01  4.80122E-26  1.71455E-09  0.00000E+00  1.0E-07
  1.760E+02  9.98782E-01  4.61661E-26  1.64862E-09  0.00000E+00  1.0E-07
  1.765E+02  9.99067E-01  4.45383E-26  1.59049E-09  0.00000E+00  1.0E-07
  1.770E+02  9.99315E-01  4.31284E-26  1.54014E-09  0.00000E+00  1.0E-07
  1.775E+02  9.99524E-01  4.19361E-26  1.49756E-09  0.00000E+00  1.0E-07
  1.780E+02  9.99695E-01  4.09610E-26  1.46274E-09  0.00000E+00  1.0E-07
  1.785E+02  9.99829E-01  4.02028E-26  1.43567E-09  0.00000E+00  1.0E-07
  1.790E+02  9.99924E-01  3.96614E-26  1.41634E-09  0.00000E+00  1.0E-07
  1.795E+02  9.99981E-01  3.93367E-26  1.40474E-09  0.00000E+00  1.0E-07
  1.800E+02  1.00000E+00  3.92284E-26  1.40087E-09  0.00000E+00  1.0E-07
