 #
 # Subroutine ELSEPA. Elastic scattering of electrons and positrons
 #                    by neutral atoms and positive ions
 #
 # Projectile: electron
 # Kinetic energy = 3.70000E+06 eV = 1.35973E+05 a.u.
 #
 # WARNING: High-energy factorization with free-atom DF screening.
 #          Absorption, polarization and exchange corrections are
 #          switched off.
 #          Phase shifts are calculated for the bare nucleus.
 #          Scattering amplitudes are not evaluated.
 #
 # Element:  Y,  Z =  39,  atomic weight = 8.89059E+01 g/mol
 #
 # Nuclear model: Fermi distribution
 #                Average radius = 4.77559E-13 cm
 #                Skin thickness = 5.46000E-14 cm
 #
 # Number of electrons = 39
 #
 # Total elastic cross section = 4.00414E-18 cm**2 = 1.42990E-01 a0**2
 # 1st transport cross section = 1.32300E-22 cm**2 = 4.72453E-06 a0**2
 # 2nd transport cross section = 3.70987E-22 cm**2 = 1.32482E-05 a0**2
 #
 #
 # Differential cross section:                       MU=(1-COS(THETA))/2
 #
 #  THETA        MU          DCS          DCS        Sherman      error
 #  (deg)                 (cm**2/sr)   (a0**2/sr)    function
 #----------------------------------------------------------------------
  0.000E+00  0.00000E+00  1.07241E-12  3.82963E+04  0.00000E+00  1.0E-05
  1.000E-04  7.61557E-13  1.07240E-12  3.82960E+04  0.00000E+00  1.0E-05
  1.250E-04  1.18994E-12  1.07239E-12  3.82958E+04  0.00000E+00  1.0E-05
  1.500E-04  1.71346E-12  1.07239E-12  3.82956E+04  0.00000E+00  1.0E-05
  1.750E-04  2.33225E-12  1.07238E-12  3.82953E+04  0.00000E+00  1.0E-05
  2.000E-04  3.04617E-12  1.07237E-12  3.82950E+04  0.00000E+00  1.0E-05
  2.250E-04  3.85530E-12  1.07236E-12  3.82947E+04  0.00000E+00  1.0E-05
  2.500E-04  4.75964E-12  1.07235E-12  3.82943E+04  0.00000E+00  1.0E-05
  2.750E-04  5.75917E-12  1.07234E-12  3.82939E+04  0.00000E+00  1.0E-05
  3.000E-04  6.85391E-12  1.07233E-12  3.82935E+04  0.00000E+00  1.0E-05
  3.250E-04  8.04379E-12  1.07231E-12  3.82930E+04  0.00000E+00  1.0E-05
  3.500E-04  9.32893E-12  1.07230E-12  3.82924E+04  0.00000E+00  1.0E-05
  3.750E-04  1.07092E-11  1.07228E-12  3.82919E+04  0.00000E+00  1.0E-05
  4.000E-04  1.21847E-11  1.07226E-12  3.82913E+04  0.00000E+00  1.0E-05
  4.250E-04  1.37554E-11  1.07225E-12  3.82906E+04  0.00000E+00  1.0E-05
  4.500E-04  1.54213E-11  1.07223E-12  3.82899E+04  0.00000E+00  1.0E-05
  4.750E-04  1.71823E-11  1.07221E-12  3.82892E+04  0.00000E+00  1.0E-05
  5.000E-04  1.90386E-11  1.07218E-12  3.82884E+04  0.00000E+00  1.0E-05
  5.250E-04  2.09900E-11  1.07216E-12  3.82876E+04  0.00000E+00  1.0E-05
  5.500E-04  2.30367E-11  1.07214E-12  3.82868E+04  0.00000E+00  1.0E-05
  5.750E-04  2.51785E-11  1.07211E-12  3.82859E+04  0.00000E+00  1.0E-05
  6.000E-04  2.74156E-11  1.07209E-12  3.82849E+04  0.00000E+00  1.0E-05
  6.250E-04  2.97478E-11  1.07206E-12  3.82840E+04  0.00000E+00  1.0E-05
  6.500E-04  3.21752E-11  1.07203E-12  3.82830E+04  0.00000E+00  1.0E-05
  6.750E-04  3.46979E-11  1.07200E-12  3.82819E+04  0.00000E+00  1.0E-05
  7.000E-04  3.73157E-11  1.07197E-12  3.82808E+04  0.00000E+00  1.0E-05
  7.250E-04  4.00286E-11  1.07194E-12  3.82797E+04  0.00000E+00  1.0E-05
  7.500E-04  4.28368E-11  1.07191E-12  3.82786E+04  0.00000E+00  1.0E-05
  7.750E-04  4.57402E-11  1.07188E-12  3.82774E+04  0.00000E+00  1.0E-05
  8.000E-04  4.87388E-11  1.07184E-12  3.82761E+04  0.00000E+00  1.0E-05
  8.250E-04  5.18325E-11  1.07180E-12  3.82748E+04  0.00000E+00  1.0E-05
  8.500E-04  5.50215E-11  1.07177E-12  3.82735E+04  0.00000E+00  1.0E-05
  8.750E-04  5.83057E-11  1.07173E-12  3.82721E+04  0.00000E+00  1.0E-05
  9.000E-04  6.16850E-11  1.07169E-12  3.82707E+04  0.00000E+00  1.0E-05
  9.250E-04  6.51595E-11  1.07165E-12  3.82693E+04  0.00000E+00  1.0E-05
  9.500E-04  6.87293E-11  1.07161E-12  3.82678E+04  0.00000E+00  1.0E-05
  9.750E-04  7.23943E-11  1.07157E-12  3.82663E+04  0.00000E+00  1.0E-05
  1.000E-03  7.61544E-11  1.07152E-12  3.82648E+04  0.00000E+00  1.0E-05
  1.250E-03  1.18991E-10  1.07103E-12  3.82470E+04  0.00000E+00  1.0E-05
  1.500E-03  1.71347E-10  1.07042E-12  3.82254E+04  0.00000E+00  1.0E-05
  1.750E-03  2.33223E-10  1.06970E-12  3.81998E+04  0.00000E+00  1.0E-05
  2.000E-03  3.04617E-10  1.06888E-12  3.81703E+04  0.00000E+00  1.0E-05
  2.250E-03  3.85531E-10  1.06794E-12  3.81369E+04  0.00000E+00  1.0E-05
  2.500E-03  4.75965E-10  1.06690E-12  3.80997E+04  0.00000E+00  1.0E-05
  2.750E-03  5.75917E-10  1.06575E-12  3.80585E+04  0.00000E+00  1.0E-05
  3.000E-03  6.85389E-10  1.06449E-12  3.80136E+04  0.00000E+00  1.0E-05
  3.250E-03  8.04380E-10  1.06312E-12  3.79648E+04  0.00000E+00  1.0E-05
  3.500E-03  9.32891E-10  1.06165E-12  3.79123E+04  0.00000E+00  1.0E-05
  3.750E-03  1.07092E-09  1.06007E-12  3.78559E+04  0.00000E+00  1.0E-05
  4.000E-03  1.21847E-09  1.05839E-12  3.77959E+04  0.00000E+00  1.0E-05
  4.250E-03  1.37554E-09  1.05661E-12  3.77321E+04  0.00000E+00  1.0E-05
  4.500E-03  1.54213E-09  1.05472E-12  3.76646E+04  0.00000E+00  1.0E-05
  4.750E-03  1.71823E-09  1.05272E-12  3.75935E+04  0.00000E+00  1.0E-05
  5.000E-03  1.90386E-09  1.05063E-12  3.75187E+04  0.00000E+00  1.0E-05
  5.250E-03  2.09900E-09  1.04844E-12  3.74404E+04  0.00000E+00  1.0E-05
  5.500E-03  2.30367E-09  1.04614E-12  3.73585E+04  0.00000E+00  1.0E-05
  5.750E-03  2.51785E-09  1.04375E-12  3.72731E+04  0.00000E+00  1.0E-05
  6.000E-03  2.74156E-09  1.04126E-12  3.71842E+04  0.00000E+00  1.0E-05
  6.250E-03  2.97478E-09  1.03868E-12  3.70919E+04  0.00000E+00  1.0E-05
  6.500E-03  3.21752E-09  1.03600E-12  3.69962E+04  0.00000E+00  1.0E-05
  6.750E-03  3.46978E-09  1.03322E-12  3.68971E+04  0.00000E+00  1.0E-05
  7.000E-03  3.73156E-09  1.03036E-12  3.67947E+04  0.00000E+00  1.0E-05
  7.250E-03  4.00286E-09  1.02740E-12  3.66891E+04  0.00000E+00  1.0E-05
  7.500E-03  4.28368E-09  1.02435E-12  3.65803E+04  0.00000E+00  1.0E-05
  7.750E-03  4.57402E-09  1.02121E-12  3.64682E+04  0.00000E+00  1.0E-05
  8.000E-03  4.87388E-09  1.01799E-12  3.63531E+04  0.00000E+00  1.0E-05
  8.250E-03  5.18326E-09  1.01468E-12  3.62349E+04  0.00000E+00  1.0E-05
  8.500E-03  5.50215E-09  1.01129E-12  3.61137E+04  0.00000E+00  1.0E-05
  8.750E-03  5.83057E-09  1.00781E-12  3.59895E+04  0.00000E+00  1.0E-05
  9.000E-03  6.16850E-09  1.00425E-12  3.58625E+04  0.00000E+00  1.0E-05
  9.250E-03  6.51596E-09  1.00061E-12  3.57325E+04  0.00000E+00  1.0E-05
  9.500E-03  6.87293E-09  9.96895E-13  3.55998E+04  0.00000E+00  1.0E-05
  9.750E-03  7.23942E-09  9.93101E-13  3.54643E+04  0.00000E+00  1.0E-05
  1.000E-02  7.61544E-09  9.89231E-13  3.53261E+04  0.00000E+00  1.0E-05
  1.250E-02  1.18991E-08  9.46753E-13  3.38091E+04  0.00000E+00  1.0E-05
  1.500E-02  1.71347E-08  8.98661E-13  3.20918E+04  0.00000E+00  1.0E-05
  1.750E-02  2.33223E-08  8.46542E-13  3.02306E+04  0.00000E+00  1.0E-05
  2.000E-02  3.04617E-08  7.92062E-13  2.82850E+04  0.00000E+00  1.0E-05
  2.250E-02  3.85531E-08  7.36864E-13  2.63139E+04  0.00000E+00  1.0E-05
  2.500E-02  4.75965E-08  6.82229E-13  2.43628E+04  0.00000E+00  1.0E-05
  2.750E-02  5.75917E-08  6.29092E-13  2.24653E+04  0.00000E+00  1.0E-05
  3.000E-02  6.85389E-08  5.78235E-13  2.06491E+04  0.00000E+00  1.0E-05
  3.250E-02  8.04380E-08  5.30335E-13  1.89386E+04  0.00000E+00  1.0E-05
  3.500E-02  9.32891E-08  4.85790E-13  1.73479E+04  0.00000E+00  1.0E-05
  3.750E-02  1.07092E-07  4.44589E-13  1.58766E+04  0.00000E+00  1.0E-05
  4.000E-02  1.21847E-07  4.06766E-13  1.45259E+04  0.00000E+00  1.0E-05
  4.250E-02  1.37554E-07  3.72303E-13  1.32952E+04  0.00000E+00  1.0E-05
  4.500E-02  1.54213E-07  3.41157E-13  1.21829E+04  0.00000E+00  1.0E-05
  4.750E-02  1.71823E-07  3.12947E-13  1.11755E+04  0.00000E+00  1.0E-05
  5.000E-02  1.90386E-07  2.87461E-13  1.02654E+04  0.00000E+00  1.0E-05
  5.250E-02  2.09900E-07  2.64481E-13  9.44478E+03  0.00000E+00  1.0E-05
  5.500E-02  2.30367E-07  2.43872E-13  8.70883E+03  0.00000E+00  1.0E-05
  5.750E-02  2.51785E-07  2.25277E-13  8.04478E+03  0.00000E+00  1.0E-05
  6.000E-02  2.74156E-07  2.08495E-13  7.44550E+03  0.00000E+00  1.0E-05
  6.250E-02  2.97478E-07  1.93341E-13  6.90435E+03  0.00000E+00  1.0E-05
  6.500E-02  3.21752E-07  1.79668E-13  6.41605E+03  0.00000E+00  1.0E-05
  6.750E-02  3.46978E-07  1.67273E-13  5.97342E+03  0.00000E+00  1.0E-05
  7.000E-02  3.73156E-07  1.56014E-13  5.57135E+03  0.00000E+00  1.0E-05
  7.250E-02  4.00286E-07  1.45769E-13  5.20550E+03  0.00000E+00  1.0E-05
  7.500E-02  4.28368E-07  1.36427E-13  4.87189E+03  0.00000E+00  1.0E-05
  7.750E-02  4.57402E-07  1.27880E-13  4.56667E+03  0.00000E+00  1.0E-05
  8.000E-02  4.87388E-07  1.20045E-13  4.28688E+03  0.00000E+00  1.0E-05
  8.250E-02  5.18325E-07  1.12849E-13  4.02991E+03  0.00000E+00  1.0E-05
  8.500E-02  5.50215E-07  1.06219E-13  3.79314E+03  0.00000E+00  1.0E-05
  8.750E-02  5.83057E-07  1.00090E-13  3.57427E+03  0.00000E+00  1.0E-05
  9.000E-02  6.16850E-07  9.44220E-14  3.37187E+03  0.00000E+00  1.0E-05
  9.250E-02  6.51596E-07  8.91719E-14  3.18439E+03  0.00000E+00  1.0E-05
  9.500E-02  6.87293E-07  8.42951E-14  3.01023E+03  0.00000E+00  1.0E-05
  9.750E-02  7.23942E-07  7.97440E-14  2.84771E+03  0.00000E+00  1.0E-05
  1.000E-01  7.61543E-07  7.55055E-14  2.69635E+03  0.00000E+00  1.0E-05
  1.250E-01  1.18991E-06  4.53579E-14  1.61976E+03  0.00000E+00  1.0E-05
  1.500E-01  1.71347E-06  2.83610E-14  1.01279E+03  0.00000E+00  1.0E-05
  1.750E-01  2.33223E-06  1.88219E-14  6.72144E+02  0.00000E+00  1.0E-05
  2.000E-01  3.04617E-06  1.30200E-14  4.64951E+02  0.00000E+00  1.0E-05
  2.250E-01  3.85531E-06  9.31761E-15  3.32738E+02  0.00000E+00  1.0E-05
  2.500E-01  4.75964E-06  6.88891E-15  2.46007E+02  0.00000E+00  1.0E-05
  2.750E-01  5.75916E-06  5.23820E-15  1.87060E+02  0.00000E+00  1.0E-05
  3.000E-01  6.85388E-06  4.07271E-15  1.45439E+02  0.00000E+00  1.0E-05
  3.250E-01  8.04378E-06  3.21568E-15  1.14834E+02  0.00000E+00  1.0E-05
  3.500E-01  9.32888E-06  2.56734E-15  9.16815E+01  0.00000E+00  1.0E-05
  3.750E-01  1.07092E-05  2.07358E-15  7.40489E+01  0.00000E+00  1.0E-05
  4.000E-01  1.21846E-05  1.69079E-15  6.03794E+01  0.00000E+00  1.0E-05
  4.250E-01  1.37553E-05  1.38873E-15  4.95923E+01  0.00000E+00  1.0E-05
  4.500E-01  1.54212E-05  1.14645E-15  4.09404E+01  0.00000E+00  1.0E-05
  4.750E-01  1.71822E-05  9.53390E-16  3.40462E+01  0.00000E+00  1.0E-05
  5.000E-01  1.90385E-05  7.98002E-16  2.84972E+01  0.00000E+00  1.0E-05
  5.250E-01  2.09899E-05  6.72288E-16  2.40078E+01  0.00000E+00  1.0E-05
  5.500E-01  2.30365E-05  5.69011E-16  2.03197E+01  0.00000E+00  1.0E-05
  5.750E-01  2.51783E-05  4.84539E-16  1.73032E+01  0.00000E+00  1.0E-05
  6.000E-01  2.74153E-05  4.14964E-16  1.48186E+01  0.00000E+00  1.0E-05
  6.250E-01  2.97475E-05  3.57317E-16  1.27600E+01  0.00000E+00  1.0E-05
  6.500E-01  3.21749E-05  3.09214E-16  1.10422E+01  0.00000E+00  1.0E-05
  6.750E-01  3.46974E-05  2.68919E-16  9.60326E+00  0.00000E+00  1.0E-05
  7.000E-01  3.73152E-05  2.35030E-16  8.39308E+00  0.00000E+00  1.0E-05
  7.250E-01  4.00281E-05  2.06386E-16  7.37018E+00  0.00000E+00  1.0E-05
  7.500E-01  4.28362E-05  1.82025E-16  6.50024E+00  0.00000E+00  1.0E-05
  7.750E-01  4.57395E-05  1.61213E-16  5.75700E+00  0.00000E+00  1.0E-05
  8.000E-01  4.87380E-05  1.43347E-16  5.11902E+00  0.00000E+00  1.0E-05
  8.250E-01  5.18317E-05  1.27935E-16  4.56865E+00  0.00000E+00  1.0E-05
  8.500E-01  5.50205E-05  1.14571E-16  4.09140E+00  0.00000E+00  1.0E-05
  8.750E-01  5.83045E-05  1.02929E-16  3.67568E+00  0.00000E+00  1.0E-05
  9.000E-01  6.16838E-05  9.27569E-17  3.31241E+00  0.00000E+00  1.0E-05
  9.250E-01  6.51582E-05  8.38337E-17  2.99376E+00  0.00000E+00  1.0E-05
  9.500E-01  6.87277E-05  7.59749E-17  2.71311E+00  0.00000E+00  1.0E-05
  9.750E-01  7.23925E-05  6.90236E-17  2.46488E+00  0.00000E+00  1.0E-05
  1.000E+00  7.61524E-05  6.28624E-17  2.24486E+00  0.00000E+00  3.7E-06
  1.100E+00  9.21439E-05  4.41915E-17  1.57811E+00  0.00000E+00  2.9E-06
  1.200E+00  1.09658E-04  3.19926E-17  1.14248E+00  0.00000E+00  1.6E-06
  1.300E+00  1.28695E-04  2.37227E-17  8.47153E-01  0.00000E+00  4.2E-07
  1.400E+00  1.49255E-04  1.79363E-17  6.40518E-01  0.00000E+00  5.4E-07
  1.500E+00  1.71338E-04  1.38122E-17  4.93243E-01  0.00000E+00  1.0E-06
  1.600E+00  1.94942E-04  1.08027E-17  3.85771E-01  0.00000E+00  1.2E-06
  1.700E+00  2.20070E-04  8.56344E-18  3.05806E-01  0.00000E+00  9.5E-07
  1.800E+00  2.46720E-04  6.86948E-18  2.45314E-01  0.00000E+00  5.7E-07
  1.900E+00  2.74892E-04  5.57326E-18  1.99025E-01  0.00000E+00  1.5E-07
  2.000E+00  3.04586E-04  4.56807E-18  1.63129E-01  0.00000E+00  2.4E-07
  2.100E+00  3.35803E-04  3.77907E-18  1.34953E-01  0.00000E+00  4.6E-07
  2.200E+00  3.68542E-04  3.15229E-18  1.12570E-01  0.00000E+00  5.2E-07
  2.300E+00  4.02802E-04  2.65036E-18  9.46460E-02  0.00000E+00  4.4E-07
  2.400E+00  4.38585E-04  2.24459E-18  8.01556E-02  0.00000E+00  2.7E-07
  2.500E+00  4.75889E-04  1.91372E-18  6.83403E-02  0.00000E+00  1.0E-07
  2.600E+00  5.14715E-04  1.64159E-18  5.86221E-02  0.00000E+00  1.4E-07
  2.700E+00  5.55063E-04  1.41630E-18  5.05770E-02  0.00000E+00  2.5E-07
  2.800E+00  5.96931E-04  1.22850E-18  4.38705E-02  0.00000E+00  2.9E-07
  2.900E+00  6.40321E-04  1.07093E-18  3.82437E-02  0.00000E+00  2.5E-07
  3.000E+00  6.85233E-04  9.37895E-19  3.34928E-02  0.00000E+00  1.5E-07
  3.100E+00  7.31665E-04  8.24957E-19  2.94598E-02  0.00000E+00  1.0E-07
  3.200E+00  7.79618E-04  7.28594E-19  2.60186E-02  0.00000E+00  1.0E-07
  3.300E+00  8.29092E-04  6.45958E-19  2.30676E-02  0.00000E+00  1.5E-07
  3.400E+00  8.80086E-04  5.74754E-19  2.05248E-02  0.00000E+00  1.8E-07
  3.500E+00  9.32601E-04  5.13124E-19  1.83240E-02  0.00000E+00  1.5E-07
  3.600E+00  9.86636E-04  4.59574E-19  1.64117E-02  0.00000E+00  1.0E-07
  3.700E+00  1.04219E-03  4.12863E-19  1.47436E-02  0.00000E+00  1.0E-07
  3.800E+00  1.09927E-03  3.71960E-19  1.32829E-02  0.00000E+00  1.0E-07
  3.900E+00  1.15786E-03  3.36010E-19  1.19991E-02  0.00000E+00  1.0E-07
  4.000E+00  1.21797E-03  3.04320E-19  1.08675E-02  0.00000E+00  1.2E-07
  4.100E+00  1.27961E-03  2.76294E-19  9.86664E-03  0.00000E+00  1.0E-07
  4.200E+00  1.34276E-03  2.51434E-19  8.97888E-03  0.00000E+00  1.0E-07
  4.300E+00  1.40743E-03  2.29312E-19  8.18889E-03  0.00000E+00  1.0E-07
  4.400E+00  1.47362E-03  2.09580E-19  7.48425E-03  0.00000E+00  1.0E-07
  4.500E+00  1.54133E-03  1.91934E-19  6.85409E-03  0.00000E+00  1.0E-07
  4.600E+00  1.61056E-03  1.76114E-19  6.28914E-03  0.00000E+00  1.0E-07
  4.700E+00  1.68131E-03  1.61893E-19  5.78129E-03  0.00000E+00  1.0E-07
  4.800E+00  1.75357E-03  1.49083E-19  5.32385E-03  0.00000E+00  1.0E-07
  4.900E+00  1.82735E-03  1.37520E-19  4.91095E-03  0.00000E+00  1.0E-07
  5.000E+00  1.90265E-03  1.27062E-19  4.53745E-03  0.00000E+00  1.0E-07
  5.100E+00  1.97947E-03  1.17580E-19  4.19885E-03  0.00000E+00  1.0E-07
  5.200E+00  2.05780E-03  1.08969E-19  3.89135E-03  0.00000E+00  1.0E-07
  5.300E+00  2.13765E-03  1.01135E-19  3.61158E-03  0.00000E+00  1.0E-07
  5.400E+00  2.21902E-03  9.39945E-20  3.35661E-03  0.00000E+00  1.0E-07
  5.500E+00  2.30190E-03  8.74750E-20  3.12379E-03  0.00000E+00  1.0E-07
  5.600E+00  2.38630E-03  8.15122E-20  2.91085E-03  0.00000E+00  1.0E-07
  5.700E+00  2.47222E-03  7.60508E-20  2.71582E-03  0.00000E+00  1.0E-07
  5.800E+00  2.55965E-03  7.10408E-20  2.53691E-03  0.00000E+00  1.0E-07
  5.900E+00  2.64859E-03  6.64379E-20  2.37254E-03  0.00000E+00  1.0E-07
  6.000E+00  2.73905E-03  6.22024E-20  2.22129E-03  0.00000E+00  1.0E-07
  6.100E+00  2.83103E-03  5.83004E-20  2.08195E-03  0.00000E+00  1.0E-07
  6.200E+00  2.92452E-03  5.47008E-20  1.95340E-03  0.00000E+00  1.0E-07
  6.300E+00  3.01952E-03  5.13757E-20  1.83466E-03  0.00000E+00  1.0E-07
  6.400E+00  3.11604E-03  4.82998E-20  1.72482E-03  0.00000E+00  1.0E-07
  6.500E+00  3.21407E-03  4.54516E-20  1.62310E-03  0.00000E+00  1.0E-07
  6.600E+00  3.31362E-03  4.28110E-20  1.52881E-03  0.00000E+00  1.0E-07
  6.700E+00  3.41468E-03  4.03602E-20  1.44129E-03  0.00000E+00  1.0E-07
  6.800E+00  3.51725E-03  3.80827E-20  1.35996E-03  0.00000E+00  1.0E-07
  6.900E+00  3.62133E-03  3.59641E-20  1.28430E-03  0.00000E+00  1.0E-07
  7.000E+00  3.72692E-03  3.39915E-20  1.21386E-03  0.00000E+00  1.0E-07
  7.100E+00  3.83403E-03  3.21528E-20  1.14820E-03  0.00000E+00  1.0E-07
  7.200E+00  3.94265E-03  3.04370E-20  1.08693E-03  0.00000E+00  1.0E-07
  7.300E+00  4.05278E-03  2.88347E-20  1.02971E-03  0.00000E+00  1.0E-07
  7.400E+00  4.16442E-03  2.73368E-20  9.76216E-04  0.00000E+00  1.0E-07
  7.500E+00  4.27757E-03  2.59354E-20  9.26171E-04  0.00000E+00  1.0E-07
  7.600E+00  4.39223E-03  2.46230E-20  8.79302E-04  0.00000E+00  1.0E-07
  7.700E+00  4.50840E-03  2.33928E-20  8.35372E-04  0.00000E+00  1.0E-07
  7.800E+00  4.62608E-03  2.22388E-20  7.94163E-04  0.00000E+00  1.0E-07
  7.900E+00  4.74527E-03  2.11555E-20  7.55476E-04  0.00000E+00  1.0E-07
  8.000E+00  4.86597E-03  2.01376E-20  7.19126E-04  0.00000E+00  1.0E-07
  8.100E+00  4.98817E-03  1.91804E-20  6.84944E-04  0.00000E+00  1.0E-07
  8.200E+00  5.11188E-03  1.82797E-20  6.52778E-04  0.00000E+00  1.0E-07
  8.300E+00  5.23711E-03  1.74314E-20  6.22488E-04  0.00000E+00  1.0E-07
  8.400E+00  5.36383E-03  1.66321E-20  5.93943E-04  0.00000E+00  1.0E-07
  8.500E+00  5.49207E-03  1.58782E-20  5.67021E-04  0.00000E+00  1.0E-07
  8.600E+00  5.62181E-03  1.51668E-20  5.41616E-04  0.00000E+00  1.0E-07
  8.700E+00  5.75306E-03  1.44950E-20  5.17624E-04  0.00000E+00  1.0E-07
  8.800E+00  5.88581E-03  1.38601E-20  4.94953E-04  0.00000E+00  1.0E-07
  8.900E+00  6.02007E-03  1.32598E-20  4.73515E-04  0.00000E+00  1.0E-07
  9.000E+00  6.15583E-03  1.26918E-20  4.53231E-04  0.00000E+00  1.0E-07
  9.100E+00  6.29310E-03  1.21540E-20  4.34028E-04  0.00000E+00  1.0E-07
  9.200E+00  6.43187E-03  1.16446E-20  4.15837E-04  0.00000E+00  1.0E-07
  9.300E+00  6.57214E-03  1.11617E-20  3.98593E-04  0.00000E+00  1.0E-07
  9.400E+00  6.71392E-03  1.07038E-20  3.82238E-04  0.00000E+00  1.0E-07
  9.500E+00  6.85720E-03  1.02692E-20  3.66718E-04  0.00000E+00  1.0E-07
  9.600E+00  7.00198E-03  9.85653E-21  3.51983E-04  0.00000E+00  1.0E-07
  9.700E+00  7.14827E-03  9.46453E-21  3.37984E-04  0.00000E+00  1.0E-07
  9.800E+00  7.29605E-03  9.09192E-21  3.24678E-04  0.00000E+00  1.0E-07
  9.900E+00  7.44534E-03  8.73758E-21  3.12025E-04  0.00000E+00  1.0E-07
  1.000E+01  7.59612E-03  8.40044E-21  2.99985E-04  0.00000E+00  1.0E-07
  1.025E+01  7.97965E-03  7.62644E-21  2.72345E-04  0.00000E+00  1.0E-07
  1.050E+01  8.37255E-03  6.94006E-21  2.47834E-04  0.00000E+00  1.0E-07
  1.075E+01  8.77480E-03  6.32963E-21  2.26035E-04  0.00000E+00  1.0E-07
  1.100E+01  9.18641E-03  5.78525E-21  2.06595E-04  0.00000E+00  1.0E-07
  1.125E+01  9.60736E-03  5.29852E-21  1.89213E-04  0.00000E+00  1.0E-07
  1.150E+01  1.00376E-02  4.86223E-21  1.73633E-04  0.00000E+00  1.0E-07
  1.175E+01  1.04773E-02  4.47022E-21  1.59635E-04  0.00000E+00  1.0E-07
  1.200E+01  1.09262E-02  4.11720E-21  1.47028E-04  0.00000E+00  1.0E-07
  1.225E+01  1.13844E-02  3.79857E-21  1.35650E-04  0.00000E+00  1.0E-07
  1.250E+01  1.18520E-02  3.51040E-21  1.25359E-04  0.00000E+00  1.0E-07
  1.275E+01  1.23288E-02  3.24923E-21  1.16032E-04  0.00000E+00  1.0E-07
  1.300E+01  1.28150E-02  3.01208E-21  1.07563E-04  0.00000E+00  1.0E-07
  1.325E+01  1.33104E-02  2.79633E-21  9.98587E-05  0.00000E+00  1.0E-07
  1.350E+01  1.38150E-02  2.59970E-21  9.28371E-05  0.00000E+00  1.0E-07
  1.375E+01  1.43290E-02  2.42019E-21  8.64266E-05  0.00000E+00  1.0E-07
  1.400E+01  1.48521E-02  2.25603E-21  8.05641E-05  0.00000E+00  1.0E-07
  1.425E+01  1.53845E-02  2.10566E-21  7.51944E-05  0.00000E+00  1.0E-07
  1.450E+01  1.59262E-02  1.96771E-21  7.02683E-05  0.00000E+00  1.0E-07
  1.475E+01  1.64770E-02  1.84097E-21  6.57423E-05  0.00000E+00  1.0E-07
  1.500E+01  1.70371E-02  1.72436E-21  6.15779E-05  0.00000E+00  1.0E-07
  1.525E+01  1.76063E-02  1.61691E-21  5.77408E-05  0.00000E+00  1.0E-07
  1.550E+01  1.81848E-02  1.51777E-21  5.42006E-05  0.00000E+00  1.0E-07
  1.575E+01  1.87724E-02  1.42618E-21  5.09299E-05  0.00000E+00  1.0E-07
  1.600E+01  1.93692E-02  1.34146E-21  4.79043E-05  0.00000E+00  1.0E-07
  1.625E+01  1.99751E-02  1.26299E-21  4.51021E-05  0.00000E+00  1.0E-07
  1.650E+01  2.05901E-02  1.19022E-21  4.25036E-05  0.00000E+00  1.0E-07
  1.675E+01  2.12143E-02  1.12267E-21  4.00913E-05  0.00000E+00  1.0E-07
  1.700E+01  2.18476E-02  1.05989E-21  3.78493E-05  0.00000E+00  1.0E-07
  1.725E+01  2.24900E-02  1.00147E-21  3.57632E-05  0.00000E+00  1.0E-07
  1.750E+01  2.31415E-02  9.47065E-22  3.38203E-05  0.00000E+00  1.0E-07
  1.775E+01  2.38021E-02  8.96337E-22  3.20088E-05  0.00000E+00  1.0E-07
  1.800E+01  2.44717E-02  8.48991E-22  3.03180E-05  0.00000E+00  1.0E-07
  1.825E+01  2.51504E-02  8.04761E-22  2.87385E-05  0.00000E+00  1.0E-07
  1.850E+01  2.58382E-02  7.63402E-22  2.72616E-05  0.00000E+00  1.0E-07
  1.875E+01  2.65349E-02  7.24691E-22  2.58792E-05  0.00000E+00  1.0E-07
  1.900E+01  2.72407E-02  6.88427E-22  2.45842E-05  0.00000E+00  1.0E-07
  1.925E+01  2.79555E-02  6.54425E-22  2.33699E-05  0.00000E+00  1.0E-07
  1.950E+01  2.86793E-02  6.22517E-22  2.22305E-05  0.00000E+00  1.0E-07
  1.975E+01  2.94120E-02  5.92550E-22  2.11604E-05  0.00000E+00  1.0E-07
  2.000E+01  3.01537E-02  5.64383E-22  2.01545E-05  0.00000E+00  1.0E-07
  2.025E+01  3.09043E-02  5.37886E-22  1.92083E-05  0.00000E+00  1.0E-07
  2.050E+01  3.16639E-02  5.12941E-22  1.83175E-05  0.00000E+00  1.0E-07
  2.075E+01  3.24324E-02  4.89441E-22  1.74783E-05  0.00000E+00  1.0E-07
  2.100E+01  3.32098E-02  4.67285E-22  1.66870E-05  0.00000E+00  1.0E-07
  2.125E+01  3.39961E-02  4.46381E-22  1.59405E-05  0.00000E+00  1.0E-07
  2.150E+01  3.47912E-02  4.26645E-22  1.52358E-05  0.00000E+00  1.0E-07
  2.175E+01  3.55952E-02  4.07999E-22  1.45699E-05  0.00000E+00  1.0E-07
  2.200E+01  3.64081E-02  3.90370E-22  1.39404E-05  0.00000E+00  1.0E-07
  2.225E+01  3.72297E-02  3.73694E-22  1.33449E-05  0.00000E+00  1.0E-07
  2.250E+01  3.80602E-02  3.57908E-22  1.27811E-05  0.00000E+00  1.0E-07
  2.275E+01  3.88995E-02  3.42955E-22  1.22471E-05  0.00000E+00  1.0E-07
  2.300E+01  3.97476E-02  3.28783E-22  1.17411E-05  0.00000E+00  1.0E-07
  2.325E+01  4.06044E-02  3.15343E-22  1.12611E-05  0.00000E+00  1.0E-07
  2.350E+01  4.14700E-02  3.02590E-22  1.08057E-05  0.00000E+00  1.0E-07
  2.375E+01  4.23443E-02  2.90482E-22  1.03733E-05  0.00000E+00  1.0E-07
  2.400E+01  4.32273E-02  2.78980E-22  9.96255E-06  0.00000E+00  1.0E-07
  2.425E+01  4.41190E-02  2.68047E-22  9.57213E-06  0.00000E+00  1.0E-07
  2.450E+01  4.50194E-02  2.57650E-22  9.20086E-06  0.00000E+00  1.0E-07
  2.475E+01  4.59284E-02  2.47758E-22  8.84760E-06  0.00000E+00  1.0E-07
  2.500E+01  4.68461E-02  2.38341E-22  8.51130E-06  0.00000E+00  1.0E-07
  2.550E+01  4.87074E-02  2.20824E-22  7.88577E-06  0.00000E+00  1.0E-07
  2.600E+01  5.06030E-02  2.04903E-22  7.31723E-06  0.00000E+00  1.0E-07
  2.650E+01  5.25328E-02  1.90406E-22  6.79951E-06  0.00000E+00  1.0E-07
  2.700E+01  5.44967E-02  1.77180E-22  6.32721E-06  0.00000E+00  1.0E-07
  2.750E+01  5.64946E-02  1.65094E-22  5.89562E-06  0.00000E+00  1.0E-07
  2.800E+01  5.85262E-02  1.54031E-22  5.50055E-06  0.00000E+00  1.0E-07
  2.850E+01  6.05914E-02  1.43888E-22  5.13833E-06  0.00000E+00  1.0E-07
  2.900E+01  6.26901E-02  1.34574E-22  4.80572E-06  0.00000E+00  1.0E-07
  2.950E+01  6.48222E-02  1.26008E-22  4.49984E-06  0.00000E+00  1.0E-07
  3.000E+01  6.69873E-02  1.18120E-22  4.21814E-06  0.00000E+00  1.0E-07
  3.050E+01  6.91854E-02  1.10845E-22  3.95833E-06  0.00000E+00  1.0E-07
  3.100E+01  7.14163E-02  1.04126E-22  3.71840E-06  0.00000E+00  1.0E-07
  3.150E+01  7.36799E-02  9.79128E-23  3.49653E-06  0.00000E+00  1.0E-07
  3.200E+01  7.59760E-02  9.21603E-23  3.29110E-06  0.00000E+00  1.0E-07
  3.250E+01  7.83043E-02  8.68276E-23  3.10067E-06  0.00000E+00  1.0E-07
  3.300E+01  8.06647E-02  8.18781E-23  2.92392E-06  0.00000E+00  1.0E-07
  3.350E+01  8.30571E-02  7.72791E-23  2.75969E-06  0.00000E+00  1.0E-07
  3.400E+01  8.54812E-02  7.30010E-23  2.60691E-06  0.00000E+00  1.0E-07
  3.450E+01  8.79369E-02  6.90170E-23  2.46464E-06  0.00000E+00  1.0E-07
  3.500E+01  9.04240E-02  6.53031E-23  2.33201E-06  0.00000E+00  1.0E-07
  3.550E+01  9.29422E-02  6.18373E-23  2.20825E-06  0.00000E+00  1.0E-07
  3.600E+01  9.54915E-02  5.86000E-23  2.09264E-06  0.00000E+00  1.0E-07
  3.650E+01  9.80716E-02  5.55732E-23  1.98455E-06  0.00000E+00  1.0E-07
  3.700E+01  1.00682E-01  5.27404E-23  1.88339E-06  0.00000E+00  1.0E-07
  3.750E+01  1.03323E-01  5.00869E-23  1.78864E-06  0.00000E+00  1.0E-07
  3.800E+01  1.05995E-01  4.75990E-23  1.69979E-06  0.00000E+00  1.0E-07
  3.850E+01  1.08696E-01  4.52645E-23  1.61643E-06  0.00000E+00  1.0E-07
  3.900E+01  1.11427E-01  4.30721E-23  1.53813E-06  0.00000E+00  1.0E-07
  3.950E+01  1.14188E-01  4.10114E-23  1.46454E-06  0.00000E+00  1.0E-07
  4.000E+01  1.16978E-01  3.90729E-23  1.39532E-06  0.00000E+00  1.0E-07
  4.050E+01  1.19797E-01  3.72481E-23  1.33015E-06  0.00000E+00  1.0E-07
  4.100E+01  1.22645E-01  3.55289E-23  1.26876E-06  0.00000E+00  1.0E-07
  4.150E+01  1.25522E-01  3.39080E-23  1.21088E-06  0.00000E+00  1.0E-07
  4.200E+01  1.28428E-01  3.23787E-23  1.15626E-06  0.00000E+00  1.0E-07
  4.250E+01  1.31361E-01  3.09349E-23  1.10470E-06  0.00000E+00  1.0E-07
  4.300E+01  1.34323E-01  2.95707E-23  1.05599E-06  0.00000E+00  1.0E-07
  4.350E+01  1.37313E-01  2.82810E-23  1.00993E-06  0.00000E+00  1.0E-07
  4.400E+01  1.40330E-01  2.70609E-23  9.66361E-07  0.00000E+00  1.0E-07
  4.450E+01  1.43375E-01  2.59059E-23  9.25115E-07  0.00000E+00  1.0E-07
  4.500E+01  1.46447E-01  2.48118E-23  8.86044E-07  0.00000E+00  1.0E-07
  4.550E+01  1.49545E-01  2.37748E-23  8.49014E-07  0.00000E+00  1.0E-07
  4.600E+01  1.52671E-01  2.27914E-23  8.13895E-07  0.00000E+00  1.0E-07
  4.650E+01  1.55823E-01  2.18582E-23  7.80569E-07  0.00000E+00  1.0E-07
  4.700E+01  1.59001E-01  2.09722E-23  7.48929E-07  0.00000E+00  1.0E-07
  4.750E+01  1.62205E-01  2.01304E-23  7.18869E-07  0.00000E+00  1.0E-07
  4.800E+01  1.65435E-01  1.93303E-23  6.90297E-07  0.00000E+00  1.0E-07
  4.850E+01  1.68690E-01  1.85694E-23  6.63125E-07  0.00000E+00  1.0E-07
  4.900E+01  1.71970E-01  1.78454E-23  6.37269E-07  0.00000E+00  1.0E-07
  4.950E+01  1.75276E-01  1.71561E-23  6.12655E-07  0.00000E+00  1.0E-07
  5.000E+01  1.78606E-01  1.64996E-23  5.89212E-07  0.00000E+00  1.0E-07
  5.050E+01  1.81961E-01  1.58740E-23  5.66871E-07  0.00000E+00  1.0E-07
  5.100E+01  1.85340E-01  1.52776E-23  5.45572E-07  0.00000E+00  1.0E-07
  5.150E+01  1.88743E-01  1.47086E-23  5.25255E-07  0.00000E+00  1.0E-07
  5.200E+01  1.92169E-01  1.41657E-23  5.05868E-07  0.00000E+00  1.0E-07
  5.250E+01  1.95619E-01  1.36474E-23  4.87357E-07  0.00000E+00  1.0E-07
  5.300E+01  1.99092E-01  1.31523E-23  4.69678E-07  0.00000E+00  1.0E-07
  5.350E+01  2.02589E-01  1.26792E-23  4.52784E-07  0.00000E+00  1.0E-07
  5.400E+01  2.06107E-01  1.22270E-23  4.36634E-07  0.00000E+00  1.0E-07
  5.450E+01  2.09649E-01  1.17945E-23  4.21189E-07  0.00000E+00  1.0E-07
  5.500E+01  2.13212E-01  1.13807E-23  4.06412E-07  0.00000E+00  1.0E-07
  5.550E+01  2.16797E-01  1.09847E-23  3.92269E-07  0.00000E+00  1.0E-07
  5.600E+01  2.20404E-01  1.06054E-23  3.78727E-07  0.00000E+00  1.0E-07
  5.650E+01  2.24032E-01  1.02422E-23  3.65755E-07  0.00000E+00  1.0E-07
  5.700E+01  2.27680E-01  9.89411E-24  3.53325E-07  0.00000E+00  1.0E-07
  5.750E+01  2.31350E-01  9.56043E-24  3.41409E-07  0.00000E+00  1.0E-07
  5.800E+01  2.35040E-01  9.24045E-24  3.29983E-07  0.00000E+00  1.0E-07
  5.850E+01  2.38751E-01  8.93350E-24  3.19021E-07  0.00000E+00  1.0E-07
  5.900E+01  2.42481E-01  8.63894E-24  3.08502E-07  0.00000E+00  1.0E-07
  5.950E+01  2.46231E-01  8.35618E-24  2.98405E-07  0.00000E+00  1.0E-07
  6.000E+01  2.50000E-01  8.08465E-24  2.88708E-07  0.00000E+00  1.0E-07
  6.050E+01  2.53788E-01  7.82381E-24  2.79393E-07  0.00000E+00  1.0E-07
  6.100E+01  2.57595E-01  7.57317E-24  2.70443E-07  0.00000E+00  1.0E-07
  6.150E+01  2.61421E-01  7.33224E-24  2.61839E-07  0.00000E+00  1.0E-07
  6.200E+01  2.65264E-01  7.10057E-24  2.53566E-07  0.00000E+00  1.0E-07
  6.250E+01  2.69126E-01  6.87774E-24  2.45609E-07  0.00000E+00  1.0E-07
  6.300E+01  2.73005E-01  6.66335E-24  2.37953E-07  0.00000E+00  1.0E-07
  6.350E+01  2.76901E-01  6.45701E-24  2.30584E-07  0.00000E+00  1.0E-07
  6.400E+01  2.80814E-01  6.25837E-24  2.23491E-07  0.00000E+00  1.0E-07
  6.450E+01  2.84744E-01  6.06708E-24  2.16660E-07  0.00000E+00  1.0E-07
  6.500E+01  2.88691E-01  5.88283E-24  2.10080E-07  0.00000E+00  1.0E-07
  6.550E+01  2.92653E-01  5.70529E-24  2.03739E-07  0.00000E+00  1.0E-07
  6.600E+01  2.96632E-01  5.53417E-24  1.97629E-07  0.00000E+00  1.0E-07
  6.650E+01  3.00625E-01  5.36920E-24  1.91738E-07  0.00000E+00  1.0E-07
  6.700E+01  3.04634E-01  5.21011E-24  1.86057E-07  0.00000E+00  1.0E-07
  6.750E+01  3.08658E-01  5.05666E-24  1.80577E-07  0.00000E+00  1.0E-07
  6.800E+01  3.12697E-01  4.90860E-24  1.75289E-07  0.00000E+00  1.0E-07
  6.850E+01  3.16749E-01  4.76571E-24  1.70187E-07  0.00000E+00  1.0E-07
  6.900E+01  3.20816E-01  4.62778E-24  1.65261E-07  0.00000E+00  1.0E-07
  6.950E+01  3.24896E-01  4.49459E-24  1.60505E-07  0.00000E+00  1.0E-07
  7.000E+01  3.28990E-01  4.36597E-24  1.55912E-07  0.00000E+00  1.0E-07
  7.050E+01  3.33097E-01  4.24171E-24  1.51474E-07  0.00000E+00  1.0E-07
  7.100E+01  3.37216E-01  4.12164E-24  1.47187E-07  0.00000E+00  1.0E-07
  7.150E+01  3.41348E-01  4.00560E-24  1.43043E-07  0.00000E+00  1.0E-07
  7.200E+01  3.45492E-01  3.89342E-24  1.39036E-07  0.00000E+00  1.0E-07
  7.250E+01  3.49647E-01  3.78494E-24  1.35163E-07  0.00000E+00  1.0E-07
  7.300E+01  3.53814E-01  3.68003E-24  1.31416E-07  0.00000E+00  1.0E-07
  7.350E+01  3.57992E-01  3.57854E-24  1.27792E-07  0.00000E+00  1.0E-07
  7.400E+01  3.62181E-01  3.48035E-24  1.24285E-07  0.00000E+00  1.0E-07
  7.450E+01  3.66381E-01  3.38532E-24  1.20892E-07  0.00000E+00  1.0E-07
  7.500E+01  3.70590E-01  3.29333E-24  1.17607E-07  0.00000E+00  1.0E-07
  7.550E+01  3.74810E-01  3.20427E-24  1.14427E-07  0.00000E+00  1.0E-07
  7.600E+01  3.79039E-01  3.11803E-24  1.11347E-07  0.00000E+00  1.0E-07
  7.650E+01  3.83277E-01  3.03449E-24  1.08364E-07  0.00000E+00  1.0E-07
  7.700E+01  3.87524E-01  2.95357E-24  1.05474E-07  0.00000E+00  1.0E-07
  7.750E+01  3.91780E-01  2.87515E-24  1.02674E-07  0.00000E+00  1.0E-07
  7.800E+01  3.96044E-01  2.79915E-24  9.99596E-08  0.00000E+00  1.0E-07
  7.850E+01  4.00316E-01  2.72549E-24  9.73290E-08  0.00000E+00  1.0E-07
  7.900E+01  4.04596E-01  2.65407E-24  9.47785E-08  0.00000E+00  1.0E-07
  7.950E+01  4.08882E-01  2.58481E-24  9.23054E-08  0.00000E+00  1.0E-07
  8.000E+01  4.13176E-01  2.51765E-24  8.99068E-08  0.00000E+00  1.0E-07
  8.050E+01  4.17476E-01  2.45249E-24  8.75801E-08  0.00000E+00  1.0E-07
  8.100E+01  4.21783E-01  2.38928E-24  8.53227E-08  0.00000E+00  1.0E-07
  8.150E+01  4.26095E-01  2.32794E-24  8.31322E-08  0.00000E+00  1.0E-07
  8.200E+01  4.30413E-01  2.26840E-24  8.10062E-08  0.00000E+00  1.0E-07
  8.250E+01  4.34737E-01  2.21061E-24  7.89423E-08  0.00000E+00  1.0E-07
  8.300E+01  4.39065E-01  2.15450E-24  7.69385E-08  0.00000E+00  1.0E-07
  8.350E+01  4.43398E-01  2.10001E-24  7.49928E-08  0.00000E+00  1.0E-07
  8.400E+01  4.47736E-01  2.04709E-24  7.31030E-08  0.00000E+00  1.0E-07
  8.450E+01  4.52077E-01  1.99569E-24  7.12674E-08  0.00000E+00  1.0E-07
  8.500E+01  4.56422E-01  1.94575E-24  6.94841E-08  0.00000E+00  1.0E-07
  8.550E+01  4.60770E-01  1.89723E-24  6.77514E-08  0.00000E+00  1.0E-07
  8.600E+01  4.65122E-01  1.85008E-24  6.60675E-08  0.00000E+00  1.0E-07
  8.650E+01  4.69476E-01  1.80425E-24  6.44309E-08  0.00000E+00  1.0E-07
  8.700E+01  4.73832E-01  1.75970E-24  6.28399E-08  0.00000E+00  1.0E-07
  8.750E+01  4.78190E-01  1.71638E-24  6.12930E-08  0.00000E+00  1.0E-07
  8.800E+01  4.82550E-01  1.67426E-24  5.97887E-08  0.00000E+00  1.0E-07
  8.850E+01  4.86912E-01  1.63329E-24  5.83258E-08  0.00000E+00  1.0E-07
  8.900E+01  4.91274E-01  1.59344E-24  5.69028E-08  0.00000E+00  1.0E-07
  8.950E+01  4.95637E-01  1.55467E-24  5.55185E-08  0.00000E+00  1.0E-07
  9.000E+01  5.00000E-01  1.51696E-24  5.41716E-08  0.00000E+00  1.0E-07
  9.050E+01  5.04363E-01  1.48026E-24  5.28610E-08  0.00000E+00  1.0E-07
  9.100E+01  5.08726E-01  1.44454E-24  5.15855E-08  0.00000E+00  1.0E-07
  9.150E+01  5.13088E-01  1.40978E-24  5.03440E-08  0.00000E+00  1.0E-07
  9.200E+01  5.17450E-01  1.37593E-24  4.91355E-08  0.00000E+00  1.0E-07
  9.250E+01  5.21810E-01  1.34299E-24  4.79589E-08  0.00000E+00  1.0E-07
  9.300E+01  5.26168E-01  1.31090E-24  4.68132E-08  0.00000E+00  1.0E-07
  9.350E+01  5.30524E-01  1.27966E-24  4.56974E-08  0.00000E+00  1.0E-07
  9.400E+01  5.34878E-01  1.24922E-24  4.46106E-08  0.00000E+00  1.0E-07
  9.450E+01  5.39230E-01  1.21958E-24  4.35519E-08  0.00000E+00  1.0E-07
  9.500E+01  5.43578E-01  1.19070E-24  4.25205E-08  0.00000E+00  1.0E-07
  9.550E+01  5.47923E-01  1.16256E-24  4.15156E-08  0.00000E+00  1.0E-07
  9.600E+01  5.52264E-01  1.13514E-24  4.05364E-08  0.00000E+00  1.0E-07
  9.650E+01  5.56602E-01  1.10841E-24  3.95822E-08  0.00000E+00  1.0E-07
  9.700E+01  5.60935E-01  1.08237E-24  3.86521E-08  0.00000E+00  1.0E-07
  9.750E+01  5.65263E-01  1.05698E-24  3.77456E-08  0.00000E+00  1.0E-07
  9.800E+01  5.69587E-01  1.03223E-24  3.68618E-08  0.00000E+00  1.0E-07
  9.850E+01  5.73905E-01  1.00810E-24  3.60000E-08  0.00000E+00  1.0E-07
  9.900E+01  5.78217E-01  9.84571E-25  3.51597E-08  0.00000E+00  1.0E-07
  9.950E+01  5.82524E-01  9.61621E-25  3.43401E-08  0.00000E+00  1.0E-07
  1.000E+02  5.86824E-01  9.39236E-25  3.35407E-08  0.00000E+00  1.0E-07
  1.005E+02  5.91118E-01  9.17401E-25  3.27610E-08  0.00000E+00  1.0E-07
  1.010E+02  5.95404E-01  8.96100E-25  3.20003E-08  0.00000E+00  1.0E-07
  1.015E+02  5.99684E-01  8.75323E-25  3.12584E-08  0.00000E+00  1.0E-07
  1.020E+02  6.03956E-01  8.55051E-25  3.05344E-08  0.00000E+00  1.0E-07
  1.025E+02  6.08220E-01  8.35269E-25  2.98280E-08  0.00000E+00  1.0E-07
  1.030E+02  6.12476E-01  8.15963E-25  2.91386E-08  0.00000E+00  1.0E-07
  1.035E+02  6.16723E-01  7.97119E-25  2.84656E-08  0.00000E+00  1.0E-07
  1.040E+02  6.20961E-01  7.78724E-25  2.78087E-08  0.00000E+00  1.0E-07
  1.045E+02  6.25190E-01  7.60767E-25  2.71675E-08  0.00000E+00  1.0E-07
  1.050E+02  6.29410E-01  7.43235E-25  2.65414E-08  0.00000E+00  1.0E-07
  1.055E+02  6.33619E-01  7.26118E-25  2.59301E-08  0.00000E+00  1.0E-07
  1.060E+02  6.37819E-01  7.09404E-25  2.53333E-08  0.00000E+00  1.0E-07
  1.065E+02  6.42008E-01  6.93082E-25  2.47504E-08  0.00000E+00  1.0E-07
  1.070E+02  6.46186E-01  6.77142E-25  2.41812E-08  0.00000E+00  1.0E-07
  1.075E+02  6.50353E-01  6.61574E-25  2.36252E-08  0.00000E+00  1.0E-07
  1.080E+02  6.54508E-01  6.46367E-25  2.30822E-08  0.00000E+00  1.0E-07
  1.085E+02  6.58652E-01  6.31512E-25  2.25517E-08  0.00000E+00  1.0E-07
  1.090E+02  6.62784E-01  6.16998E-25  2.20334E-08  0.00000E+00  1.0E-07
  1.095E+02  6.66903E-01  6.02818E-25  2.15270E-08  0.00000E+00  1.0E-07
  1.100E+02  6.71010E-01  5.88962E-25  2.10322E-08  0.00000E+00  1.0E-07
  1.105E+02  6.75104E-01  5.75421E-25  2.05487E-08  0.00000E+00  1.0E-07
  1.110E+02  6.79184E-01  5.62189E-25  2.00761E-08  0.00000E+00  1.0E-07
  1.115E+02  6.83251E-01  5.49256E-25  1.96143E-08  0.00000E+00  1.0E-07
  1.120E+02  6.87303E-01  5.36616E-25  1.91629E-08  0.00000E+00  1.0E-07
  1.125E+02  6.91342E-01  5.24260E-25  1.87217E-08  0.00000E+00  1.0E-07
  1.130E+02  6.95366E-01  5.12182E-25  1.82903E-08  0.00000E+00  1.0E-07
  1.135E+02  6.99375E-01  5.00374E-25  1.78687E-08  0.00000E+00  1.0E-07
  1.140E+02  7.03368E-01  4.88830E-25  1.74564E-08  0.00000E+00  1.0E-07
  1.145E+02  7.07347E-01  4.77542E-25  1.70533E-08  0.00000E+00  1.0E-07
  1.150E+02  7.11309E-01  4.66505E-25  1.66592E-08  0.00000E+00  1.0E-07
  1.155E+02  7.15256E-01  4.55713E-25  1.62738E-08  0.00000E+00  1.0E-07
  1.160E+02  7.19186E-01  4.45158E-25  1.58969E-08  0.00000E+00  1.0E-07
  1.165E+02  7.23099E-01  4.34835E-25  1.55282E-08  0.00000E+00  1.0E-07
  1.170E+02  7.26995E-01  4.24739E-25  1.51677E-08  0.00000E+00  1.0E-07
  1.175E+02  7.30874E-01  4.14863E-25  1.48150E-08  0.00000E+00  1.0E-07
  1.180E+02  7.34736E-01  4.05204E-25  1.44701E-08  0.00000E+00  1.0E-07
  1.185E+02  7.38579E-01  3.95754E-25  1.41326E-08  0.00000E+00  1.0E-07
  1.190E+02  7.42405E-01  3.86510E-25  1.38025E-08  0.00000E+00  1.0E-07
  1.195E+02  7.46212E-01  3.77466E-25  1.34796E-08  0.00000E+00  1.0E-07
  1.200E+02  7.50000E-01  3.68618E-25  1.31636E-08  0.00000E+00  1.0E-07
  1.205E+02  7.53769E-01  3.59961E-25  1.28544E-08  0.00000E+00  1.0E-07
  1.210E+02  7.57519E-01  3.51490E-25  1.25519E-08  0.00000E+00  1.0E-07
  1.215E+02  7.61249E-01  3.43201E-25  1.22559E-08  0.00000E+00  1.0E-07
  1.220E+02  7.64960E-01  3.35089E-25  1.19663E-08  0.00000E+00  1.0E-07
  1.225E+02  7.68650E-01  3.27151E-25  1.16828E-08  0.00000E+00  1.0E-07
  1.230E+02  7.72320E-01  3.19383E-25  1.14054E-08  0.00000E+00  1.0E-07
  1.235E+02  7.75968E-01  3.11780E-25  1.11339E-08  0.00000E+00  1.0E-07
  1.240E+02  7.79596E-01  3.04339E-25  1.08681E-08  0.00000E+00  1.0E-07
  1.245E+02  7.83203E-01  2.97056E-25  1.06080E-08  0.00000E+00  1.0E-07
  1.250E+02  7.86788E-01  2.89927E-25  1.03535E-08  0.00000E+00  1.0E-07
  1.255E+02  7.90351E-01  2.82949E-25  1.01043E-08  0.00000E+00  1.0E-07
  1.260E+02  7.93893E-01  2.76118E-25  9.86037E-09  0.00000E+00  1.0E-07
  1.265E+02  7.97411E-01  2.69432E-25  9.62160E-09  0.00000E+00  1.0E-07
  1.270E+02  8.00908E-01  2.62887E-25  9.38786E-09  0.00000E+00  1.0E-07
  1.275E+02  8.04381E-01  2.56479E-25  9.15905E-09  0.00000E+00  1.0E-07
  1.280E+02  8.07831E-01  2.50207E-25  8.93504E-09  0.00000E+00  1.0E-07
  1.285E+02  8.11257E-01  2.44066E-25  8.71575E-09  0.00000E+00  1.0E-07
  1.290E+02  8.14660E-01  2.38054E-25  8.50106E-09  0.00000E+00  1.0E-07
  1.295E+02  8.18039E-01  2.32168E-25  8.29087E-09  0.00000E+00  1.0E-07
  1.300E+02  8.21394E-01  2.26405E-25  8.08508E-09  0.00000E+00  1.0E-07
  1.305E+02  8.24724E-01  2.20763E-25  7.88361E-09  0.00000E+00  1.0E-07
  1.310E+02  8.28030E-01  2.15240E-25  7.68635E-09  0.00000E+00  1.0E-07
  1.315E+02  8.31310E-01  2.09831E-25  7.49321E-09  0.00000E+00  1.0E-07
  1.320E+02  8.34565E-01  2.04536E-25  7.30411E-09  0.00000E+00  1.0E-07
  1.325E+02  8.37795E-01  1.99351E-25  7.11897E-09  0.00000E+00  1.0E-07
  1.330E+02  8.40999E-01  1.94275E-25  6.93769E-09  0.00000E+00  1.0E-07
  1.335E+02  8.44177E-01  1.89305E-25  6.76021E-09  0.00000E+00  1.0E-07
  1.340E+02  8.47329E-01  1.84439E-25  6.58643E-09  0.00000E+00  1.0E-07
  1.345E+02  8.50455E-01  1.79674E-25  6.41629E-09  0.00000E+00  1.0E-07
  1.350E+02  8.53553E-01  1.75010E-25  6.24970E-09  0.00000E+00  1.0E-07
  1.355E+02  8.56625E-01  1.70442E-25  6.08661E-09  0.00000E+00  1.0E-07
  1.360E+02  8.59670E-01  1.65971E-25  5.92693E-09  0.00000E+00  1.0E-07
  1.365E+02  8.62687E-01  1.61593E-25  5.77059E-09  0.00000E+00  1.0E-07
  1.370E+02  8.65677E-01  1.57307E-25  5.61753E-09  0.00000E+00  1.0E-07
  1.375E+02  8.68639E-01  1.53111E-25  5.46769E-09  0.00000E+00  1.0E-07
  1.380E+02  8.71572E-01  1.49003E-25  5.32100E-09  0.00000E+00  1.0E-07
  1.385E+02  8.74478E-01  1.44982E-25  5.17739E-09  0.00000E+00  1.0E-07
  1.390E+02  8.77355E-01  1.41045E-25  5.03682E-09  0.00000E+00  1.0E-07
  1.395E+02  8.80203E-01  1.37192E-25  4.89920E-09  0.00000E+00  1.0E-07
  1.400E+02  8.83022E-01  1.33420E-25  4.76450E-09  0.00000E+00  1.0E-07
  1.405E+02  8.85812E-01  1.29728E-25  4.63266E-09  0.00000E+00  1.0E-07
  1.410E+02  8.88573E-01  1.26114E-25  4.50361E-09  0.00000E+00  1.0E-07
  1.415E+02  8.91304E-01  1.22577E-25  4.37732E-09  0.00000E+00  1.0E-07
  1.420E+02  8.94005E-01  1.19116E-25  4.25371E-09  0.00000E+00  1.0E-07
  1.425E+02  8.96677E-01  1.15729E-25  4.13276E-09  0.00000E+00  1.0E-07
  1.430E+02  8.99318E-01  1.12415E-25  4.01440E-09  0.00000E+00  1.0E-07
  1.435E+02  9.01928E-01  1.09172E-25  3.89859E-09  0.00000E+00  1.0E-07
  1.440E+02  9.04508E-01  1.05999E-25  3.78528E-09  0.00000E+00  1.0E-07
  1.445E+02  9.07058E-01  1.02895E-25  3.67443E-09  0.00000E+00  1.0E-07
  1.450E+02  9.09576E-01  9.98580E-26  3.56599E-09  0.00000E+00  1.0E-07
  1.455E+02  9.12063E-01  9.68879E-26  3.45993E-09  0.00000E+00  1.0E-07
  1.460E+02  9.14519E-01  9.39829E-26  3.35619E-09  0.00000E+00  1.0E-07
  1.465E+02  9.16943E-01  9.11420E-26  3.25474E-09  0.00000E+00  1.0E-07
  1.470E+02  9.19335E-01  8.83640E-26  3.15554E-09  0.00000E+00  1.0E-07
  1.475E+02  9.21696E-01  8.56479E-26  3.05854E-09  0.00000E+00  1.0E-07
  1.480E+02  9.24024E-01  8.29927E-26  2.96372E-09  0.00000E+00  1.0E-07
  1.485E+02  9.26320E-01  8.03972E-26  2.87104E-09  0.00000E+00  1.0E-07
  1.490E+02  9.28584E-01  7.78605E-26  2.78045E-09  0.00000E+00  1.0E-07
  1.495E+02  9.30815E-01  7.53816E-26  2.69193E-09  0.00000E+00  1.0E-07
  1.500E+02  9.33013E-01  7.29596E-26  2.60544E-09  0.00000E+00  1.0E-07
  1.505E+02  9.35178E-01  7.05936E-26  2.52094E-09  0.00000E+00  1.0E-07
  1.510E+02  9.37310E-01  6.82826E-26  2.43842E-09  0.00000E+00  1.0E-07
  1.515E+02  9.39409E-01  6.60259E-26  2.35783E-09  0.00000E+00  1.0E-07
  1.520E+02  9.41474E-01  6.38224E-26  2.27914E-09  0.00000E+00  1.0E-07
  1.525E+02  9.43505E-01  6.16715E-26  2.20233E-09  0.00000E+00  1.0E-07
  1.530E+02  9.45503E-01  5.95723E-26  2.12736E-09  0.00000E+00  1.0E-07
  1.535E+02  9.47467E-01  5.75240E-26  2.05422E-09  0.00000E+00  1.0E-07
  1.540E+02  9.49397E-01  5.55259E-26  1.98286E-09  0.00000E+00  1.0E-07
  1.545E+02  9.51293E-01  5.35772E-26  1.91328E-09  0.00000E+00  1.0E-07
  1.550E+02  9.53154E-01  5.16772E-26  1.84543E-09  0.00000E+00  1.0E-07
  1.555E+02  9.54981E-01  4.98253E-26  1.77929E-09  0.00000E+00  1.0E-07
  1.560E+02  9.56773E-01  4.80207E-26  1.71485E-09  0.00000E+00  1.0E-07
  1.565E+02  9.58530E-01  4.62628E-26  1.65207E-09  0.00000E+00  1.0E-07
  1.570E+02  9.60252E-01  4.45509E-26  1.59094E-09  0.00000E+00  1.0E-07
  1.575E+02  9.61940E-01  4.28845E-26  1.53143E-09  0.00000E+00  1.0E-07
  1.580E+02  9.63592E-01  4.12628E-26  1.47352E-09  0.00000E+00  1.0E-07
  1.585E+02  9.65209E-01  3.96855E-26  1.41719E-09  0.00000E+00  1.0E-07
  1.590E+02  9.66790E-01  3.81518E-26  1.36242E-09  0.00000E+00  1.0E-07
  1.595E+02  9.68336E-01  3.66612E-26  1.30919E-09  0.00000E+00  1.0E-07
  1.600E+02  9.69846E-01  3.52132E-26  1.25748E-09  0.00000E+00  1.0E-07
  1.605E+02  9.71321E-01  3.38072E-26  1.20728E-09  0.00000E+00  1.0E-07
  1.610E+02  9.72759E-01  3.24429E-26  1.15856E-09  0.00000E+00  1.0E-07
  1.615E+02  9.74162E-01  3.11196E-26  1.11130E-09  0.00000E+00  1.0E-07
  1.620E+02  9.75528E-01  2.98370E-26  1.06550E-09  0.00000E+00  1.0E-07
  1.625E+02  9.76858E-01  2.85945E-26  1.02113E-09  0.00000E+00  1.0E-07
  1.630E+02  9.78152E-01  2.73918E-26  9.78179E-10  0.00000E+00  1.0E-07
  1.635E+02  9.79410E-01  2.62284E-26  9.36632E-10  0.00000E+00  1.0E-07
  1.640E+02  9.80631E-01  2.51039E-26  8.96475E-10  0.00000E+00  1.0E-07
  1.645E+02  9.81815E-01  2.40178E-26  8.57693E-10  0.00000E+00  1.0E-07
  1.650E+02  9.82963E-01  2.29700E-26  8.20272E-10  0.00000E+00  1.0E-07
  1.655E+02  9.84074E-01  2.19599E-26  7.84201E-10  0.00000E+00  1.0E-07
  1.660E+02  9.85148E-01  2.09872E-26  7.49465E-10  0.00000E+00  1.0E-07
  1.665E+02  9.86185E-01  2.00515E-26  7.16053E-10  0.00000E+00  1.0E-07
  1.670E+02  9.87185E-01  1.91527E-26  6.83954E-10  0.00000E+00  1.0E-07
  1.675E+02  9.88148E-01  1.82902E-26  6.53156E-10  0.00000E+00  1.0E-07
  1.680E+02  9.89074E-01  1.74640E-26  6.23650E-10  0.00000E+00  1.0E-07
  1.685E+02  9.89962E-01  1.66735E-26  5.95423E-10  0.00000E+00  1.0E-07
  1.690E+02  9.90814E-01  1.59187E-26  5.68468E-10  0.00000E+00  1.0E-07
  1.695E+02  9.91627E-01  1.51992E-26  5.42774E-10  0.00000E+00  1.0E-07
  1.700E+02  9.92404E-01  1.45148E-26  5.18333E-10  0.00000E+00  1.0E-07
  1.705E+02  9.93143E-01  1.38652E-26  4.95136E-10  0.00000E+00  1.0E-07
  1.710E+02  9.93844E-01  1.32503E-26  4.73176E-10  0.00000E+00  1.0E-07
  1.715E+02  9.94508E-01  1.26698E-26  4.52446E-10  0.00000E+00  1.0E-07
  1.720E+02  9.95134E-01  1.21235E-26  4.32937E-10  0.00000E+00  1.0E-07
  1.725E+02  9.95722E-01  1.16112E-26  4.14643E-10  0.00000E+00  1.0E-07
  1.730E+02  9.96273E-01  1.11328E-26  3.97558E-10  0.00000E+00  1.0E-07
  1.735E+02  9.96786E-01  1.06880E-26  3.81677E-10  0.00000E+00  1.0E-07
  1.740E+02  9.97261E-01  1.02769E-26  3.66994E-10  0.00000E+00  1.0E-07
  1.745E+02  9.97698E-01  9.89910E-27  3.53503E-10  0.00000E+00  1.0E-07
  1.750E+02  9.98097E-01  9.55460E-27  3.41201E-10  0.00000E+00  1.0E-07
  1.755E+02  9.98459E-01  9.24326E-27  3.30083E-10  0.00000E+00  1.0E-07
  1.760E+02  9.98782E-01  8.96498E-27  3.20145E-10  0.00000E+00  1.0E-07
  1.765E+02  9.99067E-01  8.71966E-27  3.11385E-10  0.00000E+00  1.0E-07
  1.770E+02  9.99315E-01  8.50721E-27  3.03798E-10  0.00000E+00  1.0E-07
  1.775E+02  9.99524E-01  8.32757E-27  2.97383E-10  0.00000E+00  1.0E-07
  1.780E+02  9.99695E-01  8.18068E-27  2.92137E-10  0.00000E+00  1.0E-07
  1.785E+02  9.99829E-01  8.06648E-27  2.88059E-10  0.00000E+00  1.0E-07
  1.790E+02  9.99924E-01  7.98493E-27  2.85147E-10  0.00000E+00  1.0E-07
  1.795E+02  9.99981E-01  7.93602E-27  2.83400E-10  0.00000E+00  1.0E-07
  1.800E+02  1.00000E+00  7.91971E-27  2.82818E-10  0.00000E+00  1.0E-07
