 #
 # Subroutine ELSEPA. Elastic scattering of electrons and positrons
 #                    by neutral atoms and positive ions
 #
 # Projectile: electron
 # Kinetic energy = 3.70000E+06 eV = 1.35973E+05 a.u.
 #
 # WARNING: High-energy factorization with free-atom DF screening.
 #          Absorption, polarization and exchange corrections are
 #          switched off.
 #          Phase shifts are calculated for the bare nucleus.
 #          Scattering amplitudes are not evaluated.
 #
 # Element: Yb,  Z =  70,  atomic weight = 1.73040E+02 g/mol
 #
 # Nuclear model: Fermi distribution
 #                Average radius = 5.96256E-13 cm
 #                Skin thickness = 5.46000E-14 cm
 #
 # Number of electrons = 70
 #
 # Total elastic cross section = 7.10318E-18 cm**2 = 2.53659E-01 a0**2
 # 1st transport cross section = 4.46863E-22 cm**2 = 1.59578E-05 a0**2
 # 2nd transport cross section = 1.20978E-21 cm**2 = 4.32021E-05 a0**2
 #
 #
 # Differential cross section:                       MU=(1-COS(THETA))/2
 #
 #  THETA        MU          DCS          DCS        Sherman      error
 #  (deg)                 (cm**2/sr)   (a0**2/sr)    function
 #----------------------------------------------------------------------
  0.000E+00  0.00000E+00  1.18378E-12  4.22735E+04  0.00000E+00  1.0E-05
  1.000E-04  7.61557E-13  1.18377E-12  4.22732E+04  0.00000E+00  1.0E-05
  1.250E-04  1.18994E-12  1.18376E-12  4.22730E+04  0.00000E+00  1.0E-05
  1.500E-04  1.71346E-12  1.18376E-12  4.22728E+04  0.00000E+00  1.0E-05
  1.750E-04  2.33225E-12  1.18375E-12  4.22725E+04  0.00000E+00  1.0E-05
  2.000E-04  3.04617E-12  1.18374E-12  4.22722E+04  0.00000E+00  1.0E-05
  2.250E-04  3.85530E-12  1.18373E-12  4.22719E+04  0.00000E+00  1.0E-05
  2.500E-04  4.75964E-12  1.18372E-12  4.22715E+04  0.00000E+00  1.0E-05
  2.750E-04  5.75917E-12  1.18371E-12  4.22711E+04  0.00000E+00  1.0E-05
  3.000E-04  6.85391E-12  1.18370E-12  4.22707E+04  0.00000E+00  1.0E-05
  3.250E-04  8.04379E-12  1.18369E-12  4.22702E+04  0.00000E+00  1.0E-05
  3.500E-04  9.32893E-12  1.18367E-12  4.22696E+04  0.00000E+00  1.0E-05
  3.750E-04  1.07092E-11  1.18365E-12  4.22691E+04  0.00000E+00  1.0E-05
  4.000E-04  1.21847E-11  1.18364E-12  4.22684E+04  0.00000E+00  1.0E-05
  4.250E-04  1.37554E-11  1.18362E-12  4.22678E+04  0.00000E+00  1.0E-05
  4.500E-04  1.54213E-11  1.18360E-12  4.22671E+04  0.00000E+00  1.0E-05
  4.750E-04  1.71823E-11  1.18358E-12  4.22664E+04  0.00000E+00  1.0E-05
  5.000E-04  1.90386E-11  1.18356E-12  4.22656E+04  0.00000E+00  1.0E-05
  5.250E-04  2.09900E-11  1.18353E-12  4.22648E+04  0.00000E+00  1.0E-05
  5.500E-04  2.30367E-11  1.18351E-12  4.22639E+04  0.00000E+00  1.0E-05
  5.750E-04  2.51785E-11  1.18349E-12  4.22630E+04  0.00000E+00  1.0E-05
  6.000E-04  2.74156E-11  1.18346E-12  4.22621E+04  0.00000E+00  1.0E-05
  6.250E-04  2.97478E-11  1.18343E-12  4.22611E+04  0.00000E+00  1.0E-05
  6.500E-04  3.21752E-11  1.18340E-12  4.22601E+04  0.00000E+00  1.0E-05
  6.750E-04  3.46979E-11  1.18337E-12  4.22591E+04  0.00000E+00  1.0E-05
  7.000E-04  3.73157E-11  1.18334E-12  4.22580E+04  0.00000E+00  1.0E-05
  7.250E-04  4.00286E-11  1.18331E-12  4.22569E+04  0.00000E+00  1.0E-05
  7.500E-04  4.28368E-11  1.18328E-12  4.22557E+04  0.00000E+00  1.0E-05
  7.750E-04  4.57402E-11  1.18325E-12  4.22545E+04  0.00000E+00  1.0E-05
  8.000E-04  4.87388E-11  1.18321E-12  4.22532E+04  0.00000E+00  1.0E-05
  8.250E-04  5.18325E-11  1.18317E-12  4.22519E+04  0.00000E+00  1.0E-05
  8.500E-04  5.50215E-11  1.18314E-12  4.22506E+04  0.00000E+00  1.0E-05
  8.750E-04  5.83057E-11  1.18310E-12  4.22492E+04  0.00000E+00  1.0E-05
  9.000E-04  6.16850E-11  1.18306E-12  4.22478E+04  0.00000E+00  1.0E-05
  9.250E-04  6.51595E-11  1.18302E-12  4.22464E+04  0.00000E+00  1.0E-05
  9.500E-04  6.87293E-11  1.18298E-12  4.22449E+04  0.00000E+00  1.0E-05
  9.750E-04  7.23943E-11  1.18294E-12  4.22434E+04  0.00000E+00  1.0E-05
  1.000E-03  7.61544E-11  1.18289E-12  4.22418E+04  0.00000E+00  1.0E-05
  1.250E-03  1.18991E-10  1.18239E-12  4.22240E+04  0.00000E+00  1.0E-05
  1.500E-03  1.71347E-10  1.18178E-12  4.22022E+04  0.00000E+00  1.0E-05
  1.750E-03  2.33223E-10  1.18106E-12  4.21765E+04  0.00000E+00  1.0E-05
  2.000E-03  3.04617E-10  1.18023E-12  4.21469E+04  0.00000E+00  1.0E-05
  2.250E-03  3.85531E-10  1.17929E-12  4.21133E+04  0.00000E+00  1.0E-05
  2.500E-03  4.75965E-10  1.17825E-12  4.20759E+04  0.00000E+00  1.0E-05
  2.750E-03  5.75917E-10  1.17709E-12  4.20346E+04  0.00000E+00  1.0E-05
  3.000E-03  6.85389E-10  1.17582E-12  4.19894E+04  0.00000E+00  1.0E-05
  3.250E-03  8.04380E-10  1.17445E-12  4.19404E+04  0.00000E+00  1.0E-05
  3.500E-03  9.32891E-10  1.17297E-12  4.18876E+04  0.00000E+00  1.0E-05
  3.750E-03  1.07092E-09  1.17139E-12  4.18310E+04  0.00000E+00  1.0E-05
  4.000E-03  1.21847E-09  1.16970E-12  4.17706E+04  0.00000E+00  1.0E-05
  4.250E-03  1.37554E-09  1.16790E-12  4.17065E+04  0.00000E+00  1.0E-05
  4.500E-03  1.54213E-09  1.16600E-12  4.16387E+04  0.00000E+00  1.0E-05
  4.750E-03  1.71823E-09  1.16400E-12  4.15672E+04  0.00000E+00  1.0E-05
  5.000E-03  1.90386E-09  1.16190E-12  4.14921E+04  0.00000E+00  1.0E-05
  5.250E-03  2.09900E-09  1.15969E-12  4.14134E+04  0.00000E+00  1.0E-05
  5.500E-03  2.30367E-09  1.15739E-12  4.13311E+04  0.00000E+00  1.0E-05
  5.750E-03  2.51785E-09  1.15499E-12  4.12453E+04  0.00000E+00  1.0E-05
  6.000E-03  2.74156E-09  1.15248E-12  4.11559E+04  0.00000E+00  1.0E-05
  6.250E-03  2.97478E-09  1.14989E-12  4.10632E+04  0.00000E+00  1.0E-05
  6.500E-03  3.21752E-09  1.14719E-12  4.09670E+04  0.00000E+00  1.0E-05
  6.750E-03  3.46978E-09  1.14441E-12  4.08675E+04  0.00000E+00  1.0E-05
  7.000E-03  3.73156E-09  1.14152E-12  4.07646E+04  0.00000E+00  1.0E-05
  7.250E-03  4.00286E-09  1.13855E-12  4.06584E+04  0.00000E+00  1.0E-05
  7.500E-03  4.28368E-09  1.13549E-12  4.05491E+04  0.00000E+00  1.0E-05
  7.750E-03  4.57402E-09  1.13234E-12  4.04365E+04  0.00000E+00  1.0E-05
  8.000E-03  4.87388E-09  1.12910E-12  4.03208E+04  0.00000E+00  1.0E-05
  8.250E-03  5.18326E-09  1.12577E-12  4.02021E+04  0.00000E+00  1.0E-05
  8.500E-03  5.50215E-09  1.12236E-12  4.00803E+04  0.00000E+00  1.0E-05
  8.750E-03  5.83057E-09  1.11887E-12  3.99555E+04  0.00000E+00  1.0E-05
  9.000E-03  6.16850E-09  1.11529E-12  3.98278E+04  0.00000E+00  1.0E-05
  9.250E-03  6.51596E-09  1.11164E-12  3.96972E+04  0.00000E+00  1.0E-05
  9.500E-03  6.87293E-09  1.10790E-12  3.95638E+04  0.00000E+00  1.0E-05
  9.750E-03  7.23942E-09  1.10409E-12  3.94277E+04  0.00000E+00  1.0E-05
  1.000E-02  7.61544E-09  1.10020E-12  3.92889E+04  0.00000E+00  1.0E-05
  1.250E-02  1.18991E-08  1.05752E-12  3.77647E+04  0.00000E+00  1.0E-05
  1.500E-02  1.71347E-08  1.00922E-12  3.60399E+04  0.00000E+00  1.0E-05
  1.750E-02  2.33223E-08  9.56834E-13  3.41692E+04  0.00000E+00  1.0E-05
  2.000E-02  3.04617E-08  9.02027E-13  3.22120E+04  0.00000E+00  1.0E-05
  2.250E-02  3.85531E-08  8.46474E-13  3.02281E+04  0.00000E+00  1.0E-05
  2.500E-02  4.75965E-08  7.91428E-13  2.82624E+04  0.00000E+00  1.0E-05
  2.750E-02  5.75917E-08  7.37777E-13  2.63465E+04  0.00000E+00  1.0E-05
  3.000E-02  6.85389E-08  6.86290E-13  2.45079E+04  0.00000E+00  1.0E-05
  3.250E-02  8.04380E-08  6.37664E-13  2.27714E+04  0.00000E+00  1.0E-05
  3.500E-02  9.32891E-08  5.92293E-13  2.11512E+04  0.00000E+00  1.0E-05
  3.750E-02  1.07092E-07  5.50125E-13  1.96453E+04  0.00000E+00  1.0E-05
  4.000E-02  1.21847E-07  5.11202E-13  1.82554E+04  0.00000E+00  1.0E-05
  4.250E-02  1.37554E-07  4.75525E-13  1.69813E+04  0.00000E+00  1.0E-05
  4.500E-02  1.54213E-07  4.43063E-13  1.58221E+04  0.00000E+00  1.0E-05
  4.750E-02  1.71823E-07  4.13424E-13  1.47636E+04  0.00000E+00  1.0E-05
  5.000E-02  1.90386E-07  3.86413E-13  1.37991E+04  0.00000E+00  1.0E-05
  5.250E-02  2.09900E-07  3.61828E-13  1.29211E+04  0.00000E+00  1.0E-05
  5.500E-02  2.30367E-07  3.39536E-13  1.21251E+04  0.00000E+00  1.0E-05
  5.750E-02  2.51785E-07  3.19194E-13  1.13986E+04  0.00000E+00  1.0E-05
  6.000E-02  2.74156E-07  3.00619E-13  1.07353E+04  0.00000E+00  1.0E-05
  6.250E-02  2.97478E-07  2.83637E-13  1.01289E+04  0.00000E+00  1.0E-05
  6.500E-02  3.21752E-07  2.68087E-13  9.57355E+03  0.00000E+00  1.0E-05
  6.750E-02  3.46978E-07  2.53789E-13  9.06297E+03  0.00000E+00  1.0E-05
  7.000E-02  3.73156E-07  2.40616E-13  8.59257E+03  0.00000E+00  1.0E-05
  7.250E-02  4.00286E-07  2.28456E-13  8.15832E+03  0.00000E+00  1.0E-05
  7.500E-02  4.28368E-07  2.17180E-13  7.75563E+03  0.00000E+00  1.0E-05
  7.750E-02  4.57402E-07  2.06692E-13  7.38111E+03  0.00000E+00  1.0E-05
  8.000E-02  4.87388E-07  1.96930E-13  7.03251E+03  0.00000E+00  1.0E-05
  8.250E-02  5.18325E-07  1.87826E-13  6.70739E+03  0.00000E+00  1.0E-05
  8.500E-02  5.50215E-07  1.79293E-13  6.40268E+03  0.00000E+00  1.0E-05
  8.750E-02  5.83057E-07  1.71265E-13  6.11600E+03  0.00000E+00  1.0E-05
  9.000E-02  6.16850E-07  1.63727E-13  5.84681E+03  0.00000E+00  1.0E-05
  9.250E-02  6.51596E-07  1.56638E-13  5.59364E+03  0.00000E+00  1.0E-05
  9.500E-02  6.87293E-07  1.49946E-13  5.35468E+03  0.00000E+00  1.0E-05
  9.750E-02  7.23942E-07  1.43590E-13  5.12768E+03  0.00000E+00  1.0E-05
  1.000E-01  7.61543E-07  1.37583E-13  4.91316E+03  0.00000E+00  1.0E-05
  1.250E-01  1.18991E-06  9.16439E-14  3.27266E+03  0.00000E+00  1.0E-05
  1.500E-01  1.71347E-06  6.18721E-14  2.20949E+03  0.00000E+00  1.0E-05
  1.750E-01  2.33223E-06  4.36613E-14  1.55917E+03  0.00000E+00  1.0E-05
  2.000E-01  3.04617E-06  3.16109E-14  1.12884E+03  0.00000E+00  1.0E-05
  2.250E-01  3.85531E-06  2.32576E-14  8.30545E+02  0.00000E+00  1.0E-05
  2.500E-01  4.75964E-06  1.74583E-14  6.23446E+02  0.00000E+00  1.0E-05
  2.750E-01  5.75916E-06  1.33731E-14  4.77561E+02  0.00000E+00  1.0E-05
  3.000E-01  6.85388E-06  1.04129E-14  3.71852E+02  0.00000E+00  1.0E-05
  3.250E-01  8.04378E-06  8.19919E-15  2.92798E+02  0.00000E+00  1.0E-05
  3.500E-01  9.32888E-06  6.51772E-15  2.32752E+02  0.00000E+00  1.0E-05
  3.750E-01  1.07092E-05  5.24087E-15  1.87155E+02  0.00000E+00  1.0E-05
  4.000E-01  1.21846E-05  4.25637E-15  1.51998E+02  0.00000E+00  1.0E-05
  4.250E-01  1.37553E-05  3.48578E-15  1.24480E+02  0.00000E+00  1.0E-05
  4.500E-01  1.54212E-05  2.87459E-15  1.02653E+02  0.00000E+00  1.0E-05
  4.750E-01  1.71822E-05  2.39135E-15  8.53966E+01  0.00000E+00  1.0E-05
  5.000E-01  1.90385E-05  2.00433E-15  7.15759E+01  0.00000E+00  1.0E-05
  5.250E-01  2.09899E-05  1.69444E-15  6.05096E+01  0.00000E+00  1.0E-05
  5.500E-01  2.30365E-05  1.44119E-15  5.14658E+01  0.00000E+00  1.0E-05
  5.750E-01  2.51783E-05  1.23408E-15  4.40699E+01  0.00000E+00  1.0E-05
  6.000E-01  2.74153E-05  1.06336E-15  3.79733E+01  0.00000E+00  1.0E-05
  6.250E-01  2.97475E-05  9.21711E-16  3.29149E+01  0.00000E+00  1.0E-05
  6.500E-01  3.21749E-05  8.03439E-16  2.86913E+01  0.00000E+00  1.0E-05
  6.750E-01  3.46974E-05  7.03647E-16  2.51277E+01  0.00000E+00  1.0E-05
  7.000E-01  3.73152E-05  6.19276E-16  2.21147E+01  0.00000E+00  1.0E-05
  7.250E-01  4.00281E-05  5.47626E-16  1.95561E+01  0.00000E+00  1.0E-05
  7.500E-01  4.28362E-05  4.86305E-16  1.73663E+01  0.00000E+00  1.0E-05
  7.750E-01  4.57395E-05  4.33532E-16  1.54817E+01  0.00000E+00  1.0E-05
  8.000E-01  4.87380E-05  3.87896E-16  1.38520E+01  0.00000E+00  1.0E-05
  8.250E-01  5.18317E-05  3.48219E-16  1.24351E+01  0.00000E+00  1.0E-05
  8.500E-01  5.50205E-05  3.13507E-16  1.11955E+01  0.00000E+00  1.0E-05
  8.750E-01  5.83045E-05  2.82993E-16  1.01059E+01  0.00000E+00  1.0E-05
  9.000E-01  6.16838E-05  2.56133E-16  9.14668E+00  0.00000E+00  1.0E-05
  9.250E-01  6.51582E-05  2.32408E-16  8.29946E+00  0.00000E+00  1.0E-05
  9.500E-01  6.87277E-05  2.11367E-16  7.54804E+00  0.00000E+00  1.0E-05
  9.750E-01  7.23925E-05  1.92619E-16  6.87855E+00  0.00000E+00  1.0E-05
  1.000E+00  7.61524E-05  1.75916E-16  6.28206E+00  0.00000E+00  9.3E-06
  1.100E+00  9.21439E-05  1.24743E-16  4.45466E+00  0.00000E+00  7.0E-06
  1.200E+00  1.09658E-04  9.08500E-17  3.24431E+00  0.00000E+00  3.8E-06
  1.300E+00  1.28695E-04  6.76725E-17  2.41663E+00  0.00000E+00  7.6E-07
  1.400E+00  1.49255E-04  5.13760E-17  1.83467E+00  0.00000E+00  1.5E-06
  1.500E+00  1.71338E-04  3.97319E-17  1.41885E+00  0.00000E+00  2.7E-06
  1.600E+00  1.94942E-04  3.12132E-17  1.11464E+00  0.00000E+00  2.9E-06
  1.700E+00  2.20070E-04  2.48585E-17  8.87714E-01  0.00000E+00  2.3E-06
  1.800E+00  2.46720E-04  2.00368E-17  7.15526E-01  0.00000E+00  1.3E-06
  1.900E+00  2.74892E-04  1.63345E-17  5.83315E-01  0.00000E+00  2.1E-07
  2.000E+00  3.04586E-04  1.34526E-17  4.80402E-01  0.00000E+00  6.8E-07
  2.100E+00  3.35803E-04  1.11816E-17  3.99302E-01  0.00000E+00  1.2E-06
  2.200E+00  3.68542E-04  9.36823E-18  3.34545E-01  0.00000E+00  1.3E-06
  2.300E+00  4.02802E-04  7.90985E-18  2.82466E-01  0.00000E+00  1.1E-06
  2.400E+00  4.38585E-04  6.72582E-18  2.40183E-01  0.00000E+00  5.9E-07
  2.500E+00  4.75889E-04  5.75622E-18  2.05558E-01  0.00000E+00  1.0E-07
  2.600E+00  5.14715E-04  4.95481E-18  1.76939E-01  0.00000E+00  3.9E-07
  2.700E+00  5.55063E-04  4.28861E-18  1.53149E-01  0.00000E+00  6.6E-07
  2.800E+00  5.96931E-04  3.73120E-18  1.33244E-01  0.00000E+00  7.1E-07
  2.900E+00  6.40321E-04  3.26182E-18  1.16482E-01  0.00000E+00  5.7E-07
  3.000E+00  6.85233E-04  2.86392E-18  1.02272E-01  0.00000E+00  3.1E-07
  3.100E+00  7.31665E-04  2.52496E-18  9.01679E-02  0.00000E+00  1.0E-07
  3.200E+00  7.79618E-04  2.23487E-18  7.98088E-02  0.00000E+00  2.5E-07
  3.300E+00  8.29092E-04  1.98541E-18  7.09004E-02  0.00000E+00  4.1E-07
  3.400E+00  8.80086E-04  1.76981E-18  6.32009E-02  0.00000E+00  4.4E-07
  3.500E+00  9.32601E-04  1.58267E-18  5.65180E-02  0.00000E+00  3.5E-07
  3.600E+00  9.86636E-04  1.41970E-18  5.06983E-02  0.00000E+00  1.8E-07
  3.700E+00  1.04219E-03  1.27723E-18  4.56107E-02  0.00000E+00  1.0E-07
  3.800E+00  1.09927E-03  1.15221E-18  4.11463E-02  0.00000E+00  1.8E-07
  3.900E+00  1.15786E-03  1.04209E-18  3.72138E-02  0.00000E+00  2.7E-07
  4.000E+00  1.21797E-03  9.44855E-19  3.37414E-02  0.00000E+00  2.9E-07
  4.100E+00  1.27961E-03  8.58730E-19  3.06658E-02  0.00000E+00  2.3E-07
  4.200E+00  1.34276E-03  7.82221E-19  2.79336E-02  0.00000E+00  1.1E-07
  4.300E+00  1.40743E-03  7.14022E-19  2.54982E-02  0.00000E+00  1.0E-07
  4.400E+00  1.47362E-03  6.53118E-19  2.33233E-02  0.00000E+00  1.3E-07
  4.500E+00  1.54133E-03  5.98593E-19  2.13761E-02  0.00000E+00  2.0E-07
  4.600E+00  1.61056E-03  5.49657E-19  1.96286E-02  0.00000E+00  2.0E-07
  4.700E+00  1.68131E-03  5.05615E-19  1.80558E-02  0.00000E+00  1.6E-07
  4.800E+00  1.75357E-03  4.65910E-19  1.66379E-02  0.00000E+00  1.0E-07
  4.900E+00  1.82735E-03  4.30041E-19  1.53570E-02  0.00000E+00  1.0E-07
  5.000E+00  1.90265E-03  3.97571E-19  1.41975E-02  0.00000E+00  1.0E-07
  5.100E+00  1.97947E-03  3.68111E-19  1.31455E-02  0.00000E+00  1.5E-07
  5.200E+00  2.05780E-03  3.41338E-19  1.21894E-02  0.00000E+00  1.5E-07
  5.300E+00  2.13765E-03  3.16966E-19  1.13190E-02  0.00000E+00  1.1E-07
  5.400E+00  2.21902E-03  2.94740E-19  1.05254E-02  0.00000E+00  1.0E-07
  5.500E+00  2.30190E-03  2.74435E-19  9.80024E-03  0.00000E+00  1.0E-07
  5.600E+00  2.38630E-03  2.55853E-19  9.13666E-03  0.00000E+00  1.0E-07
  5.700E+00  2.47222E-03  2.38826E-19  8.52862E-03  0.00000E+00  1.1E-07
  5.800E+00  2.55965E-03  2.23200E-19  7.97060E-03  0.00000E+00  1.1E-07
  5.900E+00  2.64859E-03  2.08836E-19  7.45769E-03  0.00000E+00  1.0E-07
  6.000E+00  2.73905E-03  1.95614E-19  6.98551E-03  0.00000E+00  1.0E-07
  6.100E+00  2.83103E-03  1.83428E-19  6.55035E-03  0.00000E+00  1.0E-07
  6.200E+00  2.92452E-03  1.72183E-19  6.14876E-03  0.00000E+00  1.0E-07
  6.300E+00  3.01952E-03  1.61791E-19  5.77766E-03  0.00000E+00  1.0E-07
  6.400E+00  3.11604E-03  1.52175E-19  5.43425E-03  0.00000E+00  1.0E-07
  6.500E+00  3.21407E-03  1.43267E-19  5.11616E-03  0.00000E+00  1.0E-07
  6.600E+00  3.31362E-03  1.35006E-19  4.82117E-03  0.00000E+00  1.0E-07
  6.700E+00  3.41468E-03  1.27337E-19  4.54729E-03  0.00000E+00  1.0E-07
  6.800E+00  3.51725E-03  1.20207E-19  4.29267E-03  0.00000E+00  1.0E-07
  6.900E+00  3.62133E-03  1.13573E-19  4.05576E-03  0.00000E+00  1.0E-07
  7.000E+00  3.72692E-03  1.07394E-19  3.83510E-03  0.00000E+00  1.0E-07
  7.100E+00  3.83403E-03  1.01633E-19  3.62937E-03  0.00000E+00  1.0E-07
  7.200E+00  3.94265E-03  9.62550E-20  3.43733E-03  0.00000E+00  1.0E-07
  7.300E+00  4.05278E-03  9.12311E-20  3.25792E-03  0.00000E+00  1.0E-07
  7.400E+00  4.16442E-03  8.65336E-20  3.09017E-03  0.00000E+00  1.0E-07
  7.500E+00  4.27757E-03  8.21372E-20  2.93317E-03  0.00000E+00  1.0E-07
  7.600E+00  4.39223E-03  7.80186E-20  2.78609E-03  0.00000E+00  1.0E-07
  7.700E+00  4.50840E-03  7.41570E-20  2.64819E-03  0.00000E+00  1.0E-07
  7.800E+00  4.62608E-03  7.05336E-20  2.51880E-03  0.00000E+00  1.0E-07
  7.900E+00  4.74527E-03  6.71309E-20  2.39729E-03  0.00000E+00  1.0E-07
  8.000E+00  4.86597E-03  6.39327E-20  2.28308E-03  0.00000E+00  1.0E-07
  8.100E+00  4.98817E-03  6.09243E-20  2.17565E-03  0.00000E+00  1.0E-07
  8.200E+00  5.11188E-03  5.80925E-20  2.07452E-03  0.00000E+00  1.0E-07
  8.300E+00  5.23711E-03  5.54251E-20  1.97927E-03  0.00000E+00  1.0E-07
  8.400E+00  5.36383E-03  5.29105E-20  1.88947E-03  0.00000E+00  1.0E-07
  8.500E+00  5.49207E-03  5.05381E-20  1.80475E-03  0.00000E+00  1.0E-07
  8.600E+00  5.62181E-03  4.82986E-20  1.72478E-03  0.00000E+00  1.0E-07
  8.700E+00  5.75306E-03  4.61832E-20  1.64923E-03  0.00000E+00  1.0E-07
  8.800E+00  5.88581E-03  4.41835E-20  1.57782E-03  0.00000E+00  1.0E-07
  8.900E+00  6.02007E-03  4.22919E-20  1.51027E-03  0.00000E+00  1.0E-07
  9.000E+00  6.15583E-03  4.05016E-20  1.44634E-03  0.00000E+00  1.0E-07
  9.100E+00  6.29310E-03  3.88061E-20  1.38579E-03  0.00000E+00  1.0E-07
  9.200E+00  6.43187E-03  3.71995E-20  1.32842E-03  0.00000E+00  1.0E-07
  9.300E+00  6.57214E-03  3.56760E-20  1.27401E-03  0.00000E+00  1.0E-07
  9.400E+00  6.71392E-03  3.42305E-20  1.22239E-03  0.00000E+00  1.0E-07
  9.500E+00  6.85720E-03  3.28584E-20  1.17339E-03  0.00000E+00  1.0E-07
  9.600E+00  7.00198E-03  3.15552E-20  1.12686E-03  0.00000E+00  1.0E-07
  9.700E+00  7.14827E-03  3.03168E-20  1.08263E-03  0.00000E+00  1.0E-07
  9.800E+00  7.29605E-03  2.91391E-20  1.04058E-03  0.00000E+00  1.0E-07
  9.900E+00  7.44534E-03  2.80189E-20  1.00057E-03  0.00000E+00  1.0E-07
  1.000E+01  7.59612E-03  2.69527E-20  9.62497E-04  0.00000E+00  1.0E-07
  1.025E+01  7.97965E-03  2.45033E-20  8.75029E-04  0.00000E+00  1.0E-07
  1.050E+01  8.37255E-03  2.23293E-20  7.97393E-04  0.00000E+00  1.0E-07
  1.075E+01  8.77480E-03  2.03941E-20  7.28285E-04  0.00000E+00  1.0E-07
  1.100E+01  9.18641E-03  1.86667E-20  6.66600E-04  0.00000E+00  1.0E-07
  1.125E+01  9.60736E-03  1.71208E-20  6.11396E-04  0.00000E+00  1.0E-07
  1.150E+01  1.00376E-02  1.57339E-20  5.61868E-04  0.00000E+00  1.0E-07
  1.175E+01  1.04773E-02  1.44866E-20  5.17325E-04  0.00000E+00  1.0E-07
  1.200E+01  1.09262E-02  1.33622E-20  4.77174E-04  0.00000E+00  1.0E-07
  1.225E+01  1.13844E-02  1.23465E-20  4.40902E-04  0.00000E+00  1.0E-07
  1.250E+01  1.18520E-02  1.14270E-20  4.08065E-04  0.00000E+00  1.0E-07
  1.275E+01  1.23288E-02  1.05928E-20  3.78277E-04  0.00000E+00  1.0E-07
  1.300E+01  1.28150E-02  9.83466E-21  3.51202E-04  0.00000E+00  1.0E-07
  1.325E+01  1.33104E-02  9.14419E-21  3.26545E-04  0.00000E+00  1.0E-07
  1.350E+01  1.38150E-02  8.51439E-21  3.04054E-04  0.00000E+00  1.0E-07
  1.375E+01  1.43290E-02  7.93880E-21  2.83500E-04  0.00000E+00  1.0E-07
  1.400E+01  1.48521E-02  7.41191E-21  2.64684E-04  0.00000E+00  1.0E-07
  1.425E+01  1.53845E-02  6.92883E-21  2.47433E-04  0.00000E+00  1.0E-07
  1.450E+01  1.59262E-02  6.48524E-21  2.31592E-04  0.00000E+00  1.0E-07
  1.475E+01  1.64770E-02  6.07726E-21  2.17023E-04  0.00000E+00  1.0E-07
  1.500E+01  1.70371E-02  5.70148E-21  2.03604E-04  0.00000E+00  1.0E-07
  1.525E+01  1.76063E-02  5.35491E-21  1.91227E-04  0.00000E+00  1.0E-07
  1.550E+01  1.81848E-02  5.03483E-21  1.79797E-04  0.00000E+00  1.0E-07
  1.575E+01  1.87724E-02  4.73882E-21  1.69226E-04  0.00000E+00  1.0E-07
  1.600E+01  1.93692E-02  4.46470E-21  1.59437E-04  0.00000E+00  1.0E-07
  1.625E+01  1.99751E-02  4.21056E-21  1.50362E-04  0.00000E+00  1.0E-07
  1.650E+01  2.05901E-02  3.97467E-21  1.41938E-04  0.00000E+00  1.0E-07
  1.675E+01  2.12143E-02  3.75545E-21  1.34109E-04  0.00000E+00  1.0E-07
  1.700E+01  2.18476E-02  3.55148E-21  1.26826E-04  0.00000E+00  1.0E-07
  1.725E+01  2.24900E-02  3.36150E-21  1.20041E-04  0.00000E+00  1.0E-07
  1.750E+01  2.31415E-02  3.18438E-21  1.13716E-04  0.00000E+00  1.0E-07
  1.775E+01  2.38021E-02  3.01906E-21  1.07813E-04  0.00000E+00  1.0E-07
  1.800E+01  2.44717E-02  2.86459E-21  1.02297E-04  0.00000E+00  1.0E-07
  1.825E+01  2.51504E-02  2.72014E-21  9.71379E-05  0.00000E+00  1.0E-07
  1.850E+01  2.58382E-02  2.58492E-21  9.23091E-05  0.00000E+00  1.0E-07
  1.875E+01  2.65349E-02  2.45822E-21  8.77846E-05  0.00000E+00  1.0E-07
  1.900E+01  2.72407E-02  2.33939E-21  8.35413E-05  0.00000E+00  1.0E-07
  1.925E+01  2.79555E-02  2.22786E-21  7.95583E-05  0.00000E+00  1.0E-07
  1.950E+01  2.86793E-02  2.12308E-21  7.58166E-05  0.00000E+00  1.0E-07
  1.975E+01  2.94120E-02  2.02457E-21  7.22986E-05  0.00000E+00  1.0E-07
  2.000E+01  3.01537E-02  1.93186E-21  6.89880E-05  0.00000E+00  1.0E-07
  2.025E+01  3.09043E-02  1.84456E-21  6.58703E-05  0.00000E+00  1.0E-07
  2.050E+01  3.16639E-02  1.76228E-21  6.29320E-05  0.00000E+00  1.0E-07
  2.075E+01  3.24324E-02  1.68467E-21  6.01607E-05  0.00000E+00  1.0E-07
  2.100E+01  3.32098E-02  1.61142E-21  5.75448E-05  0.00000E+00  1.0E-07
  2.125E+01  3.39961E-02  1.54223E-21  5.50739E-05  0.00000E+00  1.0E-07
  2.150E+01  3.47912E-02  1.47683E-21  5.27384E-05  0.00000E+00  1.0E-07
  2.175E+01  3.55952E-02  1.41497E-21  5.05293E-05  0.00000E+00  1.0E-07
  2.200E+01  3.64081E-02  1.35641E-21  4.84384E-05  0.00000E+00  1.0E-07
  2.225E+01  3.72297E-02  1.30095E-21  4.64579E-05  0.00000E+00  1.0E-07
  2.250E+01  3.80602E-02  1.24840E-21  4.45810E-05  0.00000E+00  1.0E-07
  2.275E+01  3.88995E-02  1.19855E-21  4.28011E-05  0.00000E+00  1.0E-07
  2.300E+01  3.97476E-02  1.15125E-21  4.11120E-05  0.00000E+00  1.0E-07
  2.325E+01  4.06044E-02  1.10634E-21  3.95083E-05  0.00000E+00  1.0E-07
  2.350E+01  4.14700E-02  1.06368E-21  3.79846E-05  0.00000E+00  1.0E-07
  2.375E+01  4.23443E-02  1.02312E-21  3.65363E-05  0.00000E+00  1.0E-07
  2.400E+01  4.32273E-02  9.84544E-22  3.51587E-05  0.00000E+00  1.0E-07
  2.425E+01  4.41190E-02  9.47832E-22  3.38477E-05  0.00000E+00  1.0E-07
  2.450E+01  4.50194E-02  9.12876E-22  3.25994E-05  0.00000E+00  1.0E-07
  2.475E+01  4.59284E-02  8.79575E-22  3.14102E-05  0.00000E+00  1.0E-07
  2.500E+01  4.68461E-02  8.47833E-22  3.02767E-05  0.00000E+00  1.0E-07
  2.550E+01  4.87074E-02  7.88679E-22  2.81642E-05  0.00000E+00  1.0E-07
  2.600E+01  5.06030E-02  7.34776E-22  2.62393E-05  0.00000E+00  1.0E-07
  2.650E+01  5.25328E-02  6.85563E-22  2.44819E-05  0.00000E+00  1.0E-07
  2.700E+01  5.44967E-02  6.40552E-22  2.28745E-05  0.00000E+00  1.0E-07
  2.750E+01  5.64946E-02  5.99309E-22  2.14017E-05  0.00000E+00  1.0E-07
  2.800E+01  5.85262E-02  5.61456E-22  2.00499E-05  0.00000E+00  1.0E-07
  2.850E+01  6.05914E-02  5.26656E-22  1.88072E-05  0.00000E+00  1.0E-07
  2.900E+01  6.26901E-02  4.94613E-22  1.76630E-05  0.00000E+00  1.0E-07
  2.950E+01  6.48222E-02  4.65064E-22  1.66077E-05  0.00000E+00  1.0E-07
  3.000E+01  6.69873E-02  4.37774E-22  1.56332E-05  0.00000E+00  1.0E-07
  3.050E+01  6.91854E-02  4.12535E-22  1.47319E-05  0.00000E+00  1.0E-07
  3.100E+01  7.14163E-02  3.89161E-22  1.38972E-05  0.00000E+00  1.0E-07
  3.150E+01  7.36799E-02  3.67484E-22  1.31231E-05  0.00000E+00  1.0E-07
  3.200E+01  7.59760E-02  3.47357E-22  1.24043E-05  0.00000E+00  1.0E-07
  3.250E+01  7.83043E-02  3.28643E-22  1.17361E-05  0.00000E+00  1.0E-07
  3.300E+01  8.06647E-02  3.11224E-22  1.11140E-05  0.00000E+00  1.0E-07
  3.350E+01  8.30571E-02  2.94990E-22  1.05343E-05  0.00000E+00  1.0E-07
  3.400E+01  8.54812E-02  2.79844E-22  9.99342E-06  0.00000E+00  1.0E-07
  3.450E+01  8.79369E-02  2.65698E-22  9.48823E-06  0.00000E+00  1.0E-07
  3.500E+01  9.04240E-02  2.52470E-22  9.01587E-06  0.00000E+00  1.0E-07
  3.550E+01  9.29422E-02  2.40089E-22  8.57374E-06  0.00000E+00  1.0E-07
  3.600E+01  9.54915E-02  2.28489E-22  8.15948E-06  0.00000E+00  1.0E-07
  3.650E+01  9.80716E-02  2.17609E-22  7.77097E-06  0.00000E+00  1.0E-07
  3.700E+01  1.00682E-01  2.07396E-22  7.40626E-06  0.00000E+00  1.0E-07
  3.750E+01  1.03323E-01  1.97800E-22  7.06355E-06  0.00000E+00  1.0E-07
  3.800E+01  1.05995E-01  1.88774E-22  6.74124E-06  0.00000E+00  1.0E-07
  3.850E+01  1.08696E-01  1.80278E-22  6.43785E-06  0.00000E+00  1.0E-07
  3.900E+01  1.11427E-01  1.72274E-22  6.15203E-06  0.00000E+00  1.0E-07
  3.950E+01  1.14188E-01  1.64727E-22  5.88252E-06  0.00000E+00  1.0E-07
  4.000E+01  1.16978E-01  1.57606E-22  5.62820E-06  0.00000E+00  1.0E-07
  4.050E+01  1.19797E-01  1.50880E-22  5.38802E-06  0.00000E+00  1.0E-07
  4.100E+01  1.22645E-01  1.44523E-22  5.16102E-06  0.00000E+00  1.0E-07
  4.150E+01  1.25522E-01  1.38511E-22  4.94631E-06  0.00000E+00  1.0E-07
  4.200E+01  1.28428E-01  1.32820E-22  4.74308E-06  0.00000E+00  1.0E-07
  4.250E+01  1.31361E-01  1.27429E-22  4.55058E-06  0.00000E+00  1.0E-07
  4.300E+01  1.34323E-01  1.22320E-22  4.36812E-06  0.00000E+00  1.0E-07
  4.350E+01  1.37313E-01  1.17473E-22  4.19505E-06  0.00000E+00  1.0E-07
  4.400E+01  1.40330E-01  1.12873E-22  4.03078E-06  0.00000E+00  1.0E-07
  4.450E+01  1.43375E-01  1.08504E-22  3.87476E-06  0.00000E+00  1.0E-07
  4.500E+01  1.46447E-01  1.04353E-22  3.72650E-06  0.00000E+00  1.0E-07
  4.550E+01  1.49545E-01  1.00404E-22  3.58550E-06  0.00000E+00  1.0E-07
  4.600E+01  1.52671E-01  9.66475E-23  3.45135E-06  0.00000E+00  1.0E-07
  4.650E+01  1.55823E-01  9.30708E-23  3.32362E-06  0.00000E+00  1.0E-07
  4.700E+01  1.59001E-01  8.96635E-23  3.20194E-06  0.00000E+00  1.0E-07
  4.750E+01  1.62205E-01  8.64158E-23  3.08596E-06  0.00000E+00  1.0E-07
  4.800E+01  1.65435E-01  8.33185E-23  2.97536E-06  0.00000E+00  1.0E-07
  4.850E+01  1.68690E-01  8.03630E-23  2.86981E-06  0.00000E+00  1.0E-07
  4.900E+01  1.71970E-01  7.75414E-23  2.76905E-06  0.00000E+00  1.0E-07
  4.950E+01  1.75276E-01  7.48463E-23  2.67281E-06  0.00000E+00  1.0E-07
  5.000E+01  1.78606E-01  7.22706E-23  2.58083E-06  0.00000E+00  1.0E-07
  5.050E+01  1.81961E-01  6.98079E-23  2.49289E-06  0.00000E+00  1.0E-07
  5.100E+01  1.85340E-01  6.74521E-23  2.40876E-06  0.00000E+00  1.0E-07
  5.150E+01  1.88743E-01  6.51974E-23  2.32824E-06  0.00000E+00  1.0E-07
  5.200E+01  1.92169E-01  6.30385E-23  2.25115E-06  0.00000E+00  1.0E-07
  5.250E+01  1.95619E-01  6.09704E-23  2.17729E-06  0.00000E+00  1.0E-07
  5.300E+01  1.99092E-01  5.89884E-23  2.10651E-06  0.00000E+00  1.0E-07
  5.350E+01  2.02589E-01  5.70881E-23  2.03865E-06  0.00000E+00  1.0E-07
  5.400E+01  2.06107E-01  5.52653E-23  1.97356E-06  0.00000E+00  1.0E-07
  5.450E+01  2.09649E-01  5.35162E-23  1.91110E-06  0.00000E+00  1.0E-07
  5.500E+01  2.13212E-01  5.18371E-23  1.85114E-06  0.00000E+00  1.0E-07
  5.550E+01  2.16797E-01  5.02245E-23  1.79355E-06  0.00000E+00  1.0E-07
  5.600E+01  2.20404E-01  4.86752E-23  1.73822E-06  0.00000E+00  1.0E-07
  5.650E+01  2.24032E-01  4.71861E-23  1.68505E-06  0.00000E+00  1.0E-07
  5.700E+01  2.27680E-01  4.57544E-23  1.63392E-06  0.00000E+00  1.0E-07
  5.750E+01  2.31350E-01  4.43773E-23  1.58474E-06  0.00000E+00  1.0E-07
  5.800E+01  2.35040E-01  4.30522E-23  1.53742E-06  0.00000E+00  1.0E-07
  5.850E+01  2.38751E-01  4.17768E-23  1.49188E-06  0.00000E+00  1.0E-07
  5.900E+01  2.42481E-01  4.05487E-23  1.44802E-06  0.00000E+00  1.0E-07
  5.950E+01  2.46231E-01  3.93658E-23  1.40578E-06  0.00000E+00  1.0E-07
  6.000E+01  2.50000E-01  3.82260E-23  1.36508E-06  0.00000E+00  1.0E-07
  6.050E+01  2.53788E-01  3.71275E-23  1.32585E-06  0.00000E+00  1.0E-07
  6.100E+01  2.57595E-01  3.60682E-23  1.28802E-06  0.00000E+00  1.0E-07
  6.150E+01  2.61421E-01  3.50466E-23  1.25154E-06  0.00000E+00  1.0E-07
  6.200E+01  2.65264E-01  3.40610E-23  1.21634E-06  0.00000E+00  1.0E-07
  6.250E+01  2.69126E-01  3.31097E-23  1.18237E-06  0.00000E+00  1.0E-07
  6.300E+01  2.73005E-01  3.21914E-23  1.14958E-06  0.00000E+00  1.0E-07
  6.350E+01  2.76901E-01  3.13046E-23  1.11791E-06  0.00000E+00  1.0E-07
  6.400E+01  2.80814E-01  3.04480E-23  1.08732E-06  0.00000E+00  1.0E-07
  6.450E+01  2.84744E-01  2.96204E-23  1.05776E-06  0.00000E+00  1.0E-07
  6.500E+01  2.88691E-01  2.88204E-23  1.02920E-06  0.00000E+00  1.0E-07
  6.550E+01  2.92653E-01  2.80471E-23  1.00158E-06  0.00000E+00  1.0E-07
  6.600E+01  2.96632E-01  2.72992E-23  9.74873E-07  0.00000E+00  1.0E-07
  6.650E+01  3.00625E-01  2.65758E-23  9.49039E-07  0.00000E+00  1.0E-07
  6.700E+01  3.04634E-01  2.58758E-23  9.24043E-07  0.00000E+00  1.0E-07
  6.750E+01  3.08658E-01  2.51984E-23  8.99852E-07  0.00000E+00  1.0E-07
  6.800E+01  3.12697E-01  2.45426E-23  8.76434E-07  0.00000E+00  1.0E-07
  6.850E+01  3.16749E-01  2.39076E-23  8.53758E-07  0.00000E+00  1.0E-07
  6.900E+01  3.20816E-01  2.32926E-23  8.31795E-07  0.00000E+00  1.0E-07
  6.950E+01  3.24896E-01  2.26968E-23  8.10518E-07  0.00000E+00  1.0E-07
  7.000E+01  3.28990E-01  2.21195E-23  7.89901E-07  0.00000E+00  1.0E-07
  7.050E+01  3.33097E-01  2.15599E-23  7.69918E-07  0.00000E+00  1.0E-07
  7.100E+01  3.37216E-01  2.10174E-23  7.50545E-07  0.00000E+00  1.0E-07
  7.150E+01  3.41348E-01  2.04914E-23  7.31760E-07  0.00000E+00  1.0E-07
  7.200E+01  3.45492E-01  1.99811E-23  7.13539E-07  0.00000E+00  1.0E-07
  7.250E+01  3.49647E-01  1.94862E-23  6.95864E-07  0.00000E+00  1.0E-07
  7.300E+01  3.53814E-01  1.90059E-23  6.78712E-07  0.00000E+00  1.0E-07
  7.350E+01  3.57992E-01  1.85398E-23  6.62067E-07  0.00000E+00  1.0E-07
  7.400E+01  3.62181E-01  1.80873E-23  6.45908E-07  0.00000E+00  1.0E-07
  7.450E+01  3.66381E-01  1.76479E-23  6.30219E-07  0.00000E+00  1.0E-07
  7.500E+01  3.70590E-01  1.72213E-23  6.14982E-07  0.00000E+00  1.0E-07
  7.550E+01  3.74810E-01  1.68068E-23  6.00183E-07  0.00000E+00  1.0E-07
  7.600E+01  3.79039E-01  1.64042E-23  5.85805E-07  0.00000E+00  1.0E-07
  7.650E+01  3.83277E-01  1.60130E-23  5.71833E-07  0.00000E+00  1.0E-07
  7.700E+01  3.87524E-01  1.56327E-23  5.58254E-07  0.00000E+00  1.0E-07
  7.750E+01  3.91780E-01  1.52631E-23  5.45055E-07  0.00000E+00  1.0E-07
  7.800E+01  3.96044E-01  1.49037E-23  5.32221E-07  0.00000E+00  1.0E-07
  7.850E+01  4.00316E-01  1.45542E-23  5.19740E-07  0.00000E+00  1.0E-07
  7.900E+01  4.04596E-01  1.42143E-23  5.07602E-07  0.00000E+00  1.0E-07
  7.950E+01  4.08882E-01  1.38836E-23  4.95793E-07  0.00000E+00  1.0E-07
  8.000E+01  4.13176E-01  1.35619E-23  4.84304E-07  0.00000E+00  1.0E-07
  8.050E+01  4.17476E-01  1.32488E-23  4.73124E-07  0.00000E+00  1.0E-07
  8.100E+01  4.21783E-01  1.29441E-23  4.62242E-07  0.00000E+00  1.0E-07
  8.150E+01  4.26095E-01  1.26475E-23  4.51649E-07  0.00000E+00  1.0E-07
  8.200E+01  4.30413E-01  1.23586E-23  4.41335E-07  0.00000E+00  1.0E-07
  8.250E+01  4.34737E-01  1.20774E-23  4.31292E-07  0.00000E+00  1.0E-07
  8.300E+01  4.39065E-01  1.18035E-23  4.21510E-07  0.00000E+00  1.0E-07
  8.350E+01  4.43398E-01  1.15367E-23  4.11982E-07  0.00000E+00  1.0E-07
  8.400E+01  4.47736E-01  1.12767E-23  4.02699E-07  0.00000E+00  1.0E-07
  8.450E+01  4.52077E-01  1.10234E-23  3.93654E-07  0.00000E+00  1.0E-07
  8.500E+01  4.56422E-01  1.07766E-23  3.84839E-07  0.00000E+00  1.0E-07
  8.550E+01  4.60770E-01  1.05360E-23  3.76248E-07  0.00000E+00  1.0E-07
  8.600E+01  4.65122E-01  1.03015E-23  3.67872E-07  0.00000E+00  1.0E-07
  8.650E+01  4.69476E-01  1.00728E-23  3.59706E-07  0.00000E+00  1.0E-07
  8.700E+01  4.73832E-01  9.84983E-24  3.51744E-07  0.00000E+00  1.0E-07
  8.750E+01  4.78190E-01  9.63238E-24  3.43978E-07  0.00000E+00  1.0E-07
  8.800E+01  4.82550E-01  9.42028E-24  3.36404E-07  0.00000E+00  1.0E-07
  8.850E+01  4.86912E-01  9.21337E-24  3.29015E-07  0.00000E+00  1.0E-07
  8.900E+01  4.91274E-01  9.01150E-24  3.21806E-07  0.00000E+00  1.0E-07
  8.950E+01  4.95637E-01  8.81452E-24  3.14772E-07  0.00000E+00  1.0E-07
  9.000E+01  5.00000E-01  8.62229E-24  3.07907E-07  0.00000E+00  1.0E-07
  9.050E+01  5.04363E-01  8.43466E-24  3.01207E-07  0.00000E+00  1.0E-07
  9.100E+01  5.08726E-01  8.25151E-24  2.94667E-07  0.00000E+00  1.0E-07
  9.150E+01  5.13088E-01  8.07271E-24  2.88282E-07  0.00000E+00  1.0E-07
  9.200E+01  5.17450E-01  7.89812E-24  2.82047E-07  0.00000E+00  1.0E-07
  9.250E+01  5.21810E-01  7.72764E-24  2.75959E-07  0.00000E+00  1.0E-07
  9.300E+01  5.26168E-01  7.56114E-24  2.70013E-07  0.00000E+00  1.0E-07
  9.350E+01  5.30524E-01  7.39851E-24  2.64206E-07  0.00000E+00  1.0E-07
  9.400E+01  5.34878E-01  7.23965E-24  2.58532E-07  0.00000E+00  1.0E-07
  9.450E+01  5.39230E-01  7.08444E-24  2.52990E-07  0.00000E+00  1.0E-07
  9.500E+01  5.43578E-01  6.93279E-24  2.47574E-07  0.00000E+00  1.0E-07
  9.550E+01  5.47923E-01  6.78460E-24  2.42283E-07  0.00000E+00  1.0E-07
  9.600E+01  5.52264E-01  6.63978E-24  2.37111E-07  0.00000E+00  1.0E-07
  9.650E+01  5.56602E-01  6.49823E-24  2.32056E-07  0.00000E+00  1.0E-07
  9.700E+01  5.60935E-01  6.35986E-24  2.27115E-07  0.00000E+00  1.0E-07
  9.750E+01  5.65263E-01  6.22459E-24  2.22284E-07  0.00000E+00  1.0E-07
  9.800E+01  5.69587E-01  6.09233E-24  2.17561E-07  0.00000E+00  1.0E-07
  9.850E+01  5.73905E-01  5.96301E-24  2.12943E-07  0.00000E+00  1.0E-07
  9.900E+01  5.78217E-01  5.83654E-24  2.08427E-07  0.00000E+00  1.0E-07
  9.950E+01  5.82524E-01  5.71286E-24  2.04010E-07  0.00000E+00  1.0E-07
  1.000E+02  5.86824E-01  5.59189E-24  1.99690E-07  0.00000E+00  1.0E-07
  1.005E+02  5.91118E-01  5.47357E-24  1.95465E-07  0.00000E+00  1.0E-07
  1.010E+02  5.95404E-01  5.35781E-24  1.91331E-07  0.00000E+00  1.0E-07
  1.015E+02  5.99684E-01  5.24455E-24  1.87286E-07  0.00000E+00  1.0E-07
  1.020E+02  6.03956E-01  5.13372E-24  1.83329E-07  0.00000E+00  1.0E-07
  1.025E+02  6.08220E-01  5.02528E-24  1.79456E-07  0.00000E+00  1.0E-07
  1.030E+02  6.12476E-01  4.91915E-24  1.75666E-07  0.00000E+00  1.0E-07
  1.035E+02  6.16723E-01  4.81528E-24  1.71957E-07  0.00000E+00  1.0E-07
  1.040E+02  6.20961E-01  4.71362E-24  1.68326E-07  0.00000E+00  1.0E-07
  1.045E+02  6.25190E-01  4.61411E-24  1.64773E-07  0.00000E+00  1.0E-07
  1.050E+02  6.29410E-01  4.51668E-24  1.61294E-07  0.00000E+00  1.0E-07
  1.055E+02  6.33619E-01  4.42130E-24  1.57888E-07  0.00000E+00  1.0E-07
  1.060E+02  6.37819E-01  4.32791E-24  1.54553E-07  0.00000E+00  1.0E-07
  1.065E+02  6.42008E-01  4.23647E-24  1.51287E-07  0.00000E+00  1.0E-07
  1.070E+02  6.46186E-01  4.14691E-24  1.48089E-07  0.00000E+00  1.0E-07
  1.075E+02  6.50353E-01  4.05921E-24  1.44957E-07  0.00000E+00  1.0E-07
  1.080E+02  6.54508E-01  3.97332E-24  1.41890E-07  0.00000E+00  1.0E-07
  1.085E+02  6.58652E-01  3.88918E-24  1.38885E-07  0.00000E+00  1.0E-07
  1.090E+02  6.62784E-01  3.80677E-24  1.35942E-07  0.00000E+00  1.0E-07
  1.095E+02  6.66903E-01  3.72604E-24  1.33059E-07  0.00000E+00  1.0E-07
  1.100E+02  6.71010E-01  3.64694E-24  1.30235E-07  0.00000E+00  1.0E-07
  1.105E+02  6.75104E-01  3.56945E-24  1.27467E-07  0.00000E+00  1.0E-07
  1.110E+02  6.79184E-01  3.49352E-24  1.24756E-07  0.00000E+00  1.0E-07
  1.115E+02  6.83251E-01  3.41912E-24  1.22099E-07  0.00000E+00  1.0E-07
  1.120E+02  6.87303E-01  3.34621E-24  1.19495E-07  0.00000E+00  1.0E-07
  1.125E+02  6.91342E-01  3.27476E-24  1.16944E-07  0.00000E+00  1.0E-07
  1.130E+02  6.95366E-01  3.20474E-24  1.14443E-07  0.00000E+00  1.0E-07
  1.135E+02  6.99375E-01  3.13611E-24  1.11992E-07  0.00000E+00  1.0E-07
  1.140E+02  7.03368E-01  3.06884E-24  1.09590E-07  0.00000E+00  1.0E-07
  1.145E+02  7.07347E-01  3.00290E-24  1.07235E-07  0.00000E+00  1.0E-07
  1.150E+02  7.11309E-01  2.93826E-24  1.04927E-07  0.00000E+00  1.0E-07
  1.155E+02  7.15256E-01  2.87489E-24  1.02664E-07  0.00000E+00  1.0E-07
  1.160E+02  7.19186E-01  2.81276E-24  1.00446E-07  0.00000E+00  1.0E-07
  1.165E+02  7.23099E-01  2.75186E-24  9.82705E-08  0.00000E+00  1.0E-07
  1.170E+02  7.26995E-01  2.69214E-24  9.61380E-08  0.00000E+00  1.0E-07
  1.175E+02  7.30874E-01  2.63358E-24  9.40469E-08  0.00000E+00  1.0E-07
  1.180E+02  7.34736E-01  2.57617E-24  9.19966E-08  0.00000E+00  1.0E-07
  1.185E+02  7.38579E-01  2.51986E-24  8.99860E-08  0.00000E+00  1.0E-07
  1.190E+02  7.42405E-01  2.46465E-24  8.80143E-08  0.00000E+00  1.0E-07
  1.195E+02  7.46212E-01  2.41051E-24  8.60808E-08  0.00000E+00  1.0E-07
  1.200E+02  7.50000E-01  2.35740E-24  8.41845E-08  0.00000E+00  1.0E-07
  1.205E+02  7.53769E-01  2.30533E-24  8.23247E-08  0.00000E+00  1.0E-07
  1.210E+02  7.57519E-01  2.25425E-24  8.05006E-08  0.00000E+00  1.0E-07
  1.215E+02  7.61249E-01  2.20415E-24  7.87115E-08  0.00000E+00  1.0E-07
  1.220E+02  7.64960E-01  2.15501E-24  7.69567E-08  0.00000E+00  1.0E-07
  1.225E+02  7.68650E-01  2.10681E-24  7.52354E-08  0.00000E+00  1.0E-07
  1.230E+02  7.72320E-01  2.05953E-24  7.35470E-08  0.00000E+00  1.0E-07
  1.235E+02  7.75968E-01  2.01315E-24  7.18908E-08  0.00000E+00  1.0E-07
  1.240E+02  7.79596E-01  1.96765E-24  7.02661E-08  0.00000E+00  1.0E-07
  1.245E+02  7.83203E-01  1.92302E-24  6.86723E-08  0.00000E+00  1.0E-07
  1.250E+02  7.86788E-01  1.87924E-24  6.71088E-08  0.00000E+00  1.0E-07
  1.255E+02  7.90351E-01  1.83629E-24  6.55750E-08  0.00000E+00  1.0E-07
  1.260E+02  7.93893E-01  1.79415E-24  6.40703E-08  0.00000E+00  1.0E-07
  1.265E+02  7.97411E-01  1.75281E-24  6.25940E-08  0.00000E+00  1.0E-07
  1.270E+02  8.00908E-01  1.71225E-24  6.11457E-08  0.00000E+00  1.0E-07
  1.275E+02  8.04381E-01  1.67247E-24  5.97248E-08  0.00000E+00  1.0E-07
  1.280E+02  8.07831E-01  1.63343E-24  5.83308E-08  0.00000E+00  1.0E-07
  1.285E+02  8.11257E-01  1.59513E-24  5.69631E-08  0.00000E+00  1.0E-07
  1.290E+02  8.14660E-01  1.55756E-24  5.56213E-08  0.00000E+00  1.0E-07
  1.295E+02  8.18039E-01  1.52069E-24  5.43048E-08  0.00000E+00  1.0E-07
  1.300E+02  8.21394E-01  1.48452E-24  5.30132E-08  0.00000E+00  1.0E-07
  1.305E+02  8.24724E-01  1.44904E-24  5.17460E-08  0.00000E+00  1.0E-07
  1.310E+02  8.28030E-01  1.41422E-24  5.05028E-08  0.00000E+00  1.0E-07
  1.315E+02  8.31310E-01  1.38007E-24  4.92830E-08  0.00000E+00  1.0E-07
  1.320E+02  8.34565E-01  1.34655E-24  4.80863E-08  0.00000E+00  1.0E-07
  1.325E+02  8.37795E-01  1.31368E-24  4.69123E-08  0.00000E+00  1.0E-07
  1.330E+02  8.40999E-01  1.28142E-24  4.57605E-08  0.00000E+00  1.0E-07
  1.335E+02  8.44177E-01  1.24978E-24  4.46305E-08  0.00000E+00  1.0E-07
  1.340E+02  8.47329E-01  1.21874E-24  4.35219E-08  0.00000E+00  1.0E-07
  1.345E+02  8.50455E-01  1.18828E-24  4.24344E-08  0.00000E+00  1.0E-07
  1.350E+02  8.53553E-01  1.15841E-24  4.13676E-08  0.00000E+00  1.0E-07
  1.355E+02  8.56625E-01  1.12910E-24  4.03210E-08  0.00000E+00  1.0E-07
  1.360E+02  8.59670E-01  1.10036E-24  3.92944E-08  0.00000E+00  1.0E-07
  1.365E+02  8.62687E-01  1.07216E-24  3.82875E-08  0.00000E+00  1.0E-07
  1.370E+02  8.65677E-01  1.04450E-24  3.72997E-08  0.00000E+00  1.0E-07
  1.375E+02  8.68639E-01  1.01737E-24  3.63310E-08  0.00000E+00  1.0E-07
  1.380E+02  8.71572E-01  9.90763E-25  3.53808E-08  0.00000E+00  1.0E-07
  1.385E+02  8.74478E-01  9.64668E-25  3.44489E-08  0.00000E+00  1.0E-07
  1.390E+02  8.77355E-01  9.39077E-25  3.35350E-08  0.00000E+00  1.0E-07
  1.395E+02  8.80203E-01  9.13981E-25  3.26388E-08  0.00000E+00  1.0E-07
  1.400E+02  8.83022E-01  8.89372E-25  3.17601E-08  0.00000E+00  1.0E-07
  1.405E+02  8.85812E-01  8.65243E-25  3.08984E-08  0.00000E+00  1.0E-07
  1.410E+02  8.88573E-01  8.41585E-25  3.00535E-08  0.00000E+00  1.0E-07
  1.415E+02  8.91304E-01  8.18391E-25  2.92253E-08  0.00000E+00  1.0E-07
  1.420E+02  8.94005E-01  7.95653E-25  2.84133E-08  0.00000E+00  1.0E-07
  1.425E+02  8.96677E-01  7.73364E-25  2.76173E-08  0.00000E+00  1.0E-07
  1.430E+02  8.99318E-01  7.51518E-25  2.68372E-08  0.00000E+00  1.0E-07
  1.435E+02  9.01928E-01  7.30106E-25  2.60726E-08  0.00000E+00  1.0E-07
  1.440E+02  9.04508E-01  7.09123E-25  2.53233E-08  0.00000E+00  1.0E-07
  1.445E+02  9.07058E-01  6.88563E-25  2.45890E-08  0.00000E+00  1.0E-07
  1.450E+02  9.09576E-01  6.68417E-25  2.38696E-08  0.00000E+00  1.0E-07
  1.455E+02  9.12063E-01  6.48681E-25  2.31648E-08  0.00000E+00  1.0E-07
  1.460E+02  9.14519E-01  6.29348E-25  2.24744E-08  0.00000E+00  1.0E-07
  1.465E+02  9.16943E-01  6.10412E-25  2.17982E-08  0.00000E+00  1.0E-07
  1.470E+02  9.19335E-01  5.91868E-25  2.11360E-08  0.00000E+00  1.0E-07
  1.475E+02  9.21696E-01  5.73710E-25  2.04876E-08  0.00000E+00  1.0E-07
  1.480E+02  9.24024E-01  5.55932E-25  1.98527E-08  0.00000E+00  1.0E-07
  1.485E+02  9.26320E-01  5.38529E-25  1.92312E-08  0.00000E+00  1.0E-07
  1.490E+02  9.28584E-01  5.21496E-25  1.86229E-08  0.00000E+00  1.0E-07
  1.495E+02  9.30815E-01  5.04827E-25  1.80277E-08  0.00000E+00  1.0E-07
  1.500E+02  9.33013E-01  4.88518E-25  1.74453E-08  0.00000E+00  1.0E-07
  1.505E+02  9.35178E-01  4.72564E-25  1.68756E-08  0.00000E+00  1.0E-07
  1.510E+02  9.37310E-01  4.56960E-25  1.63183E-08  0.00000E+00  1.0E-07
  1.515E+02  9.39409E-01  4.41701E-25  1.57734E-08  0.00000E+00  1.0E-07
  1.520E+02  9.41474E-01  4.26784E-25  1.52407E-08  0.00000E+00  1.0E-07
  1.525E+02  9.43505E-01  4.12203E-25  1.47200E-08  0.00000E+00  1.0E-07
  1.530E+02  9.45503E-01  3.97954E-25  1.42112E-08  0.00000E+00  1.0E-07
  1.535E+02  9.47467E-01  3.84034E-25  1.37141E-08  0.00000E+00  1.0E-07
  1.540E+02  9.49397E-01  3.70438E-25  1.32286E-08  0.00000E+00  1.0E-07
  1.545E+02  9.51293E-01  3.57162E-25  1.27545E-08  0.00000E+00  1.0E-07
  1.550E+02  9.53154E-01  3.44203E-25  1.22917E-08  0.00000E+00  1.0E-07
  1.555E+02  9.54981E-01  3.31556E-25  1.18401E-08  0.00000E+00  1.0E-07
  1.560E+02  9.56773E-01  3.19218E-25  1.13995E-08  0.00000E+00  1.0E-07
  1.565E+02  9.58530E-01  3.07187E-25  1.09698E-08  0.00000E+00  1.0E-07
  1.570E+02  9.60252E-01  2.95457E-25  1.05510E-08  0.00000E+00  1.0E-07
  1.575E+02  9.61940E-01  2.84026E-25  1.01428E-08  0.00000E+00  1.0E-07
  1.580E+02  9.63592E-01  2.72891E-25  9.74512E-09  0.00000E+00  1.0E-07
  1.585E+02  9.65209E-01  2.62048E-25  9.35792E-09  0.00000E+00  1.0E-07
  1.590E+02  9.66790E-01  2.51495E-25  8.98106E-09  0.00000E+00  1.0E-07
  1.595E+02  9.68336E-01  2.41228E-25  8.61443E-09  0.00000E+00  1.0E-07
  1.600E+02  9.69846E-01  2.31245E-25  8.25792E-09  0.00000E+00  1.0E-07
  1.605E+02  9.71321E-01  2.21543E-25  7.91145E-09  0.00000E+00  1.0E-07
  1.610E+02  9.72759E-01  2.12119E-25  7.57491E-09  0.00000E+00  1.0E-07
  1.615E+02  9.74162E-01  2.02971E-25  7.24821E-09  0.00000E+00  1.0E-07
  1.620E+02  9.75528E-01  1.94095E-25  6.93126E-09  0.00000E+00  1.0E-07
  1.625E+02  9.76858E-01  1.85490E-25  6.62398E-09  0.00000E+00  1.0E-07
  1.630E+02  9.78152E-01  1.77153E-25  6.32627E-09  0.00000E+00  1.0E-07
  1.635E+02  9.79410E-01  1.69083E-25  6.03805E-09  0.00000E+00  1.0E-07
  1.640E+02  9.80631E-01  1.61276E-25  5.75925E-09  0.00000E+00  1.0E-07
  1.645E+02  9.81815E-01  1.53730E-25  5.48980E-09  0.00000E+00  1.0E-07
  1.650E+02  9.82963E-01  1.46444E-25  5.22961E-09  0.00000E+00  1.0E-07
  1.655E+02  9.84074E-01  1.39415E-25  4.97861E-09  0.00000E+00  1.0E-07
  1.660E+02  9.85148E-01  1.32642E-25  4.73675E-09  0.00000E+00  1.0E-07
  1.665E+02  9.86185E-01  1.26123E-25  4.50394E-09  0.00000E+00  1.0E-07
  1.670E+02  9.87185E-01  1.19856E-25  4.28014E-09  0.00000E+00  1.0E-07
  1.675E+02  9.88148E-01  1.13839E-25  4.06527E-09  0.00000E+00  1.0E-07
  1.680E+02  9.89074E-01  1.08071E-25  3.85928E-09  0.00000E+00  1.0E-07
  1.685E+02  9.89962E-01  1.02550E-25  3.66212E-09  0.00000E+00  1.0E-07
  1.690E+02  9.90814E-01  9.72745E-26  3.47374E-09  0.00000E+00  1.0E-07
  1.695E+02  9.91627E-01  9.22434E-26  3.29407E-09  0.00000E+00  1.0E-07
  1.700E+02  9.92404E-01  8.74551E-26  3.12308E-09  0.00000E+00  1.0E-07
  1.705E+02  9.93143E-01  8.29084E-26  2.96071E-09  0.00000E+00  1.0E-07
  1.710E+02  9.93844E-01  7.86021E-26  2.80693E-09  0.00000E+00  1.0E-07
  1.715E+02  9.94508E-01  7.45350E-26  2.66169E-09  0.00000E+00  1.0E-07
  1.720E+02  9.95134E-01  7.07061E-26  2.52496E-09  0.00000E+00  1.0E-07
  1.725E+02  9.95722E-01  6.71142E-26  2.39669E-09  0.00000E+00  1.0E-07
  1.730E+02  9.96273E-01  6.37586E-26  2.27686E-09  0.00000E+00  1.0E-07
  1.735E+02  9.96786E-01  6.06382E-26  2.16543E-09  0.00000E+00  1.0E-07
  1.740E+02  9.97261E-01  5.77523E-26  2.06237E-09  0.00000E+00  1.0E-07
  1.745E+02  9.97698E-01  5.51001E-26  1.96766E-09  0.00000E+00  1.0E-07
  1.750E+02  9.98097E-01  5.26808E-26  1.88127E-09  0.00000E+00  1.0E-07
  1.755E+02  9.98459E-01  5.04939E-26  1.80317E-09  0.00000E+00  1.0E-07
  1.760E+02  9.98782E-01  4.85387E-26  1.73335E-09  0.00000E+00  1.0E-07
  1.765E+02  9.99067E-01  4.68147E-26  1.67178E-09  0.00000E+00  1.0E-07
  1.770E+02  9.99315E-01  4.53216E-26  1.61846E-09  0.00000E+00  1.0E-07
  1.775E+02  9.99524E-01  4.40588E-26  1.57337E-09  0.00000E+00  1.0E-07
  1.780E+02  9.99695E-01  4.30261E-26  1.53649E-09  0.00000E+00  1.0E-07
  1.785E+02  9.99829E-01  4.22231E-26  1.50781E-09  0.00000E+00  1.0E-07
  1.790E+02  9.99924E-01  4.16497E-26  1.48734E-09  0.00000E+00  1.0E-07
  1.795E+02  9.99981E-01  4.13058E-26  1.47506E-09  0.00000E+00  1.0E-07
  1.800E+02  1.00000E+00  4.11911E-26  1.47096E-09  0.00000E+00  1.0E-07
