4.898096184960000755e+03
4.880932163819261405e+03
4.829863810504838511e+03
4.746146610637219055e+03
4.631821680112117065e+03
4.489641433114251413e+03
4.322970748133293455e+03
4.135668445750657156e+03
3.931954711374698945e+03
3.716270563685080560e+03
3.493135571073311439e+03
3.267009767398705208e+03
3.042165153514916710e+03
2.822571350997523041e+03
2.611798971807693306e+03
2.412943161395879088e+03
2.228568641707861389e+03
2.060676496716424936e+03
1.910691966763909022e+03
1.779471694387330444e+03
1.667328221966195315e+03
1.574069092472055218e+03
1.499047645767937411e+03
1.441222518853063775e+03
1.399222924586794988e+03
1.371416969548464067e+03
1.355980545347871157e+03
1.350964657153536564e+03
1.354359409739519606e+03
1.364153230879418743e+03
1.378386255841825005e+03
1.395197112162046551e+03
1.412862623227339782e+03
1.429830189572454628e+03
1.444742808817027480e+03
1.456456862102435935e+03
1.464052931398152168e+03
1.466840023379638751e+03
1.464353666745567352e+03
1.456348425094248796e+03
1.442785429986784038e+03
1.423815590555655717e+03
1.399759177793752997e+03
1.371082513339113120e+03
1.338372513321307224e+03
1.302309846438929981e+03
1.263641460603467067e+03
1.223153213127836352e+03
1.181643304903365106e+03
1.139897169229544488e+03
1.098664401541043162e+03
1.058638238507399819e+03
1.020438005794138917e+03
9.845948556465292540e+02
9.515410112814532795e+02
9.216026280075570867e+02
8.949962743080707241e+02
8.718289330426207471e+02
8.521013265037956899e+02
8.357142820548015152e+02
8.224777798387871144e+02
8.121222624893529201e+02
8.043117402785652530e+02
7.986581945744925406e+02
7.947367681703666449e+02
7.921012327953773138e+02
7.902992412340105375e+02
7.888869028274109496e+02
7.874422651700899678e+02
7.855773396768739758e+02
7.829483722407055666e+02
7.792641301028774024e+02
7.742920498709416961e+02
7.678621668693710944e+02
7.598688202620606944e+02
7.502701993324301384e+02
7.390858618254676458e+02
7.263924134798259047e+02
7.123175872474504331e+02
6.970330000028721997e+02
6.807458929521773143e+02
6.636901790243002779e+02
6.461171262210482382e+02
6.282860005552805660e+02
6.104549765132020411e+02
5.928725979489096289e+02
5.757700392394940536e+02
5.593543768934617901e+02
5.438030372632463241e+02
5.292595383013194805e+02
5.158305941799164884e+02
5.035846027881023019e+02
4.925514892509952460e+02
4.827238351589179501e+02
4.740591844302576305e+02
4.664833837139777870e+02
4.598947887663770757e+02
4.541691488454104615e+02
4.491649691173038264e+02
4.447291463622275387e+02
