2.449048092480000378e+03
2.447366732989975844e+03
2.442338079954216028e+03
2.434008105749721835e+03
2.422452427518954664e+03
2.407774835110973527e+03
2.390105295008766461e+03
2.369597491575081676e+03
2.346425979736542558e+03
2.320783032847758932e+03
2.292875275624299775e+03
2.262920194585855370e+03
2.231142617477585645e+03
2.197771248881146676e+03
2.163035342079411294e+03
2.127161577709229277e+03
2.090371208412303076e+03
2.052877516201739581e+03
2.014883616227576795e+03
1.976580627639661316e+03
1.938146219837907665e+03
1.899743531008683476e+03
1.861520445812691605e+03
1.823609210648914996e+03
1.786126358201201356e+03
1.749172908012527159e+03
1.712834806576199071e+03
1.677183568764115080e+03
1.642277082159199608e+03
1.608160536817875254e+03
1.574867444936812717e+03
1.542420717610669726e+03
1.510833769126749985e+03
1.480111622848331308e+03
1.450251996513693257e+03
1.421246348572095258e+03
1.393080870868372358e+03
1.365737416478830255e+03
1.339194354722488697e+03
1.313427348275876284e+03
1.288410049878427799e+03
1.264114718317172446e+03
1.240512755225180854e+03
1.217575165729484979e+03
1.195272947160117610e+03
1.173577410907113972e+03
1.152460443115109911e+03
1.131894710266172297e+03
1.111853815852288108e+03
1.092312414311247494e+03
1.073246288224508362e+03
1.054632394482672908e+03
1.036448884741386564e+03
1.018675105043360986e+03
1.001291578994010251e+03
9.842799783692817073e+02
9.676230845221624577e+02
9.513047434538141260e+02
9.353098169380664331e+02
9.196241316432535768e+02
9.042344277896144149e+02
8.891283085178903320e+02
8.742941908275568039e+02
8.597212586715652378e+02
8.453994185675924200e+02
8.313192579011446242e+02
8.174720059504168148e+02
8.038494975526717781e+02
7.904441392529529367e+02
7.772488777238698958e+02
7.642571702156126321e+02
7.514629567841855078e+02
7.388606340491299989e+02
7.264450302462369109e+02
7.142113813627291847e+02
7.021553081694559069e+02
6.902727939943912361e+02
6.785601631123611241e+02
6.670140596558859443e+02
6.556314269802134049e+02
6.444094874411964611e+02
6.333457225671027118e+02
6.224378536244752240e+02
6.116838225936137405e+02
6.010817735812549927e+02
5.906300347066987797e+02
5.803271005032764833e+02
5.701716148799375787e+02
5.601623546882921119e+02
5.502982139389267786e+02
5.405781887077291685e+02
5.310013627685174242e+02
5.215668939829245119e+02
5.122740014724556659e+02
5.031219535912234164e+02
4.941100567113182365e+02
4.852376448262218105e+02
4.765040699713738377e+02
4.679086934550164756e+02
4.594508778868826653e+02
