5.773811407360000885e+03
5.737597264667028867e+03
5.630533880176733874e+03
5.457262684943734712e+03
5.225207542651565745e+03
4.944131331773546663e+03
4.625561651070507651e+03
4.282127159852654586e+03
3.926851405938546122e+03
3.572452405098195413e+03
3.230693758144318963e+03
2.911827133751921338e+03
2.624157217068020600e+03
2.373749646302085239e+03
2.164291052331869196e+03
1.997099090293339941e+03
1.871270208413843193e+03
1.783944553480664808e+03
1.730661346015163417e+03
1.705774502009016942e+03
1.702897222523135497e+03
1.715345502259755676e+03
1.736553652016968044e+03
1.760439517431692821e+03
1.781702595352351864e+03
1.796044195848458230e+03
1.800304717005235716e+03
1.792518611704892919e+03
1.771892441211519554e+03
1.738715333697330379e+03
1.694214089040474164e+03
1.640367063159781992e+03
1.579691857070660944e+03
1.515021806396187458e+03
1.449285428431820492e+03
1.385301469988105964e+03
1.325600156493456097e+03
1.272278822936745655e+03
1.226897461878470267e+03
1.190417000456605820e+03
1.163180456646783568e+03
1.144934653078509655e+03
1.134887997295782043e+03
1.131798064272986267e+03
1.134081411344640173e+03
1.139937262725424716e+03
1.147476437680078106e+03
1.154847151410359857e+03
1.160350050896436414e+03
1.162535993519919430e+03
1.160281546896063219e+03
1.152838880438466049e+03
1.139858519785206909e+03
1.121385229100623292e+03
1.097828963244350234e+03
1.069914293537729691e+03
1.038612876740291313e+03
1.005064348482663036e+03
9.704914465027087545e+02
9.361151985426984083e+02
9.030756632021372070e+02
8.723630311777122870e+02
8.447629404487810234e+02
8.208187080293113240e+02
8.008119178999154428e+02
7.847615177497026480e+02
7.724403515007930991e+02
7.634069673275104151e+02
7.570496561886460540e+02
7.526390414264290030e+02
7.493851845359321260e+02
7.464951046667196124e+02
7.432268191284116483e+02
7.389364705549160135e+02
7.331157696875982310e+02
7.254177956867301873e+02
7.156700959241074997e+02
7.038749490871326771e+02
6.901975357020561432e+02
6.749435414639281134e+02
6.585283532883149746e+02
6.414404604444602001e+02
6.242019223855718337e+02
6.073288048165784403e+02
5.912943246262721004e+02
5.764971043668308539e+02
5.632364509343394730e+02
5.516959822308921275e+02
5.419362761378781670e+02
5.338965559343193945e+02
5.274048013674229196e+02
5.221951260330450850e+02
5.179308231721061020e+02
5.142311776422878893e+02
5.106999853090708825e+02
5.069537150932321765e+02
5.026473855535938924e+02
4.974964899006797623e+02
4.912936657569800332e+02
4.839192382869301809e+02
