1.253922298288358797e+04
1.244277888703860845e+04
1.215757500471337698e+04
1.169575701734681024e+04
1.107678641621620227e+04
1.032632702881480145e+04
9.474797955738191376e+03
8.555693164970201906e+03
7.603781468452934860e+03
6.653304877777428374e+03
5.736288433494859419e+03
4.881061397411378493e+03
4.111069763824340043e+03
3.444035457199696793e+03
2.891490669516938851e+03
2.458688886592986364e+03
2.144869376520739934e+03
1.943830984896701693e+03
1.844755206975727106e+03
1.833208330095318843e+03
1.892248057495955663e+03
2.003561055283599217e+03
2.148563552898765010e+03
2.309406470911640099e+03
2.469838423751619757e+03
2.615893218249480924e+03
2.736382097409405560e+03
2.823184070724430057e+03
2.871339525402387608e+03
2.878962426436530677e+03
2.846994479840956956e+03
2.778830515095845840e+03
2.679848042179781714e+03
2.556875564923389447e+03
2.417633971868338449e+03
2.270183415325102033e+03
2.122404796847246416e+03
1.981540587578977920e+03
1.853814516666752525e+03
1.744143952399751015e+03
1.655952866477698763e+03
1.591087389476324006e+03
1.549830397082151649e+03
1.531006550978534960e+03
1.532164963336542996e+03
1.549823328136993723e+03
1.579755086992420047e+03
1.617300038814731124e+03
1.657678770758414203e+03
1.696292332800979011e+03
1.728990594506037496e+03
1.752295554572069477e+03
1.763569326025990676e+03
1.761120368476627164e+03
1.744245545375606071e+03
1.713209510517147237e+03
1.669166550134134695e+03
1.614033128262128457e+03
1.550321844976968123e+03
1.480949207257537637e+03
1.409030469240601406e+03
1.337674813794583997e+03
1.269793362787165051e+03
1.207931007374612818e+03
1.154130968987834194e+03
1.109838492552442858e+03
1.075847310406476936e+03
1.052289679888143610e+03
1.038668066763554179e+03
1.033924082624156881e+03
1.036538224901964213e+03
1.044652419389447005e+03
1.056206396539834486e+03
1.069078574451039913e+03
1.081222363991558268e+03
1.090789608699459677e+03
1.096234145178093058e+03
1.096390114087415441e+03
1.090521544715384607e+03
1.078341745212082742e+03
1.060003022890236480e+03
1.036059109337636301e+03
1.007404263630867604e+03
9.751942855073666578e+02
9.407555269785250402e+02
9.054884124617716452e+02
8.707719605338828615e+02
8.378753695944808442e+02
8.078819350422813841e+02
7.816294776751149129e+02
7.596701676595603203e+02
7.422512200420278532e+02
7.293165130227845339e+02
7.205278315253020764e+02
7.153032484590452214e+02
7.128691922499737075e+02
7.123220611420966861e+02
7.126948613960870489e+02
7.130242755297155099e+02
7.124137953080502257e+02
