5.926762899062784527e+03
5.890785565635675084e+03
5.784340489713783427e+03
5.611802496979018542e+03
5.380182645296454211e+03
5.098728815693063552e+03
4.778406798552225155e+03
4.431297951346725313e+03
4.069954324347639613e+03
3.706753643305797596e+03
3.353294718650998675e+03
3.019869039379109381e+03
2.715037081002734794e+03
2.445328964959615405e+03
2.215079397171446999e+03
2.026397132078045161e+03
1.879260320133997084e+03
1.771721620180139098e+03
1.700201324257868919e+03
1.659843177447681683e+03
1.644906106707731396e+03
1.649165554825009622e+03
1.666300268480601517e+03
1.690243844387824993e+03
1.715484683400862423e+03
1.737302827690660479e+03
1.751937081833606044e+03
1.756680522884054653e+03
1.749906735096883267e+03
1.731032683833031797e+03
1.700426962879864504e+03
1.659274164734391888e+03
1.609407340146321303e+03
1.553120976308575337e+03
1.492976705354407613e+03
1.431613147587650701e+03
1.371569999559953885e+03
1.315134803892125092e+03
1.264218895805659713e+03
1.220266920221092278e+03
1.184202159716051938e+03
1.156407809417113640e+03
1.136742374541830259e+03
1.124585634341337254e+03
1.118910184215312484e+03
1.118372491480382223e+03
1.121416716835254419e+03
1.126384279638656380e+03
1.131622275857954264e+03
1.135584366825796451e+03
1.136918598849383443e+03
1.134537725343957618e+03
1.127668908492033097e+03
1.115881092068277894e+03
1.099089773477605377e+03
1.077540275901588984e+03
1.051771852713650560e+03
1.022565979785133891e+03
9.908829561430155763e+02
9.577914067390212267e+02
9.243954491131866007e+02
8.917641539501256602e+02
8.608675214275951930e+02
8.325225501148433978e+02
8.073521449083680182e+02
7.857586558767235374e+02
7.679128264113771820e+02
7.537579226702710002e+02
7.430278792047507750e+02
7.352774827542475578e+02
7.299219718958644307e+02
7.262829862160065204e+02
7.236375724476725964e+02
7.212669495130897985e+02
7.185019384466867223e+02
7.147623528305192622e+02
7.095881861156500463e+02
7.026610815755253725e+02
6.938152813652828854e+02
6.830379744126838659e+02
6.704596514757581645e+02
6.563356871354433224e+02
6.410208673764266223e+02
6.249389414804363696e+02
6.085494823115574263e+02
5.923143846925960361e+02
5.766662230948581964e+02
5.619804426782820883e+02
5.485529954508091350e+02
5.365845858534580657e+02
5.261721912827124470e+02
5.173080083362190180e+02
5.098854794454368289e+02
5.037116084817934052e+02
4.985244043408386005e+02
4.940140184105451908e+02
4.898459777811844447e+02
4.856848657799317834e+02
4.812168619190825893e+02
4.761697145442859664e+02
