2.486038237136384396e+03
2.484303442780891146e+03
2.479115150122197520e+03
2.470521309740769993e+03
2.458600780730500901e+03
2.443461778361563574e+03
2.425239770091772243e+03
2.404094885432296451e+03
2.380208918749453005e+03
2.353782014232178881e+03
2.325029128647789094e+03
2.294176370027567373e+03
2.261457309155859548e+03
2.227109355957631578e+03
2.191370285027195678e+03
2.154474984176376893e+03
2.116652487647388625e+03
2.078123342215310458e+03
2.039097340474226485e+03
1.999771641793678327e+03
1.960329288308535752e+03
1.920938111328937566e+03
1.881750013080410554e+03
1.842900599944457554e+03
1.804509136490522451e+03
1.766678784591708791e+03
1.729497088730081714e+03
1.693036667082806161e+03
1.657356067945231416e+03
1.622500752265559186e+03
1.588504165296088104e+03
1.555388863365666566e+03
1.523167665315538216e+03
1.491844802005496604e+03
1.461417041304495115e+03
1.431874769974608853e+03
1.403203017714729640e+03
1.375382412255126837e+03
1.348390057717419950e+03
1.322200331431823543e+03
1.296785597010184802e+03
1.272116833701235691e+03
1.248164183908990708e+03
1.224897422251370017e+03
1.202286350696690761e+03
1.180301125168268072e+03
1.158912519583011544e+03
1.138092133621363018e+03
1.117812550646542832e+03
1.098047452133861498e+03
1.078771694767832514e+03
1.059961356046223727e+03
1.041593753824352916e+03
1.023647444765575415e+03
1.006102206158239483e+03
9.889390050356244046e+02
9.721399580109100498e+02
9.556882847284971376e+02
9.395682573475173740e+02
9.237651480220170015e+02
9.082651759313201865e+02
8.930554550474352027e+02
8.781239435060455207e+02
8.634593951736999315e+02
8.490513137751645445e+02
8.348899097589287521e+02
8.209660599324540726e+02
8.072712697879168218e+02
7.937976383597456334e+02
7.805378254028228184e+02
7.674850206503774643e+02
7.546329148992504088e+02
7.419756726733502319e+02
7.295079062302472721e+02
7.172246506977444369e+02
7.051213401542495376e+02
6.931937844964550095e+02
6.814381469683961541e+02
6.698509222558478768e+02
6.584289150781529543e+02
6.471692192350686810e+02
6.360691970886028912e+02
6.251264594787591022e+02
6.143388460875112287e+02
6.037044062772704365e+02
5.932213804387258733e+02
5.828881818885383836e+02
5.727033793602150809e+02
5.626656801320145860e+02
5.527739138341959233e+02
5.430270169748287117e+02
5.334240182189386132e+02
5.239640244504236080e+02
5.146462076401599006e+02
5.054697925373257021e+02
4.964340451944589176e+02
4.875382623302506886e+02
4.787817615278272001e+02
4.701638722603377687e+02
4.616839277301630773e+02
