1.253922298288358797e+04
1.240237841388017841e+04
1.200209105443803855e+04
1.136796447470586463e+04
1.054570776576320895e+04
9.592207663872723060e+03
8.569581784935793621e+03
7.538987069978152249e+03
6.554958682551207858e+03
5.660943984764259767e+03
4.886495615355524023e+03
4.246332259955738664e+03
3.741207409210313472e+03
3.360286630737732594e+03
3.084556636510403223e+03
2.890696292104939857e+03
2.754837349312498645e+03
2.655723060538740810e+03
2.576915900817259171e+03
2.507883689869971022e+03
2.443976303387512417e+03
2.385465223446483378e+03
2.335934236271481041e+03
2.300369462142139582e+03
2.283298186081405220e+03
2.287275192284799687e+03
2.311925929143001667e+03
2.353645367056093619e+03
2.405938421631370602e+03
2.460289111322869303e+03
2.507374073993658385e+03
2.538399257218507955e+03
2.546338340591173164e+03
2.526884184388962694e+03
2.478982450758164305e+03
2.404888843047976934e+03
2.309766437163443243e+03
2.200906276911776786e+03
2.086703840319693427e+03
1.975550404285538207e+03
1.874799712973862597e+03
1.789948383842028534e+03
1.724128066081949100e+03
1.677955691684311432e+03
1.649733533277845481e+03
1.635941360074692284e+03
1.631925605233167516e+03
1.632669745872133944e+03
1.633527917522511643e+03
1.630819147912562812e+03
1.622208976638455397e+03
1.606843248617777590e+03
1.585239213279799515e+03
1.558975478385232236e+03
1.530249612761247135e+03
1.501386760012298737e+03
1.474383174934666158e+03
1.450556023629544825e+03
1.430347958942470541e+03
1.413306160536787047e+03
1.398225638768449244e+03
1.383420424282452132e+03
1.367067701531979537e+03
1.347561457736360808e+03
1.323814533986887000e+03
1.295460055578495030e+03
1.262922568141989359e+03
1.227352290850598820e+03
1.190438799616563756e+03
1.154139501413502785e+03
1.120370601550875790e+03
1.090712269852067493e+03
1.066175168376243846e+03
1.047063577965129070e+03
1.032953337063280514e+03
1.022783663558524722e+03
1.015043833667162630e+03
1.008021477533065990e+03
1.000070992343980265e+03
9.898592894959595014e+02
9.765516399180048666e+02
9.599115393781926286e+02
9.403032331824925905e+02
9.186013077967638765e+02
8.960260303289867352e+02
8.739337209969880860e+02
8.535969008868740957e+02
8.360086839409880213e+02
8.217402333024059544e+02
8.108702639974735575e+02
8.029933293672911532e+02
7.973010409071786171e+02
7.927194402265572535e+02
7.880780901506575447e+02
7.822830881374065939e+02
7.744673989629135349e+02
7.640971861724633527e+02
7.510211036957924762e+02
7.354592907492097993e+02
7.179384487226689089e+02
